3.338665661779020866e+02 5.684681681325284330e+01
3.348782623814149702e+02 5.666052180249403136e+01
3.358891383927180527e+02 5.652430675402294469e+01
3.368941200176129769e+02 5.644196510193515337e+01
3.378871052442373752e+02 5.641818491312770334e+01
3.388616970011614740e+02 5.645931201348244599e+01
3.398107605197359362e+02 5.657279409857056862e+01
3.407254988022169755e+02 5.676706879700989816e+01
3.415959771281200119e+02 5.704862687662068765e+01
3.424119861496990325e+02 5.742128691195395618e+01
3.431646681964807613e+02 5.788612720667077838e+01
3.438478181516645122e+02 5.844222233790057430e+01
3.444591266281628350e+02 5.908660444795114586e+01
3.449980643673925442e+02 5.981369523328544346e+01
3.454636628627336563e+02 6.061585950190010408e+01
3.458542963878016963e+02 6.148292824112317589e+01
3.461691175120550383e+02 6.240161072311619250e+01
3.464087130992106154e+02 6.335808032081473584e+01
3.465755816698717240e+02 6.434000455840106270e+01
3.466736416463627393e+02 6.533789603019778269e+01
3.467080469464900716e+02 6.634473761227519617e+01
3.466843527410755996e+02 6.735533290528954353e+01
3.466082971289067700e+02 6.836591230152845355e+01
3.464859030808506191e+02 6.937391141686808282e+01
3.463242373772595784e+02 7.037822232376066722e+01
3.461311504141327191e+02 7.137947344615474776e+01
3.459156117422156171e+02 7.237896397819258709e+01
3.456876058817732655e+02 7.337800243471210138e+01
3.454565070493553094e+02 7.437702772467781642e+01
3.452283961898642701e+02 7.537606573422411316e+01
3.450053272846897698e+02 7.637512520699851848e+01
3.447874013329167155e+02 7.737420657294666171e+01
3.445755443261548976e+02 7.837331377394659171e+01
3.443712152511849922e+02 7.937245302079756470e+01
3.441762800910998976e+02 8.037163225685213774e+01
3.439919198351991554e+02 8.137085650949475735e+01
3.438173524905679983e+02 8.237012244983918663e+01
3.436497740826124527e+02 8.336941814157216868e+01
3.434857426425189715e+02 8.436872893248602168e+01
3.433228481921236153e+02 8.536804456348124859e+01
3.431606347355580056e+02 8.636736309341705464e+01
3.430004862602822868e+02 8.736669041382606338e+01
3.428443497486554179e+02 8.836603481286874739e+01
3.426928501950146710e+02 8.936539895109999065e+01
3.425450776076051511e+02 9.036477895475189825e+01
3.423995959994377358e+02 9.136416871093365444e+01
3.422572583627838867e+02 9.236357185077051213e+01
3.421225906566353387e+02 9.336300764093650173e+01
3.420017188254868756e+02 9.436250215912596673e+01
3.418994938253856617e+02 9.536207605550146127e+01
3.418177676395514482e+02 9.636173721381913992e+01
3.417563752694792356e+02 9.736148493169244489e+01
3.417133717327919271e+02 9.836131092947474031e+01
3.416856980572057410e+02 9.936120218534640003e+01
3.416699322737261468e+02 1.003611441322374560e+02
3.416611804266955232e+02 1.013611159369392283e+02
3.416524285796648996e+02 1.023610877416410290e+02
3.416362637998004175e+02 1.033610279900338469e+02
3.416069251393001878e+02 1.043609121581873751e+02
3.415613956254998698e+02 1.053607274030711949e+02
3.414981462722531660e+02 1.063604672159039524e+02
3.414169630814990910e+02 1.073601306857116526e+02
3.413188650440048377e+02 1.083597221502629395e+02
3.412056421435519269e+02 1.093592492293868759e+02
3.410804503515452666e+02 1.103587253578212426e+02
3.409476396285712099e+02 1.113581690530278081e+02
3.408117099338570597e+02 1.123575994710014072e+02
3.406757532393876318e+02 1.133570297740390629e+02
3.405402035412304258e+02 1.143564618096300478e+02
3.404042468467609979e+02 1.153558921126677035e+02
3.402683171520468477e+02 1.163553225306413026e+02
3.401351064326970004e+02 1.173547645230927401e+02
3.400078506593913517e+02 1.183542318653107941e+02
3.398896388041417822e+02 1.193537377068217040e+02
3.397830288437712625e+02 1.203532929367443955e+02
3.396909527517141214e+02 1.213529100362737552e+02
3.396174164916736800e+02 1.223526060585021469e+02
3.395676640161362343e+02 1.233524033265489663e+02
3.395479142687540275e+02 1.243523283139991804e+02
3.395640441962779050e+02 1.253524060385821599e+02
3.396192547697049235e+02 1.263526501265956199e+02
3.397147489781351624e+02 1.273530656990755006e+02
3.398501588249031329e+02 1.283536511894871524e+02
3.400223313385765778e+02 1.293543931758634358e+02
3.402240255847634671e+02 1.303552608340800987e+02
3.404442086634290945e+02 1.313562071978945482e+02
3.406682027075648307e+02 1.323571697847082191e+02
3.408789298719073599e+02 1.333580758953920054e+02
3.410593433109125385e+02 1.343588529627803041e+02
3.411953161525793803e+02 1.353594408498197481e+02
3.412774704818779128e+02 1.363597996354169481e+02
3.412998873524377927e+02 1.373599041230532407e+02
3.412588827976383641e+02 1.383597386303541725e+02
3.411536958243746085e+02 1.393592999178281389e+02
3.409856074210399015e+02 1.403585934385483824e+02
3.407582965543004434e+02 1.413576348536049068e+02
3.404781321664492566e+02 1.423564512751158588e+02
3.401522411929116174e+02 1.433550730419203205e+02
3.397864148827012514e+02 1.443539238105538516e+02
3.393827728273444677e+02 1.453542786154323210e+02
3.389400403689201084e+02 1.463569940382410834e+02
3.384565293791213207e+02 1.473613918866626022e+02
3.379310830850524781e+02 1.483650672146542888e+02
3.373632207393794147e+02 1.493644359432548754e+02
3.367533860337471197e+02 1.503555779256909659e+02
3.361022708313305429e+02 1.513350030755242983e+02
3.354092991031910742e+02 1.523001329173018235e+02
3.346729388704879966e+02 1.532490799124592797e+02
3.338923924708756772e+02 1.541801186498044558e+02
3.330683676262538029e+02 1.550928461383786043e+02
3.322036741460013332e+02 1.559894273588409987e+02
3.313019848186316949e+02 1.568748529910584750e+02
3.303670624795266804e+02 1.577562171172754972e+02
3.294035837120107431e+02 1.586413797163984043e+02
3.284164113414989856e+02 1.595374395532481913e+02
3.274118711324672404e+02 1.604493986012149662e+02
3.263991038369318289e+02 1.613794487913143314e+02
3.253886610875998713e+02 1.623272290373906799e+02
3.243905531241991866e+02 1.632910599366945803e+02
3.234131438782252417e+02 1.642690960768231889e+02
3.224632252539810224e+02 1.652587903470723631e+02
3.215465130691211471e+02 1.662566740476078735e+02
3.206671729815670915e+02 1.672588428757927090e+02
3.198277142168935825e+02 1.682617254807599068e+02
3.190278059947208931e+02 1.692629204326561876e+02
3.182635192070470112e+02 1.702617399994784932e+02
3.175281062455392203e+02 1.712590174649656092e+02
3.168137577916864984e+02 1.722559855968947318e+02
3.161133582114476894e+02 1.732530131081512081e+02
3.154215985529253885e+02 1.742500773989178811e+02
3.147352838450681247e+02 1.752471648684384036e+02
3.140522071078727322e+02 1.762442661217614841e+02
3.133698733639453167e+02 1.772413705379522071e+02
3.126868776260160416e+02 1.782384721360832032e+02
3.120025139004815742e+02 1.792355679107917581e+02
3.113180731756447699e+02 1.802326633577199289e+02
3.106371864186066887e+02 1.812297739336272002e+02
3.099638875928168318e+02 1.822269168107987980e+02
3.093005256769919811e+02 1.832241019886640174e+02
3.086489266545873988e+02 1.842213372402999880e+02
3.080104255135072435e+02 1.852186282486517541e+02
3.073867732378864162e+02 1.862159824675298410e+02
3.067799878094406267e+02 1.872134084873337656e+02
3.061924352067326254e+02 1.882109163798599525e+02
3.056239864309310406e+02 1.892085055959698252e+02
3.050725325011449058e+02 1.902061671578871938e+02
3.045354004415929126e+02 1.912038896869510154e+02
3.040102292736672780e+02 1.922016631326492870e+02
3.034954310117561818e+02 1.931994807350442898e+02
3.029901036640322332e+02 1.941973386544232199e+02
3.024937732347901829e+02 1.951952348730213203e+02
3.020057777300281714e+02 1.961931665727789209e+02
3.015251641583808464e+02 1.971911296968819158e+02
3.010520465188153594e+02 1.981891247306155606e+02
3.005868958070641384e+02 1.991871536789739423e+02
3.001293780261535176e+02 2.001852151201566130e+02
2.996785361847544777e+02 2.011833049803219353e+02
2.992316153078287471e+02 2.021814115317441747e+02
2.987850944272788070e+02 2.031795197859215136e+02
2.983359165708028513e+02 2.041776167295480491e+02
2.978809247670051832e+02 2.051756889236291954e+02
2.974180310348042440e+02 2.061737274797832811e+02
2.969460343850819299e+02 2.071717272854880889e+02
2.964638198279405970e+02 2.081696835943137671e+02
2.959700323756575244e+02 2.091675906381774439e+02
2.954632830408177142e+02 2.101654425042620176e+02
2.949418388391232497e+02 2.111632318153809820e+02
2.944031857933524634e+02 2.121609478697185125e+02
2.938452849219798395e+02 2.131585819874804884e+02
2.932678642274699996e+02 2.141561330107934111e+02
2.926723436969566592e+02 2.151536069844379142e+02
2.920613183069277738e+02 2.161510149550377378e+02
2.914393460160852101e+02 2.171483763254872770e+02
2.908122107720223539e+02 2.181457157176253361e+02
2.901866355138250242e+02 2.191430617505082807e+02
2.895694241798449866e+02 2.201404433880004490e+02
2.889680427024357527e+02 2.211378924120257921e+02
2.883883420285839634e+02 2.221354337296346273e+02
2.878335101294044875e+02 2.231330809117851288e+02
2.873032250078146035e+02 2.241308325877594143e+02
2.867940916945753429e+02 2.251286743054235728e+02
2.863003692417032653e+02 2.261265816259849544e+02
2.858150050145864611e+02 2.271249235305128025e+02
2.853294677012556235e+02 2.281249297133114453e+02
2.848358090057435561e+02 2.291278273504959486e+02
2.843259704681939866e+02 2.301341771431875145e+02
2.837911760125064120e+02 2.311428037219656915e+02
2.832229514436722297e+02 2.321506809857152689e+02
2.826143443562184530e+02 2.331527212927293817e+02
2.819603806858392545e+02 2.341428214136758186e+02
2.812578235784833964e+02 2.351145975117888725e+02
2.805051512848867787e+02 2.360609400447360713e+02
2.797032940915517543e+02 2.369730918932980046e+02
2.788543908552387052e+02 2.378407550690420180e+02
2.779620056124892926e+02 2.386528876436252347e+02
2.770319832856291669e+02 2.394010634218796838e+02
2.760723884182600045e+02 2.400802386879632877e+02
2.750914291298385592e+02 2.406889933700525717e+02
2.740960429601011015e+02 2.412283900101027996e+02
2.730917874651668740e+02 2.416997192777007513e+02
2.720832934788711555e+02 2.421034998904862050e+02
2.710738877040184889e+02 2.424391040041709573e+02
2.700658945154426647e+02 2.427064485126047657e+02
2.690604410070884569e+02 2.429069232262926334e+02
2.680577946641904532e+02 2.430415892935037334e+02
2.670566945152014000e+02 2.431104373463388413e+02
2.660546140191085556e+02 2.431121796179285752e+02
2.650499046717787337e+02 2.430441120662756020e+02
2.640419818356108408e+02 2.429037991805761578e+02
2.630319837855054743e+02 2.426911788057755643e+02
2.620228818151479118e+02 2.424106516302103671e+02
2.610197008622884027e+02 2.420699951149448736e+02
2.600288793248689103e+02 2.416792307583172033e+02
2.590584077175999482e+02 2.412490606720189703e+02
2.581174720180122790e+02 2.407893760493455488e+02
2.572153872802247179e+02 2.403093456265108614e+02
2.563602250792188215e+02 2.398161338282175734e+02
2.555570365408427449e+02 2.393141851968116498e+02
2.548064969674673250e+02 2.388048396191196048e+02
2.541054105500872424e+02 2.382852264649316112e+02
2.534477404170744137e+02 2.377491949802333409e+02
2.528265599903513134e+02 2.371877045974464693e+02
2.522351483215132930e+02 2.365906276144850722e+02
2.516685095603290563e+02 2.359485216790222921e+02
2.511251279841543749e+02 2.352535662679382824e+02
2.506068435111266695e+02 2.345013211733272556e+02
2.501186915549920400e+02 2.336919348317251774e+02
2.496688738864015704e+02 2.328292371918508081e+02
2.492670637550687900e+02 2.319204724972794622e+02
2.489220427524396371e+02 2.309744472100520341e+02
2.486387160062676003e+02 2.300005382957075994e+02
2.484175079077756436e+02 2.290071116366317483e+02
2.482542679886803398e+02 2.280017856337741193e+02
2.481425767180073763e+02 2.269910140183864087e+02
2.480754756272718282e+02 2.259798252146098321e+02
2.480472350401786343e+02 2.249711848587259055e+02
2.480538951482241714e+02 2.239662141044326233e+02
2.480936095010096665e+02 2.229643100861355265e+02
2.481665334651115131e+02 2.219642124537932375e+02
2.482763003968777582e+02 2.209646706628652169e+02
2.484286909424455416e+02 2.199653103175209594e+02
2.486306360390159114e+02 2.189661609222495713e+02
2.488869226432157973e+02 2.179672428547727350e+02
2.491989397424600554e+02 2.169685620279075238e+02
2.495639053619552783e+02 2.159701065989922029e+02
2.499752685610573621e+02 2.149718486811550520e+02
2.504240064215199482e+02 2.139737498644979041e+02
2.509010160258216047e+02 2.129757713985713963e+02
2.513976804520374060e+02 2.119778766017738008e+02
2.519066187670435681e+02 2.109800340540165564e+02
2.524210950318721700e+02 2.099822150809036998e+02
2.529363042900594110e+02 2.089843992280895577e+02
2.534490035709886797e+02 2.079865726904871792e+02
2.539583088826695985e+02 2.069887317050077229e+02
2.544645622220034511e+02 2.059908777275068417e+02
2.549696765716572600e+02 2.049930189014107782e+02
2.554755299146153504e+02 2.039951632211547974e+02
2.559827722449882401e+02 2.029973134537158899e+02
2.564904815711298625e+02 2.019994656742435950e+02
2.569971799064317111e+02 2.010016135910577475e+02
2.575007632699573605e+02 2.000037482476665502e+02
2.579994136781788256e+02 1.990058619050480502e+02
2.584914561462726397e+02 1.980079474329152163e+02
2.589755906860176538e+02 1.970099992973140104e+02
2.594499693141577268e+02 1.960120096315158378e+02
2.599138590373342481e+02 1.950139753152219839e+02
2.603678558501472367e+02 1.940158988855375242e+02
2.608146507282145876e+02 1.930177917977474351e+02
2.612592516261607898e+02 1.920196753703456238e+02
2.617083164836606102e+02 1.910215779456907512e+02
2.621689222365921523e+02 1.900235296497774584e+02
2.626468278327755002e+02 1.890255549980224146e+02
2.631457892381791339e+02 1.880276699792960073e+02
2.636685544279046098e+02 1.870298862915257700e+02
2.642156193974576581e+02 1.860322060461280671e+02
2.647868991476086649e+02 1.850346288812673947e+02
2.653805256952827563e+02 1.840371468450774728e+02
2.659917760832729527e+02 1.830397398322774052e+02
2.666145153671661205e+02 1.820423817268607536e+02
2.672421526066805200e+02 1.810450444716803986e+02
2.678699268449536248e+02 1.800477077996936259e+02
2.684955061031146784e+02 1.790503617838382127e+02
2.691182113873159096e+02 1.780530035336873880e+02
2.697372687045701127e+02 1.770556297544100630e+02
2.703507810720652742e+02 1.760582323706900638e+02
2.709579714968415374e+02 1.750608080749257169e+02
2.715593789740151465e+02 1.740633591615794273e+02
2.721559984945708379e+02 1.730658898662545653e+02
2.727494490438395474e+02 1.720684070808523813e+02
2.733407966121627055e+02 1.710709153432152618e+02
2.739303881963961658e+02 1.700734161304832242e+02
2.745170538071409965e+02 1.690759044620976397e+02
2.750997864535210624e+02 1.680783760513724587e+02
2.756791841301181876e+02 1.670808334439266218e+02
2.762555338343319704e+02 1.660832778614869198e+02
2.768294575605268051e+02 1.650857119518374816e+02
2.774002623149816031e+02 1.640881327649551622e+02
2.779658471167326184e+02 1.630905313571187207e+02
2.785237169883861270e+02 1.620928971073932416e+02
2.790719209476192191e+02 1.610952217105906925e+02
2.796100899977753329e+02 1.600975035959194770e+02
2.801396251261605812e+02 1.590997487272793478e+02
2.806619313200448005e+02 1.581019630855976459e+02
2.811779945704942634e+02 1.571041508681656751e+02
2.816878488772009632e+02 1.561063122197176085e+02
2.821931702249792124e+02 1.551084542747973103e+02
2.826970405859044035e+02 1.541105901531329039e+02
2.832024249331118995e+02 1.531127324763965589e+02
2.837101352592444528e+02 1.521148847011811256e+02
2.842190895741056806e+02 1.511170422215340636e+02
2.847267199009630758e+02 1.501191941057676331e+02
2.852297542694629442e+02 1.491213264253450461e+02
2.857246417117794408e+02 1.481234240640579003e+02
2.862075232628773165e+02 1.471254705945763419e+02
2.866720089806537430e+02 1.461274388153875634e+02
2.871107099320574889e+02 1.451292972723479693e+02
2.875171551757194948e+02 1.441310184191368648e+02
2.878885167372632168e+02 1.431325902172756344e+02
2.882247346172321727e+02 1.421340124113510512e+02
2.885277057984385465e+02 1.411352930766791758e+02
2.887997402599522729e+02 1.401364420466707372e+02
2.890435419772736623e+02 1.391374708319502247e+02
2.892615199285755239e+02 1.381383896873602453e+02
2.894564100890683562e+02 1.371392102597457097e+02
2.896311464321682365e+02 1.361399450388153127e+02
2.897897259216600219e+02 1.351406110393494373e+02
2.899360615220896875e+02 1.341412249185498240e+02
2.900721762151275698e+02 1.331417952881004112e+02
2.901981569999854855e+02 1.321423225183505110e+02
2.903144058730209736e+02 1.311428083205689177e+02
2.904225558194382302e+02 1.301432596462533695e+02
2.905277157929466512e+02 1.291436982438434597e+02
2.906389237116566164e+02 1.281441625870906762e+02
2.907657994884052641e+02 1.271446936272552932e+02
2.909136370752258927e+02 1.261453139003010904e+02
2.910841164568967088e+02 1.251460305577994916e+02
2.912778716276732212e+02 1.241468462986173620e+02
2.914947005893857863e+02 1.231477602628633576e+02
2.917335603514845275e+02 1.221487680106035612e+02
2.919928129288107357e+02 1.211498625690557844e+02
2.922689333533029412e+02 1.201510289326907355e+02
2.925567656716775673e+02 1.191522451529950786e+02
2.928511899303247219e+02 1.181534894347035447e+02
2.931488501596518290e+02 1.171547474917007889e+02
2.934476263788674260e+02 1.161560102993847750e+02
2.937471325914686417e+02 1.151572762145968341e+02
2.940489397832215559e+02 1.141585519249075844e+02
2.943546679394478360e+02 1.131598443264752802e+02
2.946651710524098462e+02 1.121611570546819792e+02
2.949799201269005948e+02 1.111624878576341473e+02
2.952957061919955208e+02 1.101638230749788647e+02
2.956082492864738924e+02 1.091651444872366312e+02
2.959145444375628813e+02 1.081664393024596507e+02
2.962118336702515080e+02 1.071676957801515471e+02
2.964957280243066293e+02 1.061688952368319008e+02
2.967595775599813805e+02 1.051700093641971705e+02
2.969946603563019494e+02 1.041710010336722974e+02
2.971903685093831768e+02 1.031718250881919516e+02
2.973370831063788273e+02 1.021724405807528058e+02
2.974284472048871066e+02 1.011728204503193638e+02
2.974605818400539761e+02 1.001729481844240297e+02
2.974323360223082204e+02 9.917281888338897033e+01
2.973464537267875016e+02 9.817244422811421600e+01
2.972092788960115399e+02 9.717185122429566491e+01
2.970299864468494775e+02 9.617107892887855769e+01
2.968211162656813826e+02 9.517018072323534739e+01
2.965975852173506269e+02 9.416922010736070092e+01
2.963740761688204657e+02 9.316825958513757655e+01
2.961638709997483261e+02 9.216735569654920823e+01
2.959787416034728835e+02 9.116655855367824302e+01
2.958280548951235573e+02 9.016590803079233751e+01
2.957194278056859389e+02 8.916543655260551304e+01
2.956608482627840431e+02 8.816517812313719560e+01
2.956617361810670559e+02 8.716517284227009554e+01
2.957327154642754294e+02 8.616546593517969654e+01
2.958850080107311555e+02 8.516610517266045122e+01
2.961296647203056978e+02 8.416713759757897151e+01
2.964763392040443932e+02 8.316820530103106535e+01
2.969317787900808412e+02 8.216807099442470985e+01
2.974983721262426570e+02 8.116588283824745531e+01
2.981727920847919222e+02 8.016189867162606220e+01
2.989452969308977117e+02 7.915721003497887409e+01
2.998011682063088301e+02 7.815447729758560058e+01
3.007226612310255973e+02 7.715781595962403117e+01
3.016920364647251631e+02 7.617177854711073337e+01
3.026932735078812016e+02 7.520159291037043658e+01
3.037122286278179786e+02 7.425327389561874725e+01
3.047373359021052579e+02 7.333312132510212678e+01
3.057605231308886005e+02 7.244680288772445920e+01
3.067776446518086004e+02 7.159822397125148541e+01
3.077881536335738133e+02 7.078875326028486370e+01
3.087939136025728999e+02 7.001662667166360166e+01
3.097974699093927597e+02 6.927706899739331448e+01
3.108005128031986715e+02 6.856438738109434894e+01
3.118034671665098472e+02 6.787250257636227957e+01
3.128063551649408396e+02 6.719620763037571010e+01
3.138091914592131957e+02 6.653205857433923143e+01
3.148119857890859521e+02 6.587776742898341809e+01
3.158147479624286689e+02 6.523103021518400624e+01
3.168174804312085371e+02 6.459127093815976650e+01
3.178201749711185471e+02 6.396042158040572190e+01
3.188228176195667629e+02 6.334176211220309938e+01
3.198253907062120902e+02 6.273944349594140135e+01
3.208278745727469641e+02 6.215808368977886289e+01
3.218302581044373483e+02 6.160029367005827794e+01
3.228325385555906450e+02 6.106671843093550933e+01
3.238347199021400797e+02 6.055642398087326228e+01
3.248368056475042636e+02 6.006858732732831641e+01
3.258387948083420724e+02 5.960343946820765382e+01
3.268406839621158042e+02 5.916178439622663632e+01
3.278424659657678149e+02 5.874530009618158033e+01
3.288441340934153914e+02 5.835556655375668811e+01
3.298456883024896342e+02 5.799259376886146811e+01
3.308475244179940660e+02 5.765712843324391201e+01
3.318509002041507756e+02 5.735110791861887947e+01
3.328570578511180997e+02 5.707895355291032047e+01
3.338665661779020866e+02 5.684681681325284330e+01
