3.348715620128623414e+02 5.677146111212272217e+01
3.358848711190229892e+02 5.659693807397044907e+01
3.368986128727322011e+02 5.647511935508234160e+01
3.379074020969226808e+02 5.641942515295892235e+01
3.389042350006784545e+02 5.644247676760480203e+01
3.398808387170753349e+02 5.655573608620548498e+01
3.408273270195752502e+02 5.677051112666151766e+01
3.417317384426590934e+02 5.709698706264043722e+01
3.425811327988930088e+02 5.754199287109133820e+01
3.433625138469389526e+02 5.810649723725040872e+01
3.440650426998366811e+02 5.878387296114607352e+01
3.446828631001357053e+02 5.956077799246091331e+01
3.452141655697111560e+02 6.041923246554148363e+01
3.456593631180080592e+02 6.134044196823421657e+01
3.460204464902531072e+02 6.230755682225012038e+01
3.463012363733806751e+02 6.330585915847206024e+01
3.465064541211276037e+02 6.432165095106080344e+01
3.466413168068966115e+02 6.534341530416241994e+01
3.467117436367987580e+02 6.636312934248098827e+01
3.467239561313117520e+02 6.737669051315927504e+01
3.466846095331317770e+02 6.838358614217338527e+01
3.465999988843662436e+02 6.938569904387031784e+01
3.464753683887602165e+02 7.038557656531730800e+01
3.463157069090719915e+02 7.138490595883067158e+01
3.461265496966348678e+02 7.238410979118270916e+01
3.459156026816278882e+02 7.338322086595050564e+01
3.456917877832125896e+02 7.438227716308662707e+01
3.454629449303539559e+02 7.538131205659112766e+01
3.452342910757828349e+02 7.638034775464737436e+01
3.450070952080013740e+02 7.737938965924601575e+01
3.447811213291479362e+02 7.837843676576147800e+01
3.445577234269543396e+02 7.937749483801979977e+01
3.443388784835079264e+02 8.037657229188806696e+01
3.441262794834690908e+02 8.137567633427730129e+01
3.439216734110089533e+02 8.237481440197035454e+01
3.437271242474265023e+02 8.337399528118362468e+01
3.435441159792757730e+02 8.437322528913847464e+01
3.433732146014285718e+02 8.537250683523342332e+01
3.432140471172643856e+02 8.637183833164934299e+01
3.430652315393050458e+02 8.737121389536730476e+01
3.429256058780788408e+02 8.837062857988377118e+01
3.427949941351805023e+02 8.937008163598650867e+01
3.426734363102476664e+02 9.036957323395097319e+01
3.425601324105286949e+02 9.136909996826702240e+01
3.424549574371561675e+02 9.236866130682363973e+01
3.423601363699704052e+02 9.336826672119607906e+01
3.422793041760360211e+02 9.436793168517141339e+01
3.422163908197449587e+02 9.536767292831845566e+01
3.421747182709979711e+02 9.636750459201834929e+01
3.421546645263701976e+02 9.736742828537470018e+01
3.421531586136865144e+02 9.836743093548517436e+01
3.421641335879177745e+02 9.936748671581176495e+01
3.421790855261149886e+02 1.003675594257809678e+02
3.421879965190472603e+02 1.013676064198912457e+02
3.421822996443365241e+02 1.023675912293851411e+02
3.421578629394211930e+02 1.033674962648024405e+02
3.421148764025798528e+02 1.043673223349518366e+02
3.420562340075910015e+02 1.053670817592664832e+02
3.419855137220359893e+02 1.063667897688908113e+02
3.419060895153443198e+02 1.073664607265640711e+02
3.418221883492169013e+02 1.083661126261508514e+02
3.417376861885348944e+02 1.093657619673481065e+02
3.416537180230145623e+02 1.103654135817234021e+02
3.415669988824198526e+02 1.113650534854004661e+02
3.414718798179340524e+02 1.123646576312203820e+02
3.413627968799703467e+02 1.133642023338596516e+02
3.412364570983652357e+02 1.143636735753868550e+02
3.410936564659064061e+02 1.153630747442846882e+02
3.409395269360949783e+02 1.163624276869011283e+02
3.407812834435588911e+02 1.173617631166813169e+02
3.406271019142185992e+02 1.183611158379395931e+02
3.404855902700806496e+02 1.193605224939657319e+02
3.403660004273165782e+02 1.203600224694853296e+02
3.402760783157429501e+02 1.213596487383509270e+02
3.402209288891054939e+02 1.223594230319745293e+02
3.402034911207751975e+02 1.233593578613492525e+02
3.402240770079250183e+02 1.243594545546240795e+02
3.402806655688665955e+02 1.253597045086288517e+02
3.403688718433304530e+02 1.263600890569107662e+02
3.404835518779242989e+02 1.273605863020391666e+02
3.406214807018686201e+02 1.283611825155510644e+02
3.407804843348609438e+02 1.293618684429724794e+02
3.409563228153183445e+02 1.303626260350992823e+02
3.411412052138317677e+02 1.313634221265189694e+02
3.413241416299771913e+02 1.323642099340350740e+02
3.414920251825114974e+02 1.333649336626197623e+02
3.416310089968968668e+02 1.343655343671482569e+02
3.417284501876862350e+02 1.353659582277886102e+02
3.417746058431569054e+02 1.363661637696833964e+02
3.417619100318612482e+02 1.373661187852198680e+02
3.416851198013039266e+02 1.383658009555354909e+02
3.415425001672051621e+02 1.393652028949300075e+02
3.413378990946997646e+02 1.403643409839075389e+02
3.410783905196930732e+02 1.413632453356920280e+02
3.407714983740132766e+02 1.423619479791070148e+02
3.404242095943540676e+02 1.433604786570272154e+02
3.400428401234887588e+02 1.443588642559557513e+02
3.396319579200285261e+02 1.453571242213558889e+02
3.391928482738142634e+02 1.463556630282269850e+02
3.387232118164109806e+02 1.473557368997978756e+02
3.382190599144880139e+02 1.483581908645605267e+02
3.376748064750564708e+02 1.493623301368489535e+02
3.370834837778718907e+02 1.503657250338458198e+02
3.364391551250348016e+02 1.513647682510102186e+02
3.357383102440156790e+02 1.523555228098345538e+02
3.349796580159566020e+02 1.533344901824721944e+02
3.341643233965069157e+02 1.542990991344360907e+02
3.332965773542472334e+02 1.552474868298817228e+02
3.323838971518557059e+02 1.561779630833629824e+02
3.314346584417553458e+02 1.570901575457365311e+02
3.304560769934040536e+02 1.579862539535090491e+02
3.294548355680431655e+02 1.588712557997795614e+02
3.284379429716435652e+02 1.597522709846501812e+02
3.274133847575483287e+02 1.606371735730688499e+02
3.263904447111157197e+02 1.615330811495572902e+02
3.253780115735991671e+02 1.624450065979090141e+02
3.243830241169665101e+02 1.633751324754726966e+02
3.234105260238305846e+02 1.643230742491550131e+02
3.224649065848486202e+02 1.652871285882404777e+02
3.215503417694620225e+02 1.662654322524801955e+02
3.206714535016352556e+02 1.672554288937236890e+02
3.198320146166275890e+02 1.682536415410038444e+02
3.190321008094181821e+02 1.692561484810126444e+02
3.182677953638051918e+02 1.702593510081223940e+02
3.175323645574239890e+02 1.712608204356275223e+02
3.168180073173549545e+02 1.722598525488555765e+02
3.161172060422421168e+02 1.732572773537417561e+02
3.154237823987966181e+02 1.742543345610472159e+02
3.147345417174507247e+02 1.752514095749141916e+02
3.140479450121484888e+02 1.762484958439923730e+02
3.133636272861973566e+02 1.772455918145177520e+02
3.126829015277004373e+02 1.782427030757839361e+02
3.120067297279417176e+02 1.792398337229170124e+02
3.113362918762295521e+02 1.802369887790444523e+02
3.106746439448747878e+02 1.812341812532153256e+02
3.100253629014677585e+02 1.822314263723170882e+02
3.093918547151480425e+02 1.832287386353094405e+02
3.087766503629833892e+02 1.842261288163753363e+02
3.081804328387853502e+02 1.852235998229690779e+02
3.076015711573317049e+02 1.862211447121067636e+02
3.070368443478066638e+02 1.872187497723528793e+02
3.064839064314663801e+02 1.882164050170487712e+02
3.059406174277004880e+02 1.892141013364546893e+02
3.054050583538962655e+02 1.902118305616029375e+02
3.048754212264352077e+02 1.912095849960404621e+02
3.043492020680050700e+02 1.922073539805203950e+02
3.038225559134438072e+02 1.932051211473092280e+02
3.032918617955597824e+02 1.942028710822164328e+02
3.027552507312872763e+02 1.952005958291187540e+02
3.022130507176544256e+02 1.961982967842754135e+02
3.016678647310764063e+02 1.971959850283652145e+02
3.011243187296390715e+02 1.981936802537509550e+02
3.005852716874381940e+02 1.991913946308746972e+02
3.000516295962647746e+02 2.001891320164768047e+02
2.995232954569978006e+02 2.011868919976390941e+02
2.989998682732704651e+02 2.021846728673496330e+02
2.984815500432526392e+02 2.031824754854997082e+02
2.979691687594420841e+02 2.041803033767924376e+02
2.974625824231254114e+02 2.051781559367497039e+02
2.969607760434991519e+02 2.061760288446304514e+02
2.964616456396267949e+02 2.071739131439428263e+02
2.959633092285602061e+02 2.081718008232240891e+02
2.954641788246878491e+02 2.091696851225364924e+02
2.949627714414464208e+02 2.101675597289154496e+02
2.944578500900439053e+02 2.111654193765908190e+02
2.939475957869614717e+02 2.121632563222838144e+02
2.934294695552039798e+02 2.131610597577563340e+02
2.929025734029078762e+02 2.141588258603232475e+02
2.923665903329453499e+02 2.151565532805510941e+02
2.918225183362738449e+02 2.161542462668138569e+02
2.912725373931414197e+02 2.171519140991268557e+02
2.907205394682841302e+02 2.181495733452972559e+02
2.901711015202317867e+02 2.191472434891003331e+02
2.896296994993685416e+02 2.201449478412534120e+02
2.891022453521282500e+02 2.211427115684769547e+02
2.885941490294930531e+02 2.221405577005336909e+02
2.881068415184973333e+02 2.231384923290300435e+02
2.876366838521125260e+02 2.241364999631514365e+02
2.871756791027961526e+02 2.251345465605664913e+02
2.867147873524559714e+02 2.261325936390098548e+02
2.862448499855614727e+02 2.271310012145451367e+02
2.857572346910584997e+02 2.281309985515310359e+02
2.852436011765316834e+02 2.291338111573825529e+02
2.846959019820250205e+02 2.301399997800467361e+02
2.841069520170225928e+02 2.311483958228114943e+02
2.834717590549670376e+02 2.321559880070447832e+02
2.827891696378426332e+02 2.331577133767319197e+02
2.820620276305082257e+02 2.341475019828891106e+02
2.812944758148184974e+02 2.351186013996928068e+02
2.804906247712315235e+02 2.360626620497704948e+02
2.796539454284434214e+02 2.369700766214282339e+02
2.787866534018650100e+02 2.378320134662721159e+02
2.778900684602394335e+02 2.386419521433305988e+02
2.769660033474163470e+02 2.393954933293903480e+02
2.760184003224348999e+02 2.400892957759318165e+02
2.750527369566958100e+02 2.407208877779667091e+02
2.740737308107028412e+02 2.412882683994907609e+02
2.730844065694678875e+02 2.417903435063351765e+02
2.720867486755138884e+02 2.422265435408884571e+02
2.710829904676979254e+02 2.425958540010315119e+02
2.700757976690949818e+02 2.428967012201898967e+02
2.690679625093410436e+02 2.431266880628522813e+02
2.680606303046067751e+02 2.432838633868225884e+02
2.670536086015223987e+02 2.433680983716812136e+02
2.660466931466255005e+02 2.433820361718926506e+02
2.650409988704217312e+02 2.433308635805863105e+02
2.640396828285163338e+02 2.432204470901473883e+02
2.630462407193658123e+02 2.430572076395493468e+02
2.620628764164054587e+02 2.428465826597003741e+02
2.610912965482035020e+02 2.425903074312493857e+02
2.601336608977590004e+02 2.422867931337544860e+02
2.591928369076283047e+02 2.419331229471687834e+02
2.582715669448763265e+02 2.415263975191711836e+02
2.573706390467181109e+02 2.410628511702283561e+02
2.564888676838164088e+02 2.405369678036959442e+02
2.556247679003526798e+02 2.399428610449496375e+02
2.547777261939737343e+02 2.392761842429956403e+02
2.539493375718899983e+02 2.385367041854875367e+02
2.531432363763638307e+02 2.377292813874515502e+02
2.523649170966597808e+02 2.368627393182575531e+02
2.516216817254903333e+02 2.359481361618626067e+02
2.509206398749429638e+02 2.349961492798305471e+02
2.502675181665122182e+02 2.340167461400573927e+02
2.496681819498807329e+02 2.330187837909285236e+02
2.491285625245612891e+02 2.320101915531644465e+02
2.486542832419491162e+02 2.309974764236981741e+02
2.482510351969301325e+02 2.299848566671017522e+02
2.479232003243618294e+02 2.289749409604162338e+02
2.476714777735273287e+02 2.279688702901796091e+02
2.474938930951876159e+02 2.269660412459158465e+02
2.473885616744026095e+02 2.259651847935324724e+02
2.473551689032917125e+02 2.249650335822961438e+02
2.473937314802170988e+02 2.239651886796752933e+02
2.475022594232094377e+02 2.229656416144633226e+02
2.476773807628210022e+02 2.219663780324347044e+02
2.479142715427600479e+02 2.209673773983629133e+02
2.482068878177888109e+02 2.199686139836182974e+02
2.485494966398515544e+02 2.189700633834633834e+02
2.489368820562084181e+02 2.179717033939716089e+02
2.493633431185137113e+02 2.169735097466258367e+02
2.498233018773074718e+02 2.159754586965061947e+02
2.503099533942469179e+02 2.149775212754914833e+02
2.508161707339069437e+02 2.139796671447426206e+02
2.513350799585699917e+02 2.129818670424131994e+02
2.518603671254445828e+02 2.119840940905139064e+02
2.523866592832133051e+02 2.109863254167867979e+02
2.529114204548537828e+02 2.099885502257645271e+02
2.534336456494719130e+02 2.089907642392749096e+02
2.539524278752856219e+02 2.079929635963207488e+02
2.544663291453240674e+02 2.069951421754974206e+02
2.549755714575758248e+02 2.059973009218340394e+02
2.554819677956139969e+02 2.049994475530681086e+02
2.559873531428124238e+02 2.040015898805886536e+02
2.564925364918410651e+02 2.030037313482178547e+02
2.569975708422197727e+02 2.020058721815707941e+02
2.575007542093696316e+02 2.010080051354244972e+02
2.579990046212153061e+02 2.000101170900508691e+02
2.584893831043859791e+02 1.990121955344568221e+02
2.589709916670179837e+02 1.980142366459571406e+02
2.594435133119836223e+02 1.970162390751183921e+02
2.599079460302402822e+02 1.960182070703145882e+02
2.603660698056601746e+02 1.950201482088059208e+02
2.608209126108078522e+02 1.940220753804485128e+02
2.612770544041858898e+02 1.930240080817882813e+02
2.617402351337864275e+02 1.920259707473609865e+02
2.622168397417576102e+02 1.910279905573949861e+02
2.627124651773873438e+02 1.900300913376910046e+02
2.632295524185587965e+02 1.890322834793120705e+02
2.637682904635594241e+02 1.880345677868100154e+02
2.643263533334642261e+02 1.870369343586638706e+02
2.649015540480886557e+02 1.860393738850601153e+02
2.654912586312983649e+02 1.850418751533563864e+02
2.660915121189278807e+02 1.840444213275616505e+02
2.666982785475457831e+02 1.830469952268768452e+02
2.673077899512923636e+02 1.820495808113489602e+02
2.679178443501190827e+02 1.810521687073111252e+02
2.685274257532314550e+02 1.800547545897653663e+02
2.691360141653409528e+02 1.790573362451301023e+02
2.697439305835392247e+02 1.780599150398662118e+02
2.703510590088772005e+02 1.770624904801748016e+02
2.709570494445261488e+02 1.760650610761451276e+02
2.715614338947263491e+02 1.750676248355536870e+02
2.721622923768742339e+02 1.740701735851760361e+02
2.727576629087465676e+02 1.730726989729983529e+02
2.733450105133120474e+02 1.720751902078101807e+02
2.739228552039803049e+02 1.710776409894176595e+02
2.744893389975858895e+02 1.700800434085233519e+02
2.750422629140530262e+02 1.690823881042310006e+02
2.755812329569516237e+02 1.680846733993269027e+02
2.761077901123193215e+02 1.670869058536750345e+02
2.766258573446112905e+02 1.660891021670461214e+02
2.771399996124661698e+02 1.650912817721327599e+02
2.776538548829214506e+02 1.640934601554926076e+02
2.781705241278801282e+02 1.630956505177346116e+02
2.786925113246547312e+02 1.620978635181056973e+02
2.792231154433541747e+02 1.611001132000786242e+02
2.797648054616079207e+02 1.601024100739091978e+02
2.803172493824241656e+02 1.591047527263107213e+02
2.808768952379860480e+02 1.581071260368179026e+02
2.814382730778550012e+02 1.571095067202546716e+02
2.819958559521088546e+02 1.561118712488024016e+02
2.825442989091764616e+02 1.551141968693960393e+02
2.830790239905372800e+02 1.541164640940033905e+02
2.835970152235179285e+02 1.531186600838509833e+02
2.840963596254513845e+02 1.521207766955125749e+02
2.845765052013389891e+02 1.511228115791861057e+02
2.850361759627422202e+02 1.501247593030827829e+02
2.854746779159490302e+02 1.491266169129225432e+02
2.858922340589388114e+02 1.481283853579913057e+02
2.862897643833759957e+02 1.471300685546258080e+02
2.866688068753252878e+02 1.461316730499194705e+02
2.870300415286255884e+02 1.451332017385558970e+02
2.873720113564780831e+02 1.441346484182496965e+02
2.876910563920445725e+02 1.431359975087916609e+02
2.879829166739231141e+02 1.421372308758399186e+02
2.882462592141914683e+02 1.411383428449630628e+02
2.884824320006360381e+02 1.401393391544458495e+02
2.886939920100887775e+02 1.391402306891502576e+02
2.888839062156670821e+02 1.381410300792622365e+02
2.890549295924089392e+02 1.371417490525076062e+02
2.892089811229270708e+02 1.361423957778539489e+02
2.893476397929148334e+02 1.351429769769270024e+02
2.894749085661026697e+02 1.341435096900485178e+02
2.895977883790574765e+02 1.331440237196896419e+02
2.897236011654375716e+02 1.321445502347825709e+02
2.898568928840535364e+02 1.311451085871390490e+02
2.899979355324408061e+02 1.301456999346325460e+02
2.901444801309767740e+02 1.291463147035224495e+02
2.902947366958798625e+02 1.281469452739797532e+02
2.904502582130788824e+02 1.271475982569510847e+02
2.906155806414751623e+02 1.261482929616793172e+02
2.907946109456688646e+02 1.251490460198249650e+02
2.909890821099580762e+02 1.241498648085744492e+02
2.911984231395163079e+02 1.231507468972449146e+02
2.914208410505892743e+02 1.221516846532366003e+02
2.916564468421711354e+02 1.211526785490640066e+02
2.919075164936401166e+02 1.201537382734037465e+02
2.921758749884605777e+02 1.191548715950758890e+02
2.924615823260889442e+02 1.181560787694937744e+02
2.927624125266939927e+02 1.171573503208252021e+02
2.930739816299974336e+02 1.161586675868742873e+02
2.933904846885959614e+02 1.151600058564075368e+02
2.937077097406526605e+02 1.141613471994137683e+02
2.940255157874451584e+02 1.131626910156717827e+02
2.943453608157632289e+02 1.121640435117239463e+02
2.946678038205417351e+02 1.111654070671704915e+02
2.949926658034027582e+02 1.101667809200285433e+02
2.953171677895256266e+02 1.091681532404069799e+02
2.956367018206614716e+02 1.081695044125670506e+02
2.959470439350822062e+02 1.071708164554148368e+02
2.962431841781814796e+02 1.061720680419426799e+02
2.965170786228425186e+02 1.051732249297454587e+02
2.967581263651166523e+02 1.041742419915560731e+02
2.969548335091463969e+02 1.031750702987066006e+02
2.970967111499681437e+02 1.021756652007013599e+02
2.971760033578558478e+02 1.011759936811189107e+02
2.971898661585777290e+02 1.001760436333704547e+02
2.971400675361148274e+02 9.917582258363356118e+01
2.970330074324792236e+02 9.817535777598985192e+01
2.968803877416440855e+02 9.717469902453990471e+01
2.966977183230795845e+02 9.617391235361282043e+01
2.965003900373342276e+02 9.517306328096810830e+01
2.963029017530385545e+02 9.417221352722134498e+01
2.961180193545250745e+02 9.317141743580165780e+01
2.959553437548032093e+02 9.217071587708841207e+01
2.958221758877214711e+02 9.117013993061911492e+01
2.957252516922478094e+02 9.016971827078972979e+01
2.956698771203066940e+02 8.916947348464668721e+01
2.956606011306815844e+02 8.816942493677240122e+01
2.957037796657833155e+02 8.716959968394544944e+01
2.958086886415658796e+02 8.617003721305670183e+01
2.959858419627663579e+02 8.517078228102400317e+01
2.962462172284338635e+02 8.417148261506258677e+01
2.966002477333044567e+02 8.317091661746869136e+01
2.970557000764781606e+02 8.216825534227226058e+01
2.976154543754614679e+02 8.116418205600089664e+01
2.982772091372548857e+02 8.016068697948998079e+01
2.990333245592679532e+02 7.916005661167429253e+01
2.998710357394786001e+02 7.816529464101390090e+01
3.007747598002642917e+02 7.718009776644208841e+01
3.017280760886965822e+02 7.620810812008230073e+01
3.027151308523028206e+02 7.525346225176926396e+01
3.037224777324659044e+02 7.432114896706508489e+01
3.047394706722237174e+02 7.341656199577062125e+01
3.057584715466798571e+02 7.254394286167624273e+01
3.067750080357530464e+02 7.170523654423988091e+01
3.077873521926567832e+02 7.090089669189640631e+01
3.087956355590948760e+02 7.012938685068294831e+01
3.098008629764903503e+02 6.938839727716893435e+01
3.108043031085863959e+02 6.867613035562615664e+01
3.118072299553751350e+02 6.799070949232648786e+01
3.128100512568887552e+02 6.733008240437862923e+01
3.138127858455987393e+02 6.668982513186657002e+01
3.148154621277171259e+02 6.606326473525163578e+01
3.158181018431696998e+02 6.544529426080626422e+01
3.168207145188712275e+02 6.483367572880803209e+01
3.178232975794045956e+02 6.422901413377530844e+01
3.188258478150764290e+02 6.363206346887636755e+01
3.198283637444898773e+02 6.304317173095816429e+01
3.208308418514556024e+02 6.246316491253665504e+01
3.218332745118875664e+02 6.189383399738429148e+01
3.228356458561083286e+02 6.133890695172323149e+01
3.238379335269432886e+02 6.080363572796724725e+01
3.248401170955881412e+02 6.029281928263461054e+01
3.258421835274525620e+02 5.980951958798175383e+01
3.268441298256875598e+02 5.935444063763006284e+01
3.278459545940339126e+02 5.892791042860764605e+01
3.288476560573695338e+02 5.853034595713629074e+01
3.298492305079450944e+02 5.816261821532410181e+01
3.308506771922914709e+02 5.782490420156747746e+01
3.318523989209650153e+02 5.751630962248287915e+01
3.328556618655409807e+02 5.723679686767980002e+01
3.338617227534495555e+02 5.698737229602406273e+01
3.348715620128623414e+02 5.677146111212272217e+01
