3.328613993669713409e+02 5.688899307968492280e+01
3.338672682692420040e+02 5.668466809939667428e+01
3.348768782569370615e+02 5.652261542750113676e+01
3.358899525276276563e+02 5.640325788951250274e+01
3.369034910745428419e+02 5.632917473810817910e+01
3.379121475902575185e+02 5.630465525352093437e+01
3.389089433909795730e+02 5.633642278919472801e+01
3.398856149664241570e+02 5.643374125223022020e+01
3.408322819432739266e+02 5.660654367298633360e+01
3.417369815789434710e+02 5.686531522241236303e+01
3.425867611707487868e+02 5.721982485081923642e+01
3.433686008473679863e+02 5.767659219314788288e+01
3.440716251040923339e+02 5.823759197148760336e+01
3.446899355828514331e+02 5.889937204591166164e+01
3.452216805005697324e+02 5.965389046072252199e+01
3.456672434473411499e+02 6.048926374114893179e+01
3.460282089778670525e+02 6.139033049509126272e+01
3.463075379001969623e+02 6.234069817785092482e+01
3.465103655804863934e+02 6.332455250681857706e+01
3.466434471067656773e+02 6.432849711626684552e+01
3.467144436309479261e+02 6.534194152290345414e+01
3.467303755272025683e+02 6.635729554290176679e+01
3.466973877427714115e+02 6.737012129440262242e+01
3.466217635681783804e+02 6.837871950927222997e+01
3.465093734181178320e+02 6.938324017856598402e+01
3.463662460023239191e+02 7.038470397507245480e+01
3.461989328934510013e+02 7.138439979977928829e+01
3.460141606412831834e+02 7.238362229858415731e+01
3.458178584935839126e+02 7.338279571547317914e+01
3.456141294131776931e+02 7.438193751645678731e+01
3.454053953781196356e+02 7.538105801171721509e+01
3.451919973853202350e+02 7.638015865285311179e+01
3.449731524418737649e+02 7.737923610672137897e+01
3.447497545396802252e+02 7.837829417897972917e+01
3.445237806608267306e+02 7.937734128549516299e+01
3.442973837858058914e+02 8.037638659134711361e+01
3.440728578938326905e+02 8.137543986183604261e+01
3.438531949577977684e+02 8.237451383357014834e+01
3.436426739389310683e+02 8.337362672177212630e+01
3.434455977982447052e+02 8.437279684383000244e+01
3.432649845083939226e+02 8.537203704703105700e+01
3.431016900616227758e+02 8.637135097527118432e+01
3.429543954698822290e+02 8.737073301371543721e+01
3.428212157502515538e+02 8.837017513813040637e+01
3.426991779296677123e+02 8.936966469278874570e+01
3.425835240512411701e+02 9.036918142341855287e+01
3.424694701583176197e+02 9.136870496506875838e+01
3.423541032772906760e+02 9.236822291742535640e+01
3.422374234081602253e+02 9.336773528048831849e+01
3.421223435245328801e+02 9.436725445457170736e+01
3.420136475830627205e+02 9.536680080462650722e+01
3.419160925406484921e+02 9.636639458066784414e+01
3.418326533703350947e+02 9.736604844693675886e+01
3.417648140586765066e+02 9.836576872065472799e+01
3.417134285979350352e+02 9.936555903720383753e+01
3.416793079807624736e+02 1.003654228489201046e+02
3.416618292128036387e+02 1.013653575037624250e+02
3.416577483234510737e+02 1.023653491923869296e+02
3.416611713661077943e+02 1.033653728246971752e+02
3.416645944087645148e+02 1.043653964570074208e+02
3.416605135194119498e+02 1.053653881456319255e+02
3.416430347514531149e+02 1.063653228004742459e+02
3.416093131306653845e+02 1.073651883106887226e+02
3.415595926548380135e+02 1.083649857149559637e+02
3.414942803202833375e+02 1.093647167458292699e+02
3.414126971331534151e+02 1.103643785128818706e+02
3.413141990992833712e+02 1.113639682746780295e+02
3.411989132175225450e+02 1.123634865718425431e+02
3.410691314671038867e+02 1.133629431611620930e+02
3.409298728025524952e+02 1.143623594079563759e+02
3.407880391613321081e+02 1.153617646932646608e+02
3.406503064829541927e+02 1.163611874360696561e+02
3.405210277279781508e+02 1.173606461666037717e+02
3.404028838721124544e+02 1.183601522975830562e+02
3.402984818917360599e+02 1.193597169267139009e+02
3.402115337532163153e+02 1.203593558555636776e+02
3.401473984079972865e+02 1.213590918967938990e+02
3.401115018069163511e+02 1.223589481482775057e+02
3.401072449191584042e+02 1.233589390876897482e+02
3.401346277447235025e+02 1.243590647150306836e+02
3.401902493144266373e+02 1.253593105526250042e+02
3.402690836738062785e+02 1.263596552053548407e+02
3.403670348599747513e+02 1.273600812370079609e+02
3.404812558987274542e+02 1.283605765282248967e+02
3.406084678197740345e+02 1.293611271206706874e+02
3.407439896655271241e+02 1.303617130878537580e+02
3.408811504964299388e+02 1.313623060320758498e+02
3.410106133970811584e+02 1.323628662067760047e+02
3.411225804562564008e+02 1.333633519029679064e+02
3.412079187567060217e+02 1.343637242424957208e+02
3.412585993711775245e+02 1.353639490468076474e+02
3.412677173622342366e+02 1.363639969220936621e+02
3.412296987803798629e+02 1.373638441404614241e+02
3.411422706462091128e+02 1.383634810260051040e+02
3.410060179544215657e+02 1.393629100690039877e+02
3.408222126934921334e+02 1.403621366842193083e+02
3.405928548452997120e+02 1.413611693854265923e+02
3.403204633870205953e+02 1.423600188957261139e+02
3.400085502868340654e+02 1.433587001653076527e+02
3.396610585090140830e+02 1.443572299790796478e+02
3.392805443318856078e+02 1.453560182225457993e+02
3.388676193606382867e+02 1.463563335107352259e+02
3.384202799439561318e+02 1.473590293220620708e+02
3.379333419852079601e+02 1.483634125821292287e+02
3.374004797583323807e+02 1.493670563410413479e+02
3.368167845561155787e+02 1.503663576703380045e+02
3.361799620950104668e+02 1.513573847678873108e+02
3.354900752438909990e+02 1.523366448696684756e+02
3.347492639492101034e+02 1.533015710619356469e+02
3.339603921922965242e+02 1.542502945194031554e+02
3.331262192785764000e+02 1.551811049726285319e+02
3.322491859142472777e+02 1.560936068078395635e+02
3.313322139076731219e+02 1.569899654824668573e+02
3.303813500258579552e+02 1.578751817822288217e+02
3.294054580579651770e+02 1.587563715037543943e+02
3.284130845522549862e+02 1.596414111001055574e+02
3.274113963132666640e+02 1.605374091439726385e+02
3.264065471070347257e+02 1.614493668765611005e+02
3.254060557002714518e+02 1.623794693242145684e+02
3.244194137352884582e+02 1.633273508884764169e+02
3.234567494507442689e+02 1.642913326689100586e+02
3.225276047674610709e+02 1.652695742677262842e+02
3.216387015903761153e+02 1.662595282762388820e+02
3.207926847649688966e+02 1.672577129217113452e+02
3.199887609940924449e+02 1.682602027916002498e+02
3.192240815518682098e+02 1.692634037266339533e+02
3.184937086996584981e+02 1.702648946854773726e+02
3.177910303537708501e+02 1.712639765148975926e+02
3.171086659116079431e+02 1.722614798040233381e+02
3.164394450488690609e+02 1.732586400407832059e+02
3.157771501233764866e+02 1.742558297607477016e+02
3.151167271809225667e+02 1.752530274496060656e+02
3.144543202564448166e+02 1.762502166927990856e+02
3.137883923638693773e+02 1.772473909474903451e+02
3.131195384978052516e+02 1.782445527465280293e+02
3.124490206468179281e+02 1.792417074621044435e+02
3.117777038030700396e+02 1.802388587764275769e+02
3.111047219744079371e+02 1.812360030030325788e+02
3.104292141686329387e+02 1.822331364767391051e+02
3.097518503796744085e+02 1.832302620496619738e+02
3.090746295894201694e+02 1.842273882313197646e+02
3.084002707732346380e+02 1.852245265961903442e+02
3.077326988955547904e+02 1.862216938525581327e+02
3.070760719187068162e+02 1.872189077005623972e+02
3.064346998036396030e+02 1.882161864873894501e+02
3.058115165237693418e+02 1.892135427027479011e+02
3.052081830640464659e+02 1.902109834173283502e+02
3.046256674157002067e+02 1.912085127517981675e+02
3.040643095756500429e+02 1.922061321534991407e+02
3.035235935485712844e+02 1.932038394258772200e+02
3.030020053481815694e+02 1.942016281240043440e+02
3.024971119965252910e+02 1.951994878908726037e+02
3.020058515213460737e+02 1.961974056918916460e+02
3.015253019491188979e+02 1.971953690884354558e+02
3.010537042957813583e+02 1.981933705926384732e+02
3.005908105635804759e+02 1.991914091487925589e+02
3.001358187597827509e+02 2.001894813428737052e+02
2.996866409033068521e+02 2.011875782865002407e+02
2.992401200227569120e+02 2.021856865406775796e+02
2.987935991422069719e+02 2.031837947948549186e+02
2.983444212857310163e+02 2.041818917384814824e+02
2.978894294819333481e+02 2.051799639325626003e+02
2.974261357533566752e+02 2.061780007859615864e+02
2.969524751187110496e+02 2.071759935082051811e+02
2.964677345844568208e+02 2.081739390641323837e+02
2.959716911526144258e+02 2.091718365044573034e+02
2.954638198279405970e+02 2.101696835943137671e+02
2.949439766117401405e+02 2.111674797207100482e+02
2.944115155098662626e+02 2.121652221336965738e+02
2.938656985290054422e+02 2.131629076916902079e+02
2.933065196692123209e+02 2.141605363691496109e+02
2.927350459208190614e+02 2.151581127081740306e+02
2.921532812656683404e+02 2.161556452395665531e+02
2.915635516826852154e+02 2.171531438648480616e+02
2.909683871489463627e+02 2.181506193539446201e+02
2.903715296305470019e+02 2.191480876361302137e+02
2.897763650968081492e+02 2.201455631252267722e+02
2.891870355102008148e+02 2.211430634532633803e+02
2.886073338363580660e+02 2.221406047666153256e+02
2.880404500463767477e+02 2.231382006447545621e+02
2.874881181245457356e+02 2.241358584691244573e+02
2.869498700751054230e+02 2.251335762475015372e+02
2.864221109306285484e+02 2.261313386763742983e+02
2.858999150372313238e+02 2.271295237912122502e+02
2.853786700474360032e+02 2.281293779690628298e+02
2.848550606232975042e+02 2.291321481082021023e+02
2.843252022671409804e+02 2.301384126780007477e+02
2.837845958641134416e+02 2.311470145157472871e+02
2.832279911899952936e+02 2.321549412445325800e+02
2.826497118277520144e+02 2.331571106544386396e+02
2.820447984114582596e+02 2.341470205750879074e+02
2.814101524750776662e+02 2.351170217473514299e+02
2.807437989429239451e+02 2.360591406913092953e+02
2.800433782706532497e+02 2.369652782892633240e+02
2.793056404572295151e+02 2.378279106381528720e+02
2.785279186565852569e+02 2.386404183255378086e+02
2.777086018784777934e+02 2.393978624488641458e+02
2.768486683743689696e+02 2.400971321442522708e+02
2.759513494272476919e+02 2.407372281578574018e+02
2.750214302944873452e+02 2.413190398680413580e+02
2.740648696284728771e+02 2.418452456643862547e+02
2.730880115606401546e+02 2.423174725678893537e+02
2.720960713347173510e+02 2.427347347703257867e+02
2.710939556464714997e+02 2.430945301362779389e+02
2.700863043434578685e+02 2.433940853919285701e+02
2.690773182253710161e+02 2.436311073988332225e+02
2.680697267294947324e+02 2.438040897622513228e+02
2.670646638289042585e+02 2.439128063073296175e+02
2.660623992649848333e+02 2.439577881871395277e+02
2.650616750076985682e+02 2.439383350400426593e+02
2.640599600122455399e+02 2.438542170895835284e+02
2.630559878156933564e+02 2.437067149561746930e+02
2.620500190624578636e+02 2.434984967735250621e+02
2.610431743589870734e+02 2.432324763383311961e+02
2.600377696940456644e+02 2.429105405265935644e+02
2.590371236568103086e+02 2.425339674767544693e+02
2.580458655018107947e+02 2.421036469030921978e+02
2.570695559139788884e+02 2.416201344818530856e+02
2.561151291041647369e+02 2.410852747479069933e+02
2.551903745328755804e+02 2.405022648890813741e+02
2.543020495574019151e+02 2.398754987104982490e+02
2.534550901741811231e+02 2.392085112561699987e+02
2.526532666637892248e+02 2.385040636007748276e+02
2.518993985097248753e+02 2.377658067796179466e+02
2.511958194553034502e+02 2.369973297597009889e+02
2.505442935055512521e+02 2.362014540757600685e+02
2.499464463919354955e+02 2.353798906638535868e+02
2.494037078569686514e+02 2.345338776214529446e+02
2.489178973346441524e+02 2.336637866970526147e+02
2.484906710668817311e+02 2.327686249320917966e+02
2.481223142507950854e+02 2.318485815423370013e+02
2.478131153265935041e+02 2.309061377781273734e+02
2.475632354102250474e+02 2.299450253591270439e+02
2.473711043094205024e+02 2.289692796377663910e+02
2.472337611950893859e+02 2.279819080373773090e+02
2.471463290004658120e+02 2.269857348224235523e+02
2.471033245837714389e+02 2.259833656753950208e+02
2.471006786627095835e+02 2.249774422977490076e+02
2.471376226987040923e+02 2.239711434467045308e+02
2.472173094465657641e+02 2.229668825650521455e+02
2.473435470153929430e+02 2.219653468697114249e+02
2.475195610454297537e+02 2.209656880841849897e+02
2.477481699004085840e+02 2.199666521945687521e+02
2.480310852633340630e+02 2.189678474837560316e+02
2.483689911280087870e+02 2.179692768634579636e+02
2.487608595037470138e+02 2.169709359575940084e+02
2.492025214283223420e+02 2.159728070191990525e+02
2.496866069685112564e+02 2.149748586750103527e+02
2.502031662144667052e+02 2.139770485689946895e+02
2.507412262656104076e+02 2.129793299903227251e+02
2.512893952251606322e+02 2.119816544445290845e+02
2.518387291741553042e+02 2.109839838580097080e+02
2.523832651666226354e+02 2.099862928469428596e+02
2.529201102287750018e+02 2.089885690961522471e+02
2.534485263672989959e+02 2.079908094640547347e+02
2.539689095786067412e+02 2.069930156363778906e+02
2.544816898588021274e+02 2.059951894435833992e+02
2.549882761951187717e+02 2.049973368836261329e+02
2.554904815711298625e+02 2.039994656742435950e+02
2.559912769599163767e+02 2.030015884626493232e+02
2.564925393444715951e+02 2.020037132390216357e+02
2.569951907164416980e+02 2.010058439282110498e+02
2.574989800781008285e+02 2.000079794617387279e+02
2.580032964349849749e+02 1.990101172386462451e+02
2.585070857966441054e+02 1.980122527721739232e+02
2.590097371686142083e+02 1.970143834613633089e+02
2.595109995531694267e+02 1.960165082377356498e+02
2.600117949419559409e+02 1.950186310261413496e+02
2.605136013215822004e+02 1.940207581182606305e+02
2.610185226729847159e+02 1.930228984705852326e+02
2.615283769796913589e+02 1.920250598221371661e+02
2.620444402301408786e+02 1.910272476047051669e+02
2.625667464240250979e+02 1.900294619630234649e+02
2.630962815524103462e+02 1.890317070943833642e+02
2.636344506025664032e+02 1.880339889797121486e+02
2.641826545617995521e+02 1.870363135829095995e+02
2.647409234298378919e+02 1.860386810316823301e+02
2.653081732165030076e+02 1.850410867115640201e+02
2.658815039480707583e+02 1.840435182775801479e+02
2.664572846574400273e+02 1.830459602729712856e+02
2.670330903665827691e+02 1.820484023747846436e+02
2.676087610769487242e+02 1.810508439019181424e+02
2.681851107811626207e+02 1.800532883194784119e+02
2.687627614735885686e+02 1.790557382752496665e+02
2.693404931652806340e+02 1.780581885758288081e+02
2.699169638683981134e+02 1.770606335084725060e+02
2.704914925891112603e+02 1.760630701742401811e+02
2.710658593112922290e+02 1.750655061503920535e+02
2.716438000010906535e+02 1.740679573406607688e+02
2.722281976323848198e+02 1.730704360176537193e+02
2.728196451998019256e+02 1.720729447057053676e+02
2.734147407341659459e+02 1.710754689228835446e+02
2.740078662863793397e+02 1.700779847539928653e+02
2.745950438924851369e+02 1.690804752651337708e+02
2.751738525744189019e+02 1.680829301503810598e+02
2.757433313408880622e+02 1.670853453188655635e+02
2.763025951999110816e+02 1.660877170032416075e+02
2.768504611622066705e+02 1.650900401676109936e+02
2.773857462384934820e+02 1.640923097760754956e+02
2.779083064300763795e+02 1.630945252156432730e+02
2.784214787067199950e+02 1.620967006915487900e+02
2.789320630068124274e+02 1.610988651506287681e+02
2.794471012665489411e+02 1.601010485698868422e+02
2.799706394492705499e+02 1.591032681726908322e+02
2.805022445589003723e+02 1.581055221158084123e+02
2.810382716284642584e+02 1.571077948828836099e+02
2.815735647046786312e+02 1.561100645254032315e+02
2.821048828169087983e+02 1.551123172467939639e+02
2.826304249814729701e+02 1.541145453804010685e+02
2.831472812247374122e+02 1.531167365386810673e+02
2.836513925834790371e+02 1.521188734429265992e+02
2.841377151033994437e+02 1.511209346213958042e+02
2.846029428144528879e+02 1.501229060008177498e+02
2.850467537195570458e+02 1.491247862104746105e+02
2.854706568050393116e+02 1.481265816740099694e+02
2.858764170549078472e+02 1.471282999048307261e+02
2.862633084757405868e+02 1.461299378124363955e+02
2.866278650989416406e+02 1.451314806424539938e+02
2.869651649691070361e+02 1.441329074424819510e+02
2.872704251295737663e+02 1.431341978518261442e+02
2.875408956052582425e+02 1.421353401640452603e+02
2.877770693916937148e+02 1.411363364777849370e+02
2.879811004693636960e+02 1.401371959623813837e+02
2.881551528186610085e+02 1.391379278297397661e+02
2.883020644138717330e+02 1.381385441609075144e+02
2.884266202116409659e+02 1.371390653250925311e+02
2.885368511392031223e+02 1.361395255093603964e+02
2.886438820957591815e+02 1.351399720715874651e+02
2.887575529921529096e+02 1.341404468995492607e+02
2.888840777720818664e+02 1.331409764455462437e+02
2.890254404175697687e+02 1.321415691552438147e+02
2.891804799391360916e+02 1.311422200863952412e+02
2.893484553434945497e+02 1.301429260846467173e+02
2.895292076320859564e+02 1.291436864731530818e+02
2.897222358094495576e+02 1.281444991192135490e+02
2.899263788861047146e+02 1.271453590805814429e+02
2.901401788752618245e+02 1.261462601507144257e+02
2.903625967863347910e+02 1.251471979067061113e+02
2.905937446183087332e+02 1.241481728253278902e+02
2.908351423574117121e+02 1.231491913770492204e+02
2.910895019790713718e+02 1.221502651065496536e+02
2.913597794565045547e+02 1.211514065971894354e+02
2.916473567771896569e+02 1.201526217319874092e+02
2.919508129540016057e+02 1.191539044619061087e+02
2.922670470150374058e+02 1.181552415863365582e+02
2.925930129878955199e+02 1.171566201387986723e+02
2.929269358886585906e+02 1.161580325633166808e+02
2.932669697340523385e+02 1.151594710016757972e+02
2.936101905505699960e+02 1.141609230067361693e+02
2.939540803610261719e+02 1.131623778596544696e+02
2.942967211827990468e+02 1.121638273957199488e+02
2.946372350238437434e+02 1.111652678773851903e+02
2.949762388785699159e+02 1.101667019311498734e+02
2.953129227543166735e+02 1.091681261089349846e+02
2.956430536894374654e+02 1.081695223913346240e+02
2.959594437490598011e+02 1.071708601798395932e+02
2.962539200072358199e+02 1.061721046829061947e+02
2.965183375377640687e+02 1.051732212281837064e+02
2.967438754205679743e+02 1.041741722656651916e+02
2.969204567469510607e+02 1.031749148986926912e+02
2.970373136144777959e+02 1.021754032890988810e+02
2.970857411020205063e+02 1.011756003806757747e+02
2.970613602492555856e+02 1.001754875325119087e+02
2.969650330483726748e+02 9.917506841404448892e+01
2.968035984374066629e+02 9.817437213812897312e+01
2.965889363087175070e+02 9.717344927659183895e+01
2.963364305229172260e+02 9.617236531739442285e+01
2.960625979303521262e+02 9.517119057155179007e+01
2.957840343806526562e+02 9.416999568637314155e+01
2.955172057246272175e+02 9.316885075577238240e+01
2.952775668222443528e+02 9.216782156994972297e+01
2.950795835424337383e+02 9.116696970904351360e+01
2.949360537692377875e+02 9.016634965270327484e+01
2.948573404087617291e+02 8.916600551505686667e+01
2.948521923817344828e+02 8.816597453961523456e+01
2.949273006275316789e+02 8.716628520921440781e+01
2.950884990932938194e+02 8.616696235853754615e+01
2.953420577222109955e+02 8.516803267827089030e+01
2.956937294621576484e+02 8.416952065828971286e+01
2.961470172813945965e+02 8.317144121047184058e+01
2.967016518808753744e+02 8.217339418481583380e+01
2.973538636840237359e+02 8.117409752304115500e+01
2.980964464256036877e+02 8.017265854079730047e+01
2.989185380461487398e+02 7.916930300156178646e+01
2.998067428439355240e+02 7.816510689108508814e+01
3.007460723631589872e+02 7.716272942928719658e+01
3.017217638968010078e+02 7.616629881038522853e+01
3.027212908573056893e+02 7.518038975155161552e+01
3.037344357925682630e+02 7.421025480583074341e+01
3.047532159140906174e+02 7.326193504612368201e+01
3.057719562460666225e+02 7.234175537200272288e+01
3.067871772455429777e+02 7.145500401935859713e+01
3.077974599162098457e+02 7.060473097531786379e+01
3.088033913952167495e+02 6.979231475174771049e+01
3.098071013714277910e+02 6.901665840455555667e+01
3.108102671232712737e+02 6.827511604975421733e+01
3.118133003496850506e+02 6.756470541287862375e+01
3.128162198448285949e+02 6.688101153393131426e+01
3.138190482340603467e+02 6.621871946106932683e+01
3.148218026300691008e+02 6.557380923071619350e+01
3.158244947180116924e+02 6.494353586774320775e+01
3.168271298062272763e+02 6.432665238344901582e+01
3.178297090483323473e+02 6.372288778028891443e+01
3.188322306734615950e+02 6.313265805449375989e+01
3.198346934088056059e+02 6.255626220335449261e+01
3.208370970585474993e+02 6.199374622645422050e+01
3.218394400433820124e+02 6.144548112043153765e+01
3.228417201454705037e+02 6.091198788056581748e+01
3.238439332058337641e+02 6.039424349800492564e+01
3.248460711023298586e+02 5.989415595546120130e+01
3.258481237716761143e+02 5.941408923151547583e+01
3.268500787071363902e+02 5.895698129954772071e+01
3.278519220057152097e+02 5.852609812996607275e+01
3.288536382915339686e+02 5.812505169004361960e+01
3.298552134402391403e+02 5.775715994971741907e+01
3.308566320546676707e+02 5.742603987621529882e+01
3.318582748606420978e+02 5.713598512914737171e+01
3.328613993669713409e+02 5.688899307968492280e+01
