3.338751467165149620e+02 5.683327998357344768e+01
3.348867937955430989e+02 5.665852486825545498e+01
3.358980355437893195e+02 5.653035944961985138e+01
3.369050635775505498e+02 5.645215454634629282e+01
3.379026364510967255e+02 5.642893689173376970e+01
3.388836830546478041e+02 5.646823445306938538e+01
3.398386602726361616e+02 5.657921568945297963e+01
3.407551826224777187e+02 5.677183396745869004e+01
3.416193917079547759e+02 5.705296535575055827e+01
3.424175888909210244e+02 5.742554956739908789e+01
3.431383422269982475e+02 5.789025394394670343e+01
3.437731656200529642e+02 5.844614335256181903e+01
3.443167637100527827e+02 5.909023722448540639e+01
3.447673392499032161e+02 5.981695185844674256e+01
3.451271457037910864e+02 6.061866577813484014e+01
3.454027972706726359e+02 6.148524504763284426e+01
3.456037044270628940e+02 6.240344260625693096e+01
3.457406859439706750e+02 6.335947538341818586e+01
3.458250782619219308e+02 6.434104852567290322e+01
3.458671667455520833e+02 6.533870173094800293e+01
3.458758042791526464e+02 6.634543362154167312e+01
3.458582890177527815e+02 6.735605521786547456e+01
3.458199620637370231e+02 6.836679522222263472e+01
3.457635014182801569e+02 6.937507501119966946e+01
3.456885869286650177e+02 7.037975521161902748e+01
3.455942140711221668e+02 7.138142655268813996e+01
3.454810134719536450e+02 7.238135273036223793e+01
3.453507287260925409e+02 7.338080717846725065e+01
3.452059281117548721e+02 7.438019983358955756e+01
3.450489056081557351e+02 7.537954046102970551e+01
3.448810332028640460e+02 7.637883490123769548e+01
3.447029608899902087e+02 7.737808592119051809e+01
3.445154996621863006e+02 7.837729697322419042e+01
3.443210454977431141e+02 7.937647825684180702e+01
3.441243333537586864e+02 8.037564992840682976e+01
3.439304661839969413e+02 8.137483371081754058e+01
3.437428679574343278e+02 8.237404417965757375e+01
3.435627736628811135e+02 8.337328659218337634e+01
3.433898083037348670e+02 8.437255935206198387e+01
3.432231358875703791e+02 8.537185890053527260e+01
3.430629874122946603e+02 8.637118622094428133e+01
3.429113088602757671e+02 8.737054959719262115e+01
3.427694812190010225e+02 8.836995490804224573e+01
3.426357085047432065e+02 8.936939450812275254e+01
3.425056557567800724e+02 9.036884994382572245e+01
3.423761720036613951e+02 9.136830780169785271e+01
3.422479512390992227e+02 9.236777103601917815e+01
3.421248234283914371e+02 9.336725595066988603e+01
3.420120005243143737e+02 9.436678473254892197e+01
3.419139024868201204e+02 9.536637619710020886e+01
3.418323192996901980e+02 9.636603796415280954e+01
3.417674059615203532e+02 9.736577069352435387e+01
3.417193504706070826e+02 9.836557518550969803e+01
3.416881548269323048e+02 9.936545144862265033e+01
3.416725330421479612e+02 1.003653940085055467e+02
3.416679081577242982e+02 1.013653833813831113e+02
3.416672052377650743e+02 1.023653894497744545e+02
3.416625803533414683e+02 1.033653788226520192e+02
3.416469585685570678e+02 1.043653213825349155e+02
3.416153639284975156e+02 1.053651959471496582e+02
3.415652434562942972e+02 1.063649916486617713e+02
3.414961391560973425e+02 1.073647065374167084e+02
3.414101740086709924e+02 1.083643496507871475e+02
3.413107619830823865e+02 1.093639355217879370e+02
3.412022100403074774e+02 1.103634824848345772e+02
3.410891931379881044e+02 1.113630104408774173e+02
3.409759702375353072e+02 1.123625375200013536e+02
3.408656973103536529e+02 1.133620771569441672e+02
3.407598563430155423e+02 1.143616356604135547e+02
3.406580243393534602e+02 1.153612112297459475e+02
3.405575143237133489e+02 1.163607924266839575e+02
3.404536193387433514e+02 1.173603592140568992e+02
3.403431874130023402e+02 1.183598981741545799e+02
3.402264675442343673e+02 1.193594103669420292e+02
3.401069417008903315e+02 1.203589106149024133e+02
3.399900848333636532e+02 1.213584222244962518e+02
3.398836128717427982e+02 1.223579780418694440e+02
3.397976297244794637e+02 1.233576210786159209e+02
3.397422792996632097e+02 1.243573945166050692e+02
3.397253725265216531e+02 1.253573316063871914e+02
3.397510103678974929e+02 1.263574498054589696e+02
3.398181858329145939e+02 1.273577448271344679e+02
3.399215189703189708e+02 1.283581937693574844e+02
3.400522478594994027e+02 1.293587593332775327e+02
3.402002135925026209e+02 1.303593982731718484e+02
3.403530382814803943e+02 1.313600578972838093e+02
3.404959180605656570e+02 1.323606751866469722e+02
3.406149620556191167e+02 1.333611910088335719e+02
3.407000993578899397e+02 1.343615624927269323e+02
3.407464090119652838e+02 1.353617686901824868e+02
3.407522430327769598e+02 1.363618025858490910e+02
3.407171874240760303e+02 1.373616624173752996e+02
3.406417981808249351e+02 1.383613505515906752e+02
3.405271482933014227e+02 1.393608715561358053e+02
3.403742547522912218e+02 1.403602297602654971e+02
3.401832295567792244e+02 1.413594256407511978e+02
3.399535417115767473e+02 1.423584569371855082e+02
3.396846382216943425e+02 1.433573212955095073e+02
3.393746541040298439e+02 1.443560107766275564e+02
3.390206366868229679e+02 1.453549118148486343e+02
3.386190256130641956e+02 1.463552752654661333e+02
3.381654722526844807e+02 1.473579446244924611e+02
3.376548935081377181e+02 1.483622272474761417e+02
3.370833136320699168e+02 1.493657061882080370e+02
3.364496608825019734e+02 1.503647948519061117e+02
3.357540539540235045e+02 1.513555717083085597e+02
3.349970027114584354e+02 1.523345458962234602e+02
3.341808050998280351e+02 1.532991511744932041e+02
3.333094740900505712e+02 1.542475236089962323e+02
3.323899479496877802e+02 1.551779707198239180e+02
3.314321353172729232e+02 1.560901286836418365e+02
3.304480499187911846e+02 1.569862016615041398e+02
3.294492224715580164e+02 1.578712137839016805e+02
3.284450477599257852e+02 1.587522831078708236e+02
3.274438063345648970e+02 1.596372849541413075e+02
3.264525070014461789e+02 1.605333272228153305e+02
3.254775375244838074e+02 1.614454121512100073e+02
3.245260026741414094e+02 1.623757230033174324e+02
3.236036351267891291e+02 1.633238781790399230e+02
3.227128401910604225e+02 1.642881659019967344e+02
3.218530198796519812e+02 1.652667026095567735e+02
3.210223551748874797e+02 1.662569045349554813e+02
3.202184489679299304e+02 1.672552684422283562e+02
3.194392529730032493e+02 1.682578635764377282e+02
3.186835664492970750e+02 1.692611027936630421e+02
3.179493046323240151e+02 1.702625771974699660e+02
3.172329454103942794e+02 1.712616007884087708e+02
3.165294601596000348e+02 1.722590141678081750e+02
3.158329245443511013e+02 1.732560581276789549e+02
3.151387959072933427e+02 1.742531123338785335e+02
3.144452602648626112e+02 1.752501690644125460e+02
3.137530406105081511e+02 1.762472313970108644e+02
3.130635179317172856e+02 1.772443052104354706e+02
3.123765942293779290e+02 1.782413900875113768e+02
3.116915345101496655e+02 1.792384828994260317e+02
3.110063707918637306e+02 1.802355752686243591e+02
3.103202660821037853e+02 1.812326636320913167e+02
3.096364533515769608e+02 1.822297617523450413e+02
3.089596335576894717e+02 1.832268896410148216e+02
3.082938896634469188e+02 1.842240646789734342e+02
3.076428956355606488e+02 1.852213025060264613e+02
3.070100604431432316e+02 1.862186176339042731e+02
3.063985540574724951e+02 1.872160235569410816e+02
3.058115504497901611e+02 1.882135337864986582e+02
3.052521425920718343e+02 1.892111614891307454e+02
3.047215954728559950e+02 1.902089120498004604e+02
3.042180771087413973e+02 1.912067776698893624e+02
3.037373455381632539e+02 1.922047402916795988e+02
3.032729628194535962e+02 1.932027725093278150e+02
3.028179430159095773e+02 1.942008445842160995e+02
3.023653561903211653e+02 1.951989270161122647e+02
3.019097583920141687e+02 1.961969966305194362e+02
3.014469906586716661e+02 1.971950357230413715e+02
3.009748680100909155e+02 1.981930349923783297e+02
3.004932594474589109e+02 1.991909938808780112e+02
3.000028809642882379e+02 2.001889154364720298e+02
2.995046305524425634e+02 2.011868034818456579e+02
2.990014471852926476e+02 2.021846705279919547e+02
2.984964128349139401e+02 2.031825296946390154e+02
2.979916284822701869e+02 2.041803899255080239e+02
2.974879081199858319e+02 2.051782546857056104e+02
2.969844377554363746e+02 2.061761205101251164e+02
2.964795154040428997e+02 2.071739801535436243e+02
2.959713260822503571e+02 2.081718258897097940e+02
2.954577898089048063e+02 2.091696488642971588e+02
2.949373395982041757e+02 2.101674424067625466e+02
2.944072614747387888e+02 2.111651949639125974e+02
2.938649654619757712e+02 2.121628955104080205e+02
2.933087125756712794e+02 2.131605366435210271e+02
2.927389038121921772e+02 2.141581200702635783e+02
2.921575381534262306e+02 2.151556543001542821e+02
2.915678085704431624e+02 2.161531529254358190e+02
2.909726440367043097e+02 2.171506284145323775e+02
2.903757865183049489e+02 2.181480966967179427e+02
2.897806219845660962e+02 2.191455721858145012e+02
2.891908924015829712e+02 2.201430708110960097e+02
2.886095267428170814e+02 2.211406050409867419e+02
2.880401169757228104e+02 2.221381901662275027e+02
2.874855290743324758e+02 2.231358383870586124e+02
2.869461590350580877e+02 2.241335513892076108e+02
2.864200008760752780e+02 2.251313206333576886e+02
2.859039976250821269e+02 2.261291331062029144e+02
2.853948453120149793e+02 2.271269747429862207e+02
2.848895009644450624e+02 2.281248325899980784e+02
2.843837239222820585e+02 2.291230875986761077e+02
2.838724148424606710e+02 2.301229840729634475e+02
2.833480754249364395e+02 2.311257511045746469e+02
2.828017485152254835e+02 2.321323455725783731e+02
2.822254663561757866e+02 2.331424585563277105e+02
2.816126957309353998e+02 2.341530732173175124e+02
2.809581223685587474e+02 2.351588388848126101e+02
2.802573278947170934e+02 2.361527866871473407e+02
2.795070653477923770e+02 2.371266787277303933e+02
2.787067356128540609e+02 2.380706743670347407e+02
2.778580854081238272e+02 2.389728629327260876e+02
2.769655496545939286e+02 2.398203521869540964e+02
2.760353926014931858e+02 2.406001766784500546e+02
2.750757051383014868e+02 2.413011037474477405e+02
2.740947197423873831e+02 2.419159913739684384e+02
2.730993883460247389e+02 2.424425211306012500e+02
2.720952642569587852e+02 2.428829816778904842e+02
2.710869583612486053e+02 2.432425776910179991e+02
2.700777662438493962e+02 2.435279912594627092e+02
2.690699838520984599e+02 2.437458172165678150e+02
2.680647171742910473e+02 2.439024033279157777e+02
2.670622135222706675e+02 2.440035496988377872e+02
2.660615888063430816e+02 2.440544436128630252e+02
2.650615589036371489e+02 2.440593396421735122e+02
2.640613216836883907e+02 2.440192063809659544e+02
2.630596250992748537e+02 2.439307634696938578e+02
2.620556281744616740e+02 2.437890702836520518e+02
2.610496217392558265e+02 2.435897040207980808e+02
2.600427487615364726e+02 2.433303255254238309e+02
2.590373347782677911e+02 2.430105786938525796e+02
2.580366993236553981e+02 2.426315196665381109e+02
2.570454692641151269e+02 2.421945991526756643e+02
2.560688046241284042e+02 2.417005271243431537e+02
2.551123809978126360e+02 2.411501157492663481e+02
2.541835302696436827e+02 2.405448172516124714e+02
2.532909582520517517e+02 2.398861037043858460e+02
2.524428699191336705e+02 2.391756430503526758e+02
2.516459556499688972e+02 2.384152397860556505e+02
2.509045594056782988e+02 2.376072614247007380e+02
2.502205271011505374e+02 2.367545508498985782e+02
2.495930116443654185e+02 2.358608864899083244e+02
2.490211499671007118e+02 2.349312157155715397e+02
2.485061642133501323e+02 2.339723197908602117e+02
2.480507651417563011e+02 2.329920133259746251e+02
2.476566841850486753e+02 2.319972457543955215e+02
2.473235896649512995e+02 2.309935787145974189e+02
2.470495288768173623e+02 2.299856369360385600e+02
2.468319726935392850e+02 2.289767336825288453e+02
2.466695162347494374e+02 2.279691869946530574e+02
2.465632776672189834e+02 2.269641346426304835e+02
2.465155148126065683e+02 2.259618582403061282e+02
2.465267323358100953e+02 2.249614979281909655e+02
2.465938966535846077e+02 2.239617747810737569e+02
2.467121045088704250e+02 2.229622689225352872e+02
2.468777809340592455e+02 2.219629651342017951e+02
2.470911969266956021e+02 2.209638645696898891e+02
2.473552754602953598e+02 2.199649796718824462e+02
2.476736535019052781e+02 2.189663259230802623e+02
2.480477270388766442e+02 2.179679092658986406e+02
2.484747700959086956e+02 2.169697180960615697e+02
2.489476777373768641e+02 2.159717221683814898e+02
2.494582250378045671e+02 2.149738864699566250e+02
2.499982540711079650e+02 2.139761762730966552e+02
2.505602089057489650e+02 2.129785594127576474e+02
2.511359666153266232e+02 2.119810013102404014e+02
2.517177642701783498e+02 2.109834689193251620e+02
2.522974609440663869e+02 2.099859275846887954e+02
2.528671337087777431e+02 2.089883435790094950e+02
2.534214616125238138e+02 2.079906942513875947e+02
2.539589116691944923e+02 2.069929730760140671e+02
2.544808198666848114e+02 2.059951857400910455e+02
2.549890901877434430e+02 2.049973403487327630e+02
2.554851336195858948e+02 2.039994429084078433e+02
2.559698741538401521e+02 2.030014973524806408e+02
2.564435347884857492e+02 2.020035046302370461e+02
2.569064295206775910e+02 2.010054660783398504e+02
2.573597563395611587e+02 2.000073867965406293e+02
2.578060082225483711e+02 1.990092773972604618e+02
2.582490081350006221e+02 1.980111541545813338e+02
2.586935460335176913e+02 1.970130374589955977e+02
2.591445948730412852e+02 1.960149484800060122e+02
2.596065136140762206e+02 1.950169057733863838e+02
2.600825482272119871e+02 1.940189231569943331e+02
2.605748526929319269e+02 1.930210098001661265e+02
2.610851499956247608e+02 1.920231730375193138e+02
2.616152991184467851e+02 1.910254207826083075e+02
2.621658860560885387e+02 1.900277555299692835e+02
2.627350898250493287e+02 1.890301695278096190e+02
2.633188374622329206e+02 1.880326454378255505e+02
2.639116890169289036e+02 1.870351601025475929e+02
2.645077145428665517e+02 1.860376882786314354e+02
2.651016470877681286e+02 1.850402075450491566e+02
2.656907636763053802e+02 1.840427063102954435e+02
2.662745893127822114e+02 1.830451825523485923e+02
2.668541789876397274e+02 1.820476407622251998e+02
2.674302596942908394e+02 1.810500840346826976e+02
2.680043234192172008e+02 1.800525187209975400e+02
2.685781481463089904e+02 1.790549523899162523e+02
2.691544898505952688e+02 1.780573967734214307e+02
2.697376594930158831e+02 1.770598702229561923e+02
2.703314470392311932e+02 1.760623888721252115e+02
2.709369994788486338e+02 1.750649576035786765e+02
2.715528698249789841e+02 1.740675702576000390e+02
2.721754051107204759e+02 1.730702112837782920e+02
2.728007523709836164e+02 1.720728642803249500e+02
2.734244686460245362e+02 1.710755103338876779e+02
2.740425589720404105e+02 1.700781324381998445e+02
2.746518783775266002e+02 1.690807172053495151e+02
2.752497868864032284e+02 1.680832533971529585e+02
2.758337115219831048e+02 1.670857300606380136e+02
2.764009613086482204e+02 1.660881357405197036e+02
2.769490352690592090e+02 1.650904597903217450e+02
2.774767764136991559e+02 1.640926972848249648e+02
2.779839587446157338e+02 1.630948472619728022e+02
2.784729302405345948e+02 1.620969197169376912e+02
2.789473268685115954e+02 1.610989301277635093e+02
2.794119655849017931e+02 1.601008989998785523e+02
2.798706333553927266e+02 1.591028424541168533e+02
2.803271401454636020e+02 1.581047767092206584e+02
2.807856639172593418e+02 1.571067195504670622e+02
2.812504956319008329e+02 1.561086892441614964e+02
2.817246822617805151e+02 1.551106987610408510e+02
2.822092167979012629e+02 1.541127523281947447e+02
2.827035152455544562e+02 1.531148474596007247e+02
2.832062126171077239e+02 1.521169783446069630e+02
2.837141799409117198e+02 1.511191316634116788e+02
2.842237232504361941e+02 1.501212916910715194e+02
2.847301805879216658e+02 1.491234385819757335e+02
2.852275280079491040e+02 1.481255466926324971e+02
2.857077945827404619e+02 1.471275820913894279e+02
2.861628943855595253e+02 1.461295103570521690e+02
2.865870584686770144e+02 1.451313069316352369e+02
2.869765458659885553e+02 1.441329558901215364e+02
2.873287366012327766e+02 1.431344460794650786e+02
2.876427046827998311e+02 1.421357735577878998e+02
2.879186611087779397e+02 1.411369392232932398e+02
2.881581408652591563e+02 1.401379496103038491e+02
2.883634579312771393e+02 1.391388145692579599e+02
2.885398492593818105e+02 1.381395563934768234e+02
2.886946027835393807e+02 1.371402061071583489e+02
2.888360064286558782e+02 1.361407989913882943e+02
2.889708691330375814e+02 1.351413640313154474e+02
2.891025798659783277e+02 1.341419156535323509e+02
2.892310876279401555e+02 1.331424536409377879e+02
2.893556604255553566e+02 1.321429748774899053e+02
2.894768032542483525e+02 1.311434815129170204e+02
2.895975390866290127e+02 1.301439864157908062e+02
2.897225378803844364e+02 1.291445094657771051e+02
2.898558295990003444e+02 1.281450678181335832e+02
2.899980852363971735e+02 1.271456643292319200e+02
2.901488377968061627e+02 1.261462970111055313e+02
2.903094122682221041e+02 1.251469715041307040e+02
2.904830016217144930e+02 1.241477014005500337e+02
2.906739178182140222e+02 1.231485050560635557e+02
2.908863278199654019e+02 1.221494002091225468e+02
2.911226806047789637e+02 1.211503972848451269e+02
2.913824631773030660e+02 1.201514940994478877e+02
2.916623715674737696e+02 1.191526765881736480e+02
2.919588778072568402e+02 1.181539297327224176e+02
2.922691279225111316e+02 1.171552413839365272e+02
2.925913659291471731e+02 1.161566040667210871e+02
2.929251458312058389e+02 1.151580158825041451e+02
2.932690996410821072e+02 1.141594710078632602e+02
2.936194363931247153e+02 1.131609533049369247e+02
2.939714381300813670e+02 1.121624426897287208e+02
2.943199828983604789e+02 1.111639173584595426e+02
2.946606087383904651e+02 1.101653583168961745e+02
2.949908146728316751e+02 1.091667549185623898e+02
2.953074307304062813e+02 1.081680936691239765e+02
2.956041129685946771e+02 1.071693475628850081e+02
2.958725124630436767e+02 1.061704810590895534e+02
2.961046072864372718e+02 1.051714600089840701e+02
2.962934165020275259e+02 1.041722546952350967e+02
2.964334051599647069e+02 1.031728415559688585e+02
2.965209712928851218e+02 1.021732052578757362e+02
2.965545689147963344e+02 1.011733392198071613e+02
2.965342600251366889e+02 1.001732437056902540e+02
2.964624936017166874e+02 9.917292914064307752e+01
2.963449215933260348e+02 9.817241958459527496e+01
2.961899339239463416e+02 9.717175075283509500e+01
2.960071145067409475e+02 9.617096344337485903e+01
2.958064252514482178e+02 9.517010006333038064e+01
2.955972920726630946e+02 9.416920073812568148e+01
2.953893428831502206e+02 9.316830645307609871e+01
2.951938855804525019e+02 9.216746534506836497e+01
2.950224830598023118e+02 9.116672663649566744e+01
2.948866042172838888e+02 9.016613914960365150e+01
2.947980829456740821e+02 8.916575326040211280e+01
2.947670291533704585e+02 8.816561200602620829e+01
2.948016217662663507e+02 8.716575020356097525e+01
2.949104474050749900e+02 8.616580540200294536e+01
2.951035963676401366e+02 8.516455454353592813e+01
2.953901862408209240e+02 8.416117443324509395e+01
2.957753281219096948e+02 8.315635783477478071e+01
2.962594687902352462e+02 8.215250667177738819e+01
2.968385057374295002e+02 8.115278550900799814e+01
2.975044077170936703e+02 8.015981918213466884e+01
2.982475956245617681e+02 7.917619593743512496e+01
2.990586364343477044e+02 7.820472064499239195e+01
2.999281383756297714e+02 7.724837335209315370e+01
3.008454596398201488e+02 7.631154979758076706e+01
3.017986157621587608e+02 7.539879700613261093e+01
3.027756513150771411e+02 7.451253910679943715e+01
3.037667950206363230e+02 7.365305550687941150e+01
3.047660421986827828e+02 7.281931863581274911e+01
3.057702792415329327e+02 7.200982022565514740e+01
3.067778786986920068e+02 7.122278333243238535e+01
3.077874537560240924e+02 7.045628203518245414e+01
3.087970887470320349e+02 6.970952917199576859e+01
3.098047866654015365e+02 6.898181723543035559e+01
3.108098821788728969e+02 6.827181338116500342e+01
3.118132456699617592e+02 6.757755029649538869e+01
3.128161475203055488e+02 6.689800137999196750e+01
3.138189842913492953e+02 6.623374032497022768e+01
3.148217507513779765e+02 6.558599612029479431e+01
3.158244465087578305e+02 6.495486076513205376e+01
3.168270762801205933e+02 6.433922626952116275e+01
3.178296435007746368e+02 6.373828564077396663e+01
3.188321506014028728e+02 6.315146788406414657e+01
3.198345991272555011e+02 6.257841000268058451e+01
3.208369806284104584e+02 6.202109697863807014e+01
3.218392882001957105e+02 6.148115079724033194e+01
3.228415242988354521e+02 6.095799446371532326e+01
3.238436900438912289e+02 6.045136498044601581e+01
3.248457768790186719e+02 5.996327232922055828e+01
3.258477684960807323e+02 5.949754747532787746e+01
3.268496496852175142e+02 5.905776338639452661e+01
3.278514081865921526e+02 5.864680003632594207e+01
3.288530342732162239e+02 5.826694240441872807e+01
3.298545300905611271e+02 5.791768649523939416e+01
3.308562997986165328e+02 5.759782101827670431e+01
3.318596072404402548e+02 5.730785535818392873e+01
3.328656984842154429e+02 5.705129985113924818e+01
3.338751467165149620e+02 5.683327998357344768e+01
