3.348755618143978836e+02 5.683186262551438972e+01
3.358893127451133864e+02 5.664751537914656865e+01
3.369047690215172679e+02 5.651383185128693754e+01
3.379165381969110058e+02 5.644523521757773210e+01
3.389173459658529737e+02 5.645564163820566250e+01
3.398980415128009440e+02 5.655861328205733685e+01
3.408468771153635544e+02 5.676674525451619502e+01
3.417491539570815462e+02 5.709100408373353730e+01
3.425887781952405930e+02 5.753742631472204039e+01
3.433497616751062651e+02 5.810436987282329824e+01
3.440180717545236462e+02 5.878326394499822527e+01
3.445841789206087356e+02 5.956034884050907863e+01
3.450448390302511825e+02 6.041850259426777825e+01
3.454019703764869860e+02 6.133933720562629333e+01
3.456623806608975542e+02 6.230602350172407000e+01
3.458377274994097661e+02 6.330387697467327257e+01
3.459423951582078871e+02 6.431924073294106847e+01
3.459914036218735873e+02 6.534063961094423689e+01
3.459989890211611510e+02 6.636008613792230904e+01
3.459775088209526075e+02 6.737350388128137979e+01
3.459377552264602400e+02 6.838039777774216077e+01
3.458872702684931255e+02 6.938265594999069208e+01
3.458285741754772289e+02 7.038281414933203450e+01
3.457596668734953482e+02 7.138252987669386584e+01
3.456770736955166967e+02 7.238218734428983225e+01
3.455772516736428770e+02 7.338177146996662259e+01
3.454573578336331821e+02 7.438127015139232867e+01
3.453157911899936039e+02 7.538067657328966220e+01
3.451525767424976721e+02 7.637999084208081513e+01
3.449681864868686603e+02 7.737921496701679303e+01
3.447642644082110905e+02 7.837835594642109527e+01
3.445453614652902274e+02 7.937743315338988737e+01
3.443188525912840987e+02 8.037647798247039077e+01
3.440909487299175566e+02 8.137551687319248117e+01
3.438666958354708072e+02 8.237457130581177012e+01
3.436510408631211249e+02 8.337366233915199132e+01
3.434477737785288696e+02 8.437280610681776238e+01
3.432587125652219129e+02 8.537201034783103637e+01
3.430838782230099469e+02 8.637127515158644542e+01
3.429224667591777234e+02 8.737059709554620213e+01
3.427732891844983101e+02 8.836997111827082563e+01
3.426335315244681397e+02 8.936938524087810265e+01
3.424997518102737786e+02 9.036882481116040822e+01
3.423697250620749628e+02 9.136828035754246002e+01
3.422433612806872816e+02 9.236775149690438980e+01
3.421227594470925055e+02 9.336724716445354488e+01
3.420116015279295425e+02 9.436678303405071233e+01
3.419139024868201204e+02 9.536637619710020886e+01
3.418323192996901980e+02 9.636603796415280954e+01
3.417670069651355220e+02 9.736576899502611582e+01
3.417168864929323604e+02 9.836556469653825729e+01
3.416815008872214889e+02 9.936542312329149240e+01
3.416614961421496446e+02 1.003653470252353372e+02
3.416555582696225883e+02 1.013653308088192944e+02
3.416595243073594474e+02 1.023653567526195900e+02
3.416670753126140880e+02 1.033653979573624895e+02
3.416710413503508903e+02 1.043654239011627851e+02
3.416651034778238341e+02 1.053654076847467138e+02
3.416450987327519897e+02 1.063653315866905871e+02
3.416097131270411182e+02 1.073651900134438222e+02
3.415595926548380135e+02 1.083649857149559637e+02
3.414942803202833375e+02 1.093647167458292699e+02
3.414126971331534151e+02 1.103643785128818706e+02
3.413141990992833712e+02 1.113639682746780295e+02
3.411989132175225450e+02 1.123634865718425431e+02
3.410691314671038867e+02 1.133629431611620930e+02
3.409298728025524952e+02 1.143623594079563759e+02
3.407880391613321081e+02 1.153617646932646608e+02
3.406503064829541927e+02 1.163611874360696561e+02
3.405210277279781508e+02 1.173606461666037717e+02
3.404028838721124544e+02 1.183601522975830562e+02
3.402988818881118505e+02 1.193597186294690005e+02
3.402135977345152469e+02 1.203593646417800187e+02
3.401519883664092276e+02 1.213591114359087157e+02
3.401179487485027266e+02 1.223589755924328699e+02
3.401131478656737386e+02 1.233589642160982010e+02
3.401364047286227787e+02 1.243590722795202339e+02
3.401843773676303613e+02 1.253592855561800832e+02
3.402533358164924380e+02 1.263595881678864146e+02
3.403396971076731461e+02 1.273599648622104326e+02
3.404397762745605860e+02 1.283603999525206802e+02
3.405487243610897963e+02 1.293608727971684687e+02
3.406619944084590657e+02 1.303613640400851352e+02
3.407751334570153858e+02 1.313618547253495308e+02
3.408820585618740893e+02 1.323623189583133808e+02
3.409759887844751347e+02 1.333627278730208161e+02
3.410492491943585947e+02 1.343630487978583119e+02
3.410932068697443356e+02 1.353632449831138160e+02
3.411001728802994535e+02 1.363632836975773728e+02
3.410643072789376333e+02 1.373631400810244827e+02
3.409836010838616289e+02 1.383628055813676667e+02
3.408594262826402996e+02 1.393622860390568690e+02
3.406940588546517574e+02 1.403615911427687024e+02
3.404893017835598812e+02 1.413607285676716856e+02
3.402451220696633527e+02 1.423596981732886206e+02
3.399598447281389895e+02 1.433584928293325049e+02
3.396319287729489815e+02 1.443571059759392483e+02
3.392608865099986133e+02 1.453559345406462739e+02
3.388473765440518264e+02 1.463562473385563294e+02
3.383903252153659764e+02 1.473589018069892802e+02
3.378853784197900154e+02 1.483632084047648050e+02
3.373265284283809251e+02 1.493667415356778463e+02
3.367096575267582352e+02 1.503659016384662834e+02
3.360351334072553868e+02 1.513567682428333114e+02
3.353086218879799389e+02 1.523358724361003738e+02
3.345391758527489969e+02 1.533006767323865915e+02
3.337349862346255804e+02 1.542493349828474152e+02
3.329004143245205682e+02 1.551801437375746104e+02
3.320366348401023515e+02 1.560927019935759574e+02
3.311441056120603434e+02 1.569891647193106792e+02
3.302254844381045586e+02 1.578745182739046413e+02
3.292859801405151075e+02 1.587558628950619664e+02
3.283314522918979037e+02 1.596410635975872196e+02
3.273683267035062272e+02 1.605372257998168948e+02
3.264023391451616476e+02 1.614493489635774210e+02
3.254380794101152219e+02 1.623796056467881499e+02
3.244814671730427449e+02 1.633276150453893649e+02
3.235406506905428614e+02 1.642916898303067228e+02
3.226241918923170147e+02 1.652699854320010502e+02
3.217388296831484809e+02 1.662599545141532076e+02
3.208884778970190155e+02 1.672581207060172517e+02
3.200739602221303812e+02 1.682605654784372291e+02
3.192918869375060353e+02 1.692636923691652839e+02
3.185363183135868894e+02 1.702650760714647333e+02
3.178015242586890281e+02 1.712640211866777236e+02
3.170827911460506812e+02 1.722613696570526258e+02
3.163766616177289848e+02 1.732583727763422132e+02
3.156804439995987650e+02 1.742554180899032872e+02
3.149901873274583863e+02 1.752524887787722605e+02
3.143015546406036265e+02 1.762495663808269910e+02
3.136111719696048681e+02 1.772466365333281146e+02
3.129180663232780830e+02 1.782436950943238685e+02
3.122229836948640695e+02 1.792407452394525365e+02
3.115288590577700916e+02 1.802377994626796749e+02
3.108385093864723103e+02 1.812348697556581101e+02
3.101531316701253331e+02 1.822319612138824709e+02
3.094735719010638491e+02 1.832290774386798091e+02
3.088022460573974399e+02 1.842262287146909330e+02
3.081415811171361838e+02 1.852234253733824403e+02
3.074948470506517992e+02 1.862206813347773391e+02
3.068658978230249090e+02 1.872180130049209765e+02
3.062586183990550808e+02 1.882154369218223451e+02
3.056739717700169763e+02 1.892129571848643650e+02
3.051104389496736076e+02 1.902105673278344398e+02
3.045646429686225360e+02 1.912082529752227344e+02
3.040331168582769692e+02 1.922059993683993184e+02
3.035126536476940942e+02 1.932037928555251654e+02
3.030009283579398129e+02 1.942016235393362535e+02
3.024954630114661995e+02 1.951994808712646829e+02
3.019936566318399969e+02 1.961973537791454305e+02
3.014938052345002006e+02 1.971952350092417419e+02
3.009964768143007063e+02 1.981931269794658874e+02
3.005028163608668592e+02 1.991910345639543038e+02
3.000146938572555086e+02 2.001889657230871080e+02
2.995325422995433655e+02 2.011869223000967395e+02
2.990562926883556543e+02 2.021849040012579337e+02
2.985854770279327113e+02 2.031829088343471881e+02
2.981183383341940498e+02 2.041809293200127229e+02
2.976512356401291299e+02 2.051789499589262391e+02
2.971785529966222725e+02 2.061769468444060180e+02
2.966939244613532765e+02 2.071748928771046963e+02
2.961928100754570323e+02 2.081727687307517556e+02
2.956721978662241668e+02 2.091705615836013408e+02
2.951318548357658074e+02 2.101682704437985478e+02
2.945726529761810752e+02 2.111658990233495388e+02
2.939966652686872521e+02 2.121634561467826359e+02
2.934062876915753577e+02 2.131609520136008769e+02
2.928046422165581930e+02 2.141583999138078980e+02
2.921957368073208841e+02 2.151558169090097579e+02
2.915842434215323919e+02 2.161532228873861072e+02
2.909750760146689572e+02 2.171506387672833966e+02
2.903725525476069151e+02 2.181480829299429161e+02
2.897786390025332821e+02 2.191455637444060756e+02
2.891932753799916327e+02 2.201430809552595349e+02
2.886148246948140468e+02 2.211406275939780812e+02
2.880422759561610064e+02 2.221381993568481619e+02
2.874755411648295649e+02 2.231357958692636885e+02
2.869138633276788823e+02 2.241334139087605877e+02
2.863560384556176359e+02 2.251310483500460293e+02
2.858001515659970551e+02 2.261286910411799340e+02
2.852453346666815719e+02 2.271263382871837564e+02
2.846921790538001460e+02 2.281243916087767047e+02
2.841412733327508704e+02 2.291241195230795142e+02
2.835923381380808337e+02 2.301267818522794073e+02
2.830427819603997932e+02 2.311329625699030146e+02
2.824875506898833351e+02 2.321415021506660992e+02
2.819201751133568337e+02 2.331493830285133413e+02
2.813326418349602136e+02 2.341515130451800815e+02
2.807157488286958937e+02 2.351417709732126013e+02
2.800601712956736833e+02 2.361137470599125265e+02
2.793578335460123299e+02 2.370603038633049948e+02
2.786033049238487820e+02 2.379726571861076536e+02
2.777946836197838820e+02 2.388408918426938499e+02
2.769339570066607052e+02 2.396548232008079822e+02
2.760266327211451767e+02 2.404056216258395011e+02
2.750808408235997149e+02 2.410867126669744209e+02
2.741059487917158322e+02 2.416949501720078786e+02
2.731111851846725358e+02 2.422302224248682307e+02
2.721045836735083867e+02 2.426930936291033731e+02
2.710926249313178573e+02 2.430836543730320898e+02
2.700803657288576574e+02 2.434022041854738063e+02
2.690703916576887877e+02 2.436500190845630414e+02
2.680625607393516816e+02 2.438303824956632297e+02
2.670553990187151499e+02 2.439475091825009940e+02
2.660482921017775766e+02 2.440064235751943613e+02
2.650423606658430344e+02 2.440109624791045633e+02
2.640403843188754536e+02 2.439616937318555756e+02
2.630450271748462114e+02 2.438574216634481786e+02
2.620589195253133994e+02 2.436978484680399220e+02
2.610849016023266245e+02 2.434841002463830364e+02
2.601259870400169802e+02 2.432176788407873289e+02
2.591862186403686223e+02 2.428984044593780141e+02
2.582693298555988122e+02 2.425257089898947243e+02
2.573782043375641706e+02 2.420987407000025655e+02
2.565142936477975013e+02 2.416173707676688309e+02
2.556770560733998252e+02 2.410834099032886684e+02
2.548649004818884976e+02 2.405008793700245917e+02
2.540757776075773222e+02 2.398745354874777149e+02
2.533084625027260586e+02 2.392078870729749269e+02
2.525642384704442804e+02 2.385036846143146079e+02
2.518467569866923270e+02 2.377655826885325894e+02
2.511609887708927715e+02 2.369971814880435090e+02
2.505112758047137049e+02 2.362013135218400635e+02
2.499019807948236007e+02 2.353797013770825401e+02
2.493393404401805640e+02 2.345336036141017360e+02
2.488316521160836317e+02 2.336634195575110198e+02
2.483869820063740690e+02 2.327681835354001691e+02
2.480101142674020878e+02 2.318481039152736685e+02
2.477027733263659286e+02 2.309056680603615064e+02
2.474634903139824473e+02 2.299446007516007171e+02
2.472873320684531109e+02 2.289689230255082464e+02
2.471681147898897848e+02 2.279816285854666660e+02
2.470988014310974279e+02 2.269855325010622096e+02
2.470734598543658933e+02 2.259832385434420985e+02
2.470874577824995981e+02 2.249773860174359470e+02
2.471377976971185149e+02 2.239711441916599028e+02
2.472249893769804316e+02 2.229669152579501201e+02
2.473512269458076389e+02 2.219653795626093995e+02
2.475197360438441478e+02 2.209656888291403334e+02
2.477349480202076677e+02 2.199665959099988299e+02
2.480012205339285174e+02 2.189677203518031092e+02
2.483214635586404029e+02 2.179690745420966209e+02
2.486952130985474128e+02 2.169706565056833369e+02
2.491187491873549504e+02 2.159724504069409079e+02
2.495868618722686563e+02 2.149744340674840259e+02
2.500924232178724083e+02 2.139765771442168329e+02
2.506269623009184784e+02 2.129788435770430510e+02
2.511807172098562546e+02 2.119811918102244590e+02
2.517439740327003506e+02 2.109835804923533260e+02
2.523080028485496769e+02 2.099859724607995304e+02
2.528653567248784100e+02 2.089883360145199731e+02
2.534108877083304776e+02 2.079906492390564381e+02
2.539416038260151538e+02 2.069928993978007554e+02
2.544563540883611665e+02 2.059950815910751487e+02
2.549542985029794409e+02 2.049971922430938776e+02
2.554347430761579858e+02 2.039992283995768503e+02
2.558992377938528762e+02 2.030011966587000813e+02
2.563512516246329938e+02 2.020031117876071960e+02
2.567961905195167560e+02 2.010049967990334494e+02
2.572407904174721125e+02 2.000068803673747198e+02
2.576917122581463673e+02 1.990087908477603946e+02
2.581543009931107235e+02 1.980107509932555558e+02
2.586320005911605904e+02 1.970127754645816367e+02
2.591265610364399095e+02 1.960148717112921872e+02
2.596384413247897669e+02 1.950170416872987289e+02
2.601663204681793786e+02 1.940192797692524778e+02
2.607083164836606102e+02 1.930215779456907512e+02
2.612618523945826610e+02 1.920239252466137145e+02
2.618234362325851521e+02 1.910263068069693304e+02
2.623891470331944902e+02 1.900287059355007671e+02
2.629550018324992493e+02 1.890311056770240157e+02
2.635177356600819962e+02 1.880334921328006033e+02
2.640770805183710763e+02 1.870358641619845628e+02
2.646354303856754768e+02 1.860382319555652089e+02
2.651957812348496759e+02 1.850406082671782428e+02
2.657597160515506971e+02 1.840429998354770191e+02
2.663275708327341817e+02 1.830454080907757657e+02
2.668989195822600209e+02 1.820478312196403863e+02
2.674728423084638393e+02 1.810502653057340581e+02
2.680482500212127661e+02 1.800527057133060680e+02
2.686241117298480958e+02 1.790551480535051496e+02
2.691995194425970226e+02 1.780575884610771595e+02
2.697734421688008410e+02 1.770600225471708313e+02
2.703447909183266233e+02 1.760624456760354519e+02
2.709126456995101648e+02 1.750648539313342269e+02
2.714769795125960172e+02 1.740672471981312128e+02
2.720389953466843167e+02 1.730696305974623783e+02
2.725998711911016699e+02 1.720720091439414716e+02
2.731610730325652412e+02 1.710743890781660070e+02
2.737228638686921727e+02 1.700767715196974166e+02
2.742829267204757571e+02 1.690791466053267982e+02
2.748376646205069846e+02 1.680814990230288402e+02
2.753841865949800649e+02 1.670838164661410588e+02
2.759212236553927369e+02 1.660860935326729191e+02
2.764478268103435994e+02 1.650883261828379034e+02
2.769636520629495067e+02 1.640905129522666357e+02
2.774695524054816929e+02 1.630926574720843689e+02
2.779679218162492020e+02 1.620947699332804177e+02
2.784627692589281196e+02 1.610968674017177591e+02
2.789593376860137255e+02 1.600989721962589272e+02
2.794621160568331106e+02 1.591011034260730810e+02
2.799741133441229408e+02 1.581032739001354628e+02
2.804958145434887911e+02 1.571054856830366475e+02
2.810261316647886360e+02 1.561077341432827836e+02
2.815627507289886466e+02 1.551100094304355537e+02
2.821024537652458548e+02 1.541122978458301702e+02
2.826419988029345518e+02 1.531145855886365155e+02
2.831783008700068081e+02 1.521168595263558814e+02
2.837090379875012331e+02 1.511191097744948593e+02
2.842318661766557852e+02 1.501213263549085468e+02
2.847429944718193155e+02 1.491234931297354933e+02
2.852380219128672820e+02 1.481255913644126281e+02
2.857121145435987160e+02 1.471276004811445546e+02
2.861614363987699221e+02 1.461295041505098311e+02
2.865832185034697090e+02 1.451312905851862638e+02
2.869751678784740534e+02 1.441329500241301957e+02
2.873350085444047295e+02 1.431344727786650992e+02
2.876605165214126032e+02 1.421358493814726387e+02
2.879505888194914860e+02 1.411370751372055565e+02
2.882064674273880769e+02 1.401381553329185294e+02
2.884311683177757004e+02 1.391391028073849441e+02
2.886282124587519888e+02 1.381399325491066463e+02
2.888007948213684131e+02 1.371406581588400115e+02
2.889526513717745502e+02 1.361412955403177136e+02
2.890873090780137318e+02 1.351418597075828529e+02
2.892070509194006149e+02 1.341423603791102153e+02
2.893130208855699266e+02 1.331428024247793473e+02
2.894075049558091450e+02 1.321431955758357333e+02
2.894945230936946814e+02 1.311435569449681111e+02
2.895798192471826269e+02 1.301439109837397439e+02
2.896706933501305912e+02 1.291442887674312772e+02
2.897738963413705733e+02 1.281447190342920237e+02
2.898936141829748863e+02 1.271452196036540556e+02
2.900323978518300692e+02 1.261458013348380973e+02
2.901927663251124727e+02 1.251464749509443948e+02
2.903768095838855174e+02 1.241472493488683426e+02
2.905855546188438439e+02 1.231481289004337043e+02
2.908186174334667840e+02 1.221491119709955626e+02
2.910743540426500431e+02 1.211501915622304466e+02
2.913505354665895197e+02 1.201513581855355426e+02
2.916445597288609406e+02 1.191526007644889091e+02
2.919526068640757899e+02 1.181539030377792869e+02
2.922709039064195622e+02 1.171552489441691876e+02
2.925972698756534669e+02 1.161566291993864297e+02
2.929315927727922144e+02 1.151580433266595378e+02
2.932736895994940483e+02 1.141594905469780770e+02
2.936211013780388157e+02 1.131609603926550562e+02
2.939697741451581692e+02 1.121624356062675076e+02
2.943153929399485378e+02 1.111638978193447258e+02
2.946537618004282990e+02 1.101653291699857107e+02
2.949828477450173523e+02 1.091667210039376243e+02
2.953010637880950640e+02 1.081680665655196378e+02
2.956043369665650857e+02 1.071693485164278457e+02
2.958864853364400460e+02 1.061705405405822091e+02
2.961393489716543854e+02 1.051716079017785432e+02
2.963540619525390980e+02 1.041725128584500624e+02
2.965227673502834023e+02 1.031732219642295831e+02
2.966384482284653927e+02 1.021737053485357478e+02
2.966959696336110710e+02 1.011739411522499097e+02
2.966928365883267702e+02 1.001739187544371248e+02
2.966290010930473500e+02 9.917363795076676070e+01
2.965074821204187856e+02 9.817311159278295918e+01
2.963347746115927066e+02 9.717236732897174534e+01
2.961217774678176511e+02 9.617145155515274269e+01
2.958830695569994873e+02 9.517042633249258188e+01
2.956346217344313345e+02 9.416935964774569356e+01
2.953924438550533296e+02 9.316831965368501756e+01
2.951711917860735070e+02 9.216736873925759710e+01
2.949833834140713407e+02 9.116656019218430629e+01
2.948388866496370042e+02 9.016593601943361591e+01
2.947461214164803209e+02 8.916553206400041631e+01
2.947126546460398799e+02 8.816538053775437334e+01
2.947455142746377987e+02 8.716551135810266260e+01
2.948527382294452082e+02 8.616595874190906557e+01
2.950425431345274205e+02 8.516635866312165604e+01
2.953217063177461341e+02 8.416547396085513810e+01
2.956953684019943012e+02 8.316246451055206990e+01
2.961657455107948635e+02 8.215801075216668892e+01
2.967323461347484681e+02 8.115411061150115302e+01
2.973918344322680696e+02 8.015306890913521443e+01
2.981373284480279722e+02 7.915791437679953901e+01
2.989590272520173926e+02 7.817236832675249047e+01
2.998445701545219322e+02 7.720009017408179375e+01
3.007800926865311908e+02 7.624562394047055136e+01
3.017510458086636618e+02 7.531482074530563864e+01
3.027441482118899216e+02 7.441265809664449193e+01
3.037494546068013506e+02 7.354223668660043245e+01
3.047602583715456035e+02 7.270462797554503709e+01
3.057725276459532324e+02 7.189908579354136009e+01
3.067842072527246273e+02 7.112306336885512792e+01
3.077942573141255593e+02 7.037253623837949590e+01
3.088019574588473120e+02 6.964430130655270546e+01
3.098070458803437077e+02 6.893596343719241304e+01
3.108103958515570184e+02 6.824487632374635382e+01
3.118132852632747927e+02 6.756824938076792364e+01
3.128161312462236765e+02 6.690182434535330458e+01
3.138189505044312000e+02 6.624167725305633780e+01
3.148217467243621286e+02 6.558694211172348787e+01
3.158245147722099091e+02 6.493882491042765537e+01
3.168272461810248046e+02 6.429931463114732537e+01
3.178299309088084783e+02 6.367077025250864608e+01
3.188325571086423906e+02 6.305597474929587065e+01
3.198351130825989799e+02 6.245767609661064057e+01
3.208375826885598485e+02 6.187966626009514925e+01
3.218399393167195512e+02 6.132819618311162913e+01
3.228421583154412247e+02 6.080905681319023870e+01
3.238442255816556781e+02 6.032556112031326734e+01
3.248461366413737892e+02 5.987876009495803942e+01
3.258478943892793041e+02 5.946797374328571095e+01
3.268495103572811331e+02 5.909049308984145910e+01
3.278510048720183931e+02 5.874154317788961066e+01
3.288523947013719066e+02 5.841718504311975835e+01
3.298536936631993512e+02 5.811417271494264014e+01
3.308549196960257177e+02 5.782829223153950693e+01
3.318564857247725399e+02 5.755627332105481742e+01
3.328596635060520725e+02 5.729676638498563079e+01
3.338657026966037620e+02 5.705243876714806106e+01
3.348755618143978836e+02 5.683186262551438972e+01
