3.331593978338075885e+02 5.711795890817793975e+01
3.341695984436600497e+02 5.695292210223834672e+01
3.351797703466179996e+02 5.682976879798991376e+01
3.361857411758732042e+02 5.675358980285554367e+01
3.371810539188686562e+02 5.673050365905052672e+01
3.381578357480413501e+02 5.676784994681906937e+01
3.391072921444301187e+02 5.687445218338751829e+01
3.400195205363928608e+02 5.705982860913269406e+01
3.408843068799469052e+02 5.733174277443572464e+01
3.416919073943819853e+02 5.769496520070117640e+01
3.424343967168206859e+02 5.815177664597428020e+01
3.431062547815861308e+02 5.870170360426473621e+01
3.437053083383970602e+02 5.934093329230907443e+01
3.442322909412150693e+02 6.006348653327555098e+01
3.446887290916043298e+02 6.086172575981743194e+01
3.450753335242397952e+02 6.172548585431511015e+01
3.453923796748456425e+02 6.264147852386986415e+01
3.456415046595543572e+02 6.359586767409888353e+01
3.458258669065068034e+02 6.457629674797044572e+01
3.459489349264479756e+02 6.557324689417723107e+01
3.460141637235690268e+02 6.657966434124290345e+01
3.460248420469160919e+02 6.759031504190829764e+01
3.459849327098050935e+02 6.860138809239296620e+01
3.458993566422097388e+02 6.961027252119336595e+01
3.457737869483459008e+02 7.061580616801177257e+01
3.456149990996942734e+02 7.161855519555632554e+01
3.454298314022794330e+02 7.261975150508766319e+01
3.452251901827941083e+02 7.362063170835253345e+01
3.450092190659652829e+02 7.462156014215574373e+01
3.447891599861761733e+02 7.562250597811609509e+01
3.445695629022010280e+02 7.662344984739428355e+01
3.443528817918052596e+02 7.762438130358779631e+01
3.441416126323734943e+02 7.862528972150474260e+01
3.439388123962077088e+02 7.962616208783927618e+01
3.437467240629848675e+02 8.062698885439215246e+01
3.435662876241880213e+02 8.162776601968886325e+01
3.433977900772168823e+02 8.262849236200261771e+01
3.432414704199059088e+02 8.362916686393728583e+01
3.430966916580266570e+02 8.462979223713031729e+01
3.429618998056593000e+02 8.563037509678531478e+01
3.428348938827462575e+02 8.663092481231225861e+01
3.427128349150104327e+02 8.763145346901541188e+01
3.425938069198119820e+02 8.863196922309180081e+01
3.424778998963354297e+02 8.963247169142150028e+01
3.423672558251730607e+02 9.063295175575092344e+01
3.422646736809641652e+02 9.163339750105123471e+01
3.421708084577741715e+02 9.263380613906099370e+01
3.420856881553493167e+02 9.363417755058728176e+01
3.420106187618565059e+02 9.463450617613472104e+01
3.419475652594916255e+02 9.563478365091884825e+01
3.418983106320997649e+02 9.663500238490880179e+01
3.418636898721152875e+02 9.763515882360331943e+01
3.418428649871308380e+02 9.863525653427433326e+01
3.418328190044823600e+02 9.963530835995217672e+01
3.418270999826287380e+02 1.006353417660767207e+02
3.418172469982316102e+02 1.016353927701752582e+02
3.417954791217913453e+02 1.026354944950914216e+02
3.417567303992088910e+02 1.036356685062185932e+02
3.416994278447365900e+02 1.046359214996412277e+02
3.416248344469309473e+02 1.056362480989101016e+02
3.415356491813374191e+02 1.066366368146851187e+02
3.414345290238819075e+02 1.076370763364155323e+02
3.413229449612364874e+02 1.086375604022194636e+02
3.412022369812598299e+02 1.096380833078672765e+02
3.410752200584464617e+02 1.106386330702199530e+02
3.409462521533101835e+02 1.116391911377606618e+02
3.408187132352264257e+02 1.126397431222087562e+02
3.406941282903777051e+02 1.136402825318104135e+02
3.405722163213099520e+02 1.146408105627510849e+02
3.404512203439427367e+02 1.156413346943825786e+02
3.403283753833285914e+02 1.166418666969995286e+02
3.402009334643659031e+02 1.176424182685295250e+02
3.400693255831496913e+02 1.186429875742539082e+02
3.399385816941050962e+02 1.196435532020272490e+02
3.398159997311079792e+02 1.206440840850827385e+02
3.397095146222625885e+02 1.216445464450159761e+02
3.396262013034652796e+02 1.226449101643461006e+02
3.395709447304549826e+02 1.236451544481763847e+02
3.395460728821387875e+02 1.246452693864721368e+02
3.395523937511957229e+02 1.256452515396680667e+02
3.395907693298154300e+02 1.266450972383269118e+02
3.396609866199279395e+02 1.276448073891657771e+02
3.397591166571322674e+02 1.286443987174966423e+02
3.398779565066918167e+02 1.296439018856820553e+02
3.400073702604447590e+02 1.306433600415363117e+02
3.401356630243545283e+02 1.316428229693617311e+02
3.402522228945722418e+02 1.326423358432512316e+02
3.403490829432835199e+02 1.336419325778295502e+02
3.404216252123301842e+02 1.346416328314043653e+02
3.404668897285314983e+02 1.356414492043634539e+02
3.404814345230741424e+02 1.366413963489144692e+02
3.404601986418136335e+02 1.376414958091663436e+02
3.403979551321097006e+02 1.386417698358714006e+02
3.402914210237082671e+02 1.396422324043921321e+02
3.401395673259327168e+02 1.406428878950660533e+02
3.399421930406041383e+02 1.416437371635276179e+02
3.396984671752519489e+02 1.426447837472505284e+02
3.394054437565685589e+02 1.436460401870261308e+02
3.390596225147824043e+02 1.446479203868601644e+02
3.386587838592732851e+02 1.456516998068572377e+02
3.382034954543681806e+02 1.466582380383223949e+02
3.376955184277124999e+02 1.476668565781852180e+02
3.371367105458505762e+02 1.486751474963248825e+02
3.365289985430146658e+02 1.496795205583203767e+02
3.358737807108703350e+02 1.506760477762110781e+02
3.351730181622048121e+02 1.516612277700355094e+02
3.344311078913362962e+02 1.526324657987724436e+02
3.336537198396128474e+02 1.535878567088561226e+02
3.328464836255991486e+02 1.545256545198126901e+02
3.320132614859887781e+02 1.554454367867063524e+02
3.311553435742544025e+02 1.563493510369565342e+02
3.302724150714569191e+02 1.572423736558010319e+02
3.293648691045589771e+02 1.581315810338587085e+02
3.284358460194093254e+02 1.590247998739444029e+02
3.274905998989269733e+02 1.599290858739455814e+02
3.265352068662667193e+02 1.608493882133304282e+02
3.255754320343551171e+02 1.617878353699455829e+02
3.246166766259414089e+02 1.627439983475050553e+02
3.236663812431815472e+02 1.637161234563112089e+02
3.227344097894236370e+02 1.647022876894110084e+02
3.218304892106927468e+02 1.656998736165715513e+02
3.209616695736668817e+02 1.667053581945295093e+02
3.201310051550072444e+02 1.677148063859181661e+02
3.193375057153759258e+02 1.687246403736581044e+02
3.185770670753363447e+02 1.697324776071932320e+02
3.178442394278698657e+02 1.707376702798708266e+02
3.171341114869464377e+02 1.717411013064839835e+02
3.164417376866450127e+02 1.727440577514132656e+02
3.157616457750614813e+02 1.737469619132471053e+02
3.150893397929322646e+02 1.747498329309528913e+02
3.144210577743431259e+02 1.757526868189422942e+02
3.137545037400973911e+02 1.767555333510296691e+02
3.130902426850756797e+02 1.777583701220734156e+02
3.124303025909031248e+02 1.787611884991051738e+02
3.117769134373747306e+02 1.797639789892652118e+02
3.111302892225514256e+02 1.807667406815795630e+02
3.104883479652974074e+02 1.817694824388885877e+02
3.098499586758601936e+02 1.827722090757322349e+02
3.092158933472449576e+02 1.837749173057932524e+02
3.085889229543449233e+02 1.847775953332356380e+02
3.079721814687640631e+02 1.857802298169731330e+02
3.073689808604938207e+02 1.867828066581934650e+02
3.067825671001235150e+02 1.877853120390390416e+02
3.062157621620840473e+02 1.887877339465725868e+02
3.056710590237875635e+02 1.897900617683728797e+02
3.051506266655815125e+02 1.907922862712503900e+02
3.046545010871397494e+02 1.917944073019571931e+02
3.041800263125272750e+02 1.927964361667871458e+02
3.037216313922204449e+02 1.937983965808619473e+02
3.032734603792782195e+02 1.948003134725162795e+02
3.028289883328208703e+02 1.958022146179428375e+02
3.023823043064055582e+02 1.968041251796051085e+02
3.019297143335020905e+02 1.978060608824464737e+02
3.014690304339350178e+02 1.988080310405373439e+02
3.009994576149074419e+02 1.998100390381034970e+02
3.005199758856613244e+02 2.008120892171704384e+02
3.000296332548221585e+02 2.018141856302953272e+02
2.995288977181497785e+02 2.028163262852546893e+02
2.990185672684136193e+02 2.038185077850520770e+02
2.984995888970335045e+02 2.048207260984148093e+02
2.979731155935624543e+02 2.058229763171512730e+02
2.974399393508245453e+02 2.068252550698063885e+02
2.969003921658116383e+02 2.078275609430934026e+02
2.963551640322719436e+02 2.088298909997597832e+02
2.958061399331262464e+02 2.098322372155720927e+02
2.952553898496191209e+02 2.108345907787726503e+02
2.947040967710319137e+02 2.118369466534632579e+02
2.941522596973736086e+02 2.128393048439008339e+02
2.935986956393629157e+02 2.138416703859835479e+02
2.930409376193524054e+02 2.148440537814535389e+02
2.924758326659099907e+02 2.158464684522778612e+02
2.919018317930705848e+02 2.168489209923756960e+02
2.913188720014049977e+02 2.178514116699309398e+02
2.907276942841992877e+02 2.188539373305898152e+02
2.901307356193728424e+02 2.198564876003167683e+02
2.895316329739723074e+02 2.208590469968111165e+02
2.889356173006017343e+02 2.218615932522929199e+02
2.883483745477425941e+02 2.228641021620984475e+02
2.877744056746132628e+02 2.238665545659758891e+02
2.872164706562064111e+02 2.248689387149149752e+02
2.866751954868502708e+02 2.258712519441040456e+02
2.861479021908089067e+02 2.268735056534884791e+02
2.856300965073170346e+02 2.278761179784204387e+02
2.851168398703900948e+02 2.288803759534823712e+02
2.846036419901836325e+02 2.298871607013175833e+02
2.840848887596811778e+02 2.308962241183015180e+02
2.835545404105096736e+02 2.319064589050174732e+02
2.830069221009900957e+02 2.329155651977914090e+02
2.824371857250264384e+02 2.339202396045361070e+02
2.818407246020187245e+02 2.349158686935734295e+02
2.812143857820240100e+02 2.358973028399987584e+02
2.805561361083795191e+02 2.368588716473547038e+02
2.798635503657339427e+02 2.377932473731171399e+02
2.791333094978179474e+02 2.386917320673275640e+02
2.783626852742427218e+02 2.395465252730797090e+02
2.775500225736101356e+02 2.403521989868586957e+02
2.766962715348952315e+02 2.411052601323803515e+02
2.758046466561785337e+02 2.418027649992152703e+02
2.748799248385627152e+02 2.424418612267876085e+02
2.739280623803737740e+02 2.430193174305257173e+02
2.729553964530362009e+02 2.435318716042464189e+02
2.719671270435923702e+02 2.439769255886477026e+02
2.709681494265794868e+02 2.443542985434567925e+02
2.699630950124012543e+02 2.446647817604489887e+02
2.689561524260532792e+02 2.449078084039820169e+02
2.679500376743383754e+02 2.450817298973826155e+02
2.669454777395120004e+02 2.451848961310179789e+02
2.659414747099866076e+02 2.452163903445793949e+02
2.649359049536940915e+02 2.451760685768257986e+02
2.639269095861417895e+02 2.450644317453584335e+02
2.629152360462993556e+02 2.448834606863610475e+02
2.619038898106607576e+02 2.446367846387406075e+02
2.608983464919783160e+02 2.443287643329389880e+02
2.599059730562200343e+02 2.439638394488350457e+02
2.589344244643759225e+02 2.435476224509712893e+02
2.579918301908685407e+02 2.430874897999226221e+02
2.570867088815058992e+02 2.425910923020908285e+02
2.562256061934496074e+02 2.420646781499603151e+02
2.554117376357238243e+02 2.415121186905468278e+02
2.546448854970259390e+02 2.409344218597553606e+02
2.539228333218982243e+02 2.403296060748337766e+02
2.532407153898961099e+02 2.396932840088560681e+02
2.525914675229633701e+02 2.390204956882950569e+02
2.519681322177954712e+02 2.383057346805699126e+02
2.513653223577657059e+02 2.375440518731895168e+02
2.507801422250067276e+02 2.367331705722717174e+02
2.502130745275624122e+02 2.358741957329939680e+02
2.496690653686500241e+02 2.349718393430434844e+02
2.491572041238439112e+02 2.340329827723179505e+02
2.486879061450665063e+02 2.330652037524919251e+02
2.482711441117775450e+02 2.320761579003526833e+02
2.479146444385752943e+02 2.310734433942644728e+02
2.476239523551109585e+02 2.300643846951710429e+02
2.474016390681346422e+02 2.290544279070786899e+02
2.472477993049977840e+02 2.280465626538315291e+02
2.471616649170424296e+02 2.270419302156927870e+02
2.471414443876298606e+02 2.260399432136257474e+02
2.471828243878575222e+02 2.250393589977283000e+02
2.472795025855601239e+02 2.240389383850933029e+02
2.474258643330964276e+02 2.230383062732469170e+02
2.476195326520035564e+02 2.220374727808114130e+02
2.478602925442294804e+02 2.210364388230175905e+02
2.481484930066120569e+02 2.200352029142116521e+02
2.484842690379281009e+02 2.190337644797137102e+02
2.488669666441032291e+02 2.180321263035284289e+02
2.492939168493202260e+02 2.170302997472891775e+02
2.497605306951579962e+02 2.160283043458538828e+02
2.502615052296649765e+02 2.150261626734983622e+02
2.507915575007081657e+02 2.140238972193606060e+02
2.513450105597245283e+02 2.130215321497924208e+02
2.519150424685253995e+02 2.120190965052821070e+02
2.524944792921114924e+02 2.110166208247424038e+02
2.530763690934719250e+02 2.100141347020570777e+02
2.536540929325787488e+02 2.090116663135661099e+02
2.542223478574802868e+02 2.080092382335453465e+02
2.547774819012658440e+02 2.070068660081488474e+02
2.553168360880274292e+02 2.060045609564411677e+02
2.558384454355691275e+02 2.050023314432067423e+02
2.563406349590674722e+02 2.040001845987325737e+02
2.568240186529592393e+02 2.029981178092896243e+02
2.572915664903344464e+02 2.019961184319211611e+02
2.577480904275936382e+02 2.009941659824833664e+02
2.581978444261929440e+02 1.999922423521756798e+02
2.586441734558247276e+02 1.989903333017085743e+02
2.590912574786158302e+02 1.979884210372912037e+02
2.595436554532589639e+02 1.969864861517722829e+02
2.600052813442909496e+02 1.959845119836931531e+02
2.604785821295406549e+02 1.949824881164494172e+02
2.609644478009440149e+02 1.939804107614110080e+02
2.614634053537261593e+02 1.929782776751981146e+02
2.619747347944107787e+02 1.919760919227698537e+02
2.624986821207688195e+02 1.909738524569318656e+02
2.630359853261136891e+02 1.899715561361009577e+02
2.635866504103909733e+02 1.889692029347358471e+02
2.641496103832683389e+02 1.879667973949357531e+02
2.647228612629032227e+02 1.869643480475037336e+02
2.653036780739856795e+02 1.859618664924589666e+02
2.658886638472945378e+02 1.849593671904490861e+02
2.664740826166801071e+02 1.839568660452068514e+02
2.670572114068145311e+02 1.829543746482375468e+02
2.676360442358731007e+02 1.819519015388580954e+02
2.682091031172476505e+02 1.809494530087485202e+02
2.687743990689594398e+02 1.799470375248586151e+02
2.693313590962003445e+02 1.789446575263850718e+02
2.698814011861223889e+02 1.779423069770610368e+02
2.704287293006348705e+02 1.769399679809303620e+02
2.709787713905569149e+02 1.759376174316063270e+02
2.715361304141825940e+02 1.749352357346346025e+02
2.721030913508085405e+02 1.739328131630265659e+02
2.726790762056717199e+02 1.729303521772634440e+02
2.732614300028280354e+02 1.719278640793821751e+02
2.738465417749953303e+02 1.709253642410044449e+02
2.744296905649484870e+02 1.699228727588974266e+02
2.750060854160968233e+02 1.689204100278103056e+02
2.755712333691496383e+02 1.679179951739397723e+02
2.761219214532185333e+02 1.669156418746662496e+02
2.766556776907012818e+02 1.659133606530162410e+02
2.771715810899427197e+02 1.649111554295833457e+02
2.776712376363915382e+02 1.639090193678059109e+02
2.781591102896102825e+02 1.629069334691937740e+02
2.786419229886756739e+02 1.619048691104337081e+02
2.791270516667566994e+02 1.609027948927216016e+02
2.796196522771369928e+02 1.599006888675441473e+02
2.801231357889109859e+02 1.588985365146572235e+02
2.806379871976841400e+02 1.578963357694702836e+02
2.811623165205811006e+02 1.568940946775011582e+02
2.816926787888154422e+02 1.558918279037281991e+02
2.822249880394089132e+02 1.548895528417947673e+02
2.827544193160786676e+02 1.538872900311843068e+02
2.832760156637382352e+02 1.528850605732894223e+02
2.837861551152048492e+02 1.518828798865575891e+02
2.842822266941358862e+02 1.508807590857227297e+02
2.847607944316634985e+02 1.498787127974512146e+02
2.852180483623083660e+02 1.488767572404853468e+02
2.856513845096643536e+02 1.478749034997608760e+02
2.860602218789958329e+02 1.468731540485295852e+02
2.864447734683726026e+02 1.458715079800743979e+02
2.868061622676198112e+02 1.448699605139103141e+02
2.871454362672419052e+02 1.438685071888190237e+02
2.874624314687249012e+02 1.428671487029300806e+02
2.877560418820896757e+02 1.418658897643613841e+02
2.880254535147116712e+02 1.408647338382195073e+02
2.882703563693995079e+02 1.398636822441396816e+02
2.884908584451748084e+02 1.388627345223780765e+02
2.886871697401348342e+02 1.378618897789881999e+02
2.888597732499031849e+02 1.368611459578933136e+02
2.890099639627464967e+02 1.358604975464237157e+02
2.891394338633343182e+02 1.348599373419253595e+02
2.892489749444906124e+02 1.338594619729431088e+02
2.893411361831198292e+02 1.328590605886701326e+02
2.894212405309925771e+02 1.318587105296928428e+02
2.894969029191124719e+02 1.308583793798109696e+02
2.895770072669852198e+02 1.298580293208336798e+02
2.896691685056144365e+02 1.288576279365606752e+02
2.897787095867707308e+02 1.278571525675784528e+02
2.899085794837342291e+02 1.268565906603249971e+02
2.900604341815007956e+02 1.258559351653941860e+02
2.902359636647579464e+02 1.248551788886456961e+02
2.904361949242003789e+02 1.238543174582558208e+02
2.906607439633074819e+02 1.228533525088694205e+02
2.909079667969748471e+02 1.218522910388100229e+02
2.911756344453984298e+02 1.208511425366804133e+02
2.914615439285388447e+02 1.198499163804043235e+02
2.917627422731518436e+02 1.188486251405713006e+02
2.920750525170836909e+02 1.178472865982014923e+02
2.923947606939852335e+02 1.168459165633760790e+02
2.927200258205371597e+02 1.158445228730253689e+02
2.930494829091070415e+02 1.148431113378011901e+02
2.933807319814403627e+02 1.138416921742341685e+02
2.937110150625262008e+02 1.128402771228207087e+02
2.940365301868129677e+02 1.118388823682480506e+02
2.943522433999115719e+02 1.108375293396892403e+02
2.946545517344674181e+02 1.098362333747107868e+02
2.949420022036453588e+02 1.088350006585706637e+02
2.952123408278682177e+02 1.078338407862938482e+02
2.954617726415207244e+02 1.068327699127693791e+02
2.956855596875319634e+02 1.058318082071314734e+02
2.958778240191601299e+02 1.048309806913663635e+02
2.960318366973738762e+02 1.038303160100717548e+02
2.961409777821543798e+02 1.028298423438446321e+02
2.962001863193571580e+02 1.018295812367939277e+02
2.962068023330834876e+02 1.008295440122410866e+02
2.961606468249551085e+02 9.982973143216898393e+01
2.960646507684154471e+02 9.883013101963965141e+01
2.959236871193123761e+02 9.783072203083898444e+01
2.957443228181448376e+02 9.683147651078513718e+01
2.955357257818455423e+02 9.583235543233109865e+01
2.953096889035629147e+02 9.483330859399958968e+01
2.950795870621115000e+02 9.383427905991678131e+01
2.948593461313136572e+02 9.283520754866381708e+01
2.946613599988724559e+02 9.183604130037377899e+01
2.944958985717356086e+02 9.083673659680943047e+01
2.943725717628309440e+02 8.983725252927939664e+01
2.943018754770584451e+02 8.883754441748976660e+01
2.942942496198256208e+02 8.783756781953238146e+01
2.943603180948728095e+02 8.683727751023164387e+01
2.945106828061395845e+02 8.583662835806359226e+01
2.947547506683930578e+02 8.483558031848505721e+01
2.950997769173823713e+02 8.383370350287677297e+01
2.955500641248545435e+02 8.282971358403696627e+01
2.961060396174671610e+02 8.182274673505730789e+01
2.967634165919456564e+02 8.081309320700788135e+01
2.975130319544110762e+02 7.980192501677015571e+01
2.983426084077146925e+02 7.879201745256571598e+01
2.992378629220482935e+02 7.778762235417349302e+01
3.001828093433122149e+02 7.679343581540655350e+01
3.011616343594675982e+02 7.581482120035451544e+01
3.021609389527459371e+02 7.485791060269249897e+01
3.031701272463781720e+02 7.392909818581350123e+01
3.041816018836818216e+02 7.303371933915391878e+01
3.051909119141522524e+02 7.217484903777148020e+01
3.061963389094039485e+02 7.135426961297204684e+01
3.071980068509080866e+02 7.057174153481003032e+01
3.081968977163434147e+02 6.982420359538033949e+01
3.091942532659226686e+02 6.910713346767423104e+01
3.101913150366117975e+02 6.841478181451574869e+01
3.111884580457469269e+02 6.774151398844506389e+01
3.121856637205266907e+02 6.708296702899343700e+01
3.131829193754256835e+02 6.643616096316145558e+01
3.141802145129585710e+02 6.579862981329253557e+01
3.151775410833507181e+02 6.516848259652019237e+01
3.161748964175333754e+02 6.454509231852549078e+01
3.171722824609043982e+02 6.392891597516771185e+01
3.181697062458422351e+02 6.332160555147873993e+01
3.191671804791569116e+02 6.272614602041275589e+01
3.201647212603978687e+02 6.214631934770258681e+01
3.211623467877603844e+02 6.158640049461428134e+01
3.221600724711779549e+02 6.105000942834843158e+01
3.231579107407630431e+02 6.054006612244816665e+01
3.241558696164920548e+02 6.005845455984334080e+01
3.251539513757999771e+02 5.960570973568653130e+01
3.261521622167153964e+02 5.918328763678547944e+01
3.271505115129051546e+02 5.879339024318886686e+01
3.281490041299919085e+02 5.843716054454034747e+01
3.291476361942078483e+02 5.811368854908511139e+01
3.301467961491130723e+02 5.782049358078612045e+01
3.311477420271135657e+02 5.755570126735770486e+01
3.321517393631401660e+02 5.732037423118771358e+01
3.331593978338075885e+02 5.711795890817793975e+01
