3.389005989792354399e+02 5.590969046211256455e+01
3.398816664202520883e+02 5.594409306779976987e+01
3.408365089247704418e+02 5.608672001745202351e+01
3.417527290015260633e+02 5.635034565208351864e+01
3.426164704295709384e+02 5.674133504498828984e+01
3.434140534755972567e+02 5.725818694947489007e+01
3.441340815912485027e+02 5.789325378242455145e+01
3.447685155621287549e+02 5.863458821355405348e+01
3.453133795223124594e+02 5.946617617295157743e+01
3.457677919388183909e+02 6.036981774312818061e+01
3.461329859502600357e+02 6.132645500074056599e+01
3.464123494969360877e+02 6.231708119565797688e+01
3.466121208796687370e+02 6.332589974050046067e+01
3.467407200956361066e+02 6.434165337625353231e+01
3.468076968266198037e+02 6.535762469397695895e+01
3.468219176144473295e+02 6.637065140889203008e+01
3.467906670377997784e+02 6.737943851889897928e+01
3.467190695181307092e+02 6.838413283941505938e+01
3.466111247835581821e+02 6.938574640600350563e+01
3.464709524287717954e+02 7.038555776690097332e+01
3.463030370238696491e+02 7.138485202406278063e+01
3.461117358308583789e+02 7.238404672964747988e+01
3.459021028039458656e+02 7.338316339796577381e+01
3.456805428850989301e+02 7.438222929438379083e+01
3.454540350110837608e+02 7.538127412772118419e+01
3.452279871329008074e+02 7.638032091922696054e+01
3.450053182241020409e+02 7.737938209475646545e+01
3.447873922723289866e+02 7.837846346070460868e+01
3.445755352655671686e+02 7.937757066170453868e+01
3.443708061942215295e+02 8.037670820580041209e+01
3.441742070492132370e+02 8.137588035839374356e+01
3.439873198162085828e+02 8.237509385388099759e+01
3.438108964883938938e+02 8.337435189344176933e+01
3.436438610755184300e+02 8.437364989666477300e+01
3.434839565980319094e+02 8.537297825575441834e+01
3.433287110783321054e+02 8.637232644768408818e+01
3.431759745358992859e+02 8.737168532014518973e+01
3.430253509743214408e+02 8.837105318741006954e+01
3.428787663761478939e+02 8.937043824824465332e+01
3.427390827154472390e+02 9.036985268586161624e+01
3.426076599798971074e+02 9.136930228962836509e+01
3.424844221701860079e+02 9.236878673602140566e+01
3.423708942724966278e+02 9.336831251679458887e+01
3.422720752415350489e+02 9.436790091212981224e+01
3.421956090080420836e+02 9.536758446167706893e+01
3.421500974940787501e+02 9.636739978318487942e+01
3.421403616559637726e+02 9.736736739910909932e+01
3.421649715066538420e+02 9.836748122210028100e+01
3.422163041152178380e+02 9.936770880190300659e+01
3.422826245879817293e+02 1.003680001839394436e+02
3.423513100393172977e+02 1.013683016335154150e+02
3.424115735669611809e+02 1.023685672315827162e+02
3.424549532475840579e+02 1.033687609563571073e+02
3.424747831415837709e+02 1.043688544314247792e+02
3.424651573024720506e+02 1.053688225156066665e+02
3.424214067725529844e+02 1.063686453334938165e+02
3.423415835694764837e+02 1.073683145926688951e+02
3.422286486664141876e+02 1.083678428977765122e+02
3.420905389914521493e+02 1.093672640357348200e+02
3.419377074498800653e+02 1.103666225037915467e+02
3.417793319585399558e+02 1.113659573716625459e+02
3.416210654662121442e+02 1.123652927035343225e+02
3.414653259509883014e+02 1.133646387925614647e+02
3.413129974048587769e+02 1.143639994018327570e+02
3.411660708097839461e+02 1.153633830068116879e+02
3.410293381223455071e+02 1.163628100065044464e+02
3.409080672948122128e+02 1.173623028261957018e+02
3.408054422983352651e+02 1.183618750198161251e+02
3.407212531348172320e+02 1.193615256934192246e+02
3.406532068250342036e+02 1.203612450859614000e+02
3.405991663883485785e+02 1.213610241004735144e+02
3.405591418246697231e+02 1.223608627795244672e+02
3.405356951107845020e+02 1.233607720292606302e+02
3.405314382230265551e+02 1.243607629686729013e+02
3.405467701577807702e+02 1.253608372962594615e+02
3.405803449272426633e+02 1.263609892822493634e+02
3.406304615468242787e+02 1.273612116856765795e+02
3.406968410190536360e+02 1.283615033188694099e+02
3.407804843348609438e+02 1.293618684429724794e+02
3.408809624981333286e+02 1.303623052317809652e+02
3.409942945449408853e+02 1.313627967386246667e+02
3.411126685460649810e+02 1.323633097086964767e+02
3.412259205935973227e+02 1.333638008749891526e+02
3.413236487817862894e+02 1.343642259573562967e+02
3.413962451976859143e+02 1.353645440556203141e+02
3.414359939112077882e+02 1.363647223236352488e+02
3.414363589815718001e+02 1.373647329383827298e+02
3.413908594674996948e+02 1.383645483109731913e+02
3.412933364247955978e+02 1.393641422232349214e+02
3.411405538827796136e+02 1.403635008998791704e+02
3.409328888380357512e+02 1.413626259457525975e+02
3.406738312589427551e+02 1.423615322173934601e+02
3.403681981018556826e+02 1.433602402202301107e+02
3.400205333256033100e+02 1.443587692975605421e+02
3.396333659072712408e+02 1.453571302150538713e+02
3.392069751458153632e+02 1.463557231652803239e+02
3.387401516629246885e+02 1.473558090114764809e+02
3.382321607957851484e+02 1.483582466340470489e+02
3.376818604111430204e+02 1.493623601649351826e+02
3.370859467555556535e+02 1.503657355185603706e+02
3.364395541214196328e+02 1.513647699495084282e+02
3.357383102440156790e+02 1.523555228098345538e+02
3.349796580159566020e+02 1.533344901824721944e+02
3.341643233965069157e+02 1.542990991344360907e+02
3.332965773542472334e+02 1.552474868298817228e+02
3.323834981554708747e+02 1.561779613848647728e+02
3.314325944604564143e+02 1.570901487595202184e+02
3.304514870349922262e+02 1.579862344143942323e+02
3.294483886264567900e+02 1.588712283556241687e+02
3.284320390251372714e+02 1.597522458519848669e+02
3.274116087736399550e+02 1.606371660128361896e+02
3.263967166542876726e+02 1.615331078487573109e+02
3.253958234122119961e+02 1.624450824215937530e+02
3.244149528276709589e+02 1.633752683936419317e+02
3.234584525895837714e+02 1.643232782690145655e+02
3.225305529900482497e+02 1.652874080401511208e+02
3.216341140104294141e+02 1.662657888647383402e+02
3.207707986015021220e+02 1.672558517984949162e+02
3.199406926319319382e+02 1.682541041753084983e+02
3.191421738120830582e+02 1.692566170536757113e+02
3.183716904224464201e+02 1.702597932817328683e+02
3.176241417258613637e+02 1.712612111242721653e+02
3.168954126160110718e+02 1.722601820575093825e+02
3.161826774490273237e+02 1.732575560606970555e+02
3.154836178566472995e+02 1.742545892761831112e+02
3.147970201513542179e+02 1.752516755410044027e+02
3.141220183409945435e+02 1.762488111686961361e+02
3.134579474315936523e+02 1.772459933284279714e+02
3.128032724370594337e+02 1.782432154858771582e+02
3.121544023899284639e+02 1.792404623545597815e+02
3.115080103203454200e+02 1.802377197718102479e+02
3.108622182453259484e+02 1.812349797431934064e+02
3.102159751743928950e+02 1.822322377947201630e+02
3.095696151045199258e+02 1.832294953481910795e+02
3.089250950179753659e+02 1.842267607343354427e+02
3.082861858805919155e+02 1.852240500058770181e+02
3.076569596554748500e+02 1.862213804968627642e+02
3.070419053019510329e+02 1.872187713164618117e+02
3.064463347718908039e+02 1.882162450772619309e+02
3.058755300174360059e+02 1.892138242641442787e+02
3.053315920195504418e+02 1.902115178208300108e+02
3.048128267935827012e+02 1.912093185361512724e+02
3.043157153714169567e+02 1.922072114301200259e+02
3.038349838008388133e+02 1.932051740519102907e+02
3.033642981392380307e+02 1.942031794383949546e+02
3.028988864298516432e+02 1.952012072757056558e+02
3.024359926976507040e+02 1.961992458318597414e+02
3.019744149535260362e+02 1.971972899900780760e+02
3.015141091978763370e+02 1.981953395630576722e+02
3.010557974241598345e+02 1.991933976242714550e+02
3.006004996231346809e+02 2.001914685157449298e+02
3.001483737933693305e+02 2.011895529100663964e+02
2.996979309483550082e+02 2.021876444687299283e+02
2.992472831051981643e+02 2.031857351547315034e+02
2.987934352910351663e+02 2.041838122186922249e+02
2.983317085482605648e+02 2.051818557426342977e+02
2.978575299183083871e+02 2.061798462598100343e+02
2.973666174399760393e+02 2.071777655422260125e+02
2.968553931456824557e+02 2.081755983587378580e+02
2.963224430482391085e+02 2.091733386901062772e+02
2.957671621531277424e+02 2.101709839609141568e+02
2.951908564485152624e+02 2.111685397306569598e+02
2.945960669113787276e+02 2.121660168160863975e+02
2.939863745092720251e+02 2.131634304611176276e+02
2.933662132020207309e+02 2.141607995407908902e+02
2.927399779498034036e+02 2.151581427641279163e+02
2.921110827216872394e+02 2.161554746641434974e+02
2.914830464857880088e+02 2.171528102208256712e+02
2.908597632068237999e+02 2.181501660104953544e+02
2.902466418357859084e+02 2.191475650586584436e+02
2.896486153279784617e+02 2.201450283645422417e+02
2.890681156613661074e+02 2.211425662808977677e+02
2.885047888391562765e+02 2.221401773007867462e+02
2.879562608828587713e+02 2.231378513183576615e+02
2.874195928191026610e+02 2.241355758226173975e+02
2.868918136748070538e+02 2.251333381663524165e+02
2.863705774712280459e+02 2.261311283629040361e+02
2.858529732347409436e+02 2.271289340204719736e+02
2.853337243146421542e+02 2.281271316803581612e+02
2.848063593802975788e+02 2.291269598060556518e+02
2.842642958218795002e+02 2.301292523836896464e+02
2.837020048473665952e+02 2.311337138751352995e+02
2.831147453228140307e+02 2.321391910874690154e+02
2.824980801815215727e+02 2.331433411113677039e+02
2.818474539162746169e+02 2.341432195278702864e+02
2.811576639030263323e+02 2.351354381592913114e+02
2.804233475121768038e+02 2.361156701383144991e+02
2.796410694920766673e+02 2.370771547802033581e+02
2.788100119948398969e+02 2.380092835073513697e+02
2.779332879171158197e+02 2.389005764669958580e+02
2.770169869421350768e+02 2.397417244978884412e+02
2.760684893514106193e+02 2.405251599484916767e+02
2.750951073953848436e+02 2.412444968883747265e+02
2.741033804120069703e+02 2.418935620988322626e+02
2.730992359015210695e+02 2.424666127605341615e+02
2.720885048387998495e+02 2.429596736592682475e+02
2.710762489290883650e+02 2.433714153300998078e+02
2.700663115420734925e+02 2.437043431565225262e+02
2.690602112481549284e+02 2.439630246443044257e+02
2.680573325983781388e+02 2.441522622170610930e+02
2.670564000668967424e+02 2.442754654759152686e+02
2.660557422579237254e+02 2.443341333195035077e+02
2.650536910109066753e+02 2.443290046533485054e+02
2.640489864312910981e+02 2.442598171118434038e+02
2.630410340140102221e+02 2.441264531631819352e+02
2.620309673599016946e+02 2.439299486423608982e+02
2.610217658677652821e+02 2.436728002549682230e+02
2.600188729427405292e+02 2.433582132020095514e+02
2.590296273446570581e+02 2.429883737435706053e+02
2.580616450541836571e+02 2.425668263321411189e+02
2.571225952931209804e+02 2.421003476761383411e+02
2.562200672782267361e+02 2.415966551519302357e+02
2.553609505526231942e+02 2.410629181524874696e+02
2.545499598326624380e+02 2.405034417868351682e+02
2.537881978216284153e+02 2.399192377582240567e+02
2.530733840157244003e+02 2.393083053406777481e+02
2.524001662279760012e+02 2.386662137103910766e+02
2.517617627618923279e+02 2.379879439529690330e+02
2.511527482329751706e+02 2.372679369227896302e+02
2.505706668289134882e+02 2.365012101205910824e+02
2.500168022821802083e+02 2.356854799903881315e+02
2.494950698448830622e+02 2.348218702091506600e+02
2.490112533165846571e+02 2.339151384409715320e+02
2.485727751721021832e+02 2.329722363454789900e+02
2.481868059001737947e+02 2.320008165159757993e+02
2.478584426847966427e+02 2.310085987205476954e+02
2.475900440199963839e+02 2.300032240682720328e+02
2.473809896314984940e+02 2.289920379852646590e+02
2.472278463203631134e+02 2.279804829060947213e+02
2.471253674059188938e+02 2.269715265231205308e+02
2.470684330901724763e+02 2.259662850520502957e+02
2.470540559330632959e+02 2.249641507701805949e+02
2.470812283117051606e+02 2.239638583767095952e+02
2.471512246038200544e+02 2.229641472850985622e+02
2.472683414689909966e+02 2.219646367822955426e+02
2.474389758492574174e+02 2.209653540996115737e+02
2.476702036805065745e+02 2.199663293587843782e+02
2.479675239129142881e+02 2.189675859684397778e+02
2.483331425264929351e+02 2.179691333192721743e+02
2.487641275478081582e+02 2.169709589300866242e+02
2.492525410487828594e+02 2.159730290097081422e+02
2.497868191341937347e+02 2.149752943314866798e+02
2.503550759117348719e+02 2.139777042980543342e+02
2.509460744832201442e+02 2.129802110747633606e+02
2.515487859485787681e+02 2.119827677123987257e+02
2.521523244064442508e+02 2.109853278704802619e+02
2.527469659449217829e+02 2.099878501550314240e+02
2.533246806367679085e+02 2.089903003832434933e+02
2.538802575291973085e+02 2.079926563724743573e+02
2.544124706333182928e+02 2.069949129037796638e+02
2.549231669323959295e+02 2.059970778396310891e+02
2.554154713981158977e+02 2.049991644828028825e+02
2.558915060112516073e+02 2.040011818664108318e+02
2.563534247522865712e+02 2.030031391597912034e+02
2.568044735918101651e+02 2.020050501808016179e+02
2.572490114903272911e+02 2.010069334852158818e+02
2.576920114027794853e+02 2.000088102425367538e+02
2.581382632857666977e+02 1.990107008432565863e+02
2.585915901046502654e+02 1.980126215614573368e+02
2.590544848368421071e+02 1.970145830095601696e+02
2.595281454714877327e+02 1.960165902873165749e+02
2.600132850021268496e+02 1.950186464298875535e+02
2.605109934188833449e+02 1.940207560772807938e+02
2.610213907206701265e+02 1.930229197403227772e+02
2.615430909200450742e+02 1.920251315189671004e+02
2.620750090268389272e+02 1.910273867944904964e+02
2.626166990450927301e+02 1.900296836683210699e+02
2.631678289778145654e+02 1.890320207271720960e+02
2.637277628307669488e+02 1.880343952636629581e+02
2.642954116138169525e+02 1.870368026420428578e+02
2.648687423453846463e+02 1.860392342080589856e+02
2.654445230547539722e+02 1.850416762034501517e+02
2.660203287638967140e+02 1.840441183052634813e+02
2.665959994742626691e+02 1.830465598323969800e+02
2.671723491784765088e+02 1.820490042499572496e+02
2.677499998709025135e+02 1.810514542057285041e+02
2.683277315625945221e+02 1.800539045063076742e+02
2.689042022657120583e+02 1.790563494389513721e+02
2.694787309864251483e+02 1.780587861047190472e+02
2.700526987122213427e+02 1.770612203823726816e+02
2.706289744171056100e+02 1.760636644849232653e+02
2.712108460712868805e+02 1.750661324090177686e+02
2.718004366555294382e+02 1.740686331920288126e+02
2.723964751813493876e+02 1.730711614234521676e+02
2.729953916810928831e+02 1.720737019061984938e+02
2.735931441913829190e+02 1.710762374339274743e+02
2.741853497519320513e+02 1.700787493487000290e+02
2.747684013954218472e+02 1.690812222959220605e+02
2.753395371468775465e+02 1.680836445180695762e+02
2.758970750215391377e+02 1.670860088550573437e+02
2.764389450381619895e+02 1.660883064951277390e+02
2.769633622129193213e+02 1.650905298397360639e+02
2.774715325348840338e+02 1.640926840226890135e+02
2.779679189636186720e+02 1.630947880424766367e+02
2.784592454381999005e+02 1.620968705224121891e+02
2.789528878917968200e+02 1.610989628612997819e+02
2.794540022776930073e+02 1.601010870076526942e+02
2.799655995686070469e+02 1.591032557789599764e+02
2.804873007679728971e+02 1.581054675618611896e+02
2.810176178892727989e+02 1.571077160221072972e+02
2.815542369534728095e+02 1.561099913092600673e+02
2.820939399897299609e+02 1.551122797246546838e+02
2.826334850274187147e+02 1.541145674674610291e+02
2.831697870944909710e+02 1.531168414051803950e+02
2.837001242156096055e+02 1.521190899505642733e+02
2.842208894234561853e+02 1.511212977490185381e+02
2.847278257566015895e+02 1.501234466789719590e+02
2.852184712373531283e+02 1.491255262599669607e+02
2.856912498799900959e+02 1.481275297831483613e+02
2.861452426928393606e+02 1.471294533364363701e+02
2.865791996872264349e+02 1.461312915987212477e+02
2.869907378847429413e+02 1.451330344258394689e+02
2.873762343182152676e+02 1.441346663950866969e+02
2.877314590259696274e+02 1.431361694998277585e+02
2.880531850372446456e+02 1.421375300030857716e+02
2.883403193619435569e+02 1.411387432520824632e+02
2.885930709981726068e+02 1.401398101365073785e+02
2.888132449295774791e+02 1.391407383400429580e+02
2.890035591315315173e+02 1.381415394329100366e+02
2.891677355703112084e+02 1.371422292592449139e+02
2.893091262155454615e+02 1.361428220881353468e+02
2.894314120338822249e+02 1.351433335891851470e+02
2.895405559712932018e+02 1.341437891462160223e+02
2.896453159484258322e+02 1.331442260410510130e+02
2.897534658948430888e+02 1.321446773667354648e+02
2.898701137642634649e+02 1.311451648674520811e+02
2.899981595304112716e+02 1.301457008881753836e+02
2.901388641818610949e+02 1.291462907968408160e+02
2.902916467238770224e+02 1.281469321201965670e+02
2.904565291562599896e+02 1.271476249518942154e+02
2.906347064681824008e+02 1.261483743789145819e+02
2.908262516589828124e+02 1.251491807120104909e+02
2.910303377361544790e+02 1.241500404307357996e+02
2.912462577061031084e+02 1.231509505254708188e+02
2.914726855808431196e+02 1.221519053515823998e+02
2.917082653726605486e+02 1.211528991367307526e+02
2.919526120850438815e+02 1.201539302420140700e+02
2.922067667085609628e+02 1.191550030988525180e+02
2.924725792264496818e+02 1.181561255824884427e+02
2.927514156263333120e+02 1.171573035078305338e+02
2.930430899098971054e+02 1.161585360830976583e+02
2.933453890971921965e+02 1.151598138877972133e+02
2.936558912101632473e+02 1.141611266117470507e+02
2.939736722571823293e+02 1.131624703215828731e+02
2.942975262491763715e+02 1.121638398834980421e+02
2.946257482015938081e+02 1.111652280394989418e+02
2.949568971274909472e+02 1.101666286554103067e+02
2.952888630459855221e+02 1.091680327491989999e+02
2.956171369979318797e+02 1.081694211265580634e+02
2.959362630327643728e+02 1.071707705619079150e+02
2.962406562010866082e+02 1.061720572805304244e+02
2.965229505696387378e+02 1.051732499261903797e+02
2.967746252156260311e+02 1.041743122259472045e+02
2.969870492172505010e+02 1.031752074386026266e+02
2.971513086552781715e+02 1.021758976182591709e+02
2.972594616016682494e+02 1.011763489567142926e+02
2.973055671102496262e+02 1.001765361637978344e+02
2.972877401981015737e+02 9.917645121527630181e+01
2.972093958342821907e+02 9.817610864842146157e+01
2.970788239436791400e+02 9.717554375283279455e+01
2.969086054123013128e+02 9.617481008441521340e+01
2.967129411114790969e+02 9.517396809523171441e+01
2.965059279134855501e+02 9.417307779462905160e+01
2.963008546979144171e+02 9.317219575238866014e+01
2.961089193633052901e+02 9.217136963713960540e+01
2.959396528233017420e+02 9.117064002127915501e+01
2.958028379892639919e+02 9.017004854994021912e+01
2.957087267683028813e+02 8.916963886473610046e+01
2.956658780828688009e+02 8.816944740036910844e+01
2.956812608698186864e+02 8.716950382309005363e+01
2.957622710621402575e+02 8.616983961684076121e+01
2.959168835875753985e+02 8.517048873030111622e+01
2.961534140692926371e+02 8.417108755885109872e+01
2.964797568250327799e+02 8.317040369654898768e+01
2.969016154725878778e+02 8.216759941546519030e+01
2.974198918459025549e+02 8.116295055710483553e+01
2.980286701754802721e+02 8.015756494873880911e+01
2.987173959653414386e+02 7.915412068532745593e+01
2.994734964886250737e+02 7.815675528367205516e+01
3.002842031599680581e+02 7.717004243077821002e+01
3.011388485313428305e+02 7.619923276409082291e+01
3.020292498160634977e+02 7.525036650513339964e+01
3.029483410509271266e+02 7.432976263214735013e+01
3.038895320226515082e+02 7.344309514274419826e+01
3.048469110848781725e+02 7.259426190702589565e+01
3.058159394424856146e+02 7.178461461609816752e+01
3.067943606591921366e+02 7.101237164842248717e+01
3.077821701086890585e+02 7.027274694094069218e+01
3.087793410556986942e+02 6.956004032819680560e+01
3.097840724029092030e+02 6.886816308795428654e+01
3.107928616493573486e+02 6.819229226676097255e+01
3.118021377974980055e+02 6.752983563979395853e+01
3.128095123328751583e+02 6.687809001492286143e+01
3.138143288797210744e+02 6.623361856688998728e+01
3.148174555771715291e+02 6.559498097821614238e+01
3.158201569281019374e+02 6.496253163495902072e+01
3.168228242324440203e+02 6.433808021923533715e+01
3.178254416758598495e+02 6.372534169738494825e+01
3.188279924436426995e+02 6.312826603361858702e+01
3.198304687371742148e+02 6.254868521133727199e+01
3.208328672743939478e+02 6.198737022355524573e+01
3.218351839005794091e+02 6.144529706142938608e+01
3.228374125666931604e+02 6.092388671208462370e+01
3.238395479643961608e+02 6.042438616422234077e+01
3.248415817970141006e+02 5.994874440018350015e+01
3.258435011236082346e+02 5.950000139242393971e+01
3.268452992651217528e+02 5.907972612672756441e+01
3.278469790183297619e+02 5.868726160904716949e+01
3.288485496291925756e+02 5.832043585906237126e+01
3.298500304495219098e+02 5.797470291796258834e+01
3.308514369105358810e+02 5.764643781859246019e+01
3.318531722314519925e+02 5.733465026843830969e+01
3.328565011790726658e+02 5.703963265411965722e+01
3.338626778373006800e+02 5.676301232887564652e+01
3.348722803945520923e+02 5.650873978978336254e+01
3.358841428295319247e+02 5.628339513284052487e+01
3.368956294722739244e+02 5.609770123545146703e+01
3.379028810522388540e+02 5.596698280798560177e+01
3.389005989792354399e+02 5.590969046211256455e+01
