3.331466075595676557e+02 5.711272724695010083e+01
3.341547634837991723e+02 5.693320401375214601e+01
3.351671311090395307e+02 5.679259720442141202e+01
3.361816262014721133e+02 5.670048777811638274e+01
3.371929633921529899e+02 5.666760633128501468e+01
3.381939743976872137e+02 5.670494247807741317e+01
3.391756202522582271e+02 5.682520881154013637e+01
3.401262663262118622e+02 5.704237698557707859e+01
3.410313129460046753e+02 5.736877026101581123e+01
3.418747230600619105e+02 5.781169297196646539e+01
3.426405054742313041e+02 5.837207319955655294e+01
3.433145647615203302e+02 5.904373289045992124e+01
3.438872576735179791e+02 5.981371397749498442e+01
3.443551963928951523e+02 6.066538773155377839e+01
3.447205464169689435e+02 6.158148277786847302e+01
3.449908406212496175e+02 6.254550990043156844e+01
3.451772025054141295e+02 6.354182360599605772e+01
3.452923678547817303e+02 6.455625155134359261e+01
3.453499264255472667e+02 6.557719678133219077e+01
3.453641278288566241e+02 6.659655056349666324e+01
3.453474193750800509e+02 6.761013087314233871e+01
3.453090826771226602e+02 6.861735719422500779e+01
3.452543285886260946e+02 6.962006336134120943e+01
3.451834808553958283e+02 7.062077301920714945e+01
3.450927936034112804e+02 7.162116812882757699e+01
3.449793355577453440e+02 7.262166017203915658e+01
3.448438707114758017e+02 7.362224589657961360e+01
3.446895220363063572e+02 7.462291200818850712e+01
3.445193725043032487e+02 7.562364538288085214e+01
3.443368750841803489e+02 7.662443132162323423e+01
3.441459447404653247e+02 7.762525315870007603e+01
3.439510804323947468e+02 7.862609174237337584e+01
3.437576151116482492e+02 7.962692437066067441e+01
3.435716737227300541e+02 8.062772497012448980e+01
3.433983942190865832e+02 8.162847166887553385e+01
3.432400105804766213e+02 8.262915495702651469e+01
3.430950248204729292e+02 8.362978121139531140e+01
3.429592889766587405e+02 8.463036808955237689e+01
3.428285560875145848e+02 8.563093367049995663e+01
3.427005131739972512e+02 8.663148780041947816e+01
3.425745352417699223e+02 8.763203313986579701e+01
3.424509592877790283e+02 8.863256825426771002e+01
3.423298193117165624e+02 8.963309299889104409e+01
3.422092303306616827e+02 9.063361539796920852e+01
3.420863783701109355e+02 9.163414743038438814e+01
3.419610254322207084e+02 9.263469010927582303e+01
3.418371284811382793e+02 9.363522659013872840e+01
3.417204504646474561e+02 9.463573234052887528e+01
3.416157413397104392e+02 9.563618714022945255e+01
3.415261570777320799e+02 9.663657755450267928e+01
3.414530876661180514e+02 9.763689766627462063e+01
3.413966881034640437e+02 9.863714681572761833e+01
3.413571463880667238e+02 9.963732420256678779e+01
3.413344645199077831e+02 1.006374298182783491e+02
3.413273565106393335e+02 1.016374691372199663e+02
3.413312454017315645e+02 1.026374616431669438e+02
3.413390562572881777e+02 1.036374374536001142e+02
3.413429451483804655e+02 1.046374299595470632e+02
3.413362361354967902e+02 1.056374675799904708e+02
3.413152192522520068e+02 1.066375661079839290e+02
3.412782035139675827e+02 1.076377327419246228e+02
3.412236609344880662e+02 1.086379739863370446e+02
3.411500485277939561e+02 1.096382964095990360e+02
3.410563373032086361e+02 1.106387043920480551e+02
3.409435802511912925e+02 1.116391934511812849e+02
3.408153613392686907e+02 1.126397483303130684e+02
3.406769485197097538e+02 1.136403466041586512e+02
3.405335327454808976e+02 1.146409661752136628e+02
3.403883709870718803e+02 1.156415931787947216e+02
3.402428092322870725e+02 1.166422218851308799e+02
3.400973304767502441e+02 1.176428502381453427e+02
3.399543266987884067e+02 1.186434680553626038e+02
3.398196608452794862e+02 1.196440503786497516e+02
3.397006018503618634e+02 1.206445662646896722e+02
3.396030496605782218e+02 1.216449905978445543e+02
3.395311182386532778e+02 1.226453058652782033e+02
3.394875405598244811e+02 1.236455004329163785e+02
3.394748846008241685e+02 1.246455633690712830e+02
3.394974913223202861e+02 1.256454761945931864e+02
3.395608446746246614e+02 1.266452155647096163e+02
3.396668606403771946e+02 1.276447733232236317e+02
3.398108712618727623e+02 1.286441693412872951e+02
3.399835416236917354e+02 1.296434433569477847e+02
3.401728738345432816e+02 1.306426464443444786e+02
3.403652700176331791e+02 1.316418364886370682e+02
3.405471212962669938e+02 1.326410714218110911e+02
3.407051317909142654e+02 1.336404078434460985e+02
3.408262916194532295e+02 1.346399011356519395e+02
3.408985268912815059e+02 1.356396026960912877e+02
3.409130706858331905e+02 1.366395498448991930e+02
3.408648650489366787e+02 1.376397641134138894e+02
3.407532049869798811e+02 1.386402485027412581e+02
3.405817914664293653e+02 1.396409872581397451e+02
3.403575304247128201e+02 1.406419509815424362e+02
3.400877497954342630e+02 1.416431084784758809e+02
3.397791435179419750e+02 1.426444312533334369e+02
3.394367035470057203e+02 1.436458980557313794e+02
3.390639118510763979e+02 1.446474940631865422e+02
3.386630651078581877e+02 1.456496085025263483e+02
3.382347367014245947e+02 1.466535049443678815e+02
3.377761683262382348e+02 1.476600571384248610e+02
3.372822411722813172e+02 1.486686158690147010e+02
3.367469540773052472e+02 1.496768066608974550e+02
3.361641778485345071e+02 1.506810735731397699e+02
3.355283438407597600e+02 1.516775182755181959e+02
3.348359102166285766e+02 1.526626628137244666e+02
3.340855600222314479e+02 1.536339367705940617e+02
3.332780002438840370e+02 1.545894561194951962e+02
3.324162205240710364e+02 1.555274861181376309e+02
3.315068270746237431e+02 1.564475926406856274e+02
3.305592739750441638e+02 1.573518884613268369e+02
3.295844713046882362e+02 1.582453021817340755e+02
3.285935970928000529e+02 1.591348642819917814e+02
3.275969766201279754e+02 1.600283708791761228e+02
3.266033529379787979e+02 1.609328628188932555e+02
3.256197861605915023e+02 1.618532850918337829e+02
3.246526943949762654e+02 1.627917633960966555e+02
3.237091898483794807e+02 1.637478614518609561e+02
3.227949961385143069e+02 1.647198328785052581e+02
3.219125032364474919e+02 1.657057864850556825e+02
3.210610941819270465e+02 1.667031488745262777e+02
3.202389241222248302e+02 1.677084348686703379e+02
3.194435643836811209e+02 1.687177327706367009e+02
3.186725357404492911e+02 1.697274711018518474e+02
3.179237459948628839e+02 1.707352587469014793e+02
3.171954993058898822e+02 1.717404319187762667e+02
3.164854073646403094e+02 1.727438627921414422e+02
3.157893175980080400e+02 1.737468350556656276e+02
3.151028947437870897e+02 1.747497661678558529e+02
3.144230728297571886e+02 1.757526691803300309e+02
3.137484698684401110e+02 1.767555499761069768e+02
3.130800818508113821e+02 1.777584043153264872e+02
3.124195987615588024e+02 1.787612250038482671e+02
3.117680655912139400e+02 1.797640075932246475e+02
3.111243673498793783e+02 1.807667568298854235e+02
3.104857550624626583e+02 1.817694844160150751e+02
3.098506907428989621e+02 1.827721968987069658e+02
3.092201473823723745e+02 1.837748901360092759e+02
3.085955589678899287e+02 1.847775580235449979e+02
3.079782124877908132e+02 1.857801950826996062e+02
3.073693459308578326e+02 1.867827960434460124e+02
3.067707862805373793e+02 1.877853531284502822e+02
3.061841995217345129e+02 1.887878592457374225e+02
3.056113516384482409e+02 1.897903068776436726e+02
3.050534166200414461e+02 1.907926910265827871e+02
3.045110204608421327e+02 1.917950090277430206e+02
3.039826721743597204e+02 1.927972672281440509e+02
3.034653447880205590e+02 1.937994785133850826e+02
3.029568523216311178e+02 1.948016521890227750e+02
3.024555117904403687e+02 1.958037954193992221e+02
3.019600472060095626e+02 1.968059136363032167e+02
3.014706895662457100e+02 1.978080058563936632e+02
3.009873988715113455e+02 1.988100722499460744e+02
3.005103171205198009e+02 1.998121122124824183e+02
3.000383433232467496e+02 2.008141304308360588e+02
2.995706074875748754e+02 2.018161306084994067e+02
2.991066416177446854e+02 2.028181147376959075e+02
2.986450907260330609e+02 2.038200885865084615e+02
2.981829808393864027e+02 2.048220648149213048e+02
2.977168289893626252e+02 2.058240582496744366e+02
2.972425852126571044e+02 2.068260861311632937e+02
2.967569115395140784e+02 2.078281626688792585e+02
2.962579539867319340e+02 2.088302957550921803e+02
2.957464315477960213e+02 2.098324823290997756e+02
2.952238272092695297e+02 2.108347160779375145e+02
2.946923149514548186e+02 2.118369877471313885e+02
2.941526247677376205e+02 2.128392942291533529e+02
2.936047266583896658e+02 2.138416356517100496e+02
2.930475736328975245e+02 2.148440164717629273e+02
2.924800867010374077e+02 2.158464412824939131e+02
2.919025648601003127e+02 2.168489088110935370e+02
2.913166790949459823e+02 2.178514119443023560e+02
2.907238373928170745e+02 2.188539446884224446e+02
2.901268777279997266e+02 2.198564949624063161e+02
2.895294400675132920e+02 2.208590472711825328e+02
2.889359503712557284e+02 2.218615827737658606e+02
2.883505646015710795e+02 2.228640837785308122e+02
2.877760517333706503e+02 2.238665384981551654e+02
2.872139907523478541e+02 2.248689402110131823e+02
2.866646676559112166e+02 2.258712876996349053e+02
2.861258334644381307e+02 2.268735905377609470e+02
2.855939102103473601e+02 2.278758639565357100e+02
2.850646466306716889e+02 2.288785250568876108e+02
2.845337191538543493e+02 2.298828582554131117e+02
2.839968321868005319e+02 2.308901428495610162e+02
2.834505132938437555e+02 2.319009886266252067e+02
2.828919156563961224e+02 2.329142696949917024e+02
2.823182915711439023e+02 2.339270077243396599e+02
2.817258015413421504e+02 2.349341610132949540e+02
2.811105197119357513e+02 2.359296642188263604e+02
2.804683110037706797e+02 2.369071648859447521e+02
2.797939265246870377e+02 2.378591822908151414e+02
2.790814816565739989e+02 2.387757173929991268e+02
2.783269235805424273e+02 2.396460153474466210e+02
2.775284147830457187e+02 2.404605628900507668e+02
2.766862034904029883e+02 2.412133049092770989e+02
2.758025911895707054e+02 2.419024715919184985e+02
2.748819429322825840e+02 2.425292403671077750e+02
2.739305746550641629e+02 2.430949923611259464e+02
2.729560203240858982e+02 2.435999385046357588e+02
2.719652194380077503e+02 2.440439462557694412e+02
2.709646029606009847e+02 2.444274632426918288e+02
2.699592075118216030e+02 2.447515640348132706e+02
2.689523602159060829e+02 2.450169754755250153e+02
2.679463808247081715e+02 2.452226946808170567e+02
2.669419877300836674e+02 2.453650535593408222e+02
2.659381664185828527e+02 2.454392353861238689e+02
2.649327777417817629e+02 2.454414512329510103e+02
2.639239553486066825e+02 2.453704480333157107e+02
2.629124464779533241e+02 2.452281596238276222e+02
2.619012647752834937e+02 2.450201342260064337e+02
2.608954965115859750e+02 2.447530022482427512e+02
2.599016483993376596e+02 2.444327900467942811e+02
2.589273807996307823e+02 2.440652040640673874e+02
2.579810871794834952e+02 2.436571486325723868e+02
2.570725614095466085e+02 2.432177341434466484e+02
2.562114850491197444e+02 2.427576424801630992e+02
2.554046948594253479e+02 2.422859646217662259e+02
2.546544756442674782e+02 2.418073478842100599e+02
2.539592217579931059e+02 2.413214090990761918e+02
2.533132877445265763e+02 2.408249992699057600e+02
2.527081036317723033e+02 2.403136798378920389e+02
2.521337909564177266e+02 2.397824298090515356e+02
2.515815416301885818e+02 2.392246696188125270e+02
2.510445338247492657e+02 2.386319972308052400e+02
2.505184934863380590e+02 2.379945427497697779e+02
2.500030256563975968e+02 2.373040947826002594e+02
2.495023463619195923e+02 2.365561873416785943e+02
2.490236700781656793e+02 2.357509167166657562e+02
2.485761948768305842e+02 2.348920387864334600e+02
2.481691483369466198e+02 2.339867173351215683e+02
2.478112257087159378e+02 2.330436844271435461e+02
2.475088497617466885e+02 2.320722688060140513e+02
2.472648170756317541e+02 2.310808226426831311e+02
2.470787961592641864e+02 2.300769834174713822e+02
2.469486316213127850e+02 2.290672413644430492e+02
2.468707460257248272e+02 2.280566697583087148e+02
2.468412571358857406e+02 2.270482751525550498e+02
2.468575048202802691e+02 2.260432068814770332e+02
2.469206295357039380e+02 2.250408650848428920e+02
2.470332208907090603e+02 2.240399777274544135e+02
2.471982574690389072e+02 2.230392661182291931e+02
2.474182085498065931e+02 2.220383207420127292e+02
2.476944671203906978e+02 2.210371356689603886e+02
2.480263851866624805e+02 2.200357136575354389e+02
2.484114047717989706e+02 2.190340655968567489e+02
2.488449519172432360e+02 2.180322109579289531e+02
2.493205236819162849e+02 2.170301774232931393e+02
2.498285691523558398e+02 2.160280056504842889e+02
2.503581154279836767e+02 2.150257423503317114e+02
2.508977706120180358e+02 2.140234360173008383e+02
2.514389907818725476e+02 2.130211230222406016e+02
2.519766759837563086e+02 2.120188250752785848e+02
2.525079332438814674e+02 2.110165544915910800e+02
2.530313575749782160e+02 2.100143172521053998e+02
2.535456089891877696e+02 2.090121190610510951e+02
2.540492704993489212e+02 2.080099659504381577e+02
2.545416771114869903e+02 2.070078607510969277e+02
2.550232228220320962e+02 2.060058017858136452e+02
2.554957216145483301e+02 2.050037813325939169e+02
2.559603254785979516e+02 2.040017944875030196e+02
2.564169624148332218e+02 2.029998415570369161e+02
2.568659664202280055e+02 2.019979211193950448e+02
2.573078954897264339e+02 2.009960307992340631e+02
2.577446376062220565e+02 1.999941625595498920e+02
2.581801187341432069e+02 1.989922996878011645e+02
2.586189258319287205e+02 1.979904226576437907e+02
2.590659468552906333e+02 1.969885106614103449e+02
2.595244537745826960e+02 1.959865497705641246e+02
2.599959855758604590e+02 1.949845334337548479e+02
2.604812262529267173e+02 1.939824587392712942e+02
2.609810157981704606e+02 1.929803221113277800e+02
2.614969151974481747e+02 1.919781169049224445e+02
2.620300914401860268e+02 1.909758381522673290e+02
2.625802125293923268e+02 1.899734872666491583e+02
2.631446294890683930e+02 1.889710755245636165e+02
2.637187433608839910e+02 1.879686225034374729e+02
2.642986971797857336e+02 1.869661446220868015e+02
2.648822259662958345e+02 1.859636515223623974e+02
2.654681877307615991e+02 1.849611480656301126e+02
2.660550444871180957e+02 1.839586407989832537e+02
2.666402612583339078e+02 1.829561405136323629e+02
2.672223330580453649e+02 1.819536536161934350e+02
2.677998898986652989e+02 1.809511859386027197e+02
2.683733907760350235e+02 1.799487355269487807e+02
2.689452806680013168e+02 1.789462919731410011e+02
2.695187815453710414e+02 1.779438415614870337e+02
2.700963383859909754e+02 1.769413738838963468e+02
2.706784101857024325e+02 1.759388869864574190e+02
2.712636269569182446e+02 1.749363867011064997e+02
2.718504837132747411e+02 1.739338794344596408e+02
2.724364454777405058e+02 1.729313759777273560e+02
2.730195752678657755e+02 1.719288845765011615e+02
2.735978651018443770e+02 1.709264137786117601e+02
2.741690520001802724e+02 1.699239732173960817e+02
2.747295489953738183e+02 1.689215781623105386e+02
2.752756231212482589e+02 1.679192445043171347e+02
2.758064793850067531e+02 1.669169756276415910e+02
2.763245227648585569e+02 1.659147612944689172e+02
2.768344762180104794e+02 1.649125813995182170e+02
2.773417686952726626e+02 1.639104128321458234e+02
2.778496371673159047e+02 1.629082418128060965e+02
2.783596486199423339e+02 1.619060616709559213e+02
2.788721790497451707e+02 1.609038708060054432e+02
2.793884784453985617e+02 1.599016638968450366e+02
2.799110807839431345e+02 1.588994301565210776e+02
2.804416130506372156e+02 1.578971626590771962e+02
2.809791722536625684e+02 1.568948652484830291e+02
2.815201644255829478e+02 1.558925532239932181e+02
2.820599616083306955e+02 1.548902462864842278e+02
2.825949698344696230e+02 1.538879597352107567e+02
2.831218511342439115e+02 1.528857077796640738e+02
2.836381875295621171e+02 1.518835007129987957e+02
2.841422720358906417e+02 1.508813458017223468e+02
2.846322236702724808e+02 1.498792510530405764e+02
2.851043664660143122e+02 1.488772321152728750e+02
2.855543744623122393e+02 1.478753074037157091e+02
2.859777946995130833e+02 1.468734958742902563e+02
2.863701142185072399e+02 1.458718167383309492e+02
2.867276380527736137e+02 1.448702857250380589e+02
2.870495152100227756e+02 1.438689064570230869e+02
2.873361546865489231e+02 1.428676771932189240e+02
2.875885844730377698e+02 1.418665935575449737e+02
2.878084985541406695e+02 1.408656483388333527e+02
2.879988909027302952e+02 1.398648287919621112e+02
2.881646364746362110e+02 1.388641141646034498e+02
2.883107672242655894e+02 1.378634830360981596e+02
2.884414001143158544e+02 1.368629178808393476e+02
2.885612071024560805e+02 1.358623988106473917e+02
2.886754361411362879e+02 1.348619034853753647e+02
2.887885811896381938e+02 1.338614127745696578e+02
2.889021922339178445e+02 1.328609200800542567e+02
2.890159602767749334e+02 1.318604267172074742e+02
2.891295713210545841e+02 1.308599340226920731e+02
2.892427163695564900e+02 1.298594433118863662e+02
2.893573454046124311e+02 1.288589462838592397e+02
2.894792163740516457e+02 1.278584184274509425e+02
2.896144392225138517e+02 1.268578337330773138e+02
2.897670169137296057e+02 1.258571751604166593e+02
2.899386664321417584e+02 1.248564354003926837e+02
2.901308347646397579e+02 1.238556082932887819e+02
2.903448768989464384e+02 1.228546880710220819e+02
2.905815588281214445e+02 1.218536714728165293e+02
2.908408605523459300e+02 1.208525585838098948e+02
2.911216570818131686e+02 1.198513541930009012e+02
2.914215024386851383e+02 1.188500687127370270e+02
2.917364166590231775e+02 1.178487190854315259e+02
2.920602667983957872e+02 1.168473314185769993e+02
2.923880239023686727e+02 1.158459271200620151e+02
2.927174159915275595e+02 1.148445158615355410e+02
2.930474160751775230e+02 1.138431020148213122e+02
2.933768081643364098e+02 1.128416907562948381e+02
2.937045652683092953e+02 1.118402864577798539e+02
2.940288154040576956e+02 1.108388970881702278e+02
2.943461926020794976e+02 1.098375369761501474e+02
2.946526918986623400e+02 1.088362231705551153e+02
2.949449253245035720e+02 1.078349700937208411e+02
2.952186409181287559e+02 1.068337958459340769e+02
2.954675937361212164e+02 1.058327270114588430e+02
2.956835878527417094e+02 1.048317984797472491e+02
2.958575773499521233e+02 1.038310487586059025e+02
2.959812633029463314e+02 1.028305131759463507e+02
2.960481147708990761e+02 1.018302195335025147e+02
2.960540157911037227e+02 1.008301853526243974e+02
2.959991303620742542e+02 9.983040993518244477e+01
2.958887604357715304e+02 9.883087071115772915e+01
2.957320759291098966e+02 9.783152864488951650e+01
2.955399487435827268e+02 9.683233745549409832e+01
2.953248217664490198e+02 9.583324417451714794e+01
2.951012468658591388e+02 9.483418685572794971e+01
2.948833409139048740e+02 9.383510540464206429e+01
2.946832908001647411e+02 9.283594794256836735e+01
2.945114944304266942e+02 9.183667020638796430e+01
2.943763407286815550e+02 9.083723648506943960e+01
2.942848566312605953e+02 8.983761686546253600e+01
2.942434200803753015e+02 8.883778419713709695e+01
2.942598410052625582e+02 8.783770523379979522e+01
2.943441523150174248e+02 8.683733726609568748e+01
2.945065992182978221e+02 8.583623767731111798e+01
2.947568502382318343e+02 8.483309929778465630e+01
2.951034596278416302e+02 8.382702370488109977e+01
2.955526061875407322e+02 8.281865560198187382e+01
2.961063211155482691e+02 8.181038636417156340e+01
2.967611909883317480e+02 8.080541255097367070e+01
2.975091931977484592e+02 7.980642733813229484e+01
2.983384540428415335e+02 7.881611029493828369e+01
2.992338177718874022e+02 7.783737096408762568e+01
3.001788923893262222e+02 7.687329915246104406e+01
3.011578592449816938e+02 7.592800423551025801e+01
3.021573093429404935e+02 7.500527432814828899e+01
3.031666320392898797e+02 7.410803462519933760e+01
3.041782135798158038e+02 7.323776855100120997e+01
3.051875894302847882e+02 7.239436010952400125e+01
3.061930339937122199e+02 7.157790764733150013e+01
3.071946726903974536e+02 7.078850963141570674e+01
3.081934978720546496e+02 7.002554183179088909e+01
3.091907683562458828e+02 6.928848888514249893e+01
3.101877456447405734e+02 6.857629141180044030e+01
3.111848205479284388e+02 6.788702473069011489e+01
3.121819751868808908e+02 6.721648887986586374e+01
3.131791896180787944e+02 6.655999890177659495e+01
3.141764481804320894e+02 6.591387582975625037e+01
3.151737396144726517e+02 6.527547468777001427e+01
3.161710583777326065e+02 6.464349348761481906e+01
3.171684031974025402e+02 6.401763323199975275e+01
3.181657776450113033e+02 6.339873291332301619e+01
3.191631925585950285e+02 6.278933850851632315e+01
3.201606666940012929e+02 6.219385597765872831e+01
3.211582258139147825e+02 6.161833726591558502e+01
3.221558914071047752e+02 6.106783032754898954e+01
3.231536805522051168e+02 6.054634712620790538e+01
3.241516051642445859e+02 6.005668663653173667e+01
3.251496693596336058e+02 5.959981584975892588e+01
3.261478778848020852e+02 5.917684975578683293e+01
3.271462350860323909e+02 5.878880934536468317e+01
3.281447401545158300e+02 5.843550462021397607e+01
3.291433863899111429e+02 5.811536159459603823e+01
3.301421598083420008e+02 5.782509529827490269e+01
3.311414469037138701e+02 5.756176705936334770e+01
3.321425071642884177e+02 5.732384450247693053e+01
3.331466075595676557e+02 5.711272724695010083e+01
