3.381776350695995461e+02 5.534878569353128341e+01
3.391589271806382158e+02 5.536716060964437247e+01
3.401149185169971361e+02 5.549440721475696137e+01
3.410333150680963286e+02 5.574205994760097838e+01
3.419003109123734703e+02 5.611556962782250935e+01
3.427022117409371162e+02 5.661301353313646700e+01
3.434275573096191465e+02 5.722707638223519666e+01
3.440682122281586999e+02 5.794711271010771725e+01
3.446200716554448036e+02 5.875883886118361943e+01
3.450820999123336037e+02 5.964424408104468966e+01
3.454553668176829433e+02 6.058402064065285231e+01
3.457431050034984992e+02 6.156069162070528478e+01
3.459514236677105146e+02 6.255972588337144202e+01
3.460886484748644989e+02 6.357022088844843211e+01
3.461642701360759702e+02 6.458504117039279890e+01
3.461871229174492441e+02 6.559976708268067114e+01
3.461640737390848699e+02 6.661131136563162158e+01
3.460993755772095142e+02 6.761824990189984419e+01
3.459974359162458200e+02 6.862115693452179244e+01
3.458639247507881578e+02 6.962213334600218673e+01
3.457050661164819871e+02 7.062281865617484300e+01
3.455264056615935715e+02 7.162358826123892186e+01
3.453329353408925044e+02 7.262442091081067019e+01
3.451293661116942530e+02 7.362529655069187129e+01
3.449212969232686419e+02 7.462619134656802089e+01
3.447153797153447385e+02 7.562707698162168413e+01
3.445176304334138422e+02 7.662792784641615640e+01
3.443310140506114294e+02 7.762873131927921122e+01
3.441558185643281149e+02 7.862948617422716779e+01
3.439901889913711557e+02 7.963020030778685054e+01
3.438312813575089990e+02 8.063088582654702918e+01
3.436770386813791447e+02 8.163155148692581520e+01
3.435272599648028518e+02 8.263219814455763412e+01
3.433821642057957888e+02 8.363282486718409814e+01
3.432408424125940769e+02 8.463343552431618377e+01
3.431019835970761847e+02 8.563403569673369020e+01
3.429650157644246633e+02 8.663462781937644763e+01
3.428311919032867081e+02 8.763520655836410356e+01
3.427050379726539973e+02 8.863575264702265599e+01
3.425926799170214281e+02 8.963624000765770461e+01
3.424989686924361081e+02 9.063664799010669526e+01
3.424253562857419979e+02 9.163697041336868665e+01
3.423704137098866909e+02 9.263721336053620803e+01
3.423313339903033921e+02 9.363738878069324301e+01
3.423057271486466675e+02 9.463750684780148958e+01
3.422929711905524073e+02 9.563757020964519029e+01
3.422930201164373329e+02 9.663757906204114079e+01
3.423036439465064404e+02 9.763754289784904472e+01
3.423202517223570567e+02 9.863748126044060882e+01
3.423368594982077298e+02 9.963741962303217292e+01
3.423474833282768941e+02 1.006373834588400769e+02
3.423475322541617629e+02 1.016373923112360274e+02
3.423343772996826715e+02 1.026374573715779093e+02
3.423071054731119034e+02 1.036375825264043158e+02
3.422654987764246357e+02 1.046377687037166879e+02
3.422087002173857968e+02 1.056380195516678953e+02
3.421356308057718252e+02 1.066383396634398366e+02
3.420460465437934090e+02 1.076387300777130633e+02
3.419413374188563921e+02 1.086391848774136406e+02
3.418246594023656257e+02 1.096396906278037875e+02
3.417003624549074061e+02 1.106402288114217924e+02
3.415729465357091499e+02 1.116407802722726785e+02
3.414455036167555591e+02 1.126413318480595649e+02
3.413184676941143039e+02 1.136418816912930936e+02
3.411910247751607130e+02 1.146424332670799799e+02
3.410636088559624568e+02 1.156429847279308660e+02
3.409389119121285034e+02 1.166435246143039706e+02
3.408201699143387486e+02 1.176440391509104586e+02
3.407108708309898475e+02 1.186445134897258242e+02
3.406148396274250558e+02 1.196449313481544436e+02
3.405358672692956929e+02 1.206452765883348093e+02
3.404772917263575778e+02 1.216455350007755669e+02
3.404419569728423198e+02 1.226456944788879468e+02
3.404324969848843239e+02 1.236457438100295860e+02
3.404508697447430450e+02 1.246456746592142508e+02
3.404967822550730716e+02 1.256454882737100718e+02
3.405688615283147556e+02 1.266451904982239114e+02
3.406648585848453195e+02 1.276447909064963824e+02
3.407798974688442399e+02 1.286443102551121456e+02
3.409063342495704774e+02 1.296437810837212510e+02
3.410352860075093986e+02 1.306432412062576418e+02
3.411574508269424655e+02 1.316427302202912415e+02
3.412636927906473261e+02 1.326422870167486394e+02
3.413448029820627880e+02 1.336419507973091640e+02
3.413930654711005559e+02 1.346417544081187430e+02
3.414019443169804617e+02 1.356417256721957756e+02
3.413649585784241935e+02 1.366418921784298277e+02
3.412759493112359905e+02 1.376422801449926396e+02
3.411316805447358433e+02 1.386429033471729042e+02
3.409325292755079317e+02 1.396437601801240191e+02
3.406819854719308296e+02 1.406448357873076702e+02
3.403848660903596510e+02 1.416461096632955332e+02
3.400457150896230587e+02 1.426475624647896439e+02
3.396670614468068834e+02 1.436491834261208282e+02
3.392491861593650810e+02 1.446509713511036921e+02
3.387908852382066129e+02 1.456529313650310087e+02
3.382914293884529116e+02 1.466554655760726291e+02
3.377496790096984114e+02 1.476598448468943445e+02
3.371623238014069557e+02 1.486669452770119051e+02
3.365244799514317720e+02 1.496761166503740696e+02
3.358317482830089489e+02 1.506849776722067418e+02
3.350815415712706340e+02 1.516899573236801757e+02
3.342741591178396448e+02 1.526871322951534466e+02
3.334125830262526051e+02 1.536729968603826819e+02
3.325034102708942214e+02 1.546449469131935643e+02
3.315560777589813597e+02 1.556010612643241586e+02
3.305810670651168266e+02 1.565395732788811927e+02
3.295886603678251845e+02 1.574600331827095090e+02
3.285895607352917409e+02 1.583645484331440230e+02
3.275940332527164855e+02 1.592580503775500347e+02
3.266108779708895895e+02 1.601475796188911147e+02
3.256473221986292401e+02 1.610409454620817371e+02
3.247095810101471898e+02 1.619451995141403131e+02
3.238025165395977751e+02 1.628652961223966713e+02
3.229295529211183862e+02 1.638033737300717974e+02
3.220922524122419190e+02 1.647590196830717559e+02
3.212906636821002166e+02 1.657305117586131757e+02
3.205225787434206381e+02 1.667159783388921142e+02
3.197835366707801086e+02 1.677128623903991524e+02
3.190694046321809765e+02 1.687176884746467067e+02
3.183770819600524646e+02 1.697265477554122697e+02
3.177037404317099458e+02 1.707358702397760908e+02
3.170456588642467182e+02 1.717432717467941075e+02
3.163972794516226372e+02 1.727481049295574280e+02
3.157527209165965019e+02 1.737512568320402693e+02
3.151083536813234787e+02 1.747540089165589734e+02
3.144626184584453199e+02 1.757567668245001187e+02
3.138159512440116714e+02 1.767595286998606525e+02
3.131697530253285322e+02 1.777622885787408222e+02
3.125254667893216265e+02 1.787650403184516108e+02
3.118838235293675325e+02 1.797677808072080552e+02
3.112453292408816878e+02 1.807705078910249483e+02
3.106107519169054854e+02 1.817732183006124842e+02
3.099824075364546161e+02 1.827759021770186223e+02
3.093636370692577202e+02 1.837785452979813954e+02
3.087584234792264510e+02 1.847811307083168231e+02
3.081696287404294026e+02 1.857836462248121165e+02
3.075982378439417744e+02 1.867860876544328903e+02
3.070424308062540604e+02 1.877884627447148773e+02
3.065000336470638445e+02 1.887907807501320008e+02
3.059695593798442133e+02 1.897930480006763787e+02
3.054503750103306174e+02 1.907952671909579863e+02
3.049424265390121036e+02 1.917974385508487671e+02
3.044452129704283152e+02 1.927995642130494218e+02
3.039573963167021589e+02 1.938016498732758350e+02
3.034779145874559845e+02 1.948037000523427764e+02
3.030062137877094415e+02 1.958057171085660855e+02
3.025432749085738919e+02 1.968076968659388513e+02
3.020895639458273649e+02 1.978096373407514079e+02
3.016440809085302703e+02 1.988115427898914618e+02
3.012041348210647129e+02 1.998134246686440179e+02
3.007655217215213952e+02 2.008153008729651958e+02
3.003231136563629775e+02 2.018171932321753843e+02
2.998715656740183704e+02 2.028191244993397220e+02
2.994059008195820297e+02 2.038211158609885274e+02
2.989218371318515324e+02 2.048231855451151660e+02
2.984165996359698738e+02 2.058253453645831996e+02
2.978903073308588318e+02 2.068275948128230084e+02
2.973440842063344007e+02 2.078299291050927025e+02
2.967804182398538160e+02 2.088323376502555391e+02
2.962021914053044611e+02 2.098348081799610441e+02
2.956125526741545286e+02 2.108373272892696377e+02
2.950150220145106914e+02 2.118398799939363926e+02
2.944132993928489554e+02 2.128424505434766729e+02
2.938106367797041116e+02 2.138450250944914046e+02
2.932096401514643276e+02 2.148475925535311433e+02
2.926125074882144190e+02 2.158501435639565784e+02
2.920214237701570141e+02 2.168526688244679974e+02
2.914376889855133754e+02 2.178551628011112484e+02
2.908612381348723943e+02 2.188576257705840931e+02
2.902913012252107592e+02 2.198600610106900888e+02
2.897272662620734991e+02 2.208624711266445217e+02
2.891694452426337989e+02 2.218648547902984092e+02
2.886179451659220376e+02 2.228672115461648104e+02
2.880711610464806540e+02 2.238695482265485452e+02
2.875256439155594421e+02 2.248718795134554682e+02
2.869787967966888118e+02 2.258742164620231279e+02
2.864300306952055166e+02 2.268765615795583699e+02
2.858796013073063023e+02 2.278793127811965746e+02
2.853276690208065816e+02 2.288837353956494098e+02
2.847725682187822827e+02 2.298910975247509327e+02
2.842099334736581113e+02 2.309020127571957914e+02
2.836334429983315886e+02 2.319153699940549416e+02
2.830363611256226477e+02 2.329282078814759132e+02
2.824119983846089781e+02 2.339354968502147187e+02
2.817537989440648403e+02 2.349311827528549088e+02
2.810557317420150980e+02 2.359089212054665836e+02
2.803130645843888260e+02 2.368616292882932726e+02
2.795230482011647268e+02 2.377805576253944366e+02
2.786854854207601306e+02 2.386557999663508554e+02
2.778029798287347489e+02 2.394771521355352490e+02
2.768810366886384031e+02 2.402357376172321892e+02
2.759276674966260430e+02 2.409253132508349609e+02
2.749519312860338118e+02 2.415435184516672962e+02
2.739611666362890219e+02 2.420897689749265567e+02
2.729609339385980320e+02 2.425634401449916595e+02
2.719558627241885347e+02 2.429637072469953409e+02
2.709492731062027815e+02 2.432896501392515631e+02
2.699434901746317337e+02 2.435415199263884460e+02
2.689396553308199600e+02 2.437212877674483309e+02
2.679380562802188024e+02 2.438326424711242737e+02
2.669378502462296865e+02 2.438801016659539869e+02
2.659377838790232431e+02 2.438666397142564790e+02
2.649370647751234173e+02 2.437935730011316480e+02
2.639344241960513955e+02 2.436602609216524797e+02
2.629285915198955195e+02 2.434644458642586642e+02
2.619189652177241783e+02 2.432045953757063046e+02
2.609070828073445796e+02 2.428805929098987804e+02
2.598968026469453889e+02 2.424934540514400680e+02
2.588927858451746147e+02 2.420443689692974942e+02
2.578995840802115822e+02 2.415334872888436450e+02
2.569222353276935564e+02 2.409607925638326833e+02
2.559679305289887168e+02 2.403276651957415311e+02
2.550459754927747440e+02 2.396389736148981058e+02
2.541660696370578023e+02 2.389023126007816700e+02
2.533369563938959459e+02 2.381259870088302932e+02
2.525646321126814939e+02 2.373175833819961440e+02
2.518519671971514526e+02 2.364823585489227185e+02
2.511999848468996959e+02 2.356231761799106437e+02
2.506088202793150117e+02 2.347410267083286328e+02
2.500788890025968385e+02 2.338367333728639323e+02
2.496109144381493081e+02 2.329118031076465627e+02
2.492062502620937607e+02 2.319682711686697587e+02
2.488658932106366137e+02 2.310091273400286127e+02
2.485887784724919243e+02 2.300372371804689067e+02
2.483725425434818987e+02 2.290538967629058220e+02
2.482142640479343072e+02 2.280604335353351360e+02
2.481128254761493963e+02 2.270590792750913920e+02
2.480690038182386843e+02 2.260533537065057317e+02
2.480826393239596541e+02 2.250468395420784589e+02
2.481503752403498879e+02 2.240419510930052525e+02
2.482666444742486078e+02 2.230393830640712167e+02
2.484257254080270059e+02 2.220382978039708917e+02
2.486238816862702095e+02 2.210374452066230901e+02
2.488599086213798728e+02 2.200364313966790348e+02
2.491349032034165702e+02 2.190352517043328362e+02
2.494503234191699619e+02 2.180338999230420995e+02
2.498065512651788538e+02 2.170323744266757444e+02
2.502026597498424394e+02 2.160306791613687381e+02
2.506358668983673113e+02 2.150288259697827868e+02
2.511025437436343282e+02 2.140268303001635672e+02
2.515990723184246463e+02 2.130247075539310231e+02
2.521217466563168443e+02 2.120224735071111297e+02
2.526655158030759480e+02 2.110201496612440053e+02
2.532227448278795521e+02 2.100177685176676619e+02
2.537840388158518294e+02 2.090153700698425610e+02
2.543395548561761927e+02 2.080129962183149246e+02
2.548815480190269227e+02 2.070106799326804605e+02
2.554059033416882585e+02 2.060084387300322533e+02
2.559113338358212388e+02 2.050062780889848852e+02
2.563977795019694668e+02 2.040041982649515830e+02
2.568669653245034397e+02 2.030021919148009886e+02
2.573214392803367900e+02 2.020002481919831041e+02
2.577655123304093649e+02 2.009983487450547841e+02
2.582045244263374570e+02 1.999964708422353965e+02
2.586444705138030145e+02 1.989945889634828404e+02
2.590899535511001091e+02 1.979926835143427581e+02
2.595436645138466929e+02 1.969907430395302299e+02
2.600066033929821856e+02 1.959887632821574357e+02
2.604787031891136166e+02 1.949867445274359170e+02
2.609598499032738346e+02 1.939846872606508725e+02
2.614505915304978885e+02 1.929825891490277741e+02
2.619513270671702685e+02 1.919804484940684119e+02
2.624612585205215396e+02 1.909782686927692339e+02
2.629785719069875540e+02 1.899760574671246331e+02
2.635025192333455948e+02 1.889738180012866451e+02
2.640334394965242382e+02 1.879715488521703151e+02
2.645718646917031265e+02 1.869692477551113257e+02
2.651186938107368292e+02 1.859669108831676567e+02
2.656739088537884186e+02 1.849645383129632705e+02
2.662367428278074044e+02 1.839621333095310263e+02
2.668062797410933058e+02 1.829596997721801586e+02
2.673821635968715782e+02 1.819572392163626660e+02
2.679645883933846449e+02 1.809547508162423810e+02
2.685529241363405504e+02 1.799522372536585237e+02
2.691470738266181684e+02 1.789496989415292774e+02
2.697462704711670085e+02 1.779471391448875011e+02
2.703488950846561352e+02 1.769445647556344738e+02
2.709527306871729593e+02 1.759419852112903868e+02
2.715553553006620859e+02 1.749394108220373596e+02
2.721545519452109261e+02 1.739368510253955833e+02
2.727487016354885441e+02 1.729343127132663085e+02
2.733370373784444496e+02 1.719317991506824796e+02
2.739194621749575163e+02 1.709293107505621947e+02
2.744949470343510143e+02 1.699268518932429117e+02
2.750628189627227584e+02 1.689244254436101755e+02
2.756227269632530010e+02 1.679220328958314781e+02
2.761744210382069582e+02 1.669196753141288809e+02
2.767188671788319994e+02 1.659173485863487372e+02
2.772574993721353849e+02 1.649150466081140394e+02
2.777924205990625524e+02 1.639127604271897667e+02
2.783255888418729000e+02 1.629104817085897707e+02
2.788591630810047377e+02 1.619082012616933071e+02
2.793948573009280949e+02 1.609059117901948355e+02
2.799336984923377827e+02 1.599036089222705641e+02
2.804763776489729139e+02 1.589012897164110996e+02
2.810235437649531605e+02 1.578989514098962559e+02
2.815747578442562258e+02 1.568965958714997555e+02
2.821278279067428230e+02 1.558942324323195976e+02
2.826788339879304317e+02 1.548918777793557524e+02
2.832228901320891623e+02 1.538895527117618371e+02
2.837558603766935335e+02 1.528872748360255969e+02
2.842762057356878245e+02 1.518850507034973134e+02
2.847845062038169317e+02 1.508828778451820654e+02
2.852811837772572403e+02 1.498807544646732310e+02
2.857652724647612672e+02 1.488786846741243721e+02
2.862344662872227445e+02 1.478766782899186865e+02
2.866861092687066161e+02 1.468747466183500308e+02
2.871169924382882641e+02 1.458729033197712397e+02
2.875231038323188386e+02 1.448711654728159601e+02
2.878998044928303557e+02 1.438695528251865596e+02
2.882423334629602323e+02 1.428680856439256104e+02
2.885466107796757456e+02 1.418667812971351623e+02
2.888104364629101042e+02 1.408656491499683057e+02
2.890342725084774429e+02 1.398646872357429061e+02
2.892203438962178552e+02 1.388638860828837096e+02
2.893730285864641019e+02 1.378632270547360292e+02
2.894993945151759362e+02 1.368626800636172902e+02
2.896091835940851524e+02 1.358622036389268715e+02
2.897124837317884953e+02 1.348617548371811665e+02
2.898172408562905957e+02 1.338612998331499853e+02
2.899279019272989899e+02 1.328608196964534613e+02
2.900454329360611041e+02 1.318603103149380331e+02
2.901687628922809381e+02 1.308597762477305082e+02
2.902968208056622643e+02 1.298592220539576658e+02
2.904290256814692839e+02 1.288586502068713173e+02
2.905657565162681522e+02 1.278580590931109384e+02
2.907081972993310615e+02 1.268574436725214696e+02
2.908564550296885045e+02 1.258568034896159133e+02
2.910098347136377015e+02 1.248561415029312798e+02
2.911682793516949346e+02 1.238554579551101256e+02
2.913349559151654375e+02 1.228547393645889656e+02
2.915160443480547201e+02 1.218539594238014558e+02
2.917186275861866989e+02 1.208530879812115586e+02
2.919480675809784316e+02 1.198521022113871481e+02
2.922057193201529230e+02 1.188509963462453243e+02
2.924882548338637775e+02 1.178497845527085133e+02
2.927903641702225741e+02 1.168484894348507339e+02
2.931080983650097664e+02 1.158471278031217651e+02
2.934395424355762998e+02 1.148457078094616008e+02
2.937829343978868906e+02 1.138442369545065276e+02
2.941339482911376990e+02 1.128427336535529548e+02
2.944851041831019529e+02 1.118412297481213216e+02
2.948299871319031809e+02 1.108397525461465705e+02
2.951642391770275822e+02 1.098383205991455895e+02
2.954858973362610186e+02 1.088369422633890622e+02
2.957957436025180868e+02 1.078356142099906947e+02
2.960937689758803799e+02 1.068343364772625250e+02
2.963761574909231058e+02 1.058331253094882243e+02
2.966358252118314454e+02 1.048320108624606632e+02
2.968638152197610225e+02 1.038310312651235279e+02
2.970521455870335217e+02 1.028302204959548476e+02
2.971931553830621624e+02 1.018296111669717732e+02
2.972799266705280274e+02 1.008292327273237845e+02
2.973074164951235616e+02 9.982910664449588012e+01
2.972728308821642145e+02 9.882924481223241742e+01
2.971770398237671316e+02 9.782964352704107114e+01
2.970256222693834616e+02 9.683027903974505080e+01
2.968284281297662233e+02 9.583110941999993315e+01
2.965991792805862133e+02 9.483207625479187186e+01
2.963537575779429858e+02 9.383311193622952828e+01
2.961072578850671562e+02 9.283415220659219358e+01
2.958729010821685392e+02 9.183514078556680715e+01
2.956633740542955593e+02 9.083602366601840572e+01
2.954898647000783285e+02 8.983675322188670975e+01
2.953624119285576057e+02 8.883728671827557832e+01
2.952911716477141226e+02 8.783758092223288827e+01
2.952854017736648302e+02 8.683759642349181718e+01
2.953539972258159310e+02 8.583729535703571401e+01
2.955060259220059038e+02 8.483663912140642083e+01
2.957504937806351677e+02 8.383558937907278619e+01
2.960955217281226624e+02 8.283411155984933316e+01
2.965458160233129092e+02 8.183178662592365527e+01
2.971018022730809207e+02 8.082734675404785207e+01
2.977591888468413117e+02 7.981994820556687387e+01
2.985088089855348130e+02 7.880990200516311006e+01
2.993383786235610842e+02 7.779839345546471918e+01
3.002336084820008182e+02 7.678820640955140675e+01
3.011785105464942944e+02 7.578359996519577635e+01
3.021572686614017016e+02 7.478926949253997236e+01
3.031564804928389094e+02 7.381056809231719740e+01
3.041655489976495801e+02 7.285361593040312300e+01
3.051768812718559616e+02 7.192479438675675851e+01
3.061860359301801395e+02 7.102942541607677640e+01
3.071912999973097840e+02 7.017057233806221461e+01
3.081928043295898192e+02 6.934961060813483869e+01
3.091915392098870257e+02 6.856543000071226857e+01
3.101887526347547350e+02 6.781497317551202286e+01
3.111856941994473686e+02 6.709438377820643495e+01
3.121827458302298623e+02 6.639965014663027887e+01
3.131798914147820483e+02 6.572698731507790626e+01
3.141771212090878862e+02 6.507410630428901754e+01
3.151744268696473341e+02 6.443904713202229573e+01
3.161717991334726321e+02 6.381963381799363333e+01
3.171692330583171042e+02 6.321470537272236356e+01
3.181667330415458537e+02 6.262529478684888318e+01
3.191643059154636148e+02 6.205300704583095239e+01
3.201619616156465327e+02 6.150017612852118987e+01
3.211597108439103749e+02 6.096931601214123475e+01
3.221575584105382859e+02 6.046155668645263859e+01
3.231555031448861541e+02 5.997662315394708799e+01
3.241535455407529867e+02 5.951463141357351105e+01
3.251516937671063943e+02 5.907750044794465794e+01
3.261499552479585873e+02 5.866697424125888460e+01
3.271483249303837511e+02 5.828186580427109220e+01
3.281467880557521539e+02 5.791870816839434610e+01
3.291453251743435544e+02 5.757293237502645411e+01
3.301439184327707039e+02 5.724034446216751348e+01
3.311429565087224773e+02 5.691851875328222832e+01
3.321437058419583082e+02 5.660755585819021007e+01
3.331474396723758105e+02 5.631032838287967479e+01
3.341547785444241754e+02 5.603283574012070289e+01
3.351646213245485910e+02 5.578374069580505079e+01
3.361744302767425552e+02 5.557532616408042259e+01
3.371804813845615172e+02 5.542404014669548928e+01
3.381776350695995461e+02 5.534878569353128341e+01
