3.351617399947300555e+02 5.610688382858162981e+01
3.361718751990586611e+02 5.597510960244451894e+01
3.371782968263880775e+02 5.591086279642601653e+01
3.381758501012230909e+02 5.592947649275347999e+01
3.391575535425552061e+02 5.604447753336918936e+01
3.401139424807444698e+02 5.626512529220477177e+01
3.410326939413466789e+02 5.659615026964038975e+01
3.418999853157995403e+02 5.703908332083966570e+01
3.427025184096833073e+02 5.759132303115333684e+01
3.434300986094031600e+02 5.824522972868720672e+01
3.440750473452694109e+02 5.898964499914890780e+01
3.446313317696095169e+02 5.981122740281244887e+01
3.450946681528582758e+02 6.069525004159947912e+01
3.454636307101347370e+02 6.162720185343741264e+01
3.457408132725802261e+02 6.259341267281851628e+01
3.459320247172174163e+02 6.358186066308041973e+01
3.460454093932312389e+02 6.458297906796229881e+01
3.460903376857993976e+02 6.559002593770023282e+01
3.460757203374869846e+02 6.659892830335971325e+01
3.460108284694815666e+02 6.760758067974154528e+01
3.459046825004809307e+02 6.861488765801081513e+01
3.457660492264682830e+02 6.962007791191228989e+01
3.456029404169674422e+02 7.062284533346885951e+01
3.454220936804018720e+02 7.162402324898815209e+01
3.452301143461913853e+02 7.262484955154025101e+01
3.450326430617417373e+02 7.362569923291994201e+01
3.448329657972796554e+02 7.462655830499400622e+01
3.446322095425939551e+02 7.562742197024994084e+01
3.444299263017438193e+02 7.662829213577350629e+01
3.442265820705069359e+02 7.762916681785497985e+01
3.440232378392701094e+02 7.863004149993645342e+01
3.438209545984199167e+02 7.963091166546001887e+01
3.436209973364948382e+02 8.063177192946264427e+01
3.434254480346307332e+02 8.163261342910405460e+01
3.432375566633805875e+02 8.263342232949901245e+01
3.430605351936418970e+02 8.363418495752401327e+01
3.428964826063963756e+02 8.463489237797170972e+01
3.427458298977390996e+02 8.563554275612344213e+01
3.426075920765945284e+02 8.663614028501365283e+01
3.424810701492961016e+02 8.763668794020691166e+01
3.423654191235000326e+02 8.863718931877332352e+01
3.422582790205893275e+02 8.963765446696805839e+01
3.421548658839098493e+02 9.063810374974210049e+01
3.420498687615822746e+02 9.163855977542635856e+01
3.419411596728876930e+02 9.263903160267796011e+01
3.418304666021691673e+02 9.363951187559487721e+01
3.417222355091436157e+02 9.463998166805416190e+01
3.416216543468044620e+02 9.564041889532205687e+01
3.415330120762910155e+02 9.664080529960705235e+01
3.414601506627924437e+02 9.764112452594631009e+01
3.414054150850615770e+02 9.864136659193806622e+01
3.413685913450375438e+02 9.964153240855631566e+01
3.413468244685882382e+02 1.006416341292155892e+02
3.413350455016417868e+02 1.016416933320799387e+02
3.413267605030375762e+02 1.026417376613784427e+02
3.413149815360910679e+02 1.036417968642427923e+02
3.412932146596417624e+02 1.046418985849020657e+02
3.412559909232419386e+02 1.056420661042754148e+02
3.411991913642121972e+02 1.066423169564835121e+02
3.411221399886775316e+02 1.076426540191824870e+02
3.410291147578765845e+02 1.086430590814065056e+02
3.409272196074431349e+02 1.096435019022249264e+02
3.408232594757196807e+02 1.106439535135165784e+02
3.407226783133806407e+02 1.116443907407845018e+02
3.406289660888043045e+02 1.126447987274904108e+02
3.405431797924138095e+02 1.136451729741039571e+02
3.404639784363593549e+02 1.146455191891116101e+02
3.403883800476595525e+02 1.156458500665526685e+02
3.403123826625749757e+02 1.166461826424919366e+02
3.402311173252215895e+02 1.176465376437159023e+02
3.401407400704281940e+02 1.186469314337011554e+02
3.400405819042565554e+02 1.196473668603055387e+02
3.399340957954201485e+02 1.206478292244956663e+02
3.398279596834126437e+02 1.216482900987750781e+02
3.397302724948522155e+02 1.226487150066098195e+02
3.396500691478764224e+02 1.236490654870190156e+02
3.395968345565456730e+02 1.246493011634222512e+02
3.395795316396498720e+02 1.256493838813345860e+02
3.396043223413577152e+02 1.266492874098136099e+02
3.396731416441369333e+02 1.276490035117815580e+02
3.397834465710286054e+02 1.286485430125039784e+02
3.399279431881206506e+02 1.296479369617201769e+02
3.400948866018297281e+02 1.306472353565768856e+02
3.402704699372552568e+02 1.316464969719233409e+02
3.404407303209103475e+02 1.326457812466833275e+02
3.405919348772239914e+02 1.336451466406964528e+02
3.407112377225884643e+02 1.346446478379428413e+02
3.407877929552749947e+02 1.356443310086270913e+02
3.408137346465540531e+02 1.366442296374283387e+02
3.407831658498560046e+02 1.376443688272136399e+02
3.406925575971557123e+02 1.386447636005399318e+02
3.405427838805340457e+02 1.396454102368873293e+02
3.403385686571890005e+02 1.406462886267180465e+02
3.400852238789905755e+02 1.416473761574442847e+02
3.397860135163650739e+02 1.426486589345844607e+02
3.394418585609677166e+02 1.436501330375448902e+02
3.390528050123816115e+02 1.446517982705087775e+02
3.386186898720837348e+02 1.456536553273488153e+02
3.381388481460994626e+02 1.466557070388953719e+02
3.376116808489164782e+02 1.476579602119119272e+02
3.370344440053971198e+02 1.486604265272985685e+02
3.364039626443087059e+02 1.496631195006738437e+02
3.357175117903414616e+02 1.506660507320569309e+02
3.349748834453798736e+02 1.516692211068805136e+02
3.341788595842174914e+02 1.526726187824828003e+02
3.333338761666614118e+02 1.536762248753097140e+02
3.324449001477078127e+02 1.546800182413997504e+02
3.315173474782845346e+02 1.556839758254488402e+02
3.305586630909353971e+02 1.566880659349276357e+02
3.295777229052387156e+02 1.576922507857003097e+02
3.285830038443879175e+02 1.586964942921294437e+02
3.275828548327360750e+02 1.597007609134591064e+02
3.265845618042678780e+02 1.607050196340050547e+02
3.255936817086334258e+02 1.617092467982420771e+02
3.246145185068360774e+02 1.627134240845252577e+02
3.236516281575958374e+02 1.637175320984739528e+02
3.227108526079806552e+02 1.647215459713498547e+02
3.217967958162756759e+02 1.657254461044417440e+02
3.209122517571655635e+02 1.667292206040052633e+02
3.200586134180288695e+02 1.677328635401957229e+02
3.192353138040030558e+02 1.687363773266685030e+02
3.184411299261691397e+02 1.697397671695973145e+02
3.176746007977646400e+02 1.707430392882951651e+02
3.169353494222055474e+02 1.717461952876087707e+02
3.162230808021645316e+02 1.727492364233200135e+02
3.155359139546845881e+02 1.737521707026347428e+02
3.148702839120668955e+02 1.747550133013578488e+02
3.142202317283032471e+02 1.757577895862834225e+02
3.135798744566972687e+02 1.767605246006822313e+02
3.129457841283085600e+02 1.777632329371654123e+02
3.123175867465258762e+02 1.787659161878090686e+02
3.116966392990537997e+02 1.797685685760164631e+02
3.110840187761343145e+02 1.807711855171195054e+02
3.104797171778398024e+02 1.817737670451732868e+02
3.098822285178154061e+02 1.827763195710507773e+02
3.092902788076045226e+02 1.837788485180269618e+02
3.087049180376933464e+02 1.847813494163697214e+02
3.081277321937119495e+02 1.857838155146550889e+02
3.075607712570860031e+02 1.867862380862630971e+02
3.070050132189542751e+02 1.877886129679575333e+02
3.064600410830950636e+02 1.887909419348606548e+02
3.059241418650291280e+02 1.897932322790211401e+02
3.053948855867737393e+02 1.907954943446762286e+02
3.048717372531762635e+02 1.917977304092609074e+02
3.043560888516243494e+02 1.927999345471874051e+02
3.038490833717618216e+02 1.938021018928329795e+02
3.033518688031870170e+02 1.948042275592905526e+02
3.028635091543807789e+02 1.958063155310070158e+02
3.023817574457021351e+02 1.968083753732091736e+02
3.019035927045231915e+02 1.978104199459549477e+02
3.014268419505325483e+02 1.988124584994614565e+02
3.009504241935247819e+02 1.998144956354242936e+02
3.004736734395341387e+02 2.008165341889307740e+02
2.999955086983551382e+02 2.018185787616765481e+02
2.995137569896765513e+02 2.028206386038787059e+02
2.990253973408701995e+02 2.038227265755951976e+02
2.985281827722955086e+02 2.048248522420527422e+02
2.980211772924329239e+02 2.058270195876983450e+02
2.975055288908810098e+02 2.068292237256248427e+02
2.969819805609078003e+02 2.078314614929645927e+02
2.964506613013443825e+02 2.088337323405791608e+02
2.959105711212513938e+02 2.098360405253562249e+02
2.953608160287288911e+02 2.108383898529534690e+02
2.948020800175796694e+02 2.118407774116596727e+02
2.942368630651520220e+02 2.128431925592554421e+02
2.936679321463754491e+02 2.138456235169323350e+02
2.930977142392598012e+02 2.148480599532237818e+02
2.925270363363121078e+02 2.158504983476835832e+02
2.919568184291964599e+02 2.168529347839750301e+02
2.913878875104198869e+02 2.178553657416519513e+02
2.908226705579922964e+02 2.188577808892476924e+02
2.902639345468430179e+02 2.198601684479538960e+02
2.897141794543205151e+02 2.208625177755511686e+02
2.891744892706033170e+02 2.218648242575731047e+02
2.886452329923478715e+02 2.228670863232282215e+02
2.881258766243926175e+02 2.238693062456945313e+02
2.876150091795220760e+02 2.248714900314406577e+02
2.871113816690528893e+02 2.258736429973193935e+02
2.866144870975787740e+02 2.268757673015728642e+02
2.861224634819704988e+02 2.278778708705260669e+02
2.856320175505809402e+02 2.288803667270090045e+02
2.851384927348705105e+02 2.298845407051616974e+02
2.846362704537312993e+02 2.308916777342954560e+02
2.841186453007900923e+02 2.319024013642223281e+02
2.835783904971441416e+02 2.329156043484966858e+02
2.830090553730310035e+02 2.339283241200530199e+02
2.824044744527808461e+02 2.349355288790382019e+02
2.817584209021868560e+02 2.359311630775196988e+02
2.810660179460446670e+02 2.369084774142295657e+02
2.803239479967113539e+02 2.378591189360833198e+02
2.795315291002206664e+02 2.387734684589270557e+02
2.786904179033061837e+02 2.396422778468079571e+02
2.778049612093835776e+02 2.404577395251305916e+02
2.768813455198836095e+02 2.412145551106462449e+02
2.759276040264296057e+02 2.419104033859283334e+02
2.749519436395220850e+02 2.425464204253734692e+02
2.739613149079464733e+02 2.431245996593372354e+02
2.729612862301150926e+02 2.436461973951555251e+02
2.719564944676162099e+02 2.441121109023588076e+02
2.709502614618886582e+02 2.445218260355824214e+02
2.699449031378439372e+02 2.448734409189619043e+02
2.689415397188099632e+02 2.451639517566160862e+02
2.679404287842435792e+02 2.453899704213597204e+02
2.669406924680203588e+02 2.455477716164170090e+02
2.659406429257390982e+02 2.456319924781613793e+02
2.649385942073133720e+02 2.456377151389343680e+02
2.639332725790466156e+02 2.455619509937988312e+02
2.629240853705906602e+02 2.454052485706559139e+02
2.619121877524335105e+02 2.451716389885988292e+02
2.609005976311814834e+02 2.448676714600775881e+02
2.598948100778208641e+02 2.445022776741181190e+02
2.589022156542483799e+02 2.440854402603764584e+02
2.579304841524510721e+02 2.436262556518280178e+02
2.569873488901884571e+02 2.431330040036301909e+02
2.560800626725973643e+02 2.426126715047045366e+02
2.552147032965447124e+02 2.420710703352137614e+02
2.543964177915396192e+02 2.415105456060790630e+02
2.536278425706470898e+02 2.409302490867003996e+02
2.529084036639561930e+02 2.403271351928084982e+02
2.522338893169116432e+02 2.396951627986336746e+02
2.515978011757781587e+02 2.390265104960717792e+02
2.509942274778528315e+02 2.383137293833416663e+02
2.504197580595532315e+02 2.375523249364039486e+02
2.498749665608461896e+02 2.367412717040464543e+02
2.493632213621429798e+02 2.358820613609672989e+02
2.488877645821001181e+02 2.349794131485903677e+02
2.484526576418486172e+02 2.340402298404449652e+02
2.480633809380248920e+02 2.330721101759467615e+02
2.477262641830963048e+02 2.320827252797251390e+02
2.474465438142221672e+02 2.310796839297948964e+02
2.472280830762934158e+02 2.300703177471849017e+02
2.470722181872501153e+02 2.290600780931579550e+02
2.469772758904627494e+02 2.280519621177355987e+02
2.469394500647995017e+02 2.270471240336061953e+02
2.469547602134551596e+02 2.260449857800602160e+02
2.470201579960656204e+02 2.250442993222325754e+02
2.471341770366485662e+02 2.240438048909069835e+02
2.472963696407467182e+02 2.230431053882705328e+02
2.475071018050439591e+02 2.220421992563022968e+02
2.477664435289060521e+02 2.210410861970201495e+02
2.480736218193367790e+02 2.200397695009983181e+02
2.484274756868555301e+02 2.190382541104835354e+02
2.488264361456783433e+02 2.180365467045326113e+02
2.492687152120055600e+02 2.170346548944609140e+02
2.497497639270537775e+02 2.160325980448508574e+02
2.502612733661074458e+02 2.150304115261828031e+02
2.507933086191835059e+02 2.140281376306366212e+02
2.513370777659425812e+02 2.130258137847694968e+02
2.518849458755623516e+02 2.120234724899194418e+02
2.524312589992713072e+02 2.110211378145298511e+02
2.529724031698144415e+02 2.100188251429930801e+02
2.535057234112476294e+02 2.090165457773461242e+02
2.540292907410487260e+02 2.080143079291254935e+02
2.545416861720747193e+02 2.070121176388548747e+02
2.550428207051319873e+02 2.060099752853973030e+02
2.555331633359710963e+02 2.050078788722724141e+02
2.560126450652172707e+02 2.040058286932054443e+02
2.564822178842447897e+02 2.030038206956393196e+02
2.569433007801967506e+02 2.020018488390502114e+02
2.573975547380233593e+02 2.009999060527476331e+02
2.578471657379183739e+02 1.999979830311748970e+02
2.582951587524733554e+02 1.989960668972465498e+02
2.587457117438332830e+02 1.979941398656855540e+02
2.592039006660065183e+02 1.969921803285296278e+02
2.596739744804947350e+02 1.959901701982627173e+02
2.601592151575609932e+02 1.949880955037791637e+02
2.606608616859792278e+02 1.939859509707950451e+02
2.611783440709139654e+02 1.929837390257364120e+02
2.617092503342194050e+02 1.919814699362165129e+02
2.622503805048893923e+02 1.909791573242761729e+02
2.627978656179793688e+02 1.899768176598141167e+02
2.633485537020483207e+02 1.889744643605405940e+02
2.638999727794939076e+02 1.879721079494821083e+02
2.644515398555985257e+02 1.869697509084042508e+02
2.650051039136091617e+02 1.859673853663215368e+02
2.655631319311733023e+02 1.849650008214918557e+02
2.661281098857664347e+02 1.839625866912922731e+02
2.667021737580350305e+02 1.829601338830105135e+02
2.672866725357563951e+02 1.819576366541049879e+02
2.678815482194560218e+02 1.809550952514752282e+02
2.684850848246819055e+02 1.799525169799405830e+02
2.690952893694918657e+02 1.789499103234783774e+02
2.697100858726955153e+02 1.779472841193875752e+02
2.703268263582854161e+02 1.769446496399069702e+02
2.709422018562430026e+02 1.759420209710781364e+02
2.715528743968125696e+02 1.749394123223924566e+02
2.721561980039683704e+02 1.739368349575748880e+02
2.727508916893170294e+02 1.729342943296986732e+02
2.733373714490893462e+02 1.719317886678985303e+02
2.739172692684984440e+02 1.709293110249335825e+02
2.744914881393626729e+02 1.699268575568342214e+02
2.750606260562637431e+02 1.689244257179815634e+02
2.756234600302827289e+02 1.679220207145493191e+02
2.761786750733343752e+02 1.669196481443449329e+02
2.767255041923680210e+02 1.659173112724012640e+02
2.772635303911621349e+02 1.649150118738405126e+02
2.777927856694265643e+02 1.639127498124422857e+02
2.783138070222959186e+02 1.629105228022578729e+02
2.788275994406642440e+02 1.619083265651150612e+02
2.793351489155978697e+02 1.609061569037225468e+02
2.798364894467886757e+02 1.599040136733460713e+02
2.803328970226752972e+02 1.589018914421969271e+02
2.808261896267857196e+02 1.578997824712531610e+02
2.813188702364411711e+02 1.568976761055246811e+02
2.818132838303946528e+02 1.558955623626097236e+02
2.823103474003375482e+02 1.548934373389422490e+02
2.828095439509542075e+02 1.538913032353331403e+02
2.833093924956634169e+02 1.528891663562332042e+02
2.838073880571618588e+02 1.518870373651463410e+02
2.843014446543499503e+02 1.508849251419403004e+02
2.847894203066355203e+02 1.498828388048687543e+02
2.852698240275278181e+02 1.488807847009512670e+02
2.857401998392796827e+02 1.478787732851042449e+02
2.861972477717910692e+02 1.468768186050572524e+02
2.866371568595918689e+02 1.458749368838095393e+02
2.870559621386073559e+02 1.448731449999210952e+02
2.874493426479882032e+02 1.438714613474038799e+02
2.878137734196731117e+02 1.428699009317872424e+02
2.881451114912000548e+02 1.418684813893572141e+02
2.884397048956582807e+02 1.408672182662677983e+02
2.886949396567322310e+02 1.398661226900237011e+02
2.889105217770855916e+02 1.388651959121498294e+02
2.890884012390503131e+02 1.378644296317151259e+02
2.892330660019624702e+02 1.368638047438072931e+02
2.893499700164056208e+02 1.358632980313605003e+02
2.894456162234586714e+02 1.348628818118336881e+02
2.895285265459074822e+02 1.338625198080293330e+02
2.896087748924754806e+02 1.328621691360602028e+02
2.896942941912851666e+02 1.318617960260356767e+02
2.897908883897488295e+02 1.308613757709792651e+02
2.899019724569245682e+02 1.298608938336192296e+02
2.900283723853283959e+02 1.288603466977662890e+02
2.901695711796444925e+02 1.278597365642314116e+02
2.903259398365115658e+02 1.268590618537092780e+02
2.904986723451111175e+02 1.258583174834758438e+02
2.906874947079258504e+02 1.248575046199183873e+02
2.908915159330286997e+02 1.238566270559238944e+02
2.911104620229023112e+02 1.228556859578796434e+02
2.913424929942180484e+02 1.218546891584590526e+02
2.915855578655593376e+02 1.208536453885389506e+02
2.918391096418822031e+02 1.198525569766369188e+02
2.921028763256511525e+02 1.188514250806264556e+02
2.923761479232992428e+02 1.178502527228978352e+02
2.926574674480277736e+02 1.168490461057365621e+02
2.929449489169248295e+02 1.158478132576329074e+02
2.932368763455386329e+02 1.148465614834062762e+02
2.935320597446511215e+02 1.138452958487531248e+02
2.938297361211755288e+02 1.128440196016787809e+02
2.941286634863652125e+02 1.118427380292378643e+02
2.944280468474232180e+02 1.108414545156560962e+02
2.947266972151226696e+02 1.098401741223730994e+02
2.950212276201517057e+02 1.088389112674676369e+02
2.953071681030111790e+02 1.078376849792280154e+02
2.955791377124561450e+02 1.068365181639672699e+02
2.958297805151362923e+02 1.058354421353517409e+02
2.960509595847775586e+02 1.048344915316770880e+02
2.962361419805728247e+02 1.038336941631910975e+02
2.963797657529170806e+02 1.028330737067034022e+02
2.964748539650259431e+02 1.018326598625199324e+02
2.965151676734285502e+02 1.008324791893634256e+02
2.964971919099728552e+02 9.983254665019430263e+01
2.964189216928252222e+02 9.883287078007256810e+01
2.962814070124721297e+02 9.783344710926604648e+01
2.960915508063683887e+02 9.683424625247855033e+01
2.958623919563728464e+02 9.583521270415059234e+01
2.956107043105033085e+02 9.483627505924695811e+01
2.953534107154274011e+02 9.383736127845605779e+01
2.951057050334786140e+02 9.283840668262536155e+01
2.948812671407081325e+02 9.183935303753031576e+01
2.946935569151602863e+02 9.084014304546167295e+01
2.945561992333846888e+02 8.984071870632376999e+01
2.944823089765517352e+02 8.884102419103365378e+01
2.944825810477584014e+02 8.784101397217673934e+01
2.945630843920159236e+02 8.684066221470121150e+01
2.947263669862380766e+02 8.583995807205710094e+01
2.949753328041128384e+02 8.483888918224235454e+01
2.953145698040701745e+02 8.383743601465590700e+01
2.957483452489323099e+02 8.283518140025907428e+01
2.962784827329074346e+02 8.183085156467492993e+01
2.969040265951840638e+02 8.082358856827082150e+01
2.976203270357764268e+02 7.981368420736717439e+01
2.984178429642307719e+02 7.880231210794894992e+01
2.992833580919058249e+02 7.779225155545537973e+01
3.002026033888668621e+02 7.678775433006896378e+01
3.011617716812711478e+02 7.579350724984431054e+01
3.021488069202658835e+02 7.481445768085424675e+01
3.031531983839283839e+02 7.385586141368281687e+01
3.041658338933305572e+02 7.292450829937297385e+01
3.051793636069016884e+02 7.202726368757942055e+01
3.061888199475574766e+02 7.116893576828530854e+01
3.071924058293122357e+02 7.035209221474852370e+01
3.081915749654178853e+02 6.957595783165129433e+01
3.091888392175254126e+02 6.883744089826757317e+01
3.101858479601637555e+02 6.813263235797685979e+01
3.111829801525470884e+02 6.745682355492908755e+01
3.121802161576521257e+02 6.680540153092078981e+01
3.131775315537138908e+02 6.617262933793253410e+01
3.141748972449045141e+02 6.555167203789341102e+01
3.151722885370181189e+02 6.493672868336392412e+01
3.161696902968186578e+02 6.432424430655441938e+01
3.171670995998243825e+02 6.371353191368959301e+01
3.181645228015685802e+02 6.310608449124194408e+01
3.191619729408985791e+02 6.250496501145889283e+01
3.201594665728507607e+02 6.191406243910381590e+01
3.211570191882397012e+02 6.133701574120522082e+01
3.221546515266225583e+02 6.077869687361993556e+01
3.231523869583131727e+02 6.024459578660534476e+01
3.241502476744673800e+02 5.973992543292862933e+01
3.251482487955505007e+02 5.926823778040650836e+01
3.261463940633668699e+02 5.883041182107476175e+01
3.271446774629341689e+02 5.842503456773602011e+01
3.281430842654206117e+02 5.804864605173992231e+01
3.291415978306520174e+02 5.769733730850427378e+01
3.301402073078215267e+02 5.736855936112448262e+01
3.311393072618938049e+02 5.706126952053446644e+01
3.321401697432062292e+02 5.677688638461202686e+01
3.331440693453467929e+02 5.651860055646406522e+01
3.341516251654228427e+02 5.629207145194132522e+01
3.351617399947300555e+02 5.610688382858162981e+01
