3.351756206375723082e+02 5.608283558293953774e+01
3.361864181241287497e+02 5.592387629122868020e+01
3.371928144239291214e+02 5.581985223262131512e+01
3.381894699986209503e+02 5.578168923592733108e+01
3.391688763221234808e+02 5.582102536954724314e+01
3.401208981510730496e+02 5.594910087991769387e+01
3.410335311457170064e+02 5.617549295494058015e+01
3.418938716730672240e+02 5.650759759094523815e+01
3.426897864411927799e+02 5.694960047591837338e+01
3.434106825410603392e+02 5.750107569882572989e+01
3.440485032958990814e+02 5.815624350366809381e+01
3.445988454015819684e+02 5.890494054273091251e+01
3.450606855691524402e+02 5.973371105012338944e+01
3.454356957457632689e+02 6.062703476793137725e+01
3.457276925913262176e+02 6.156955430991513367e+01
3.459426019532409100e+02 6.254736132438958407e+01
3.460887460085286307e+02 6.354802927218949549e+01
3.461759079963619570e+02 6.456102241170376033e+01
3.462141146385166621e+02 6.557826698715021507e+01
3.462116103837214496e+02 6.659444785467769634e+01
3.461740669210169585e+02 6.760689584635835558e+01
3.461055748762867665e+02 6.861504454372476403e+01
3.460096792823975420e+02 6.961959886235700878e+01
3.458899211772642275e+02 7.062173473910871735e+01
3.457496656387086205e+02 7.162263785996429988e+01
3.455915509976613862e+02 7.262332000301248058e+01
3.454181444951686899e+02 7.362406724238826428e+01
3.452328101007506120e+02 7.462486525792121483e+01
3.450397607762350276e+02 7.562569611534320302e+01
3.448428194869832168e+02 7.662654354057235651e+01
3.446444922102893429e+02 7.762739686584797028e+01
3.444460919342569696e+02 7.862825050187635156e+01
3.442486836492363977e+02 7.962909991507208929e+01
3.440540183393627558e+02 8.062993765162471504e+01
3.438638629886257831e+02 8.163075618961354962e+01
3.436791745883546128e+02 8.263155145519701250e+01
3.434997661402434801e+02 8.363232424441309831e+01
3.433255676449267639e+02 8.463307485524398999e+01
3.431579020904171102e+02 8.563379765582715208e+01
3.429991624550327742e+02 8.663448245943018833e+01
3.428521227136395737e+02 8.763511745744642667e+01
3.427192988434409244e+02 8.863569193954634784e+01
3.426029438240235550e+02 8.963619631496175089e+01
3.425062836261578241e+02 9.063661685097275722e+01
3.424319672258424703e+02 9.163694227108371138e+01
3.423801726214644532e+02 9.263717181756857144e+01
3.423476648423348934e+02 9.363731926145925399e+01
3.423282039449918557e+02 9.463741116573535805e+01
3.423148979918808550e+02 9.563747686886731003e+01
3.423021110340674795e+02 9.663754036267454239e+01
3.422852601130763333e+02 9.763762115647358542e+01
3.422598662694897484e+02 9.863773831686475546e+01
3.422208345494714195e+02 9.963791353269115803e+01
3.421642689883215098e+02 1.006381633887875182e+02
3.420894475925816778e+02 1.016384909586267895e+02
3.419998943303224337e+02 1.026388812409365130e+02
3.419020361433113635e+02 1.036393068766990666e+02
3.418027449692841060e+02 1.046397386125817945e+02
3.417072737606453643e+02 1.056401540871532632e+02
3.416189594871600548e+02 1.066405390951790366e+02
3.415391851362973057e+02 1.076408877493833813e+02
3.414673567134391305e+02 1.086412025783575928e+02
3.414012102390986456e+02 1.096414932196955760e+02
3.413372197452235923e+02 1.106417746831835416e+02
3.412710732708831074e+02 1.116420653245214964e+02
3.411992448480249891e+02 1.126423801534957079e+02
3.411194704971621832e+02 1.136427288077000526e+02
3.410311562236768737e+02 1.146431138157258260e+02
3.409356850150381888e+02 1.156435292902972947e+02
3.408363938410109313e+02 1.166439610261800226e+02
3.407379426593727203e+02 1.176443891862770101e+02
3.406451554264154424e+02 1.186447932353617318e+02
3.405626511002880648e+02 1.196451535108696476e+02
3.404942196466511177e+02 1.206454538791961397e+02
3.404421390448644047e+02 1.216456846431509291e+02
3.404077992823338832e+02 1.226458398856599672e+02
3.403922803492740172e+02 1.236459150092845221e+02
3.403965372370319074e+02 1.246459059486967931e+02
3.404205699456076673e+02 1.256458127038967518e+02
3.404637204809631044e+02 1.266456380759165654e+02
3.405259318436147282e+02 1.276453823073988190e+02
3.406067180379658339e+02 1.286450474671909490e+02
3.407042620804796798e+02 1.296446412900580469e+02
3.408153220005306139e+02 1.306441775768302023e+02
3.409347388448621814e+02 1.316436782887913637e+02
3.410552136796077320e+02 1.326431744969652868e+02
3.411670535925913441e+02 1.336427074633650136e+02
3.412597886786775234e+02 1.346423217576053446e+02
3.413229860323953631e+02 1.356420617917962659e+02
3.413471737395667560e+02 1.366419678871786232e+02
3.413250668661980853e+02 1.376420710551797129e+02
3.412513214607089935e+02 1.386423940446077836e+02
3.411222775562613947e+02 1.396429524356719298e+02
3.409361551689830776e+02 1.406437538056324570e+02
3.406934735584763416e+02 1.416450929467304150e+02
3.403971560530894749e+02 1.426479804238415454e+02
3.400513434635654448e+02 1.436533026180303807e+02
3.396603521888803812e+02 1.446609091535084701e+02
3.392269228145563602e+02 1.456692873502051100e+02
3.387515800932964680e+02 1.466757939503573880e+02
3.382335472439542627e+02 1.476771932313180287e+02
3.376716465400996867e+02 1.486702631773428323e+02
3.370651643114500189e+02 1.496522638016201938e+02
3.364128468891138368e+02 1.506209264203222915e+02
3.357130091019130305e+02 1.515741001875456959e+02
3.349647456326355268e+02 1.525105379458242680e+02
3.341683665260536600e+02 1.534307193796783508e+02
3.333258139730568246e+02 1.543372692452012416e+02
3.324401366087651013e+02 1.552347936064289797e+02
3.315162728491095550e+02 1.561292524950806921e+02
3.305606801182979098e+02 1.570270744808729262e+02
3.295806678107784933e+02 1.579342095024439061e+02
3.285845345141033249e+02 1.588552412751689644e+02
3.275804493627416036e+02 1.597927680475013119e+02
3.265767323288903299e+02 1.607472354062904003e+02
3.255824260052027626e+02 1.617173538465505942e+02
3.246065801232351760e+02 1.627009268246884517e+02
3.236576299263082888e+02 1.636956444118906120e+02
3.227423696761123892e+02 1.646987346606322262e+02
3.218654785931495894e+02 1.657069506225774944e+02
3.210287818726978912e+02 1.667170454986571713e+02
3.202315932784326264e+02 1.677263811861994043e+02
3.194716504412059521e+02 1.687334663023429755e+02
3.187449408354598290e+02 1.697381859269175948e+02
3.180459053598248147e+02 1.707414677327989807e+02
3.173680304281539861e+02 1.717443624571126861e+02
3.167046103655123375e+02 1.727471956481138307e+02
3.160492362299691536e+02 1.737499945881960741e+02
3.153962150731064185e+02 1.747527835118214057e+02
3.147416559301789221e+02 1.757555789825401575e+02
3.140833898208389883e+02 1.767583902335417747e+02
3.134223097369955440e+02 1.777612134634255767e+02
3.127611846535598943e+02 1.787640368848693129e+02
3.121018605538060342e+02 1.797668526396581967e+02
3.114448624329772883e+02 1.807696584929261689e+02
3.107905522877936733e+02 1.817724529036798344e+02
3.101399651088775045e+02 1.827752314660403954e+02
3.094959018708500480e+02 1.837779822564651795e+02
3.088622255387102200e+02 1.847806888305968869e+02
3.082422910820598645e+02 1.857833369065769773e+02
3.076373824892651214e+02 1.867859210185616234e+02
3.070471397635877793e+02 1.877884426990304405e+02
3.064708019119229903e+02 1.887909051874749480e+02
3.059082839350407994e+02 1.897933088457306496e+02
3.053597328316094490e+02 1.907956530480350352e+02
3.048255115983398014e+02 1.917979362491378481e+02
3.043049462413388824e+02 1.928001613181814378e+02
3.037962827764987992e+02 1.938023357217469425e+02
3.032972302245773903e+02 1.948044692123642108e+02
3.028054356068942070e+02 1.958065718064901262e+02
3.023182099478132159e+02 1.968086549508958569e+02
3.018341002604994401e+02 1.978107248308393764e+02
3.013523855514855541e+02 1.988127845155366913e+02
3.008737598144835488e+02 1.998148310507077099e+02
3.003984350475725478e+02 2.008168635338922456e+02
2.999253912599942851e+02 2.018188863071158039e+02
2.994526684695076142e+02 2.028209077138783982e+02
2.989784966921497471e+02 2.038229352888713493e+02
2.985012159429612097e+02 2.048249760985283388e+02
2.980200842286650413e+02 2.058270333014601192e+02
2.975346885530031500e+02 2.068291086557612459e+02
2.970440239250815466e+02 2.078312064396039887e+02
2.965460673632297244e+02 2.088333352646722858e+02
2.960389988839380067e+02 2.098355028785018135e+02
2.955222234925973908e+02 2.108377118139408140e+02
2.949966421810443080e+02 2.118399582355334019e+02
2.944635159378533444e+02 2.128422367753441335e+02
2.939243377494971128e+02 2.138445410778395512e+02
2.933799016087814380e+02 2.148468677630508239e+02
2.928310805077964005e+02 2.158492131147148996e+02
2.922797464295806549e+02 2.168515691639379384e+02
2.917278613563573231e+02 2.178539275587060899e+02
2.911765682777700590e+02 2.188562834333967260e+02
2.906255681965280928e+02 2.198586380608192314e+02
2.900729951295384126e+02 2.208609993843261918e+02
2.895167090961906524e+02 2.218633765136573857e+02
2.889548471133647354e+02 2.228657773793947285e+02
2.883870071847030658e+02 2.238682036928070715e+02
2.878139603032198579e+02 2.248706521718339673e+02
2.872373354541554136e+02 2.258731158820052940e+02
2.866597036142150046e+02 2.268755838788625567e+02
2.860838100228320400e+02 2.278783414788148036e+02
2.855121190125135513e+02 2.288824012006491557e+02
2.849458754202420323e+02 2.298886617533771357e+02
2.843848779502341131e+02 2.308972889953950869e+02
2.838269205876669616e+02 2.319078143132145442e+02
2.832677882365013602e+02 2.329188146371324422e+02
2.827007892391831660e+02 2.339282704344857109e+02
2.821167980062819538e+02 2.349337135295211567e+02
2.815052246199479100e+02 2.359318969729112041e+02
2.808556742345448924e+02 2.369179459701784367e+02
2.801598622621186223e+02 2.378844577208102180e+02
2.794130182331026049e+02 2.388221704482428436e+02
2.786137262756721498e+02 2.397207810863320105e+02
2.777642164629277204e+02 2.405694960441104513e+02
2.768691667451349190e+02 2.413584273184779079e+02
2.759353031247573540e+02 2.420793392029764277e+02
2.749707959591557369e+02 2.427252508540613292e+02
2.739842319103061641e+02 2.432904266673083384e+02
2.729835761341267357e+02 2.437711277020657690e+02
2.719753999302722036e+02 2.441657659706604591e+02
2.709646840252505058e+02 2.444752062785343583e+02
2.699549804513846425e+02 2.447025025327547780e+02
2.689480602903321937e+02 2.448528382409914173e+02
2.679439560283942683e+02 2.449324353213280858e+02
2.669407733806655756e+02 2.449466338859075165e+02
2.659361294986078974e+02 2.448994681148005554e+02
2.649281219028070495e+02 2.447943531375915427e+02
2.639167665756102679e+02 2.446336339074921398e+02
2.629038237563819393e+02 2.444199469552494293e+02
2.618928459116477256e+02 2.441564481870065038e+02
2.608888275985439122e+02 2.438472513787674814e+02
2.598980677114566333e+02 2.434965467548118738e+02
2.589278397535734371e+02 2.431089003940243174e+02
2.579866044529665032e+02 2.426898683303760436e+02
2.570828926748048389e+02 2.422459783080767011e+02
2.562246904207814282e+02 2.417835563889313448e+02
2.554175960369939276e+02 2.413085447952489631e+02
2.546639413686340561e+02 2.408251306385640476e+02
2.539624224804879589e+02 2.403345064803877165e+02
2.533090182906530288e+02 2.398345474187614741e+02
2.526979244532850259e+02 2.393209561231977318e+02
2.521231210421517517e+02 2.387871851605231655e+02
2.515793911597912142e+02 2.382252826664361578e+02
2.510634574391784497e+02 2.376267125149779531e+02
2.505740969853532363e+02 2.369837498418833661e+02
2.501124731266453978e+02 2.362901266382023664e+02
2.496818104446716688e+02 2.355419791422450260e+02
2.492872901812022519e+02 2.347388832942044701e+02
2.489346224856055301e+02 2.338841508166218546e+02
2.486285923026842397e+02 2.329836313935258545e+02
2.483723444848205588e+02 2.320452707096254130e+02
2.481670582179748692e+02 2.310775668222556192e+02
2.480106364368354264e+02 2.300889657349139270e+02
2.478979550675732924e+02 2.290867433261312271e+02
2.478225229067574560e+02 2.280772082853923735e+02
2.477795201847805799e+02 2.270653581751963941e+02
2.477665179889124545e+02 2.260547423673116043e+02
2.477847247535680992e+02 2.250471047333688830e+02
2.478382317315266334e+02 2.240427308599518028e+02
2.479328200647148890e+02 2.230407021290649823e+02
2.480744605907215146e+02 2.220397931124198294e+02
2.482694778974059204e+02 2.210389538774427365e+02
2.485233136711555915e+02 2.200378642565845837e+02
2.488393618812189061e+02 2.190365098019683501e+02
2.492175805279764518e+02 2.180348906923833283e+02
2.496540236471812477e+02 2.170330237255085990e+02
2.501411333073132539e+02 2.160309410749018184e+02
2.506693485950007414e+02 2.150286834406668675e+02
2.512276096104538112e+02 2.140262979039823676e+02
2.518045814563741942e+02 2.130238327166709951e+02
2.523891892331079418e+02 2.120213350237647205e+02
2.529723750227258847e+02 2.110188433841528308e+02
2.535483288778699489e+02 2.100163825303532121e+02
2.541143908226413828e+02 2.090139637856872810e+02
2.546696368654121159e+02 2.080115910835193631e+02
2.552127780178612397e+02 2.070092699109777357e+02
2.557420692957995527e+02 2.060070076963315842e+02
2.562560777122108107e+02 2.050048105397009977e+02
2.567538992752857894e+02 2.040026822893125598e+02
2.572358999817083713e+02 2.030006213871453724e+02
2.577035328183134197e+02 2.019986216479414338e+02
2.581583057714375968e+02 2.009966766523141075e+02
2.586009158347658285e+02 1.999947834332125751e+02
2.590329109942720720e+02 1.989929354009746021e+02
2.594567812273956520e+02 1.979911219559496374e+02
2.598756065062299285e+02 1.969893299869234227e+02
2.602939007898752948e+02 1.959875402783046070e+02
2.607171160289335603e+02 1.949857296215411111e+02
2.611515891659877298e+02 1.939838710407352664e+02
2.616031931478249817e+02 1.929819395351852336e+02
2.620763049347871174e+02 1.919799164724933007e+02
2.625731575066417918e+02 1.909777923470290943e+02
2.630929818703566525e+02 1.899755704323393388e+02
2.636342530397490691e+02 1.889732572201778282e+02
2.641948040344533979e+02 1.879708619352203414e+02
2.647716238817509975e+02 1.869683973949559288e+02
2.653616316095576053e+02 1.859658767148557672e+02
2.659604642574045101e+02 1.849633184677211375e+02
2.665636848654935420e+02 1.839607415413630065e+02
2.671672804701848918e+02 1.829581630186719963e+02
2.677690410915023449e+02 1.819555923073699830e+02
2.683683037354531962e+02 1.809530322297736120e+02
2.689652024008232729e+02 1.799504822154598855e+02
2.695609210768848811e+02 1.789479372242737441e+02
2.701567487519588440e+02 1.779453917690868252e+02
2.707538194157705220e+02 1.769428410225884249e+02
2.713525670643875287e+02 1.759402831372892422e+02
2.719525117021590290e+02 1.749377201564954021e+02
2.725531703334613667e+02 1.739351541362837565e+02
2.731528029740597390e+02 1.729325924836388992e+02
2.737495706406168097e+02 1.719300430269775006e+02
2.743412453533193798e+02 1.709275152506454276e+02
2.749257741307689002e+02 1.699250178940332603e+02
2.755005559965320003e+02 1.689225620293061070e+02
2.760621959813693138e+02 1.679201621085978502e+02
2.766087931025050466e+02 1.669178262242521384e+02
2.771392143702049111e+02 1.659155591993227858e+02
2.776529917887091869e+02 1.649133630260333234e+02
2.781513883465743220e+02 1.639112323279344139e+02
2.786369690205599454e+02 1.629091561861090440e+02
2.791137657741338103e+02 1.619071174367857111e+02
2.795866635630349037e+02 1.609050952850677731e+02
2.800617853317851882e+02 1.599030636660314144e+02
2.805445150316025433e+02 1.589009996605930439e+02
2.810379396345169880e+02 1.578988901277400885e+02
2.815433301290123609e+02 1.568967296569682048e+02
2.820600035212771672e+02 1.558945211557317805e+02
2.825858218306828462e+02 1.548922737252567856e+02
2.831170320912339093e+02 1.538900033416430233e+02
2.836483053512141055e+02 1.528877326898452793e+02
2.841732366686565570e+02 1.518854890352297389e+02
2.846849861055356996e+02 1.508833014949086078e+02
2.851786007067286164e+02 1.498811911532469878e+02
2.856511274989911726e+02 1.488791705808343977e+02
2.861013814930601029e+02 1.478772448220828437e+02
2.865287546944445012e+02 1.468754164651800806e+02
2.869322591120959487e+02 1.458736897159311923e+02
2.873110627535530739e+02 1.448720681160668278e+02
2.876639016302682990e+02 1.438705570462930723e+02
2.879884507633075827e+02 1.428691664038740328e+02
2.882819491776871814e+02 1.418679079420767266e+02
2.885420248948987023e+02 1.408667917582390032e+02
2.887675359252895646e+02 1.398658227137265726e+02
2.889593182612849205e+02 1.388649972497813678e+02
2.891202118771528262e+02 1.378643032768421222e+02
2.892535047431019848e+02 1.368637267982618368e+02
2.893630668240679711e+02 1.358632513398849824e+02
2.894544760695107470e+02 1.348628531567915729e+02
2.895356974072628304e+02 1.338624983428706514e+02
2.896155257576363056e+02 1.328621494587943914e+02
2.897016830506653378e+02 1.318617736328754972e+02
2.897993522393888384e+02 1.308613488016647466e+02
2.899104723062384323e+02 1.298608667110567296e+02
2.900354162478344051e+02 1.288603257732323755e+02
2.901749890568831347e+02 1.278597225613970068e+02
2.903297877279753152e+02 1.268590545341886298e+02
2.905003982558013718e+02 1.258583191970710118e+02
2.906870316384497528e+02 1.248575156518408562e+02
2.908895468771978585e+02 1.238566444987193336e+02
2.911079259722087613e+02 1.228557058143304346e+02
2.913424359210633838e+02 1.218546984620851106e+02
2.915926007280744443e+02 1.208536244682618985e+02
2.918576574001552899e+02 1.198524870808662399e+02
2.921370889419901573e+02 1.188512885007090460e+02
2.924304203578828378e+02 1.178500307498119923e+02
2.927366816566221246e+02 1.168487179573562571e+02
2.930540928543358632e+02 1.158473577006020037e+02
2.933802209730685036e+02 1.148459603365571695e+02
2.937124640363956019e+02 1.138445369416436961e+02
2.940487100634531430e+02 1.128430965064085569e+02
2.943877140655216067e+02 1.118416443306769565e+02
2.947276060595443141e+02 1.108401883748290118e+02
2.950661020662155352e+02 1.098387383615963984e+02
2.954000501140943697e+02 1.088373077086892806e+02
2.957241022516367366e+02 1.078359191819434386e+02
2.960315845393130303e+02 1.068346011918277441e+02
2.963157460382913087e+02 1.058333824765914528e+02
2.965688148189904609e+02 1.048322961207662161e+02
2.967825669559247217e+02 1.038313771329969768e+02
2.969495275168220019e+02 1.028306573335196674e+02
2.970636675563085873e+02 1.018301623871106472e+02
2.971207071131638600e+02 1.008299105132495015e+02
2.971193951987224295e+02 9.982990703730277460e+01
2.970623347893997561e+02 9.883014087859169194e+01
2.969556178299987437e+02 9.783058610415599787e+01
2.968072742477627344e+02 9.683120853118700211e+01
2.966263529607026612e+02 9.583196963910739896e+01
2.964230738762191208e+02 9.483282592252425047e+01
2.962085668934678324e+02 9.383373000227689431e+01
2.959944209074457149e+02 9.283463254529303299e+01
2.957915368193832251e+02 9.183548714723923467e+01
2.956099745381309276e+02 9.083625098382466945e+01
2.954595779744963693e+02 8.983688215024625379e+01
2.953499370415884755e+02 8.883733982295035503e+01
2.952911776476597652e+02 8.783758089669154856e+01
2.952941566943393923e+02 8.683755915443947515e+01
2.953691758239805267e+02 8.583693374017056499e+01
2.955260495928210389e+02 8.483463986477283925e+01
2.957741640675554322e+02 8.382973356426106193e+01
2.961211187412416166e+02 8.282231448934916784e+01
2.965714066985084401e+02 8.181356752421595502e+01
2.971254528274698714e+02 8.080510987481321195e+01
2.977788960947920032e+02 7.979929212686809592e+01
2.985226986298430916e+02 7.879921778170097468e+01
2.993449002440364666e+02 7.780815678211979503e+01
3.002321131502336016e+02 7.683018115532675552e+01
3.011701727234724331e+02 7.587057724643781853e+01
3.021446132049201765e+02 7.493436568005446929e+01
3.031420347479505608e+02 7.402560453458832512e+01
3.041516589992638728e+02 7.314705271727697777e+01
3.051654603144232851e+02 7.229998540394177553e+01
3.061781564425494935e+02 7.148388507584280660e+01
3.071870925231143019e+02 7.069644101348688991e+01
3.081917071096951872e+02 6.993473058040760293e+01
3.091927053179459790e+02 6.919525574331257189e+01
3.101912641659698124e+02 6.847472946198521981e+01
3.111885732773721998e+02 6.777071165022289279e+01
3.121856479081192788e+02 6.708138096969236130e+01
3.131827779550311561e+02 6.640506817121115546e+01
3.141799591016236946e+02 6.574075926396665182e+01
3.151771907945014846e+02 6.508832424913669001e+01
3.161744777758374312e+02 6.444887711662784113e+01
3.171718285338657779e+02 6.382441184837330184e+01
3.181692507565258552e+02 6.321673442800957332e+01
3.191667484367782777e+02 6.262678284703784470e+01
3.201643228814876352e+02 6.205486410267658925e+01
3.211619739203784434e+02 6.150093819528817107e+01
3.221597037542616704e+02 6.096552212018823980e+01
3.231575157460785590e+02 6.044940587021898182e+01
3.241554117262909926e+02 5.995301944148431517e+01
3.251533939638200081e+02 5.947689582915498363e+01
3.261514656683590374e+02 5.902178902639926150e+01
3.271496325952203392e+02 5.858905102096727546e+01
3.281479021088197214e+02 5.818041179718417766e+01
3.291462792450554389e+02 5.779705434433125788e+01
3.301450648579766494e+02 5.743988338990405396e+01
3.311452827471232467e+02 5.710908457738480593e+01
3.321481351152041270e+02 5.680517279379674278e+01
3.331545241869399092e+02 5.653007821595898008e+01
3.341641626133954901e+02 5.628747810040181321e+01
3.351756206375723082e+02 5.608283558293953774e+01
