3.341514814105671576e+02 5.616220799949249454e+01
3.351632004329297843e+02 5.596320242206419948e+01
3.361758109655430644e+02 5.581928454870384826e+01
3.371840364586015539e+02 5.574255195070279001e+01
3.381809820592038704e+02 5.574597409618689881e+01
3.391584803775905925e+02 5.584286687346744316e+01
3.401067453390220408e+02 5.604544905147545819e+01
3.410139011904141171e+02 5.636367027410844344e+01
3.418670613130084348e+02 5.680328545039887445e+01
3.426532308149004393e+02 5.736364289223834589e+01
3.433615082626780008e+02 5.803667693272569750e+01
3.439859223096732990e+02 5.880869386714030611e+01
3.445245141461388130e+02 5.966259387898111299e+01
3.449775384593501144e+02 6.057997971738302567e+01
3.453464434729214076e+02 6.154398706462006885e+01
3.456340574396741658e+02 6.253986974752839956e+01
3.458453899177031872e+02 6.355388831649403869e+01
3.459870897260927904e+02 6.457447536343289585e+01
3.460667385364048414e+02 6.559355054080739933e+01
3.460917067050100968e+02 6.660695343614196418e+01
3.460689818655988574e+02 6.761411329869298470e+01
3.460044468657238781e+02 6.861686110242834502e+01
3.459024494147308815e+02 6.961770336234792467e+01
3.457673005655981910e+02 7.061828774171186751e+01
3.456039769717475565e+02 7.161899205888838083e+01
3.454180065830920512e+02 7.261979278180194797e+01
3.452161513383639431e+02 7.362066112537755203e+01
3.450049621782073928e+02 7.462156920274347272e+01
3.447892870586966296e+02 7.562249637650788259e+01
3.445708109645646005e+02 7.662343547381490794e+01
3.443504018879466457e+02 7.762438279968597499e+01
3.441310848014345538e+02 7.862532547703560226e+01
3.439167436698369329e+02 7.962624697211174407e+01
3.437105394645133174e+02 8.062713382889222657e+01
3.435145031670617186e+02 8.162797740163796334e+01
3.433299507655582943e+02 8.262877208828467701e+01
3.431580322495834139e+02 8.362951299341148115e+01
3.429991366156124855e+02 8.463019846108898037e+01
3.428528038678134067e+02 8.563083044948561451e+01
3.427181490142047551e+02 8.663141272594697284e+01
3.425940280651518606e+02 8.763195016035271578e+01
3.424790460332943098e+02 8.863244869106125634e+01
3.423714439345695837e+02 8.963291580593809726e+01
3.422684297942748799e+02 9.063336339021392973e+01
3.421655606526663860e+02 9.163381035724103185e+01
3.420587075471553362e+02 9.263427428370897587e+01
3.419474704813658263e+02 9.363475687237283296e+01
3.418351134257242165e+02 9.463524422875099162e+01
3.417264833363137768e+02 9.563571571970848595e+01
3.416259021739746800e+02 9.663615294697638092e+01
3.415368609070764023e+02 9.763654104975958603e+01
3.414619355122788420e+02 9.863686906231518492e+01
3.414030089725209791e+02 9.963712896892351978e+01
3.413618022722094452e+02 1.006373134434808208e+02
3.413387214076657301e+02 1.016374207576906201e+02
3.413316133983972804e+02 1.026374600766322374e+02
3.413355022894895114e+02 1.036374525825791864e+02
3.413433131450461246e+02 1.046374283930123568e+02
3.413472020361383557e+02 1.056374208989593058e+02
3.413400940268699060e+02 1.066374602179009514e+02
3.413170131623261909e+02 1.076375675321107508e+02
3.412754064656388664e+02 1.086377537094231229e+02
3.412144169445729744e+02 1.096380223979909374e+02
3.411349015913635867e+02 1.106383699496613247e+02
3.410394133828788767e+02 1.116387854965998940e+02
3.409329272740425267e+02 1.126392478607900216e+02
3.408225212007237133e+02 1.136397269119801763e+02
3.407160350918874201e+02 1.146401892761703039e+02
3.406205468834026533e+02 1.156406048231088448e+02
3.405410315301933224e+02 1.166409523747792605e+02
3.404792430163668087e+02 1.176412244646003842e+02
3.404335083570816209e+02 1.186414282143454386e+02
3.404012475757141374e+02 1.196415746067848431e+02
3.403812456832728230e+02 1.206416688140372173e+02
3.403733276813434259e+02 1.216417115810579332e+02
3.403775845691013728e+02 1.226417025204702043e+02
3.403940163465466640e+02 1.236416416322740019e+02
3.404225320145038154e+02 1.246415293038461414e+02
3.404633065713871929e+02 1.256413647902312789e+02
3.405179540025730489e+02 1.266411412208125284e+02
3.405903212732052907e+02 1.276408422193426873e+02
3.406829403603425135e+02 1.286404570073819968e+02
3.407937892823052266e+02 1.296399941923574772e+02
3.409167550944808340e+02 1.306394797966239878e+02
3.410420428856177182e+02 1.316389555163971465e+02
3.411576177647600616e+02 1.326384725833210609e+02
3.412517748379621025e+02 1.336380808242670071e+02
3.413146421946698865e+02 1.346378222632308734e+02
3.413388579015876303e+02 1.356377282394203974e+02
3.413184770125802743e+02 1.366378240600332390e+02
3.412496485625403011e+02 1.376381261183441893e+02
3.411307315663361805e+02 1.386386413999060210e+02
3.409623360184408511e+02 1.396393673080172562e+02
3.407471858941732421e+02 1.406402922469155783e+02
3.404884301650016596e+02 1.416414028116614929e+02
3.401884968089269705e+02 1.426426886665315124e+02
3.398486788142338355e+02 1.436441443073697428e+02
3.394683571865307385e+02 1.446457723691897286e+02
3.390454939442831801e+02 1.456475815275287005e+02
3.385775091108674246e+02 1.466495827651571062e+02
3.380624604023955158e+02 1.476521833538495230e+02
3.374981262282652779e+02 1.486566587622243674e+02
3.368829992716044899e+02 1.496638774146287290e+02
3.362183036649241217e+02 1.506731630939409854e+02
3.355063651705280563e+02 1.516821058778168094e+02
3.347492885210359077e+02 1.526871147741091477e+02
3.339503119914417084e+02 1.536842539621839592e+02
3.331141226698334776e+02 1.546700104578036417e+02
3.322464775382069888e+02 1.556417837305797036e+02
3.313531065373667843e+02 1.565976683715331319e+02
3.304404502785292834e+02 1.575359149478539962e+02
3.295150669739608134e+02 1.584560895380372472e+02
3.285832797315320022e+02 1.593603182445860966e+02
3.276515726707010003e+02 1.602535485101585095e+02
3.267258518684792534e+02 1.611428332571512101e+02
3.258112586525853089e+02 1.620359906703465640e+02
3.249120941145729375e+02 1.629400805044460867e+02
3.240306864115560757e+02 1.638600678937332304e+02
3.231684506958747534e+02 1.647980998335165168e+02
3.223264162298910946e+02 1.657537659386230757e+02
3.215053826759324807e+02 1.667253407893469728e+02
3.207048050316586227e+02 1.677109456886798284e+02
3.199240443370166531e+02 1.687080073332872416e+02
3.191635987180496841e+02 1.697130305710344089e+02
3.184222144904516654e+02 1.707220987032271751e+02
3.176963674378444011e+02 1.717316446997396042e+02
3.169824833759891476e+02 1.727392837538651520e+02
3.162770334804618528e+02 1.737443598814697339e+02
3.155770924472382717e+02 1.747477475431672929e+02
3.148806786835416460e+02 1.757507211859231120e+02
3.141862089022312716e+02 1.767536865532891284e+02
3.134915451226785876e+02 1.777566527464913975e+02
3.127947883620897755e+02 1.787596278493597310e+02
3.120962856173206887e+02 1.797626103847540833e+02
3.113981818689364331e+02 1.807655912216502259e+02
3.107039920850890553e+02 1.817685553970876811e+02
3.100170782353168306e+02 1.827714885994097926e+02
3.093390383051410026e+02 1.837743840261099706e+02
3.086713882808256244e+02 1.847772352237463451e+02
3.080171331351436947e+02 1.857800294003711770e+02
3.073806368285547705e+02 1.867827479789263236e+02
3.067655603278880108e+02 1.877853753749457155e+02
3.061748116067953447e+02 1.887878992093997113e+02
3.056104446466662239e+02 1.897903107386408692e+02
3.050723564484339363e+02 1.907926104011286554e+02
3.045596250204523017e+02 1.917948021217135306e+02
3.040714333701238274e+02 1.927968893782728514e+02
3.036045685265602287e+02 1.937988858481869840e+02
3.031541405340677215e+02 1.948008123476370201e+02
3.027139894484595857e+02 1.958026950990515616e+02
3.022779023260292774e+02 1.968045605504742355e+02
3.018396212234778204e+02 1.978064353415086885e+02
3.013941381861807258e+02 1.988083407906487423e+02
3.009387622385200416e+02 1.998102883531794021e+02
3.004732963822806937e+02 2.008122788677075334e+02
2.999993406029656740e+02 2.018143055232127381e+02
2.995187378838764403e+02 2.028163604742508710e+02
2.990321222192685582e+02 2.038184410219550955e+02
2.985394356096674073e+02 2.048205474132248582e+02
2.980410440517569555e+02 2.058226780900393180e+02
2.975378465373917152e+02 2.068248292254563410e+02
2.970298990660642175e+02 2.078270005810902035e+02
2.965162986459562262e+02 2.088291960009105708e+02
2.959943343016309996e+02 2.098314270253401332e+02
2.954605520643838190e+02 2.108337083576692521e+02
2.949128129535952212e+02 2.118360491033807591e+02
2.943515179656320129e+02 2.128384475554627500e+02
2.937786660823819602e+02 2.138408952043965314e+02
2.931974502749147291e+02 2.148433784579395365e+02
2.926107995166917704e+02 2.158458848476675200e+02
2.920224557738083035e+02 2.168483984443064401e+02
2.914358050155853448e+02 2.178509048340344236e+02
2.908545892081181137e+02 2.188533880875774287e+02
2.902817373248680610e+02 2.198558357365112101e+02
2.897208413332896271e+02 2.208582324900949914e+02
2.891747672074151865e+02 2.218605661480883953e+02
2.886439109436566923e+02 2.228628350247639105e+02
2.881262665601897197e+02 2.238650476594383747e+02
2.876183780883277450e+02 2.248672187639158437e+02
2.871156755694774461e+02 2.258693677921734206e+02
2.866142540390205795e+02 2.268715113673577832e+02
2.861105455292852753e+02 2.278736646780444630e+02
2.856018550646898575e+02 2.288758391965459111e+02
2.850842763791411585e+02 2.298784505551643633e+02
2.845527819074612808e+02 2.308827861673452446e+02
2.840029000581496916e+02 2.318901260797495354e+02
2.834306634000253098e+02 2.329010821868306493e+02
2.828326131200450391e+02 2.339145312021898633e+02
2.822060095148227674e+02 2.349274947614512143e+02
2.815479550790784060e+02 2.359349271532523744e+02
2.808556309477268655e+02 2.369307583221873301e+02
2.801257280341300202e+02 2.379086322970776450e+02
2.793555211260323290e+02 2.388614576145931778e+02
2.785433409436271290e+02 2.397804803013546007e+02
2.776901103051837367e+02 2.406557893392284200e+02
2.767990127910069305e+02 2.414771780835924346e+02
2.758747996714781721e+02 2.422357732284245628e+02
2.749234127587345142e+02 2.429249404199862852e+02
2.739511894327877144e+02 2.435414666516505235e+02
2.729633400036332205e+02 2.440851787421432846e+02
2.719647643858157835e+02 2.445569858413157363e+02
2.709600944835380005e+02 2.449577952398922491e+02
2.699535224294712066e+02 2.452878640947645010e+02
2.689477754600879393e+02 2.455481818053575012e+02
2.679439968284789870e+02 2.457411545267723625e+02
2.669424686252607444e+02 2.458691520796529062e+02
2.659423386022594968e+02 2.459344671126967796e+02
2.649423453471002858e+02 2.459381800053836855e+02
2.639420848317569721e+02 2.458791104669214462e+02
2.629411446761895945e+02 2.457541162242948189e+02
2.619382427454937101e+02 2.455594097010904591e+02
2.609321047696047344e+02 2.452918762935128996e+02
2.599221284405805932e+02 2.449498005499764588e+02
2.589094527484790547e+02 2.445334126240135788e+02
2.578970822971321581e+02 2.440461367563886768e+02
2.568900972403810101e+02 2.434931663685124761e+02
2.558946042769215694e+02 2.428802905173063209e+02
2.549169978006010524e+02 2.422132260343511803e+02
2.539644085317685835e+02 2.414984696238348363e+02
2.530456302840159992e+02 2.407437109211525126e+02
2.521706060361900654e+02 2.399573806765468191e+02
2.513495617889816458e+02 2.391472094291238193e+02
2.505913725894798745e+02 2.383183574455592293e+02
2.499026578923161992e+02 2.374732665697022753e+02
2.492870020818146486e+02 2.366117845418516197e+02
2.487458129374882390e+02 2.357317423495953221e+02
2.482794133171684905e+02 2.348312266012274279e+02
2.478870707588524454e+02 2.339098954116587379e+02
2.475661102758949141e+02 2.329689321787295171e+02
2.473116945335342507e+02 2.320110875193530262e+02
2.471166327504484173e+02 2.310392470700238050e+02
2.469732191616192267e+02 2.300555966531235299e+02
2.468738581322398886e+02 2.290618826182399062e+02
2.468128461941626313e+02 2.280603562647947911e+02
2.467879203650430782e+02 2.270545502580580433e+02
2.468002958821803361e+02 2.260480414573093526e+02
2.468537109283272741e+02 2.250432139711257378e+02
2.469532913134381431e+02 2.240407169853914979e+02
2.471048143156964727e+02 2.230396638988488291e+02
2.473135134984138688e+02 2.220387664211334027e+02
2.475823291364359306e+02 2.210376130320966581e+02
2.479127172165704565e+02 2.200361975337099807e+02
2.483035477490558094e+02 2.190345247362565431e+02
2.487502867749728352e+02 2.180326139404654668e+02
2.492445903699229461e+02 2.170305006658081481e+02
2.497764196248654684e+02 2.160282276471808700e+02
2.503357756303971939e+02 2.150258374492042321e+02
2.509122544807844690e+02 2.140233743605385541e+02
2.514962822627733772e+02 2.130208791366271726e+02
2.520802350454418104e+02 2.120183842319823668e+02
2.526583588809244532e+02 2.110159141407362995e+02
2.532266138058259628e+02 2.100134860607155360e+02
2.537817478496115200e+02 2.090111138353190370e+02
2.543211020363731052e+02 2.080088087836113573e+02
2.548431103802996631e+02 2.070065775718787222e+02
2.553469648887121082e+02 2.060044236396864505e+02
2.558328755597077588e+02 2.050023460930881072e+02
2.563022793802665547e+02 2.040003388149359864e+02
2.567582603224456079e+02 2.029983886769882417e+02
2.572042863548227842e+02 2.019964809163581094e+02
2.576442324422883416e+02 2.009945990376055533e+02
2.580823015467606183e+02 1.999927251490313438e+02
2.585224396324865666e+02 1.989908424529563149e+02
2.589675236733988299e+02 1.979889387023144707e+02
2.594189786565860913e+02 1.969870078310407280e+02
2.598786695651503464e+02 1.959850419000393913e+02
2.603501143672164631e+02 1.949830259335793698e+02
2.608363310354395708e+02 1.939809470843733550e+02
2.613403575422935887e+02 1.929787924199963811e+02
2.618638628726564548e+02 1.919765548357027853e+02
2.624073990215266576e+02 1.909742319816904796e+02
2.629703579944130638e+02 1.899718264461473041e+02
2.635507388094459316e+02 1.889693467471055612e+02
2.641453534955103919e+02 1.879668064555235105e+02
2.647502590883323705e+02 1.869642223563095058e+02
2.653607906301794515e+02 1.859616143078449682e+02
2.659714331710208057e+02 1.849590057868659301e+02
2.665764407629185371e+02 1.839564212534493777e+02
2.671713454463554172e+02 1.829538797273698663e+02
2.677531842481779449e+02 1.819513938217857856e+02
2.683224031643451326e+02 1.809489616381252119e+02
2.688814601725859461e+02 1.799465727129580443e+02
2.694351712292646539e+02 1.789442065451128201e+02
2.699889412854088846e+02 1.779418401261112308e+02
2.705464443077298142e+02 1.769394578161476375e+02
2.711098842762581285e+02 1.759370502330414183e+02
2.716804161805287094e+02 1.749346124600872088e+02
2.722575850246641949e+02 1.739321464341689421e+02
2.728403138184227714e+02 1.729296567399547939e+02
2.734257325878083975e+02 1.719271555947125307e+02
2.740107183611172559e+02 1.709246562927026787e+02
2.745915351721997126e+02 1.699221747376578833e+02
2.751643870554497653e+02 1.689197270887240734e+02
2.757256820434129736e+02 1.679173286366421110e+02
2.762734211542015714e+02 1.669149878909306040e+02
2.768072033914487520e+02 1.659127065586014851e+02
2.773287677393982449e+02 1.649104772369270222e+02
2.778407041745829815e+02 1.639082889005678965e+02
2.783457266724126953e+02 1.629061299963307192e+02
2.788454022186893440e+02 1.619039938536723753e+02
2.793414107981911911e+02 1.609018733210214691e+02
2.798347034023016136e+02 1.598997643500777031e+02
2.803273840119570650e+02 1.588976579843492232e+02
2.808217976059104899e+02 1.578955442414342656e+02
2.813188611758534421e+02 1.568934192177667626e+02
2.818180577264701014e+02 1.558912851141576539e+02
2.823179062711792540e+02 1.548891482350577462e+02
2.828159018326776959e+02 1.538870192439708262e+02
2.833099584298657874e+02 1.528849070207648424e+02
2.837979340821513574e+02 1.518828206836932395e+02
2.842783378030437120e+02 1.508807665797758091e+02
2.847483136184197861e+02 1.498787568666838865e+02
2.852032975696322410e+02 1.488768109728532067e+02
2.856386166990210995e+02 1.478749487907203388e+02
2.860509750364502111e+02 1.468731843509872306e+02
2.864384525993157240e+02 1.458715258268784396e+02
2.868015053834861305e+02 1.448699712772531711e+02
2.871411793794840150e+02 1.438685162494067526e+02
2.874581745809669542e+02 1.428671577635178096e+02
2.877513849979559382e+02 1.418659005277042127e+02
2.880187336492699046e+02 1.408647533835217871e+02
2.882594455419307451e+02 1.398637196300585970e+02
2.884755646574186017e+02 1.388627905662360149e+02
2.886705619642841611e+02 1.378619514163966358e+02
2.888474364353548367e+02 1.368611894141341168e+02
2.890077380565865610e+02 1.358604979612724151e+02
2.891526068176503372e+02 1.348598722049594585e+02
2.892834207060607241e+02 1.338593062792039632e+02
2.894039846873421311e+02 1.328587839865479907e+02
2.895208127024738474e+02 1.318582775976246921e+02
2.896419686783913221e+02 1.308577527848911473e+02
2.897735045602599371e+02 1.298571837856626701e+02
2.899171723322054959e+02 1.288565631418719306e+02
2.900733459908393570e+02 1.278558892614428828e+02
2.902431265261857902e+02 1.268551574575421341e+02
2.904279919248532451e+02 1.258543614384895193e+02
2.906288931782250984e+02 1.248534971559848543e+02
2.908460432843714898e+02 1.238525637033110058e+02
2.910789242479858103e+02 1.228515632855358035e+02
2.913246720950175472e+02 1.218505080943858445e+02
2.915792768617995989e+02 1.208494151999810242e+02
2.918412765615785815e+02 1.198482908258912119e+02
2.921108341928776895e+02 1.188471342782437432e+02
2.923871757627097736e+02 1.178459488518697071e+02
2.926684962874292069e+02 1.168447422304515442e+02
2.929529077841423259e+02 1.158435224509933050e+02
2.932390442652259708e+02 1.148422953284037078e+02
2.935261787372671165e+02 1.138410639574400989e+02
2.938143781996587904e+02 1.128398280528910504e+02
2.941033806547747531e+02 1.118385887300611046e+02
2.943911471210896025e+02 1.108373546687444389e+02
2.946737926338037141e+02 1.098361424069499890e+02
2.949471902303101842e+02 1.088349695128535188e+02
2.952075089453200576e+02 1.078338522945920488e+02
2.954507498150666720e+02 1.068328077754596848e+02
2.956712708906698026e+02 1.058318599728171989e+02
2.958621302350280757e+02 1.048310384379794016e+02
2.960165429096176695e+02 1.038303720539296933e+02
2.961287539665821100e+02 1.028298853190571549e+02
2.961937534513150467e+02 1.018295995603694450e+02
2.962088163885065910e+02 1.008295263778856850e+02
2.961742017758099905e+02 9.982966466907197400e+01
2.960923215913711033e+02 9.883000416631503526e+01
2.959669578009227848e+02 9.783052877006537074e+01
2.958036483542875885e+02 9.683121490567856426e+01
2.956106511766431026e+02 9.583202741977552819e+01
2.953987301704611923e+02 9.483292049121638456e+01
2.951801682244505969e+02 9.383384183264888634e+01
2.949679762207240969e+02 9.283473605770632275e+01
2.947741160508988969e+02 9.183555224549741069e+01
2.946091986188331475e+02 9.083624522618612218e+01
2.944844148231296685e+02 8.983676736094153625e+01
2.944136555379280367e+02 8.883705951733585948e+01
2.944106196391071535e+02 8.783706338026362914e+01
2.944852620364687823e+02 8.683673657240728971e+01
2.946433849789272585e+02 8.583565539040537828e+01
2.948886770437926543e+02 8.483253812078530132e+01
2.952232885421113906e+02 8.382651360202106616e+01
2.956476963259603394e+02 8.281825081026809698e+01
2.961601969246268027e+02 8.180975701519719223e+01
2.967555432574649785e+02 8.080337357425574396e+01
2.974239534307860140e+02 7.980220015595205041e+01
2.981537765689685102e+02 7.881004939130059483e+01
2.989337905754027247e+02 7.783068108557313280e+01
2.997540141351578882e+02 7.686874077019822948e+01
3.006068024887059664e+02 7.593017404192968911e+01
3.014875131074786623e+02 7.502003470928107731e+01
3.023930413991249679e+02 7.414147901675096364e+01
3.033204100732402253e+02 7.329561964841201416e+01
3.042661210582198805e+02 7.248174248869210601e+01
3.052263005850838908e+02 7.169732600494438657e+01
3.061978035694851314e+02 7.093836354913736386e+01
3.071793267025543628e+02 7.020126163675149655e+01
3.081704051066670900e+02 6.948276121718976128e+01
3.091692005389088536e+02 6.878022509175139021e+01
3.101721809640291667e+02 6.809153827675095272e+01
3.111757570628379312e+02 6.741498903600799508e+01
3.121775273884542230e+02 6.675024258917909492e+01
3.131768243567248078e+02 6.609810278537841555e+01
3.141745134845425582e+02 6.545939394766651276e+01
3.151718647789387546e+02 6.483505467827032476e+01
3.161692794328523632e+02 6.422559927401633217e+01
3.171667567311262133e+02 6.363085973642671433e+01
3.181642931533141336e+02 6.305000907299461232e+01
3.191618867199633200e+02 6.248258228793315538e+01
3.201595363711087430e+02 6.192833038349846220e+01
3.211572394972781126e+02 6.138664036524471612e+01
3.221549975117582676e+02 6.085784423016369260e+01
3.231528176342308143e+02 6.034363796288872095e+01
3.241507084678659112e+02 5.984604254510830401e+01
3.251486794672113092e+02 5.936727895669889676e+01
3.261467400485025792e+02 5.890955917761851879e+01
3.271448994747277084e+02 5.847505918815124915e+01
3.281431645526500347e+02 5.806537797380931920e+01
3.291415399350479447e+02 5.768160852468938060e+01
3.301400246428372611e+02 5.732352084287543903e+01
3.311390152672612430e+02 5.699054823498849487e+01
3.321397810874233301e+02 5.668345830480484437e+01
3.331435964244707293e+02 5.640537765601121123e+01
3.341514814105671576e+02 5.616220799949249454e+01
