3.359040222535812745e+02 5.579630750791358196e+01
3.369182508273925123e+02 5.564070455525896364e+01
3.379260699300988904e+02 5.554956490228067878e+01
3.389208835667388371e+02 5.553837761090852609e+01
3.398944778936086664e+02 5.562235785359010265e+01
3.408366156065721952e+02 5.581541517729951352e+01
3.417356987186050787e+02 5.612715329772308337e+01
3.425795393592585469e+02 5.656150936813725139e+01
3.433571345070425309e+02 5.711705553697728988e+01
3.440597335428004726e+02 5.778616648474979911e+01
3.446806676042025970e+02 5.855517069898442628e+01
3.452152759355836906e+02 5.940685218338037998e+01
3.456614080282311079e+02 6.032300261848538980e+01
3.460201560279057276e+02 6.128620649564663836e+01
3.462951209950177827e+02 6.228095300363702336e+01
3.464913336447082770e+02 6.329463444341305944e+01
3.466142914968069704e+02 6.431703912477570384e+01
3.466693975028076693e+02 6.533996797319463212e+01
3.466632641006530093e+02 6.635816408944532441e+01
3.466044859519392389e+02 6.736961104176748449e+01
3.465031364452945013e+02 6.837494371719830610e+01
3.463688575921225947e+02 6.937629418001580461e+01
3.462088808509836895e+02 7.037591923417539874e+01
3.460293535512930703e+02 7.137516406035655336e+01
3.458370273675689077e+02 7.237435440263129749e+01
3.456388792365955283e+02 7.337351996130550447e+01
3.454407281056493275e+02 7.437268550720904159e+01
3.452457359460807425e+02 7.537186450062102949e+01
3.450541457556879550e+02 7.637105797596515799e+01
3.448643885486872023e+02 7.737025925418453198e+01
3.446750373380077690e+02 7.836946226070037369e+01
3.444855771283159811e+02 7.936866480321540962e+01
3.442958999205903865e+02 8.036786642198580921e+01
3.441063667115599856e+02 8.136706865374807762e+01
3.439182864893646183e+02 8.236627707076823413e+01
3.437342122308725152e+02 8.336550254088075462e+01
3.435570219100072791e+02 8.436475731540858192e+01
3.433890005060655994e+02 8.536405112134028172e+01
3.432311580098961485e+02 8.636338825813245990e+01
3.430831274248241698e+02 8.736276716350732841e+01
3.429444877546642374e+02 8.836218604531512710e+01
3.428151769999781209e+02 8.936164463962882110e+01
3.426938341730972297e+02 9.036113715282417047e+01
3.425774823009949728e+02 9.136065091214629774e+01
3.424624094173041158e+02 9.236017011602788784e+01
3.423464515416319500e+02 9.335968555256383183e+01
3.422304526663313027e+02 9.435920081456734465e+01
3.421175177632690065e+02 9.535872911967496179e+01
3.420117777950156892e+02 9.635828805309000700e+01
3.419172967247492920e+02 9.735789491480429092e+01
3.418373745225698030e+02 9.835756375254746331e+01
3.417740441700569818e+02 9.935730322057230524e+01
3.417275246652267242e+02 1.003571142511372614e+02
3.416959650248499543e+02 1.013569889647430671e+02
3.416755912831215483e+02 1.023569112958953440e+02
3.416611894872832522e+02 1.033568590491812813e+02
3.416467876914449562e+02 1.043568068024672471e+02
3.416264139497166070e+02 1.053567291336195240e+02
3.415945573120308154e+02 1.063566025829296677e+02
3.415464208218514841e+02 1.073564067301070963e+02
3.414795465014493629e+02 1.083561311117217372e+02
3.413953073383844412e+02 1.093557815724804527e+02
3.412981442924185558e+02 1.103553770172217980e+02
3.411935673136278524e+02 1.113549409013972706e+02
3.410860573614118039e+02 1.123544923001209952e+02
3.409784034105005617e+02 1.133540430858528509e+02
3.408724464442134376e+02 1.143536010955232314e+02
3.407697094487512572e+02 1.153531728123722075e+02
3.406715834115106531e+02 1.163527641577306326e+02
3.405789163248083469e+02 1.173523787414393382e+02
3.404912401928846180e+02 1.183520145712748217e+02
3.404073520266393871e+02 1.193516665262011429e+02
3.403272978256559327e+02 1.203513348020351259e+02
3.402533715691491238e+02 1.213510291640772891e+02
3.401906252113449227e+02 1.223507711181245838e+02
3.401456926921355262e+02 1.233505889043704258e+02
3.401251469519654620e+02 1.243505105033380005e+02
3.401340619448614575e+02 1.253505575144757813e+02
3.401753446444843689e+02 1.263507423125565481e+02
3.402498520430692110e+02 1.273510685457330567e+02
3.403556881577949298e+02 1.283515281429461652e+02
3.404870410413216746e+02 1.293520963631641507e+02
3.406354477703290513e+02 1.303527371803459687e+02
3.407917494278032109e+02 1.313534116056566745e+02
3.409460671032534833e+02 1.323540775853020364e+02
3.410881088899315614e+02 1.333546913073932672e+02
3.412072898837437265e+02 1.343552077127734776e+02
3.412935381759482425e+02 1.353555839260691585e+02
3.413385078421647449e+02 1.363557844192950768e+02
3.413366079330510274e+02 1.373557853921917911e+02
3.412856874680962846e+02 1.383555776881937049e+02
3.411858744461409287e+02 1.393551618521825048e+02
3.410370578681906295e+02 1.403545374116435767e+02
3.408382217434509585e+02 1.413537000415790033e+02
3.405879650846156892e+02 1.423526437780890319e+02
3.402855488983807390e+02 1.433513654753336368e+02
3.399306861873463959e+02 1.443498639115859419e+02
3.395225969585799817e+02 1.453481357664736038e+02
3.390600362233618625e+02 1.463461757401713044e+02
3.385412637331528458e+02 1.473442734272602479e+02
3.379646071482696925e+02 1.483434447179826634e+02
3.373295116254782897e+02 1.493445912586026338e+02
3.366366497205991664e+02 1.503475839109447350e+02
3.358874078107171499e+02 1.513509275631140270e+02
3.350839591186838788e+02 1.523519904424308038e+02
3.342296074027494797e+02 1.533475475834031272e+02
3.333293843544246329e+02 1.543343933763321729e+02
3.323908545819179494e+02 1.553098169983444450e+02
3.314232106821888237e+02 1.562715835610439967e+02
3.304357437575005179e+02 1.572175745964156874e+02
3.294370230556248202e+02 1.581465755717811135e+02
3.284351964551548804e+02 1.590591021764173547e+02
3.274383946739340558e+02 1.599578220460480225e+02
3.264540209821409462e+02 1.608473857377000513e+02
3.254888848574007625e+02 1.617338032930099416e+02
3.245487147650934503e+02 1.626235551561284183e+02
3.236367042156072102e+02 1.635226359757858745e+02
3.227540475353780494e+02 1.644356698779931207e+02
3.219004375187024038e+02 1.653652885788548588e+02
3.210738271365460719e+02 1.663119643686775362e+02
3.202711727419014665e+02 1.672744332795451498e+02
3.194884895573202357e+02 1.682505203290007216e+02
3.187222322951756723e+02 1.692379364044120393e+02
3.179695456580875543e+02 1.702339263261351334e+02
3.172291333949020782e+02 1.712352575468855207e+02
3.165015112891301783e+02 1.722386932329681599e+02
3.157873145775586750e+02 1.732415950646099532e+02
3.150866776486163303e+02 1.742424626002924697e+02
3.144000150604612145e+02 1.752411656035633314e+02
3.137285569536861090e+02 1.762386133192311490e+02
3.130739889581824400e+02 1.772358359321673333e+02
3.124367428057312281e+02 1.782331322829132603e+02
3.118163275007812558e+02 1.792305002813370436e+02
3.112101680666635843e+02 1.802279289659526853e+02
3.106136375453014580e+02 1.812253986401405541e+02
3.100220299793340928e+02 1.822228892709868830e+02
3.094322183970939477e+02 1.832203875472035861e+02
3.088429768096892190e+02 1.842178882498463395e+02
3.082537012225925537e+02 1.852153888077548913e+02
3.076653326272779623e+02 1.862128932266606682e+02
3.070806269987743917e+02 1.872104132385462663e+02
3.065025723100088726e+02 1.882079615629923808e+02
3.059342985326218241e+02 1.892055515240576256e+02
3.053790156375285960e+02 1.902031967863517252e+02
3.048391876024039675e+02 1.912009078388461489e+02
3.043155744203619406e+02 1.921986879167755546e+02
3.038078690941840705e+02 1.931965357132754377e+02
3.033151386323239080e+02 1.941944472566694913e+02
3.028350490559288346e+02 1.951924126113816556e+02
3.023646903913652295e+02 1.961904193898686231e+02
3.019006446696021158e+02 1.971884530420879855e+02
3.014403059142513825e+02 1.981865024745902701e+02
3.009821361392482686e+02 1.991845611402821419e+02
3.005248553561902440e+02 2.001826235903471911e+02
3.000677535715104227e+02 2.011806868023951438e+02
2.996090298015268445e+02 2.021787431097711760e+02
2.991451570781962346e+02 2.031767774984321306e+02
2.986716034425812154e+02 2.041747706761626944e+02
2.981835879380003576e+02 2.051727022907825244e+02
2.976775475967366447e+02 2.061705571750005106e+02
2.971507244437790973e+02 2.071683235883202201e+02
2.966015844930266780e+02 2.081659950006758208e+02
2.960313327335613849e+02 2.091635765416170898e+02
2.954436651318953295e+02 2.101610839446011596e+02
2.948439616392824405e+02 2.111585401116841751e+02
2.942392881917007230e+02 2.121559751220350449e+02
2.936364697273116349e+02 2.131534180289127107e+02
2.930415871910176975e+02 2.141508947184516103e+02
2.924596885370810924e+02 2.151484266794211635e+02
2.918933427422251725e+02 2.161460248477660002e+02
2.913426588054622925e+02 2.171436896874869262e+02
2.908045987543185902e+02 2.181414082661588907e+02
2.902733676413001263e+02 2.191391559151173567e+02
2.897426975231986148e+02 2.201369059521898635e+02
2.892064564555736865e+02 2.211346322741406709e+02
2.886602414783191080e+02 2.221323161378929854e+02
2.881016376133160293e+02 2.231299472630628316e+02
2.875298498677678367e+02 2.241275222654245169e+02
2.869453162377058675e+02 2.251250430094948172e+02
2.863496934438120434e+02 2.261228135505026557e+02
2.857468220964522629e+02 2.271218732469125143e+02
2.851415463034741151e+02 2.281231467279254446e+02
2.845381713234763765e+02 2.291268173222051416e+02
2.839397451636528444e+02 2.301324200005626608e+02
2.833478859435729760e+02 2.311385206381573880e+02
2.827618376525791177e+02 2.321427709954603529e+02
2.821777683523410474e+02 2.331416247282082566e+02
2.815904909476633406e+02 2.341308647173094926e+02
2.809933721536322082e+02 2.351053756792672402e+02
2.803785866608435526e+02 2.360581662392716851e+02
2.797379236494312522e+02 2.369816593761320291e+02
2.790629537601244010e+02 2.378688741437604790e+02
2.783464878124659663e+02 2.387137298835284867e+02
2.775830902080709279e+02 2.395114224131750689e+02
2.767705018074315149e+02 2.402582210819950035e+02
2.759104590838804825e+02 2.409516692597018732e+02
2.750075789475239958e+02 2.415899185832165017e+02
2.740687611844844582e+02 2.421718594141000267e+02
2.731013568891638670e+02 2.426979550493339843e+02
2.721126044836352662e+02 2.431692963119521380e+02
2.711094445118648082e+02 2.435869447566894053e+02
2.700983346765757460e+02 2.439512188761472657e+02
2.690849792670152851e+02 2.442618279502106304e+02
2.680729243516067299e+02 2.445171190591183574e+02
2.670629076340925963e+02 2.447145793204242636e+02
2.660540390160122683e+02 2.448516459218585908e+02
2.650445470450520702e+02 2.449258373000631650e+02
2.640335408735390956e+02 2.449347666411734963e+02
2.630217541526587297e+02 2.448768730541178229e+02
2.620124306111312080e+02 2.447517573434682276e+02
2.610105425723681378e+02 2.445605286858971681e+02
2.600223635384200520e+02 2.443049618030787258e+02
2.590551278618779065e+02 2.439896875327980297e+02
2.581175357877451120e+02 2.436224189809067582e+02
2.572187782385451555e+02 2.432128253597392700e+02
2.563669452396734982e+02 2.427710191992511000e+02
2.555675628842141975e+02 2.423059171041898878e+02
2.548227462960545608e+02 2.418238371356459879e+02
2.541309286036755850e+02 2.413277996509894479e+02
2.534869005860898881e+02 2.408178454755210680e+02
2.528821192165459877e+02 2.402925532296563347e+02
2.523063563089247054e+02 2.397479513371701785e+02
2.517490565182056343e+02 2.391775208060776947e+02
2.512011497613755751e+02 2.385728049494309460e+02
2.506568868448280227e+02 2.379251452151065678e+02
2.501140228048690801e+02 2.372272459804433993e+02
2.495734222871379302e+02 2.364749638885996319e+02
2.490396749613335032e+02 2.356679164738186785e+02
2.485216315461561294e+02 2.348094774431843632e+02
2.480318349398012003e+02 2.339055702440764151e+02
2.475840191369528895e+02 2.329642124132122092e+02
2.471915048202722858e+02 2.319939637327994433e+02
2.468649799772316840e+02 2.310033067772581603e+02
2.466109836688391397e+02 2.299995234486154914e+02
2.464321301336537147e+02 2.289889059324024174e+02
2.463282921861054433e+02 2.279764307322942898e+02
2.462960397920104469e+02 2.269656222789540436e+02
2.463290765630540591e+02 2.259582027849675683e+02
2.464204182726693944e+02 2.249544455217422296e+02
2.465642017796725725e+02 2.239534315222178122e+02
2.467561792308636086e+02 2.229539426927233592e+02
2.469933180085556046e+02 2.219549431143597360e+02
2.472738703928912969e+02 2.209561283445212041e+02
2.475970333911462546e+02 2.199574949649269513e+02
2.479629730018164651e+02 2.189590436822203117e+02
2.483724762177712080e+02 2.179607778465719434e+02
2.488262980321697739e+02 2.169627006719321400e+02
2.493225854618014523e+02 2.159648042702878570e+02
2.498562495527755232e+02 2.149670669783373000e+02
2.504191433789085863e+02 2.139694541152159104e+02
2.510020250239386428e+02 2.129719263387670196e+02
2.515951115765053885e+02 2.119744420038576891e+02
2.521894141180544864e+02 2.109769628453238965e+02
2.527778157130700833e+02 2.099794585668954312e+02
2.533551544083229885e+02 2.089819071945177029e+02
2.539177822368661737e+02 2.079842931990641830e+02
2.544640512136315351e+02 2.069866095651838123e+02
2.549939113390720706e+02 2.059888560800322352e+02
2.555075956110766811e+02 2.049910337354642706e+02
2.560054540264741263e+02 2.039931440213906626e+02
2.564896275658657601e+02 2.029951960518080796e+02
2.569632012012996256e+02 2.019972029592152580e+02
2.574293379041170056e+02 2.009991782081481801e+02
2.578907036501625498e+02 2.000011331474696021e+02
2.583499824151174380e+02 1.990030792026662994e+02
2.588095801771821129e+02 1.980050266158101806e+02
2.592725269089027620e+02 1.970069882852711487e+02
2.597424305775889479e+02 1.960089795699002480e+02
2.602229761498524567e+02 1.950110161563288784e+02
2.607168046017640677e+02 1.940131092869976328e+02
2.612255469185460584e+02 1.930152659048903558e+02
2.617490751013582440e+02 1.920174854651255032e+02
2.622857211653136460e+02 1.910197608672142167e+02
2.628321351407652173e+02 1.900220778505825763e+02
2.633853780543420271e+02 1.890244239042374375e+02
2.639430099281519233e+02 1.880267886413726615e+02
2.645038847725783171e+02 1.870291671835948932e+02
2.650680825868964234e+02 1.860315598714551584e+02
2.656362963648271602e+02 1.850339696549766018e+02
2.662091911003453220e+02 1.840363993649896770e+02
2.667868657925538400e+02 1.830388494229262619e+02
2.673687234468619636e+02 1.820413172874243060e+02
2.679541590687512667e+02 1.810438003830667526e+02
2.685419216695565865e+02 1.800462933844870008e+02
2.691304672632674624e+02 1.790487897190503759e+02
2.697182298640727822e+02 1.780512827204706525e+02
2.703036654859620853e+02 1.770537658161130992e+02
2.708852261429611872e+02 1.760562324163154813e+02
2.714615798471387507e+02 1.750586768509033391e+02
2.720319556054805048e+02 1.740610958378161399e+02
2.725967554143441589e+02 1.730634910883227917e+02
2.731578422568497331e+02 1.720658705330052385e+02
2.737173561136075364e+02 1.710682432816032303e+02
2.742771629677106944e+02 1.700706172774693243e+02
2.748375618164499770e+02 1.690729937934129907e+02
2.753974096701815597e+02 1.680753679638114875e+02
2.759547445466824911e+02 1.670777314366510495e+02
2.765073974656050382e+02 1.660800749787421182e+02
2.770537694414371686e+02 1.650823917833212136e+02
2.775931854802946646e+02 1.640846789769890393e+02
2.781251885863184157e+02 1.630869346143479106e+02
2.786498857585387441e+02 1.620891591508848251e+02
2.791675199947540023e+02 1.610913536210235293e+02
2.796789802869094501e+02 1.600935218091371723e+02
2.801853556251378450e+02 1.590956683509766094e+02
2.806885959917712512e+02 1.580978015474728977e+02
2.811910043659430016e+02 1.570999312022385652e+02
2.816944177310089117e+02 1.561020651351764741e+02
2.821998060781801314e+02 1.551042074754676605e+02
2.827075194042855628e+02 1.541063597130228970e+02
2.832166247177785294e+02 1.531085178761658767e+02
2.837246880407127492e+02 1.521106716036318289e+02
2.842285524016923546e+02 1.511128074564261112e+02
2.847255138252171491e+02 1.501149139239241777e+02
2.852123473405075629e+02 1.491169772776630111e+02
2.856857479775089246e+02 1.481189834486286259e+02
2.861423887663656842e+02 1.471209182741554002e+02
2.865787117393155086e+02 1.461227666082367023e+02
2.869898689402840546e+02 1.451245078134807045e+02
2.873714774089838215e+02 1.441261232319483270e+02
2.877210971675228279e+02 1.431276024768334878e+02
2.880388382149043309e+02 1.421289460163937974e+02
2.883262765368488090e+02 1.411301605594843807e+02
2.885859931099709002e+02 1.401312570931325467e+02
2.888201829143825421e+02 1.391322449612069079e+02
2.890303919360762279e+02 1.381331307448559471e+02
2.892183041597937745e+02 1.371339216126786482e+02
2.893877615507245196e+02 1.361346339196377642e+02
2.895440320611372158e+02 1.351352900910180210e+02
2.896921596453302641e+02 1.341359115985612789e+02
2.898357352707671453e+02 1.331365137287514528e+02
2.899772469149049812e+02 1.321371070727253141e+02
2.901180905650954287e+02 1.311376975730981087e+02
2.902590032146605949e+02 1.301382883671961963e+02
2.904010008543950789e+02 1.291388837800174940e+02
2.905461124659148595e+02 1.281394924487872515e+02
2.906966210285346506e+02 1.271401240919802547e+02
2.908542505266340186e+02 1.261407860484709715e+02
2.910208519434417553e+02 1.251414861977586668e+02
2.911979612650409308e+02 1.241422310784229239e+02
2.913854484926092141e+02 1.231430201370683335e+02
2.915827596311663115e+02 1.221438510153790560e+02
2.917901916780212446e+02 1.211447249776507817e+02
2.920097106153608024e+02 1.201456503929248640e+02
2.922442674164472578e+02 1.191466398232770132e+02
2.924963930583483034e+02 1.181477040428902114e+02
2.927667655349207507e+02 1.171488459379343112e+02
2.930538428601360579e+02 1.161500589442884177e+02
2.933558880497324708e+02 1.151513356677384934e+02
2.936726611058846288e+02 1.141526750866314330e+02
2.940042200280669249e+02 1.131540774478667970e+02
2.943496758243341560e+02 1.121555389670713225e+02
2.947058565234266894e+02 1.111570461413970463e+02
2.950678441699043333e+02 1.101585780354699864e+02
2.954291618224524996e+02 1.091601070774281084e+02
2.957827875446948269e+02 1.081616033754056332e+02
2.961216774004539047e+02 1.071630369438851176e+02
2.964380304604114826e+02 1.061643745748852439e+02
2.967227498069916578e+02 1.051655775434980171e+02
2.969659925293778429e+02 1.041666039491772437e+02
2.971593737035430536e+02 1.031674180979190965e+02
2.972970343825733153e+02 1.021679950486181667e+02
2.973745046069694240e+02 1.011683157729862330e+02
2.973898073946440945e+02 1.001683718551561242e+02
2.973444957315263082e+02 9.916816990607460980e+01
2.972443805649649562e+02 9.816773466251638069e+01
2.970990508080781183e+02 9.716710694377817958e+01
2.969205383518487338e+02 9.616633796873352935e+01
2.967213640828292114e+02 9.516548103787400237e+01
2.965135428921565790e+02 9.416458729770602076e+01
2.963089406723179309e+02 9.316370726045974493e+01
2.961189983196510980e+02 9.216288962918801531e+01
2.959537117435863252e+02 9.116217695574084701e+01
2.958214408683772945e+02 9.016160482769987539e+01
2.957286686352840661e+02 8.916120084246844613e+01
2.956807199960590538e+02 8.816098766797389885e+01
2.956828809028079945e+02 8.716098780612489350e+01
2.957424195539832112e+02 8.616093519441579929e+01
2.958684942214403009e+02 8.515984580966605222e+01
2.960700306725673272e+02 8.415685364001910784e+01
2.963548742743656135e+02 8.315212408382021181e+01
2.967293385799837324e+02 8.214718503100010594e+01
2.971975375696540596e+02 8.114439901571685709e+01
2.977603748146116232e+02 8.014598290445783846e+01
2.984147774410881766e+02 7.915424963730097829e+01
2.991542665376877039e+02 7.817174865734708078e+01
2.999693734751411966e+02 7.720119168227390105e+01
3.008480547775855598e+02 7.624642347919234453e+01
3.017772371650380023e+02 7.531171043527285747e+01
3.027438530230553511e+02 7.440022295187316104e+01
3.037353838540571473e+02 7.351346075274256009e+01
3.047411587674994848e+02 7.265137541265895038e+01
3.057536150749279500e+02 7.181364273516908270e+01
3.067679638591786784e+02 7.099952832773601585e+01
3.077815676298163794e+02 7.020867195959513651e+01
3.087932798132755465e+02 6.944167575536704362e+01
3.098026804764595568e+02 6.869899293155015130e+01
3.108095873269144818e+02 6.798092671489325767e+01
3.118141648097499683e+02 6.728760780660505247e+01
3.128173233319050155e+02 6.661753306856633117e+01
3.138200994678395546e+02 6.596751588448560710e+01
3.148228042072526023e+02 6.533427054844071336e+01
3.158254487670434401e+02 6.471516208430631423e+01
3.168280451856905984e+02 6.410736251770569538e+01
3.178306063913622097e+02 6.350783487615589706e+01
3.188331419237437672e+02 6.291433817996170319e+01
3.198356577211936838e+02 6.232547744176258675e+01
3.208381542945384695e+02 6.174113266264595268e+01
3.218406198692266571e+02 6.116406981755002903e+01
3.228430287549405193e+02 6.060032385179428616e+01
3.238453522347152784e+02 6.005664070425598311e+01
3.248475662699057693e+02 5.953866732376997106e+01
3.258496517768842864e+02 5.905088666971758471e+01
3.268515961339784326e+02 5.859626371523427224e+01
3.278533936327018523e+02 5.817613944816974936e+01
3.288550474955185337e+02 5.778975687538286365e+01
3.298565695438057901e+02 5.743433902203489083e+01
3.308582753689583456e+02 5.710551919199809845e+01
3.318612089694483416e+02 5.679836678478272916e+01
3.328665818109724341e+02 5.651019093308138963e+01
3.338755779908381669e+02 5.624261569217833312e+01
3.348885961643287601e+02 5.600136081092861673e+01
3.359040222535812745e+02 5.579630750791358196e+01
