3.348897307174705134e+02 5.680886767200888698e+01
3.359066609121794045e+02 5.663033801212176854e+01
3.369245986707145448e+02 5.650570812968445011e+01
3.379382132860432080e+02 5.644687844030013935e+01
3.389394200664386290e+02 5.646644464246804773e+01
3.399173720801392165e+02 5.657775768298458274e+01
3.408586006636712682e+02 5.679292533696465739e+01
3.417482822044254362e+02 5.712122158598094757e+01
3.425711859984910461e+02 5.756747763840996868e+01
3.433130079943127839e+02 5.813050059270142356e+01
3.439619389154601095e+02 5.880257810821268549e+01
3.445104813692269659e+02 5.957110115513935966e+01
3.449569746339758467e+02 6.042049652287332151e+01
3.453051447840209676e+02 6.133384091955977624e+01
3.455627791672569060e+02 6.229439034335413794e+01
3.457405786338962344e+02 6.328740321300725213e+01
3.458512873226169972e+02 6.430042366602967263e+01
3.459078267765108876e+02 6.532254560916433661e+01
3.459216591564783130e+02 6.634529875879792371e+01
3.459019778770764333e+02 6.736343720273328017e+01
3.458549626217830451e+02 6.837493422882613459e+01
3.457842728373406089e+02 6.938039742043559954e+01
3.456916016071758122e+02 7.038192500383894412e+01
3.455771914531730999e+02 7.138174403160300585e+01
3.454404437658705547e+02 7.238117096744244350e+01
3.452807532864450195e+02 7.338050023750605533e+01
3.450994460028823596e+02 7.437973748642698979e+01
3.448999338842675115e+02 7.537889723870631542e+01
3.446869308878891616e+02 7.637799956131286194e+01
3.444656059669130173e+02 7.737706645809950601e+01
3.442397720867910493e+02 7.837611416057924885e+01
3.440118802253157355e+02 7.937515310238399024e+01
3.437839083645653773e+02 8.037419170363770604e+01
3.435582114832020579e+02 8.137323998931108804e+01
3.433374925567351852e+02 8.237230946577170698e+01
3.431233125710210743e+02 8.337140677802139521e+01
3.429163985194728639e+02 8.437053502081749912e+01
3.427178143924498954e+02 8.536969872348865351e+01
3.425298991687594707e+02 8.636890784289531098e+01
3.423556618211383125e+02 8.736817518801268534e+01
3.421982003215168220e+02 8.836751394667911086e+01
3.420603886438547647e+02 8.936693635318997053e+01
3.419444307681825421e+02 9.036645178972588610e+01
3.418514676841621736e+02 9.136606511339581971e+01
3.417812583939772253e+02 9.236577529828977617e+01
3.417319579143443207e+02 9.336557449044985901e+01
3.417001012766586427e+02 9.436544793976000278e+01
3.416811885216926612e+02 9.536537649022528740e+01
3.416717386809863797e+02 9.636534532361943661e+01
3.416699017713017952e+02 9.736534656470004734e+01
3.416742548055322573e+02 9.836537415591590161e+01
3.416824558048974723e+02 9.936541812763587700e+01
3.416906568042627441e+02 1.003654620993558240e+02
3.416947138411750871e+02 1.013654884305329062e+02
3.416912599461414857e+02 1.023654827882260179e+02
3.416779681402459801e+02 1.033654352666573857e+02
3.416534184363545705e+02 1.043653398210463763e+02
3.416166548431291403e+02 1.053651923818082992e+02
3.415664263719045266e+02 1.063649876235765532e+02
3.415013470352386662e+02 1.073647196463047067e+02
3.414203978423644230e+02 1.083643841122241440e+02
3.413235697933631627e+02 1.093639809830228842e+02
3.412122458757042978e+02 1.103635161459766891e+02
3.410891770644619783e+02 1.113630013117837620e+02
3.409580783259761461e+02 1.123624522947821447e+02
3.408226526266955148e+02 1.133618848582271994e+02
3.406853669442675709e+02 1.143613095038610084e+02
3.405475992662068165e+02 1.153607320976749406e+02
3.404100165864698511e+02 1.163601554790130876e+02
3.402729739018401460e+02 1.173595811590706433e+02
3.401380341981561060e+02 1.183590157913631344e+02
3.400087354433612177e+02 1.193584744367594794e+02
3.398892705994645667e+02 1.203579749443900369e+02
3.397841276258021139e+02 1.213575364191670758e+02
3.396980594793089949e+02 1.223571790940780772e+02
3.396357881172010025e+02 1.233569230701470758e+02
3.396019714972740076e+02 1.243567881759572060e+02
3.396017635728297819e+02 1.253567963515079953e+02
3.396401982982572463e+02 1.263569690259724041e+02
3.397198886498811135e+02 1.273573173225981918e+02
3.398389786445177947e+02 1.283578333406016156e+02
3.399921433304149332e+02 1.293584944120553928e+02
3.401707407858741590e+02 1.303592637489355184e+02
3.403633351145123243e+02 1.313600926694735733e+02
3.405562874399068392e+02 1.323609231139774920e+02
3.407348448957284859e+02 1.333616922805820764e+02
3.408836166214288141e+02 1.343623346515279593e+02
3.409883057465470415e+02 1.353627893660907944e+02
3.410369473794930855e+02 1.363630054906085434e+02
3.410218515899427985e+02 1.373629502896143890e+02
3.409394524102063428e+02 1.383626085830466081e+02
3.407891928453304899e+02 1.393619779998186345e+02
3.405735588727905565e+02 1.403610691225535163e+02
3.402978724443660212e+02 1.413599046064078664e+02
3.399686805007373778e+02 1.423585123212258452e+02
3.395932119764055415e+02 1.433569230400490255e+02
3.391780578116521383e+02 1.443551648200246689e+02
3.387283689598061756e+02 1.453532595883816043e+02
3.382469573953891882e+02 1.463512193154881516e+02
3.377345861114880563e+02 1.473490472493497236e+02
3.371902168532028554e+02 1.483470359728827361e+02
3.366104782962444233e+02 1.493461941438770850e+02
3.359908186335938467e+02 1.503474063938164988e+02
3.353272274635022541e+02 1.513505236495201700e+02
3.346159962092182809e+02 1.523540291102500248e+02
3.338552091306421516e+02 1.533552735969123546e+02
3.330456290090471612e+02 1.543510213272633678e+02
3.321908795487011616e+02 1.553380606979063145e+02
3.312965963752906191e+02 1.563136726744311886e+02
3.303705090990305848e+02 1.572756161406152842e+02
3.294213068276388867e+02 1.582217700657970454e+02
3.284583688015482039e+02 1.591509233653771389e+02
3.274909348894575487e+02 1.600635963771539991e+02
3.265274408064466343e+02 1.609624580352021326e+02
3.255750538248324801e+02 1.618521578919229000e+02
3.246391414353057030e+02 1.627386998505206179e+02
3.237232141233425864e+02 1.636285549133689869e+02
3.228295854073046485e+02 1.645277139831372324e+02
3.219594496136278394e+02 1.654408011858360510e+02
3.211131755304836588e+02 1.663704511152264445e+02
3.202899091180287314e+02 1.673171411400817590e+02
3.194881427153383129e+02 1.682796138310656886e+02
3.187078205093650922e+02 1.692557109310332635e+02
3.179498531721081918e+02 1.702431622960440905e+02
3.172149163741946722e+02 1.712392277775248886e+02
3.165023078590885461e+02 1.722406773567824985e+02
3.158090514419405395e+02 1.732442593350698132e+02
3.151306474060634173e+02 1.742473135334951166e+02
3.144629621785565519e+02 1.752483213421430719e+02
3.138026653515100861e+02 1.762471365825165321e+02
3.131477740946281756e+02 1.772446548220438558e+02
3.124964400698225404e+02 1.782418912017550383e+02
3.118469770280645434e+02 1.792391355461032276e+02
3.111990929719999031e+02 1.802363866120771831e+02
3.105530008996986453e+02 1.812336453063940098e+02
3.099089488089138058e+02 1.822309126847618472e+02
3.092678316915361165e+02 1.832281925570952694e+02
3.086307865372637593e+02 1.842254897634756219e+02
3.080002083243965103e+02 1.852228144991491376e+02
3.073791020257074820e+02 1.862201795560634423e+02
3.067707016118945376e+02 1.872175987009936478e+02
3.061767520671470493e+02 1.882150793622088258e+02
3.055971133927335472e+02 1.892126209437446960e+02
3.050307335981856340e+02 1.902102189673553880e+02
3.044776346833041316e+02 1.912078735266923672e+02
3.039382536441294178e+02 1.922055864820156046e+02
3.034130704763125550e+02 1.932033598766312252e+02
3.029014921852262887e+02 1.942011911862048237e+02
3.024017587868174815e+02 1.951990729186138651e+02
3.019105433112305263e+02 1.961969909111928700e+02
3.014249007851489068e+02 1.971949326274073542e+02
3.009420862334439448e+02 1.981928863821003688e+02
3.004598706763117661e+02 1.991908426866692139e+02
2.999759871342924953e+02 2.001887918907492292e+02
2.994887306228346802e+02 2.011867267363468557e+02
2.989970451515061995e+02 2.021846427281886065e+02
2.984991867361087543e+02 2.031825324422622145e+02
2.979933103933590814e+02 2.041803880246097833e+02
2.974790481265915219e+02 2.051782079086966348e+02
2.969559829395842598e+02 2.061759903194005119e+02
2.964239798335605656e+02 2.071737346820416406e+02
2.958829318094898895e+02 2.081714405411329949e+02
2.953331878642101174e+02 2.091691093823284007e+02
2.947749509958818521e+02 2.101667420697760917e+02
2.942088031992319657e+02 2.111643410809847126e+02
2.936363744594914920e+02 2.121619133546813316e+02
2.930602187535199619e+02 2.131594697629572863e+02
2.924826290605412851e+02 2.141570200668561768e+02
2.919055833626335925e+02 2.151545726865020072e+02
2.913300866506911575e+02 2.161521319000669905e+02
2.907567459192140404e+02 2.171497002914819632e+02
2.901856791671331166e+02 2.181472783630597121e+02
2.896173553901990658e+02 2.191448681112805730e+02
2.890522605840083088e+02 2.201424716049920107e+02
2.884904017484975611e+02 2.211400888739922266e+02
2.879308888917305467e+02 2.221377161296511531e+02
2.873718530306417733e+02 2.231353454158455065e+02
2.868117491792295937e+02 2.241329701556837222e+02
2.862498493440903644e+02 2.251305872501515637e+02
2.856875235128107988e+02 2.261282025311851953e+02
2.851279716563972215e+02 2.271258296208254706e+02
2.845744777450946685e+02 2.281234824986917999e+02
2.840293744934598976e+02 2.291214680976691511e+02
2.834936575376362953e+02 2.301208136653764029e+02
2.829662477790895423e+02 2.311227146190433359e+02
2.824440594400867894e+02 2.321280518308416845e+02
2.819220098565290300e+02 2.331365006614995252e+02
2.813935815328332524e+02 2.341462843506711806e+02
2.808506486078874786e+02 2.351538292750987580e+02
2.802837050902375609e+02 2.361544149260731160e+02
2.796826144589027763e+02 2.371427391055211160e+02
2.790378728229630951e+02 2.381124132985621600e+02
2.783419817279611834e+02 2.390548365071871615e+02
2.775906675431167514e+02 2.399602814508946835e+02
2.767835557760992629e+02 2.408194664514154795e+02
2.759241866909985106e+02 2.416255245170373769e+02
2.750191795376352388e+02 2.423737127821907791e+02
2.740768023013458787e+02 2.430609984152820573e+02
2.731055668786077035e+02 2.436853096317274776e+02
2.721139154076639670e+02 2.442454573579882720e+02
2.711091040533984255e+02 2.447409484782760387e+02
2.700974112899065744e+02 2.451723897248475907e+02
2.690838116839798886e+02 2.455403632791503696e+02
2.680718457998857502e+02 2.458445092097077804e+02
2.670632717911135501e+02 2.460826809813331124e+02
2.660584034418714054e+02 2.462523459068228249e+02
2.650560598602883147e+02 2.463511269377153212e+02
2.640540238984422103e+02 2.463776446233621584e+02
2.630500767907935256e+02 2.463308995096717808e+02
2.620430245895965982e+02 2.462115815203938212e+02
2.610334547528804592e+02 2.460226381829774027e+02
2.600238173550492320e+02 2.457701649823430614e+02
2.590177918433490163e+02 2.454622866550995184e+02
2.580203105515076913e+02 2.451071572715185880e+02
2.570371644090996028e+02 2.447106785364103132e+02
2.560740168897495437e+02 2.442772145980880794e+02
2.551361744087298291e+02 2.438097330722543461e+02
2.542282975543175780e+02 2.433104548186326497e+02
2.533546999557658523e+02 2.427792411986023922e+02
2.525188073187590021e+02 2.422131147680308061e+02
2.517231062254234644e+02 2.416065410618733154e+02
2.509696815095605018e+02 2.409532208979591701e+02
2.502599887533688161e+02 2.402480874266297519e+02
2.495951306178388336e+02 2.394893433255043362e+02
2.489770814067200320e+02 2.386780960090062251e+02
2.484095363277676825e+02 2.378178282387759452e+02
2.478975571824516066e+02 2.369135306075519054e+02
2.474460814127650110e+02 2.359721571964785198e+02
2.470590750461787195e+02 2.350019319630035000e+02
2.467384721494812823e+02 2.340113002167515219e+02
2.464837558476123718e+02 2.330075138231496794e+02
2.462924544252131227e+02 2.319968433171978290e+02
2.461610187277189823e+02 2.309842506355013256e+02
2.460847077328243984e+02 2.299732546279433336e+02
2.460577680472948998e+02 2.289655798185998208e+02
2.460746444316159511e+02 2.279615055619707107e+02
2.461313197278778944e+02 2.269601207492105743e+02
2.462246290730680300e+02 2.259602118968579418e+02
2.463528338377751652e+02 2.249607485944264056e+02
2.465153302917766496e+02 2.239614312691898306e+02
2.467120874353533395e+02 2.229622597891847704e+02
2.469434112657326921e+02 2.219632354570188113e+02
2.472100217763910450e+02 2.209643613376511553e+02
2.475129459580232663e+02 2.199656418029055658e+02
2.478523108094785812e+02 2.189670773934067540e+02
2.482269813410407835e+02 2.179686632775871260e+02
2.486352755679498046e+02 2.169703922953614779e+02
2.490753165072123352e+02 2.159722564565514631e+02
2.495452041760434838e+02 2.149742476730703800e+02
2.500420056010179906e+02 2.139763534594663952e+02
2.505617368182332143e+02 2.129785568562987237e+02
2.510993198736988461e+02 2.119808362470912755e+02
2.516485098239982108e+02 2.109831650475800586e+02
2.522029007271734997e+02 2.099855159881420548e+02
2.527562726395814821e+02 2.089878625909354355e+02
2.533024836168723652e+02 2.079901787101555897e+02
2.538360117090786332e+02 2.069924408392682835e+02
2.543525329553783649e+02 2.059946305714909158e+02
2.548507463675593385e+02 2.049967423686124448e+02
2.553314749381646607e+02 2.039987797340515385e+02
2.557979476379377388e+02 2.030007564132987454e+02
2.562543174292499089e+02 2.020026900852089398e+02
2.567046842749528537e+02 2.010045982030219136e+02
2.571535431343190794e+02 2.000064999014481657e+02
2.576054419661411998e+02 1.990084145408131917e+02
2.580641657361247780e+02 1.980103582334371595e+02
2.585329444150040672e+02 1.970123447290675642e+02
2.590138969835798548e+02 1.960143830480494955e+02
2.595085144283426644e+02 1.950164795374026596e+02
2.600176317417269729e+02 1.940186377516283187e+02
2.605426269112473392e+02 1.930208635567177851e+02
2.610844669281419783e+02 1.920231610690815387e+02
2.616429487942504011e+02 1.910255294245713458e+02
2.622165385234714563e+02 1.900279620931214311e+02
2.628026281394351713e+02 1.890304479727684566e+02
2.633980506708363691e+02 1.880329735819489656e+02
2.639995141475025662e+02 1.870355249069883712e+02
2.646036256001763149e+02 1.860380875042666275e+02
2.652065460636413263e+02 1.850406450315915095e+02
2.658040245764138945e+02 1.840431793929332116e+02
2.663935481612635954e+02 1.830456798907328277e+02
2.669740438279121690e+02 1.820481419573497419e+02
2.675469925629410568e+02 1.810505718972347609e+02
2.681152333406271850e+02 1.800529817956922329e+02
2.686822101297659060e+02 1.790553863134435346e+02
2.692512229004572077e+02 1.780577994982183441e+02
2.698244656328222391e+02 1.770602306896283551e+02
2.704029103180541824e+02 1.760626840253684975e+02
2.709871469508071300e+02 1.750651620170025353e+02
2.715761085407488054e+02 1.740676601224312208e+02
2.721677711062178560e+02 1.730701697257137255e+02
2.727586446788357080e+02 1.720726759703117921e+02
2.733454422883844472e+02 1.710751648638353686e+02
2.739248269650993848e+02 1.700776222010499907e+02
2.744940257341054917e+02 1.690800361776059049e+02
2.750509656141853156e+02 1.680823979689748171e+02
2.755950776104943998e+02 1.670847051529875671e+02
2.761270397168894988e+02 1.660869606158140357e+02
2.766489229146063735e+02 1.650891731734687937e+02
2.771631441817454515e+02 1.640913531148495679e+02
2.776720844967334756e+02 1.630935105756061034e+02
2.781771378469400133e+02 1.620956514898398950e+02
2.786797862189372950e+02 1.610977821662586393e+02
2.791808736050780908e+02 1.600999061976755797e+02
2.796820629902947530e+02 1.591020306632950962e+02
2.801850623591117255e+02 1.581041628338814462e+02
2.806905677052228612e+02 1.571063056722285296e+02
2.811981790322524262e+02 1.561084574755811900e+02
2.817069173490707499e+02 1.551106140764463817e+02
2.822149976718508810e+02 1.541127678762794346e+02
2.827208380149266986e+02 1.531149121406839129e+02
2.832226103948610216e+02 1.521170390880689638e+02
2.837189808237406510e+02 1.511191430397463762e+02
2.842078653204478087e+02 1.501212151243620383e+02
2.846865529095458669e+02 1.491232438014932029e+02
2.851514136239245545e+02 1.481252136186373605e+02
2.855976755068211901e+02 1.471271042619260925e+02
2.860201426053145042e+02 1.461288936125706073e+02
2.864153489508084363e+02 1.451305669161980063e+02
2.867813185612068310e+02 1.441321157611979800e+02
2.871172764435315798e+02 1.431335368484825779e+02
2.874222126069338970e+02 1.421348258785951657e+02
2.876958120542678330e+02 1.411359815106160340e+02
2.879388537784752202e+02 1.401370070606608351e+02
2.881544607512598191e+02 1.391379158229900099e+02
2.883482219219820308e+02 1.381387315893491916e+02
2.885272442262482286e+02 1.371394846134397199e+02
2.886977526076562413e+02 1.361402013943878728e+02
2.888642850250892025e+02 1.351409012499503319e+02
2.890303714465631515e+02 1.341415992069408105e+02
2.891990818442621389e+02 1.331423083340047810e+02
2.893714452088628377e+02 1.321430330114797300e+02
2.895475205398305434e+02 1.311437734905220509e+02
2.897268248415416565e+02 1.301445277150549202e+02
2.899083971227033771e+02 1.291452915942092261e+02
2.900915283897396080e+02 1.281460621098515560e+02
2.902767176381291847e+02 1.271468413861688873e+02
2.904649358590742168e+02 1.261476335565992599e+02
2.906569360457521043e+02 1.251484418265791021e+02
2.908545141818900674e+02 1.241492738414788732e+02
2.910613662340000474e+02 1.231501453347557060e+02
2.912817351636381318e+02 1.221510743683843714e+02
2.915191219390831634e+02 1.211520758457288878e+02
2.917752805444428077e+02 1.201531572333703934e+02
2.920494579865397213e+02 1.191543153258724317e+02
2.923394952849357082e+02 1.181555409326142865e+02
2.926435484563385216e+02 1.171568262038949797e+02
2.929601135143752231e+02 1.161581647373552642e+02
2.932866844817517062e+02 1.151595458652344917e+02
2.936193343940488489e+02 1.141609528707343770e+02
2.939533042943861005e+02 1.131623654953261280e+02
2.942840122242789107e+02 1.121637642339499905e+02
2.946081282138991355e+02 1.111651349111697584e+02
2.949225462913889260e+02 1.101664643050920631e+02
2.952235834901184717e+02 1.091677367375992560e+02
2.955067048511774601e+02 1.081689329037053824e+02
2.957656884309409406e+02 1.071700263170548055e+02
2.959935372928058541e+02 1.061709871922039099e+02
2.961835004979401447e+02 1.051717867909033828e+02
2.963288951068957431e+02 1.041723966643723998e+02
2.964239671718073623e+02 1.031727923184787699e+02
2.964645717302310572e+02 1.021729561084227385e+02
2.964494277937735092e+02 1.011728825811310912e+02
2.963807423424378840e+02 1.001725811315550914e+02
2.962639513269708686e+02 9.917207490013660731e+01
2.961073526721878011e+02 9.817139921053026796e+01
2.959203952924751206e+02 9.717059428606850702e+01
2.957141910871515051e+02 9.616970742928802451e+01
2.955015099405133583e+02 9.516879300064556446e+01
2.952955867326437556e+02 9.416790734005056152e+01
2.951085823533568941e+02 9.316710221551505811e+01
2.949506757104250028e+02 9.216642095789953260e+01
2.948291457378961695e+02 9.116589455308997003e+01
2.947489523908297997e+02 9.016554411524967350e+01
2.947148346262877681e+02 8.916538981776969308e+01
2.947326853908760995e+02 8.816545674648961040e+01
2.948091648885559266e+02 8.716547625071601146e+01
2.949517014068576941e+02 8.616445694285255286e+01
2.951670667326857824e+02 8.516152364170639544e+01
2.954611182510541312e+02 8.415683328292999477e+01
2.958388127917113479e+02 8.315161097829147252e+01
2.963037884297301048e+02 8.214749122947759474e+01
2.968574272254359698e+02 8.114681194094686134e+01
2.974980098868774121e+02 8.015292682425300086e+01
2.982210406441870987e+02 7.916976577701547058e+01
2.990191970042682783e+02 7.820118766316664960e+01
2.998821659427077293e+02 7.725163962161283848e+01
3.007977781968730824e+02 7.632538588780536770e+01
3.017530872286043859e+02 7.542510937409326743e+01
3.027360422640174420e+02 7.455214079374169955e+01
3.037364578114454616e+02 7.370704379336288525e+01
3.047467802899076332e+02 7.288876420865904038e+01
3.057616354631593367e+02 7.209452713696748560e+01
3.067772603674593483e+02 7.132032252344041012e+01
3.077911571588129505e+02 7.056258470272933891e+01
3.088018850548822343e+02 6.981844051555299302e+01
3.098091478949744442e+02 6.908628268662576488e+01
3.108138406373028602e+02 6.836588802366205186e+01
3.118171613553952284e+02 6.765771163084983186e+01
3.128201311924934203e+02 6.696219185905303561e+01
3.138230403008308258e+02 6.628093795799790655e+01
3.148258797835121072e+02 6.561603990874777992e+01
3.158286422888920129e+02 6.496922469565507186e+01
3.168313244455155200e+02 6.434128431154377381e+01
3.178339209152453577e+02 6.373347274505186988e+01
3.188364270623306993e+02 6.314687898631245844e+01
3.198388401197945541e+02 6.258215302943608549e+01
3.208411584487352002e+02 6.203967987093446368e+01
3.218433790778448156e+02 6.152015750448327935e+01
3.228455032458779215e+02 6.102329493271918182e+01
3.238475355928420640e+02 6.054800216551822700e+01
3.248494763613798568e+02 6.009422220339683918e+01
3.258513197450963617e+02 5.966331903399640169e+01
3.268530625768672166e+02 5.925603665057579406e+01
3.278547036051672876e+02 5.887266905047121668e+01
3.288562438601634881e+02 5.851297423587536173e+01
3.298576884628918151e+02 5.817574921768812146e+01
3.308593437800710717e+02 5.785879428014746395e+01
3.318622384683500854e+02 5.756078279010924348e+01
3.328675670978379344e+02 5.728299284430462990e+01
3.338765017571618046e+02 5.702986947245796046e+01
3.348897307174705134e+02 5.680886767200888698e+01
