3.349003186523591467e+02 5.677040817070948719e+01
3.359124330156572569e+02 5.662001826533131066e+01
3.369196904497959508e+02 5.652175215682308362e+01
3.379166493405112419e+02 5.648866279911109700e+01
3.388956960038240140e+02 5.653381489997119047e+01
3.398465985565046594e+02 5.666867000727322079e+01
3.407572723015305201e+02 5.690252776207859142e+01
3.416147542095583844e+02 5.724194504163557440e+01
3.424068770527482570e+02 5.769070808572649867e+01
3.431230519320550343e+02 5.824830081392056513e+01
3.437552716697987307e+02 5.890887508757367641e+01
3.442992196491146046e+02 5.966223043891002931e+01
3.447539871764645341e+02 6.049490287773161867e+01
3.451213782732008895e+02 6.139138694306620891e+01
3.454053402090655709e+02 6.233635829915058935e+01
3.456116200308947555e+02 6.331595828495045453e+01
3.457479194164802720e+02 6.431782857367002748e+01
3.458242299474763968e+02 6.533151760365365135e+01
3.458516827104035087e+02 6.634904168635029009e+01
3.458399350943302579e+02 6.736516188471344435e+01
3.457955292995499121e+02 6.837726102444230492e+01
3.457221266299412150e+02 6.938480568646346569e+01
3.456226529940066143e+02 7.038852833267753795e+01
3.455013112836657001e+02 7.138963786527702382e+01
3.453633903426865572e+02 7.238935680935301775e+01
3.452139107707433254e+02 7.338872954649750113e+01
3.450559742754255694e+02 7.438806628314225122e+01
3.448910708432329670e+02 7.538737336204997064e+01
3.447208874588802132e+02 7.638665796459031299e+01
3.445473411049982246e+02 7.738592825121716601e+01
3.443723617641001056e+02 7.838519243772384471e+01
3.441969004275691759e+02 7.938445457241061831e+01
3.440204610998994212e+02 8.038371254386115083e+01
3.438422597881944967e+02 8.138296301467548233e+01
3.436614255003460698e+02 8.238220227710431232e+01
3.434775492400599433e+02 8.338142859008061691e+01
3.432912440017820472e+02 8.438064456307654382e+01
3.431033427779647695e+02 8.537985374207960376e+01
3.429152625557694023e+02 8.637906215909976027e+01
3.427292593147551543e+02 8.737827941767579887e+01
3.425470800390932027e+02 8.837751295459062817e+01
3.423696327205565808e+02 8.937676663509830632e+01
3.421973413553035357e+02 9.037604226411926334e+01
3.420318249286650598e+02 9.137534673355480663e+01
3.418767944070172575e+02 9.237469584071536133e+01
3.417364497523056457e+02 9.337410746452954413e+01
3.416134299406193691e+02 9.437359283892411099e+01
3.415077299720036876e+02 9.537315194261464057e+01
3.414174258638911965e+02 9.637277658534912916e+01
3.413412586276891716e+02 9.737246140770582770e+01
3.412794552613408996e+02 9.837220737599827203e+01
3.412323757615844784e+02 9.937201602270607737e+01
3.411990611371090836e+02 1.003718832654738549e+02
3.411761684182042700e+02 1.013717948735258858e+02
3.411576576595959409e+02 1.023717251352600215e+02
3.411363979258951531e+02 1.033716436948097339e+02
3.411061582735584921e+02 1.043715240275073768e+02
3.410630457378587153e+02 1.053713495612889233e+02
3.410059173291522256e+02 1.063711154305316597e+02
3.409353720420115792e+02 1.073708241851113314e+02
3.408536948557334085e+02 1.083704855520164756e+02
3.407630527506834142e+02 1.093701087559228711e+02
3.406634257270427497e+02 1.103696937116927757e+02
3.405534827968712079e+02 1.113692347534085627e+02
3.404318859722916386e+02 1.123687261853544328e+02
3.402991122489823397e+02 1.133681700380658128e+02
3.401580746005496962e+02 1.143675787118567655e+02
3.400125669926179626e+02 1.153669683573594398e+02
3.398663163914181382e+02 1.163663548399945284e+02
3.397219477731662778e+02 1.173657493340923565e+02
3.395813661206020697e+02 1.183651599490241324e+02
3.394474314078121324e+02 1.193645988594888365e+02
3.393245065952650634e+02 1.203640846382877498e+02
3.392196186192921346e+02 1.213636471985711296e+02
3.391416383995169781e+02 1.223633243031903248e+02
3.390993048567590336e+02 1.233631531530874383e+02
3.390993879296781301e+02 1.243631625673925782e+02
3.391456615840796189e+02 1.253633686116001229e+02
3.392379508215491342e+02 1.263637705407547571e+02
3.393724026769971260e+02 1.273643519530679100e+02
3.395423102111927847e+02 1.283650842975934268e+02
3.397400974927793982e+02 1.293659353241496319e+02
3.399581635906262704e+02 1.303668726761326866e+02
3.401871815892416180e+02 1.313678566495504469e+02
3.404150075986572119e+02 1.323688355487579997e+02
3.406269077523716646e+02 1.333697466527711413e+02
3.408066511974474224e+02 1.343705208680446503e+02
3.409396110664137609e+02 1.353710959290812639e+02
3.410157744499942964e+02 1.363714292116638944e+02
3.410305323899493146e+02 1.373715010957968730e+02
3.409838338867407970e+02 1.383713113643789256e+02
3.408777199218761780e+02 1.393708687057179532e+02
3.407149994699043418e+02 1.403701850774116338e+02
3.404985835044497549e+02 1.413692728712602786e+02
3.402313999989830791e+02 1.423681445514312429e+02
3.399166769242567625e+02 1.433668138591581851e+02
3.395573362537957109e+02 1.443652932330671206e+02
3.391550059728493807e+02 1.453635896033713948e+02
3.387101110775669781e+02 1.463617047792482140e+02
3.382214615787305547e+02 1.473596336950012073e+02
3.376857065067021040e+02 1.483573620857994229e+02
3.370981329041843537e+02 1.493548698889309776e+02
3.364539938141878110e+02 1.503521368969495597e+02
3.357505432615928385e+02 1.513491514204415012e+02
3.349881372431738100e+02 1.523459149748587436e+02
3.341700757290309411e+02 1.533424416079309367e+02
3.333020496676002722e+02 1.543387555456063183e+02
3.323902320029508815e+02 1.553348830656530026e+02
3.314410816765604295e+02 1.563308516633089766e+02
3.304620346210543289e+02 1.573266929927917204e+02
3.294617087583485500e+02 1.583224437399597946e+02
3.284486780107574759e+02 1.593181404033689432e+02
3.274312593029242748e+02 1.603138183875546190e+02
3.264167675685707763e+02 1.613095088316507599e+02
3.254120827453600100e+02 1.623052410230451130e+02
3.244240017717072533e+02 1.633010438958038435e+02
3.234594235851035364e+02 1.642969468181955222e+02
3.225235541383794384e+02 1.652929719515778402e+02
3.216197884007741550e+02 1.662891337480847369e+02
3.207498103570297872e+02 1.672854393763151961e+02
3.199140760030147135e+02 1.682818907774100694e+02
3.191115783478527987e+02 1.692784836646833071e+02
3.183398764136610453e+02 1.702752076470719658e+02
3.175954372324505357e+02 1.712720476849915485e+02
3.168737618449846423e+02 1.722689846267040821e+02
3.161695912989133603e+02 1.732659960852367931e+02
3.154781956370929947e+02 1.742630619255106410e+02
3.147952058991093054e+02 1.752601635491829768e+02
3.141170251175532258e+02 1.762572856442285456e+02
3.134413323134544385e+02 1.772544183304108287e+02
3.127682114860518254e+02 1.782515619653084400e+02
3.121001876124673799e+02 1.792487272975629367e+02
3.114409096596390327e+02 1.802459298605577942e+02
3.107934475997507775e+02 1.812431827229383714e+02
3.101595814166748255e+02 1.822404934619649168e+02
3.095394321093147596e+02 1.832378625927208304e+02
3.089324006830979101e+02 1.842352875653303670e+02
3.083379311430618941e+02 1.852327660129639071e+02
3.077555554934472184e+02 1.862302959433980050e+02
3.071836747487416233e+02 1.872278705498691238e+02
3.066198239312795408e+02 1.882254793391489329e+02
3.060609570686594907e+02 1.892231093447573187e+02
3.055034141940432164e+02 1.902207449864851014e+02
3.049441983345852805e+02 1.912183735064396615e+02
3.043821665006419153e+02 1.922159900389983136e+02
3.038183556828174119e+02 1.932135989985536071e+02
3.032553958572823376e+02 1.942112115807204304e+02
3.026966989931219700e+02 1.952088423099997385e+02
3.021462220544835873e+02 1.962065080308964014e+02
3.016070050138229703e+02 1.972042216843492497e+02
3.010813208505454099e+02 1.982019929462641130e+02
3.005713265451072402e+02 1.991998309987478990e+02
3.000782740861645266e+02 2.001977411714240702e+02
2.996019804753755125e+02 2.011957226852821918e+02
2.991405377300276882e+02 2.021937674181804141e+02
2.986895028903772413e+02 2.031918564567664021e+02
2.982425900133790719e+02 2.041899630422437326e+02
2.977921461683738471e+02 2.051880545966503746e+02
2.973310424199545423e+02 2.061861007726335515e+02
2.968532988223033158e+02 2.071840761140043981e+02
2.963542914173164604e+02 2.081819609369139812e+02
2.958317552255161900e+02 2.091797455995115058e+02
2.952850812524203548e+02 2.101774275093523556e+02
2.947149894915053778e+02 2.111750097313956473e+02
2.941233439258823523e+02 2.121725002004802150e+02
2.935137865225524934e+02 2.131699144201912759e+02
2.928917672321357486e+02 2.141672755905671011e+02
2.922633879993442747e+02 2.151646096871367604e+02
2.916342267736382041e+02 2.161619404548202112e+02
2.910094845078934895e+02 2.171592900336906666e+02
2.903934241634846671e+02 2.181566765708606113e+02
2.897888187152867658e+02 2.191541118706798557e+02
2.891969591516026981e+02 2.201516014287904568e+02
2.886182124691071067e+02 2.211491468074702311e+02
2.880517366754290833e+02 2.221467444224196583e+02
2.874957327868685297e+02 2.231443866154976945e+02
2.869481758217731340e+02 2.241420647665066213e+02
2.864069157996233912e+02 2.251397697231377890e+02
2.858695057425902633e+02 2.261374910687868010e+02
2.853323896828933357e+02 2.271352136659608050e+02
2.847926406470529628e+02 2.281329250547493643e+02
2.842480893904167942e+02 2.291309130035287751e+02
2.836972995711633985e+02 2.301301944071668402e+02
2.831396213469194549e+02 2.311316705075232676e+02
2.825740860240690608e+02 2.321355021824357152e+02
2.819987076554170358e+02 2.331412029735422777e+02
2.814102414045947285e+02 2.341473180547571644e+02
2.808045100276356720e+02 2.351517816253042952e+02
2.801772154956474878e+02 2.361517723633942580e+02
2.795237722273295731e+02 2.371429537094304010e+02
2.788394170539214656e+02 2.381194823341939184e+02
2.781204701056120143e+02 2.390740375065619503e+02
2.773643775201708195e+02 2.399988292844481634e+02
2.765696239662098037e+02 2.408861801476940627e+02
2.757359515603176305e+02 2.417285449301553228e+02
2.748644678270143231e+02 2.425189902836192744e+02
2.739578220926691756e+02 2.432513374299875295e+02
2.730203456998228830e+02 2.439210517662129689e+02
2.720580275221198008e+02 2.445253567611014773e+02
2.710778322100060223e+02 2.450624700462389853e+02
2.700857552853539687e+02 2.455313421343802247e+02
2.690858253087648677e+02 2.459311451671545399e+02
2.680810858192111823e+02 2.462615240973488255e+02
2.670738750377740303e+02 2.465226668802107497e+02
2.660662220757670866e+02 2.467159611660123630e+02
2.650597399461076407e+02 2.468428168339429476e+02
2.640553357384860647e+02 2.469032147452080608e+02
2.630521184482048511e+02 2.468971541068935664e+02
2.620482770011449247e+02 2.468253532159683914e+02
2.610426160479113946e+02 2.466895359995841375e+02
2.600353071110320684e+02 2.464919292080685977e+02
2.590277865714981544e+02 2.462336209657934774e+02
2.580223953810466355e+02 2.459155672465892621e+02
2.570226589613376973e+02 2.455388510675930718e+02
2.560330602768672748e+02 2.451056045315996244e+02
2.550593974141709168e+02 2.446193433522669807e+02
2.541084940886527193e+02 2.440836726100498311e+02
2.531868426108099186e+02 2.435018219712479493e+02
2.523000085773695957e+02 2.428762471502321318e+02
2.514528895055959481e+02 2.422096560197185511e+02
2.506496564921316406e+02 2.415057933695274528e+02
2.498940206846129115e+02 2.407683910314103741e+02
2.491889202639765983e+02 2.400007015423437053e+02
2.485366810652712957e+02 2.392048828226981527e+02
2.479388509828105214e+02 2.383823724747116160e+02
2.473969238993816475e+02 2.375341408664675669e+02
2.469124681820092064e+02 2.366612796842196929e+02
2.464864716499550639e+02 2.357647731419212960e+02
2.461194213193357996e+02 2.348450883169772965e+02
2.458110695388194813e+02 2.339037871693160184e+02
2.455604923374094426e+02 2.329439147932870640e+02
2.453661724209464126e+02 2.319690607624630729e+02
2.452253584936810284e+02 2.309828123973900631e+02
2.451348038699692324e+02 2.299879079021015116e+02
2.450904876161442019e+02 2.289869071831282952e+02
2.450885138658944697e+02 2.279821196771296457e+02
2.451266562188147589e+02 2.269757489265343509e+02
2.452054916871847183e+02 2.259701424088884778e+02
2.453277348567619356e+02 2.249668126935836199e+02
2.454971501315241369e+02 2.239659078066061966e+02
2.457173223272518499e+02 2.229665390000620846e+02
2.459917137674098058e+02 2.219676980035380893e+02
2.463221806994862391e+02 2.209690957162520135e+02
2.467092471187334013e+02 2.199707343688130550e+02
2.471515420375733925e+02 2.189726081250280458e+02
2.476455864875279360e+02 2.179747021751845182e+02
2.481846285297741304e+02 2.169769877767763262e+02
2.487595472469536730e+02 2.159794261027302298e+02
2.493591577404091595e+02 2.149819695397566477e+02
2.499718301155152460e+02 2.139845685802509365e+02
2.505871084670094433e+02 2.129871787141947550e+02
2.511963538731661458e+02 2.119897631663347397e+02
2.517926813963675556e+02 2.109922926279986370e+02
2.523715820774677923e+02 2.099947479048796026e+02
2.529309619354397682e+02 2.089971200830546252e+02
2.534710569681452057e+02 2.079994101671492217e+02
2.539925311695678261e+02 2.070016209837368990e+02
2.544964425301215556e+02 2.060037570366048953e+02
2.549835820426394548e+02 2.050058216929514003e+02
2.554543317036604435e+02 2.040078165789075513e+02
2.559096795042325425e+02 2.030097459002784603e+02
2.563516014264520777e+02 2.020116180686743235e+02
2.567826344473323843e+02 2.010134438838194058e+02
2.572059575380698107e+02 2.000152368783598718e+02
2.576248106693080899e+02 1.990170108446120310e+02
2.580439647978191147e+02 1.980187860921874403e+02
2.584691718714864237e+02 1.970205871067044257e+02
2.589071468294681040e+02 1.960224424731643182e+02
2.593638126180983363e+02 1.950243774051132846e+02
2.598437011963146119e+02 1.940264111947666379e+02
2.603489845444372008e+02 1.930285530880846636e+02
2.608798126611070529e+02 1.920308037236003997e+02
2.614341085651431058e+02 1.910331542597580778e+02
2.620072162987313504e+02 1.900355848764882580e+02
2.625924289226411474e+02 1.890380670228447286e+02
2.631831044970530229e+02 1.880405724245790111e+02
2.637738560707762190e+02 1.870430781498367878e+02
2.643619326687365287e+02 1.860455724879197987e+02
2.649458413044613394e+02 1.850480490832946430e+02
2.655258679753594038e+02 1.840505091534312214e+02
2.661035186677854085e+02 1.830529591092024759e+02
2.666808613630020091e+02 1.820554077538523075e+02
2.672616180272858060e+02 1.810578709315169306e+02
2.678494846271488541e+02 1.800603643756535348e+02
2.684470471391604178e+02 1.790628990945738224e+02
2.690548995579385405e+02 1.780654776168691171e+02
2.696711249008523623e+02 1.770680917820856166e+02
2.702926831954461022e+02 1.760707286492845469e+02
2.709159104749176663e+02 1.750733726212291685e+02
2.715371097727641541e+02 1.740760079602054020e+02
2.721528721198729386e+02 1.730786201544828771e+02
2.727597015479200877e+02 1.720811943219820250e+02
2.733549750806712950e+02 1.710837192968862155e+02
2.739368317349884592e+02 1.700861871571273696e+02
2.745046695163260324e+02 1.690885953400590722e+02
2.750584984245933811e+02 1.680909438882501377e+02
2.755991974518261713e+02 1.670932365435049860e+02
2.761286385810630577e+02 1.660954812747174287e+02
2.766492017907399372e+02 1.650976882132803496e+02
2.771631260605699936e+02 1.640998668903654334e+02
2.776720663755579608e+02 1.631020243511219689e+02
2.781771197257645554e+02 1.621041652653557890e+02
2.786797680977618370e+02 1.611062959417745333e+02
2.791808554839026328e+02 1.601084199731914737e+02
2.796820448691192951e+02 1.591105444388109618e+02
2.801850442379362676e+02 1.581126766093973401e+02
2.806905495840474032e+02 1.571148194477443951e+02
2.811981609110769682e+02 1.561169712510970840e+02
2.817071962252042567e+02 1.551191291162579375e+02
2.822165975360153425e+02 1.541212885394397176e+02
2.827246608589495622e+02 1.531234422669056698e+02
2.832285252199291108e+02 1.521255781196999237e+02
2.837254866434539053e+02 1.511276845871979901e+02
2.842123201587443759e+02 1.501297479409368520e+02
2.846857207957456808e+02 1.491317541119024384e+02
2.851423615846024404e+02 1.481336889374292127e+02
2.855789815548612296e+02 1.471355385358061767e+02
2.859914587438698277e+02 1.461372853601420161e+02
2.863752911924189561e+02 1.451389102459280309e+02
2.867270029320031881e+02 1.441403983962223947e+02
2.870453359740207588e+02 1.431417444558602483e+02
2.873307233145485498e+02 1.421429502680740313e+02
2.875851509355920257e+02 1.411440242870428392e+02
2.878108258171546368e+02 1.401449759077179351e+02
2.880097749408704431e+02 1.391458137588108173e+02
2.881841532872140874e+02 1.381465470139145850e+02
2.883379208203053850e+02 1.371471925303048067e+02
2.884772494842226251e+02 1.361477765814926784e+02
2.886089162175619549e+02 1.351483280164065377e+02
2.887386629682977173e+02 1.341488712780958963e+02
2.888709676958564501e+02 1.331494254289041805e+02
2.890082853779944685e+02 1.321500009194907648e+02
2.891511070102629901e+02 1.311505998399875637e+02
2.893000885867182888e+02 1.301512249829129644e+02
2.894569350919121007e+02 1.291518836062605544e+02
2.896233145107312907e+02 1.281525828105191636e+02
2.897999368367429156e+02 1.271533256180790943e+02
2.899875160634776989e+02 1.261541150683581520e+02
2.901866741852998643e+02 1.251549538091405793e+02
2.903966802088328336e+02 1.241558387286414131e+02
2.906163381449129588e+02 1.231567647356228576e+02
2.908460679897349337e+02 1.221577336179778399e+02
2.910868037348360531e+02 1.211587493516394431e+02
2.913393233731671330e+02 1.201598152484664013e+02
2.916040719006963400e+02 1.191609332027737764e+02
2.918806983206038126e+02 1.181621017203939061e+02
2.921666206562841808e+02 1.171633098100426480e+02
2.924587159360335136e+02 1.161645441774595326e+02
2.927556131722738542e+02 1.151657989864514207e+02
2.930577593609551741e+02 1.141670761398471541e+02
2.933657754964508513e+02 1.131683782811740002e+02
2.936795565797122549e+02 1.121697049634587984e+02
2.939981346195100400e+02 1.111710520660341501e+02
2.943185566426000719e+02 1.101724070183105653e+02
2.946360246924550665e+02 1.091737493957405150e+02
2.949462278081352338e+02 1.081750608468809105e+02
2.952440610358949016e+02 1.071763196403197185e+02
2.955221094429182926e+02 1.061774942112342615e+02
2.957705631180897399e+02 1.051785427995556006e+02
2.959792691534014466e+02 1.041794221851023394e+02
2.961393236295288602e+02 1.031800944645458742e+02
2.962430126163653767e+02 1.021805268002540572e+02
2.962859731534423986e+02 1.011807006194255791e+02
2.962683822391559829e+02 1.001806166755295635e+02
2.961937258419211503e+02 9.918028980807679318e+01
2.960693728949703996e+02 9.817975138607309304e+01
2.959064452975317181e+02 9.717904875462411951e+01
2.957182359291628586e+02 9.617823850053886758e+01
2.955181596683160024e+02 9.517737772996659373e+01
2.953188444005740507e+02 9.417652019888589621e+01
2.951317250223290785e+02 9.317571458480830415e+01
2.949661424489463570e+02 9.217500065132233544e+01
2.948297276112843406e+02 9.117441088273849914e+01
2.947294444462451679e+02 9.017397492402315606e+01
2.946716588961492107e+02 8.917371987452372650e+01
2.946622639076022097e+02 8.817367082007979207e+01
2.947082674171077770e+02 8.717385759296075776e+01
2.948186453433380620e+02 8.617431840299113333e+01
2.950032258615502201e+02 8.517479808529793672e+01
2.952715892397764037e+02 8.417431441310728246e+01
2.956322142494544210e+02 8.317199947173372720e+01
2.960912115376107749e+02 8.216771427225646107e+01
2.966508510488673664e+02 8.116194648199345352e+01
2.973085414081658087e+02 8.015642308539952410e+01
2.980573213412521341e+02 7.915448247935930226e+01
2.988863560710853449e+02 7.816051258120015177e+01
2.997816141646006258e+02 7.717881369964979399e+01
3.007278673996528369e+02 7.621363404836708355e+01
3.017103127925107628e+02 7.526940165283230044e+01
3.027155139128547603e+02 7.435065235676717066e+01
3.037326626730240946e+02 7.346161218964587647e+01
3.047537143704954588e+02 7.260548293508284701e+01
3.057733835063842207e+02 7.178354510490473217e+01
3.067890309451055373e+02 7.099441545207454851e+01
3.078001204239849358e+02 7.023510066666116813e+01
3.088073856564480479e+02 6.950238084282597129e+01
3.098120319263327929e+02 6.879290308094778084e+01
3.108152709079233773e+02 6.810392751416321744e+01
3.118181385797153098e+02 6.743240752491232115e+01
3.128209463698672153e+02 6.677495440820615613e+01
3.138237054229111891e+02 6.612895018776529810e+01
3.148264251380553560e+02 6.549218688359556495e+01
3.158291091038561262e+02 6.486382150333497520e+01
3.168317552812642930e+02 6.424433304264357503e+01
3.178343600519252732e+02 6.363457149381986255e+01
3.188369160982489348e+02 6.303625584128863579e+01
3.198394122544187326e+02 6.245200906128397378e+01
3.208418317695812902e+02 6.188576611815253159e+01
3.218441580972140059e+02 6.134141397667576712e+01
3.228463780835336365e+02 6.082204260885643521e+01
3.238484807032008348e+02 6.033024199122763775e+01
3.248504574083851253e+02 5.986802010559574683e+01
3.258523038826022002e+02 5.943639094277327217e+01
3.268540190233181306e+02 5.903561350041354672e+01
3.278556060274556785e+02 5.866493678532108902e+01
3.288570751668850107e+02 5.832194781935905326e+01
3.298587356987518433e+02 5.800376789291760815e+01
3.308616189402596319e+02 5.770844537851547784e+01
3.318669285074041113e+02 5.743513339213757263e+01
3.328755527431949304e+02 5.718516272741814532e+01
3.338871750155661857e+02 5.696173506549911281e+01
3.349003186523591467e+02 5.677040817070948719e+01
