3.359117730575774772e+02 5.677504986064118953e+01
3.369191607524816163e+02 5.664618402938697272e+01
3.379162441018241907e+02 5.658385793657942031e+01
3.388954067695852927e+02 5.660175928434955495e+01
3.398464095592020158e+02 5.671306760500124255e+01
3.407571624355143740e+02 5.692833652823389912e+01
3.416147012155627181e+02 5.725439392884032941e+01
3.424068638521393382e+02 5.769380905762960765e+01
3.431230648133973773e+02 5.824527484133793109e+01
3.437550005969361564e+02 5.890278387845700081e+01
3.442976316999970550e+02 5.965540261732482463e+01
3.447501714673812785e+02 6.048895358078220852e+01
3.451154616776632338e+02 6.138752072175287822e+01
3.453988231515643861e+02 6.233471354186582403e+01
3.456071483357184775e+02 6.331564224658254147e+01
3.457484364117959785e+02 6.431783077448099561e+01
3.458319438775830008e+02 6.533155044128582745e+01
3.458684315586477283e+02 6.634911298496334098e+01
3.458681258389032109e+02 6.736528189063622563e+01
3.458388179073260744e+02 6.837744530085646488e+01
3.457844080656296910e+02 6.938507081394681109e+01
3.457063872353182887e+02 7.038888478317394970e+01
3.456060693344875290e+02 7.139008381258165059e+01
3.454863912282161209e+02 7.238988041506101467e+01
3.453515825233450869e+02 7.338931560500580531e+01
3.452055159204781489e+02 7.438870287090821876e+01
3.450501004023186624e+02 7.538805033916699472e+01
3.448862209608479361e+02 7.638736177712777931e+01
3.447147165884642277e+02 7.738664075631942296e+01
3.445376262666929961e+02 7.838589595653604647e+01
3.443583309649003468e+02 7.938514177031515828e+01
3.441801866526789695e+02 8.038439248377207491e+01
3.440052073117807936e+02 8.138365667027875361e+01
3.438343439335892526e+02 8.238293837813543519e+01
3.436673135206684719e+02 8.338223640264288861e+01
3.435029160838911935e+02 8.438154563553581511e+01
3.433397866356250461e+02 8.538086026616241497e+01
3.431772681818229103e+02 8.638017749774743947e+01
3.430158867177188995e+02 8.737949956941386631e+01
3.428570582304831760e+02 8.837883250891471221e+01
3.427023117062620940e+02 8.937818282503138789e+01
3.425525571368106625e+02 9.037755439153175985e+01
3.424079665205703122e+02 9.137694794060050185e+01
3.422692668509540113e+02 9.237636656699504556e+01
3.421387791069322475e+02 9.337582015095185284e+01
3.420205562517822955e+02 9.437532594563700172e+01
3.419187372480024010e+02 9.537490157030893556e+01
3.418357370737114707e+02 9.637455730535157272e+01
3.417715467289907565e+02 9.737429311245296049e+01
3.417250262241694827e+02 9.837410413876102666e+01
3.416943285759825812e+02 9.937398252180406644e+01
3.416770318063746572e+02 1.003739179513999602e+02
3.416702649413588233e+02 1.013738982060239664e+02
3.416696670204481734e+02 1.023739047213885272e+02
3.416690690995375803e+02 1.033739112367530879e+02
3.416620052372127248e+02 1.043738902270814037e+02
3.416433884795648055e+02 1.053738200375854603e+02
3.416104668515285994e+02 1.063736889533101646e+02
3.415618543656621000e+02 1.073734910742090278e+02
3.414970720263052613e+02 1.083732243612328432e+02
3.414161228334310181e+02 1.093728888271522806e+02
3.413192947844297578e+02 1.103724856979510207e+02
3.412079708667708928e+02 1.113720208609048257e+02
3.410849020555285733e+02 1.123715060267118986e+02
3.409538033170427411e+02 1.133709570097102812e+02
3.408183776177621098e+02 1.143703895731553359e+02
3.406810919353341092e+02 1.153698142187891449e+02
3.405433242572734116e+02 1.163692368126030772e+02
3.404057415775364461e+02 1.173686601939412242e+02
3.402686988929067411e+02 1.183680858739987798e+02
3.401337591892226442e+02 1.193675205062912710e+02
3.400044604344278127e+02 1.203669791516876160e+02
3.398852915878491672e+02 1.213664809193569454e+02
3.397817665995267475e+02 1.223660492817783734e+02
3.396995394182318933e+02 1.233657083073952663e+02
3.396432010023674479e+02 1.243654775395793024e+02
3.396156123260111599e+02 1.253653691572864091e+02
3.396182603756898288e+02 1.263653894905086474e+02
3.396520401432943572e+02 1.273655423491605347e+02
3.397167626305370618e+02 1.283658269286903533e+02
3.398100588588825417e+02 1.293662331445309519e+02
3.399268498743495002e+02 1.303667393759494075e+02
3.400585417548046507e+02 1.313673090392523761e+02
3.401943025983923121e+02 1.323678960238316336e+02
3.403225775098074450e+02 1.333684511413491123e+02
3.404329265836427680e+02 1.343689299498966534e+02
3.405167428978826365e+02 1.353692958104412867e+02
3.405674455121547908e+02 1.363695207084047070e+02
3.405795174764465401e+02 1.373695811585371871e+02
3.405487328290478217e+02 1.383694591712310000e+02
3.404727245914052105e+02 1.393691446704328598e+02
3.403503467739019470e+02 1.403686327777493830e+02
3.401811643804796290e+02 1.413679216414343784e+02
3.399651244116182625e+02 1.423670110358728209e+02
3.397018548706884644e+02 1.433658993775024726e+02
3.393915127562677299e+02 1.443645873346546864e+02
3.390337510714999780e+02 1.453630734301893881e+02
3.386271558291970791e+02 1.463613516448673408e+02
3.381687300565134251e+02 1.473594092207959534e+02
3.376544407899905309e+02 1.483572289899468046e+02
3.370806050629983588e+02 1.493547952742023313e+02
3.364447958975271149e+02 1.503520977420959639e+02
3.357469672939934640e+02 1.513491361978108785e+02
3.349892372332071773e+02 1.523459196574352745e+02
3.341745486885029095e+02 1.533424606489898565e+02
3.333069566231399676e+02 1.543387764341545392e+02
3.323923249839870664e+02 1.553348919753190671e+02
3.314389896955151471e+02 1.563308427578998021e+02
3.304571276655146335e+02 1.573266721042434710e+02
3.294575317961945871e+02 1.583224259589396468e+02
3.284494920033821472e+02 1.593181438684756017e+02
3.274405902183799526e+02 1.603138581085742658e+02
3.264373573820132606e+02 1.613095964809696738e+02
3.254462064361765101e+02 1.623053862850829887e+02
3.244738153203632010e+02 1.633012559484105850e+02
3.235261779802640376e+02 1.642972309867377874e+02
3.226067703843845038e+02 1.652933261970063654e+02
3.217168335214804529e+02 1.662895468620141060e+02
3.208560623943151882e+02 1.672858916834101422e+02
3.200235580110343676e+02 1.682823568342524538e+02
3.192181273824471646e+02 1.692789372360739151e+02
3.184385375197253438e+02 1.702756276401319440e+02
3.176824954436447115e+02 1.712724182853828836e+02
3.169464501863796499e+02 1.722692940556183316e+02
3.162259287884579066e+02 1.732662359097793114e+02
3.155167922873814632e+02 1.742632262286074365e+02
3.148149817199271183e+02 1.752602477333952606e+02
3.141170251175532258e+02 1.762572856442285456e+02
3.134215564926366255e+02 1.772543341461985165e+02
3.127299118330723218e+02 1.782513989265073064e+02
3.120454671082717937e+02 1.792484943564079458e+02
3.113720622834424034e+02 1.802456367823494361e+02
3.107123233347909945e+02 1.812428373829189923e+02
3.100674442514992393e+02 1.822401012408406586e+02
3.094373560341923621e+02 1.832374280623891707e+02
3.088218086851355224e+02 1.842348167833425521e+02
3.082207302049809527e+02 1.852322670972048968e+02
3.076337835967821661e+02 1.862297775694050586e+02
3.070587838803365912e+02 1.872273388986432678e+02
3.064925940840671501e+02 1.882249377310625960e+02
3.059323652337876069e+02 1.892225619387898519e+02
3.053765233437592883e+02 1.902202048214837191e+02
3.048254884101767175e+02 1.912178681670370111e+02
3.042814634130793365e+02 1.922155613533735163e+02
3.037470413289732392e+02 1.932132954186031384e+02
3.032248341341920082e+02 1.942110814817167466e+02
3.027163878147280798e+02 1.952089261238627955e+02
3.022225593628164688e+02 1.962068329931940696e+02
3.017420137905529600e+02 1.972047964067654391e+02
3.012721101218667741e+02 1.982028051221363398e+02
3.008091633901461250e+02 1.992008434526753433e+02
3.003492686307724853e+02 2.001988947752358001e+02
2.998883728804685234e+02 2.011969418366516322e+02
2.994234621665427767e+02 2.021949718066630908e+02
2.989527135055127474e+02 2.031929769249638298e+02
2.984751359063575364e+02 2.041909529729780388e+02
2.979901983738882336e+02 2.051888976902984041e+02
2.974975869109498490e+02 2.061868097402620776e+02
2.969974115165457533e+02 2.071846895911267552e+02
2.964912921759977849e+02 2.081825441390506057e+02
2.959805608772372807e+02 2.091803790542081174e+02
2.954654476181802352e+02 2.101781953156834675e+02
2.949444574123723442e+02 2.111759865594294752e+02
2.944142862897496116e+02 2.121737387206889593e+02
2.938712392837910556e+02 2.131714360702616773e+02
2.933121234234270105e+02 2.141690650159050051e+02
2.927357697192495039e+02 2.151666205813172041e+02
2.921426531669545739e+02 2.161641047885198645e+02
2.915338467568202532e+02 2.171615222051536307e+02
2.909113274709337702e+02 2.181588812470855601e+02
2.902783252800293781e+02 2.191561956640631479e+02
2.896393451432892334e+02 2.201534846333656787e+02
2.889997690119492404e+02 2.211507710655631342e+02
2.883652928344002362e+02 2.221480792078881450e+02
2.877417035582085418e+02 2.231454336949501851e+02
2.871348151306960403e+02 2.241428592762946721e+02
2.865490655116517473e+02 2.251403748439894628e+02
2.859852996934195062e+02 2.261379839951047188e+02
2.854412196968204967e+02 2.271356769473123904e+02
2.849122925629264387e+02 2.281334344041402460e+02
2.843933470742848613e+02 2.291315313547875974e+02
2.838792439226256761e+02 2.301309689308668567e+02
2.833645820485746185e+02 2.311329241513389263e+02
2.828426167075513149e+02 2.321382623124232509e+02
2.823049312656649477e+02 2.331466445823840843e+02
2.817424452505546242e+02 2.341562832904724871e+02
2.811480867915586259e+02 2.351636093001902168e+02
2.805169111202021668e+02 2.361636245169273138e+02
2.798462459984518205e+02 2.371500365082532653e+02
2.791344060612715339e+02 2.381158800366490880e+02
2.783804328654263713e+02 2.390537399549439783e+02
2.775842535126806752e+02 2.399563098866182145e+02
2.767473930601439633e+02 2.408165322597229761e+02
2.758724067626700958e+02 2.416282448958584723e+02
2.749631289719375218e+02 2.423866750741857174e+02
2.740241918966538606e+02 2.430894344918578156e+02
2.730613985368340764e+02 2.437355958431925842e+02
2.720809812280236883e+02 2.443248586558204636e+02
2.710886369665635698e+02 2.448565311749476905e+02
2.700883963946729978e+02 2.453292965466343674e+02
2.690830153634511817e+02 2.457408464813147759e+02
2.680738188909664927e+02 2.460883605938878134e+02
2.670619530990742874e+02 2.463689937374868464e+02
2.660491759280416773e+02 2.465808843785997055e+02
2.650381979004622508e+02 2.467225060417860618e+02
2.640315021102853166e+02 2.467929022886322628e+02
2.630303972732097577e+02 2.467921426908245053e+02
2.620358820547720597e+02 2.467214825109432752e+02
2.610495027525751652e+02 2.465829693499564428e+02
2.600738211597066538e+02 2.463797111412892491e+02
2.591127261323439939e+02 2.461157434759308842e+02
2.581709859808127021e+02 2.457961716983005260e+02
2.572530748853832279e+02 2.454266009052669233e+02
2.563629107581675726e+02 2.450131678305446030e+02
2.555038269713097634e+02 2.445623697227934770e+02
2.546781325103412428e+02 2.440807924707778227e+02
2.538865147926648831e+02 2.435749170594779400e+02
2.531288281503346695e+02 2.430507729234319072e+02
2.524049890196521346e+02 2.425127207464288404e+02
2.517151099751400238e+02 2.419627400256212013e+02
2.510587810936356732e+02 2.414003420115838026e+02
2.504348803519029047e+02 2.408224759003475413e+02
2.498408667735153301e+02 2.402234928240789600e+02
2.492731629087919032e+02 2.395962084888823256e+02
2.487297806434744416e+02 2.389328933615442736e+02
2.482117034563806328e+02 2.382266245658984758e+02
2.477220130004921259e+02 2.374720871720393802e+02
2.472647291882003060e+02 2.366667262691338181e+02
2.468443486448340991e+02 2.358118140103375424e+02
2.464659944955893707e+02 2.349117952444924526e+02
2.461346059146350171e+02 2.339734520585583084e+02
2.458544039569295592e+02 2.330050024955525885e+02
2.456286319366937221e+02 2.320150714400463414e+02
2.454584428689514652e+02 2.310116448726529086e+02
2.453429727594697738e+02 2.300012971750134909e+02
2.452814364286405180e+02 2.289890020497713010e+02
2.452726988214857613e+02 2.279782936971466540e+02
2.453144755133398576e+02 2.269709114083591999e+02
2.454036662424445296e+02 2.259671449885682932e+02
2.455378608363296848e+02 2.249660901697471616e+02
2.457169394043932300e+02 2.239665464306575302e+02
2.459423522883296869e+02 2.229674969360280556e+02
2.462166767290947007e+02 2.219686556542925757e+02
2.465424807034206367e+02 2.209700335171388588e+02
2.469205152045030331e+02 2.199716337214896669e+02
2.473494132447276854e+02 2.189734504481793635e+02
2.478262708504065586e+02 2.179754713352059525e+02
2.483455950713094467e+02 2.169776729994849518e+02
2.488989489838805582e+02 2.159800195256543418e+02
2.494755546857748811e+02 2.149824650329778990e+02
2.500649192720651115e+02 2.139849648539323539e+02
2.506577108273047259e+02 2.129874792632411413e+02
2.512468104159960944e+02 2.119899779561203275e+02
2.518267870873471281e+02 2.109924378134124936e+02
2.523937238768482700e+02 2.099948421608883109e+02
2.529448688094341833e+02 2.089971792835926578e+02
2.534792878935674878e+02 2.079994452055923659e+02
2.539985391151318197e+02 2.070016465591185693e+02
2.545050084525085481e+02 2.060037935011054060e+02
2.550008158864893062e+02 2.050058950561550262e+02
2.554878044003753530e+02 2.040079590697114611e+02
2.559668829859306243e+02 2.030099894112857442e+02
2.564380586430917788e+02 2.020119861106761050e+02
2.569007863767967592e+02 2.010139468478786569e+02
2.573556641816273896e+02 2.000158741685123118e+02
2.578043990421171543e+02 1.990177753390844941e+02
2.582494789357234026e+02 1.980196609507318897e+02
2.586951078243553184e+02 1.970215488994106749e+02
2.591466116597563314e+02 1.960234618573050511e+02
2.596093753931351102e+02 1.950254227477555560e+02
2.600880169826499468e+02 1.940274512290698965e+02
2.605860623963530429e+02 1.930295623110342831e+02
2.611058526130337327e+02 1.920317659590230051e+02
2.616477886290585957e+02 1.910340638800479667e+02
2.622108104540319005e+02 1.900364515618082066e+02
2.627922031125531817e+02 1.890389174468534463e+02
2.633876676435738773e+02 1.880414432348232197e+02
2.639919460947345442e+02 1.870440065430017000e+02
2.645994695164935706e+02 1.860465836647809397e+02
2.652049109571167946e+02 1.850491519237198759e+02
2.658037104579203742e+02 1.840516919084103051e+02
2.663935300400880806e+02 1.830541936662486933e+02
2.669740257067367111e+02 1.820566557328656359e+02
2.675469744417655988e+02 1.810590856727506548e+02
2.681152152194517271e+02 1.800614955712080985e+02
2.686821920085903912e+02 1.790639000889594286e+02
2.692512047792817498e+02 1.780663132737342380e+02
2.698244475116467811e+02 1.770687444651442206e+02
2.704028921968787245e+02 1.760711978008843630e+02
2.709871288296316152e+02 1.750736757925184008e+02
2.715757944222552851e+02 1.740761726379083143e+02
2.721661349997024217e+02 1.730786766135852019e+02
2.727544885951529068e+02 1.720811721308261326e+02
2.733378732356255227e+02 1.710836464955917791e+02
2.739141469405279281e+02 1.700860905896286113e+02
2.744819847218654445e+02 1.690884987725602855e+02
2.750411005822294328e+02 1.680908698269169577e+02
2.755923665137190710e+02 1.670932074647047045e+02
2.761377634983851976e+02 1.660955201188182286e+02
2.766803355086475449e+02 1.650978207472238068e+02
2.772236815118970412e+02 1.641001246704605023e+02
2.777702514859350913e+02 1.631024423179033533e+02
2.783208924230876278e+02 1.621047772951362731e+02
2.788749983288450949e+02 1.611071270224852583e+02
2.794311762158291685e+02 1.601094855701057043e+02
2.799880770962623160e+02 1.591118471954559936e+02
2.805438409869973952e+02 1.581142039807248807e+02
2.810960149102599530e+02 1.571165454837667141e+02
2.816423828861283027e+02 1.561188622713182212e+02
2.821809099330407093e+02 1.551211456806128695e+02
2.827096610685294991e+02 1.541233874745727235e+02
2.832269613077709778e+02 1.531255805229109228e+02
2.837310766664763833e+02 1.521277174441839861e+02
2.842200871620419207e+02 1.511297900651674979e+02
2.846921258113837325e+02 1.501317904382519828e+02
2.851453586311189952e+02 1.491337107563052768e+02
2.855769476469616279e+02 1.481355389382799217e+02
2.859833608909136160e+02 1.471372599488483957e+02
2.863615573905281622e+02 1.461388608428150064e+02
2.867102891571129248e+02 1.451403363075838229e+02
2.870300811859111718e+02 1.441416885780209327e+02
2.873228074599432489e+02 1.431429256315339842e+02
2.875910389559144278e+02 1.421440584125813871e+02
2.878367856556129141e+02 1.411450954775075957e+02
2.880618485427205542e+02 1.401460444929673770e+02
2.882676746041267961e+02 1.391469116186773647e+02
2.884561658225982796e+02 1.381477049512380972e+02
2.886294881785098596e+02 1.371484337110683782e+02
2.887893926559963802e+02 1.361491053519787613e+02
2.889368892459066274e+02 1.351497241734258523e+02
2.890731139379478805e+02 1.341502950112341068e+02
2.891991727220990924e+02 1.331508225735214239e+02
2.893160225896891689e+02 1.321513109341293841e+02
2.894262795170157574e+02 1.311517712290763598e+02
2.895358954501501785e+02 1.301522287953582691e+02
2.896524093207846704e+02 1.291527157256519445e+02
2.897825720677511754e+02 1.281532607582066134e+02
2.899317196427024328e+02 1.271538866077753767e+02
2.901028570184113846e+02 1.261546060663059450e+02
2.902963161918698347e+02 1.251554205470850150e+02
2.905113781695924899e+02 1.241563269894103598e+02
2.907478939529293029e+02 1.231573247590056326e+02
2.910049515501434030e+02 1.221584099735892437e+02
2.912793199905098049e+02 1.211595688791568364e+02
2.915661673178090041e+02 1.201607809064267656e+02
2.918604615776341689e+02 1.191620246347397938e+02
2.921572098152245189e+02 1.181632788094554201e+02
2.924528310630261672e+02 1.171645281866585151e+02
2.927464983285322546e+02 1.161657692459029363e+02
2.930394366006434552e+02 1.151670072018762028e+02
2.933333288641109107e+02 1.141682492189203799e+02
2.936290311111786764e+02 1.131694989409313905e+02
2.939268253392916108e+02 1.121707575683515756e+02
2.942259215556077834e+02 1.111720217382396640e+02
2.945246527752310612e+02 1.101732843543636875e+02
2.948213470133107421e+02 1.091745382992073701e+02
2.951138672892092245e+02 1.081757744758015178e+02
2.953981666395949333e+02 1.071769756565214493e+02
2.956669491305736983e+02 1.061781107831140218e+02
2.959107188481848993e+02 1.051791394321730877e+02
2.961193668840222131e+02 1.041800185708203514e+02
2.962830243275043358e+02 1.031807061878304808e+02
2.963940822475733512e+02 1.021811698925445171e+02
2.964482206833710620e+02 1.011813912952074190e+02
2.964443366448912229e+02 1.001813657004719005e+02
2.963841671163957017e+02 9.918110050255208421e+01
2.962723670557072637e+02 9.818061551726040648e+01
2.961164983943099855e+02 9.717994293518211180e+01
2.959264300427847729e+02 9.617912476754253248e+01
2.957144238900306732e+02 9.517821321229928344e+01
2.954947908063817295e+02 9.417726918977314199e+01
2.952820466603143927e+02 9.317635449294672867e+01
2.950899653270280965e+02 9.217552775619208205e+01
2.949317856865698104e+02 9.117484533644619660e+01
2.948196456289620642e+02 9.017435890381267427e+01
2.947637770614968531e+02 8.917411201476710403e+01
2.947732769017501369e+02 8.817414339421733871e+01
2.948559983428738178e+02 8.717418946993711870e+01
2.950185346799638069e+02 8.617325529982883836e+01
2.952664557108154213e+02 8.517046058592052304e+01
2.956034778398412755e+02 8.416595314986795984e+01
2.960304379341195045e+02 8.316094056506170773e+01
2.965445561268738288e+02 8.215703001248294868e+01
2.971400815430588409e+02 8.115652903220973258e+01
2.978091529463732741e+02 8.016276518999120526e+01
2.985427126082839777e+02 7.917964896352486903e+01
2.993319570491131003e+02 7.821103291229232468e+01
3.001686624855676655e+02 7.726107706626348204e+01
3.010447827252137358e+02 7.633333320588147330e+01
3.019528696479561631e+02 7.543063265098845704e+01
3.028867432978764782e+02 7.455506611314882548e+01
3.038410003985171670e+02 7.370786160234766271e+01
3.048108419802116487e+02 7.288923669188110921e+01
3.057923738545151764e+02 7.209805279430972291e+01
3.067829022500652059e+02 7.133166641859963875e+01
3.077808875216414890e+02 7.058717198432768214e+01
3.087847873599670834e+02 6.986181990114343421e+01
3.097925801520988216e+02 6.915387054750559059e+01
3.108020597972184191e+02 6.846169851756334879e+01
3.118108887788970378e+02 6.778354084479823882e+01
3.128175751906763367e+02 6.711725815894786251e+01
3.138219955858397725e+02 6.646084091630586954e+01
3.148250577107715458e+02 6.581341097309012866e+01
3.158277840070642242e+02 6.517510168292804451e+01
3.168304686752514954e+02 6.454657130416248378e+01
3.178331015328578246e+02 6.393021181512048656e+01
3.188356689918975917e+02 6.332921518688073093e+01
3.198381583796158338e+02 6.274655839246975120e+01
3.208405600584187596e+02 6.218450541137443111e+01
3.218428602274761943e+02 6.164629821422036571e+01
3.228450465588411475e+02 6.113483277476800026e+01
3.238471123479155267e+02 6.065168407874702439e+01
3.248490544275747425e+02 6.019759611941631761e+01
3.258508731000578678e+02 5.977249789741912878e+01
3.268525742185855734e+02 5.937501442521383410e+01
3.278541684338910045e+02 5.900264372546996583e+01
3.288556697085659835e+02 5.865210582790632543e+01
3.298573850436058024e+02 5.832105201811091888e+01
3.308603458370947692e+02 5.800751166877458331e+01
3.318657535510433831e+02 5.771114389129755295e+01
3.328744950513213325e+02 5.743362647617013295e+01
3.338862475035770103e+02 5.717961809133294082e+01
3.348995250790864020e+02 5.695682748162565190e+01
3.359117730575774772e+02 5.677504986064118953e+01
