3.338708622895352391e+02 5.684252065614481353e+01
3.348805855104446323e+02 5.665386822526090782e+01
3.358941816394368516e+02 5.650588564940477454e+01
3.369098832428343826e+02 5.640830249296527654e+01
3.379231778368201162e+02 5.637249864991372306e+01
3.389263949313798889e+02 5.641031857515284287e+01
3.399088558447639343e+02 5.653481992904312392e+01
3.408570778815612243e+02 5.675952743980550963e+01
3.417551780189387500e+02 5.709545359497411710e+01
3.425867279756254220e+02 5.754803251043583145e+01
3.433361637447820272e+02 5.811652792528948908e+01
3.439903627240698256e+02 5.879424091739369373e+01
3.445404806386540031e+02 5.956900172739801747e+01
3.449838306623902895e+02 6.042455477049995238e+01
3.453249072376183904e+02 6.134365702280416599e+01
3.455735383315269473e+02 6.230989317213146705e+01
3.457422702299749062e+02 6.330771848576813454e+01
3.458443299124029977e+02 6.432307114207267773e+01
3.458925893828551352e+02 6.534446683166692083e+01
3.458993967891918828e+02 6.636391004678631589e+01
3.458759646066695268e+02 6.737731948070049270e+01
3.458312070575163943e+02 6.838419207569492642e+01
3.457701821950478234e+02 6.938640538034650262e+01
3.456932242674964186e+02 7.038648584040359424e+01
3.455984601997941468e+02 7.138609149741867554e+01
3.454852612991238061e+02 7.238561867870791389e+01
3.453549765532627589e+02 7.338507312681292660e+01
3.452101759389250901e+02 7.438446578193526193e+01
3.450531534353259531e+02 7.538380640937538146e+01
3.448852810300342071e+02 7.638310084958337143e+01
3.447072087171604267e+02 7.738235186953619404e+01
3.445197474893565186e+02 7.838156292156989480e+01
3.443252933249133321e+02 7.938074420518748298e+01
3.441285811809289044e+02 8.037991587675250571e+01
3.439347140111671024e+02 8.137909965916321653e+01
3.437471157846045458e+02 8.237831012800324970e+01
3.435670214900512747e+02 8.337755254052905229e+01
3.433940561309050850e+02 8.437682530040768825e+01
3.432273837147405970e+02 8.537612484888094855e+01
3.430672352394648783e+02 8.637545216928995728e+01
3.429155566874459851e+02 8.737481554553829710e+01
3.427737290461712405e+02 8.837422085638792169e+01
3.426399563319134245e+02 8.937366045646842849e+01
3.425099035839502335e+02 9.037311589217139840e+01
3.423804198308316131e+02 9.137257375004352866e+01
3.422521990662694407e+02 9.237203698436485411e+01
3.421290712555616551e+02 9.337152189901556198e+01
3.420162483514845917e+02 9.437105068089459792e+01
3.419181503139902816e+02 9.537064214544588481e+01
3.418365671268604160e+02 9.637030391249848549e+01
3.417716537886905144e+02 9.737003664187002983e+01
3.417235982977773006e+02 9.836984113385537398e+01
3.416924026541025228e+02 9.936971739696832628e+01
3.416767808693181223e+02 1.003696599568512227e+02
3.416721559848945162e+02 1.013696493297287873e+02
3.416714530649352355e+02 1.023696553981201305e+02
3.416668281805116294e+02 1.033696447709976951e+02
3.416512063957272858e+02 1.043695873308805915e+02
3.416196117556676768e+02 1.053694618954953341e+02
3.415694912834645152e+02 1.063692575970074472e+02
3.415003869832675605e+02 1.073689724857623844e+02
3.414144218358412104e+02 1.083686155991328235e+02
3.413150098102526044e+02 1.093682014701336129e+02
3.412064578674776385e+02 1.103677484331802532e+02
3.410934409651582655e+02 1.113672763892230932e+02
3.409802180647054684e+02 1.123668034683470296e+02
3.408699451375238709e+02 1.133663431052898432e+02
3.407641041701857034e+02 1.143659016087592306e+02
3.406618731701388469e+02 1.153654754795934139e+02
3.405596981695846353e+02 1.163650495888132923e+02
3.404532762075106689e+02 1.173646056190308684e+02
3.403409882985861827e+02 1.183641366783448632e+02
3.402248114248982347e+02 1.193636511826223625e+02
3.401094125441612164e+02 1.203631689987585673e+02
3.400006036037148647e+02 1.213627148677850585e+02
3.399052725411499978e+02 1.223623181111447593e+02
3.398313422846794083e+02 1.233620124561593911e+02
3.397874007564909107e+02 1.243618344609809583e+02
3.397821658775942524e+02 1.253618212371570166e+02
3.398220895895304920e+02 1.263620002501272950e+02
3.399080518843263121e+02 1.273623752459530749e+02
3.400350998068588524e+02 1.283629251402692830e+02
3.401934654456318867e+02 1.293636083517963016e+02
3.403712149087745047e+02 1.303643740788355956e+02
3.405550973163485651e+02 1.313651659133675196e+02
3.407315037916595202e+02 1.323659259234065644e+02
3.408871914546967901e+02 1.333665977349881757e+02
3.410099494160992322e+02 1.343671293672558988e+02
3.410877377849563459e+02 1.353674695672811481e+02
3.411097416592582476e+02 1.363675722968228001e+02
3.410684771068146119e+02 1.373674056973329130e+02
3.409622961425570224e+02 1.383669627534604558e+02
3.407941107401012459e+02 1.393662558612625730e+02
3.405682948598161488e+02 1.403653036403662782e+02
3.402887374664652498e+02 1.413641226458081235e+02
3.399593955241956564e+02 1.423627297220929222e+02
3.395843389961308390e+02 1.433611421947538815e+02
3.391683888385896921e+02 1.443593805862468571e+02
3.387173969985496456e+02 1.453574698078790561e+02
3.382367617285853498e+02 1.463558318432291117e+02
3.377278846267286099e+02 1.473557386702674421e+02
3.371875520526266996e+02 1.483580386165741629e+02
3.366109129066313699e+02 1.493620400252956415e+02
3.359939334419142938e+02 1.503653257033233217e+02
3.353330859387490364e+02 1.513642986009588469e+02
3.346258581155636875e+02 1.523550259880686326e+02
3.338709828532827260e+02 1.533340094389713215e+02
3.330685021173682685e+02 1.542986731089704620e+02
3.322188559111119730e+02 1.552471378540844853e+02
3.313239015481124738e+02 1.561776895651581754e+02
3.303885907118162208e+02 1.570899433174644173e+02
3.294216261582081415e+02 1.579860891775020377e+02
3.284331866168535612e+02 1.588711455204496019e+02
3.274325048735727250e+02 1.597522297137276723e+02
3.264277704798604987e+02 1.606372166906892289e+02
3.254264822372479671e+02 1.615332164373114097e+02
3.244356579039412054e+02 1.624452338727506913e+02
3.234624832496699014e+02 1.633754526058070553e+02
3.225152729274098533e+02 1.643235020276669616e+02
3.216024571912043939e+02 1.652876960096984362e+02
3.207295279985711431e+02 1.662661769137168903e+02
3.198979473021061040e+02 1.672563749398064203e+02
3.191076109721963689e+02 1.682547966130461532e+02
3.183567447205832650e+02 1.692575123448856971e+02
3.176415668298417927e+02 1.702609240043772161e+02
3.169567475648860295e+02 1.712626088814855336e+02
3.162959528395047641e+02 1.722618690063926010e+02
3.156522050474491721e+02 1.732595366837529127e+02
3.150173438733884836e+02 1.742568431871761447e+02
3.143823967001069946e+02 1.752541493245070114e+02
3.137411665837531700e+02 1.762514287158121249e+02
3.130910445479660780e+02 1.772486702548712856e+02
3.124328035857419081e+02 1.782458772322587208e+02
3.117696496680324003e+02 1.792430632955566239e+02
3.111063977512108636e+02 1.802402489416795106e+02
3.104477067930639009e+02 1.812374540034674624e+02
3.097969217632840468e+02 1.822346927202100346e+02
3.091558946450909389e+02 1.832319729756633251e+02
3.085275074123719605e+02 1.842293070381779216e+02
3.079145310400202789e+02 1.852267067035897412e+02
3.073185305138561034e+02 1.862241786339281191e+02
3.067389418389895468e+02 1.872217204283084016e+02
3.061750360220257221e+02 1.882193289834593770e+02
3.056252300773077195e+02 1.892169975607277479e+02
3.050875250229474887e+02 1.902147176505948778e+02
3.045595098807901877e+02 1.912124789897043513e+02
3.040394596664652340e+02 1.922102742349248388e+02
3.035259233931196832e+02 1.932080972095121751e+02
3.030177340713271406e+02 1.942059429456783732e+02
3.025132117163094563e+02 1.952038042918519807e+02
3.020114053366831399e+02 1.962016771997327282e+02
3.015106099478966257e+02 1.971995544113270000e+02
3.010093475633414073e+02 1.981974296349546876e+02
3.005066961913713612e+02 1.991952989457652734e+02
3.000029068297121739e+02 2.001931634122375954e+02
2.994985904728280275e+02 2.011910256353300781e+02
2.989944021147840658e+02 2.021888884033041904e+02
2.984900857578999194e+02 2.031867506263966447e+02
2.979862963962407321e+02 2.041846150928689951e+02
2.974836450242706860e+02 2.051824844036795810e+02
2.969823826397154676e+02 2.061803596273072685e+02
2.964819872473046871e+02 2.071782385416566399e+02
2.959822448489774160e+02 2.081761202357537286e+02
2.954819134559867848e+02 2.091739994225439148e+02
2.949781060944907267e+02 2.101718638123922460e+02
2.944658828092486260e+02 2.111696923762732183e+02
2.939407636408518556e+02 2.121674660433296822e+02
2.933985096277082221e+02 2.131651667686143981e+02
2.928366257924239449e+02 2.141627839311924220e+02
2.922547161385870140e+02 2.151603158453361857e+02
2.916547916479764808e+02 2.161577710716470335e+02
2.910397072947246215e+02 2.171551617635394393e+02
2.904141330365181943e+02 2.181525078006792739e+02
2.897848698117363142e+02 2.191498381341601771e+02
2.891610415377101617e+02 2.201471916038260304e+02
2.885509591391371487e+02 2.211446035886710320e+02
2.879616295525297573e+02 2.221421039167076401e+02
2.873972457398969595e+02 2.231397104370662703e+02
2.868589966904656876e+02 2.241374282111864602e+02
2.863432904367815581e+02 2.251352419483273763e+02
2.858431430421238133e+02 2.261331219183849157e+02
2.853502235819760813e+02 2.271310326572271663e+02
2.848565431287235015e+02 2.281289401565778121e+02
2.843547710502728592e+02 2.291272122140913439e+02
2.838386790137882372e+02 2.301270883276845325e+02
2.833027677011131118e+02 2.311298060985905920e+02
2.827427936178252708e+02 2.321359424679575341e+02
2.821556163395316048e+02 2.331439460532947692e+02
2.815406942773335004e+02 2.341499605141783888e+02
2.808995789401926118e+02 2.351489364094570362e+02
2.802340830614541574e+02 2.361350674031242818e+02
2.795451730582273058e+02 2.371028545592856460e+02
2.788325382821898870e+02 2.380470465079656606e+02
2.780945820772757884e+02 2.389612163941475274e+02
2.773286406124271366e+02 2.398373318054230481e+02
2.765310621762170626e+02 2.406673301238145370e+02
2.756995080191277907e+02 2.414462143482520275e+02
2.748337903905176063e+02 2.421734556747107945e+02
2.739357082037101918e+02 2.428504877739528922e+02
2.730079751814478755e+02 2.434783212071477010e+02
2.720547193400552146e+02 2.440553165319430775e+02
2.710805769171440147e+02 2.445769644434251688e+02
2.700901135901842736e+02 2.450381823311190601e+02
2.690882370688378273e+02 2.454357600575082472e+02
2.680804406272360438e+02 2.457694100042381251e+02
2.670713139765136930e+02 2.460394447120256132e+02
2.660635882354250157e+02 2.462439627897090304e+02
2.650584123144646469e+02 2.463792290942287195e+02
2.640560739999647808e+02 2.464415358170639365e+02
2.630553211278789831e+02 2.464288046090618138e+02
2.620536192989798110e+02 2.463415936866270499e+02
2.610496925063924323e+02 2.461834256498584352e+02
2.600437906756894222e+02 2.459594866096503267e+02
2.590370339620885716e+02 2.456727963617388184e+02
2.580321466988650059e+02 2.453230475005196638e+02
2.570333251351004265e+02 2.449090158778626289e+02
2.560447946570697013e+02 2.444313244864075898e+02
2.550701726431325937e+02 2.438936507582478725e+02
2.541137831348190730e+02 2.433013971492923417e+02
2.531826248266539778e+02 2.426595834976806998e+02
2.522846607789313111e+02 2.419705617225766332e+02
2.514269983188912079e+02 2.412342700785149816e+02
2.506155218738718418e+02 2.404508556161748629e+02
2.498540853753785598e+02 2.396226917628147248e+02
2.491447512991098847e+02 2.387546043418869317e+02
2.484896686633559852e+02 2.378522315526065256e+02
2.478919188838775938e+02 2.369201805539580903e+02
2.473543118893487929e+02 2.359631723502677119e+02
2.468785700176936473e+02 2.349862993194745115e+02
2.464656017763510363e+02 2.339943773726276959e+02
2.461153503239246447e+02 2.329923023121186532e+02
2.458270729660887355e+02 2.319846990182851414e+02
2.455997298714866020e+02 2.309757541026149568e+02
2.454317254629649199e+02 2.299681837975258816e+02
2.453222849244464783e+02 2.289631178149487312e+02
2.452707491040196714e+02 2.279608253513868306e+02
2.452756636843320734e+02 2.269604382081081155e+02
2.453346980757691256e+02 2.259606804524934773e+02
2.454453709993265136e+02 2.249611425183057349e+02
2.456070644606036240e+02 2.239618217747883193e+02
2.458195264618837825e+02 2.229627171492054742e+02
2.460819900101164137e+02 2.219638253765243121e+02
2.463942141074851406e+02 2.209651454308348661e+02
2.467549167656056568e+02 2.199666718548070321e+02
2.471625339986486836e+02 2.189683979906683362e+02
2.476155968199242352e+02 2.179703175850507364e+02
2.481112252555268185e+02 2.169724183781174247e+02
2.486433943600464715e+02 2.159746747221196586e+02
2.492037262093927552e+02 2.149770509528518403e+02
2.497841538766574843e+02 2.139795127300003799e+02
2.503784364183877926e+02 2.129820334863288167e+02
2.509807988869085307e+02 2.119845886383103561e+02
2.515851923370272232e+02 2.109871524360309252e+02
2.521848898296944412e+02 2.099896962434065699e+02
2.527732284252808483e+02 2.089921916967941797e+02
2.533444961755405984e+02 2.079946144808508848e+02
2.538954821095671548e+02 2.069969509267100705e+02
2.544256312323892075e+02 2.059991986717990358e+02
2.549359285350820130e+02 2.050013619091522514e+02
2.554282330008019812e+02 2.040034485523240164e+02
2.559042676139377477e+02 2.030054659359319658e+02
2.563661863549726831e+02 2.020074232293123373e+02
2.568172351944962770e+02 2.010093342503227802e+02
2.572617730930133462e+02 2.000112175547370157e+02
2.577047730054655972e+02 1.990130943120578877e+02
2.581510248884528096e+02 1.980149849127777486e+02
2.586043517073363773e+02 1.970169056309784992e+02
2.590668464431524853e+02 1.960188653763262323e+02
2.595388430928748562e+02 1.950208655706213960e+02
2.600210576500161324e+02 1.940229092617956894e+02
2.605152440986840929e+02 1.930250039164302507e+02
2.610236584184380035e+02 1.920271591380637801e+02
2.615476295972363801e+02 1.910293805841002097e+02
2.620881386261906982e+02 1.900316724305463367e+02
2.626454955024922242e+02 1.890340359970374493e+02
2.632187902343861197e+02 1.880364674098056241e+02
2.638058638414342454e+02 1.870389574782302020e+02
2.644036833511171949e+02 1.860414932911706671e+02
2.650086127963794524e+02 1.850440593705830565e+02
2.656162292172958814e+02 1.840466368882528627e+02
2.662217016576382207e+02 1.830492052791553306e+02
2.668213931503597678e+02 1.820517490609896640e+02
2.674128667175412488e+02 1.810542578597203942e+02
2.679949823695117175e+02 1.800567268224954773e+02
2.685669361135558688e+02 1.790591525267771544e+02
2.691302819355935867e+02 1.780615415877690566e+02
2.696888388010224276e+02 1.770639102625254395e+02
2.702468066717879651e+02 1.760662764299749483e+02
2.708072205203912972e+02 1.750686530097719356e+02
2.713721493280860386e+02 1.740710488094171353e+02
2.719418330926977205e+02 1.730734648505636244e+02
2.725153568225167646e+02 1.720758972381590866e+02
2.730911635316504658e+02 1.710783393442293345e+02
2.736686902252000095e+02 1.700807887721464908e+02
2.742470229114466633e+02 1.690832416311151860e+02
2.748244676057391302e+02 1.680856907099675936e+02
2.753981983336826147e+02 1.670881239787388211e+02
2.759654481203477872e+02 1.660905296586204827e+02
2.765237169883861270e+02 1.650928971073932416e+02
2.770719209476192191e+02 1.640952217105906925e+02
2.776100899977753329e+02 1.630975035959194770e+02
2.781396251261605812e+02 1.620997487272793478e+02
2.786619313200448005e+02 1.611019630855976459e+02
2.791779945704942634e+02 1.601041508681656751e+02
2.796878488772009632e+02 1.591063122197176085e+02
2.801927702286034219e+02 1.581084525720422107e+02
2.806945766082297382e+02 1.571105796641614631e+02
2.811957709934010836e+02 1.561127041510654294e+02
2.816990983592461930e+02 1.551148377179109445e+02
2.822063396896281233e+02 1.541169879462151471e+02
2.827165759928736293e+02 1.531191509238982178e+02
2.832267952962731670e+02 1.521213138292141593e+02
2.837327606382164618e+02 1.511234586257295973e+02
2.842312050483044459e+02 1.501255714061922220e+02
2.847196455490345102e+02 1.491276416007497119e+02
2.851970231500018826e+02 1.481296647013579104e+02
2.856617958651779645e+02 1.471316341438959512e+02
2.861113587181656044e+02 1.461335388391711660e+02
2.865420627420268147e+02 1.451353632538001648e+02
2.869512559607903768e+02 1.441370960985166221e+02
2.873371773904119095e+02 1.431387298769411416e+02
2.876991240372610150e+02 1.421402615964816789e+02
2.880350559198213318e+02 1.411416825730871949e+02
2.883420840642688745e+02 1.401429805086089573e+02
2.886168295012193994e+02 1.391441410190232091e+02
2.888568982523638624e+02 1.381451539133407209e+02
2.890614173256122967e+02 1.371460154752984124e+02
2.892323157034867336e+02 1.361467339164327939e+02
2.893737323484853619e+02 1.351473268560023087e+02
2.894920082031550805e+02 1.341478212869321851e+02
2.895949731965514502e+02 1.331482505406536347e+02
2.896917822457248235e+02 1.321486535889740423e+02
2.897899422826573073e+02 1.311490623883497904e+02
2.898955942517079620e+02 1.301495030803286284e+02
2.900133351112250466e+02 1.291499952338236028e+02
2.901457218380407994e+02 1.281505497336966357e+02
2.902937704229497058e+02 1.271511709049457579e+02
2.904582538589477849e+02 1.261518620381451683e+02
2.906395001430632306e+02 1.251526245295540889e+02
2.908368362813938575e+02 1.241534555142870033e+02
2.910493712820125438e+02 1.231543511994569826e+02
2.912768311474020493e+02 1.221553104186767200e+02
2.915173758942336804e+02 1.211563253392727972e+02
2.917689545410908067e+02 1.201573872303683572e+02
2.920314200893053567e+02 1.191584954662009750e+02
2.923053645335133410e+02 1.181596525668481377e+02
2.925896758837902780e+02 1.171608537986507201e+02
2.928813661672091371e+02 1.161620864420280554e+02
2.931764194201571740e+02 1.151633334013189085e+02
2.934706696803809223e+02 1.141645769423288925e+02
2.937621269659109089e+02 1.131658085938513807e+02
2.940523942622229470e+02 1.121670351796774128e+02
2.943444055427332842e+02 1.111682691895157120e+02
2.946409737819546422e+02 1.101695225979915449e+02
2.949429939717775824e+02 1.091707992150194002e+02
2.952491641239990940e+02 1.081720934981314599e+02
2.955558282717447582e+02 1.071733898841461041e+02
2.958572864666597866e+02 1.061746641088030287e+02
2.961452977834125022e+02 1.051758810910903037e+02
2.964089663207271315e+02 1.041769944479588901e+02
2.966371831792577041e+02 1.031779568896426724e+02
2.968188664594136981e+02 1.021787212413115356e+02
2.969419402706107576e+02 1.011792360967888840e+02
2.969966147015519482e+02 1.001794597811436063e+02
2.969785617914515683e+02 9.917937387056545617e+01
2.968893665259486170e+02 9.817898511222156799e+01
2.967359508423256784e+02 9.717832297228895300e+01
2.965318126182829133e+02 9.617744491023859155e+01
2.962949746905213715e+02 9.517642764795857602e+01
2.960426119034254384e+02 9.417534429749608194e+01
2.957907631116723906e+02 9.317426313507391455e+01
2.955545691780758375e+02 9.217324861422957838e+01
2.953473959815319745e+02 9.117235763252489278e+01
2.951810554150171697e+02 9.017164047231801760e+01
2.950665743786202029e+02 8.917114407431026279e+01
2.950152647698478177e+02 8.817091659241594925e+01
2.950357725103621647e+02 8.717099483168664165e+01
2.951331815540991670e+02 8.617140043413971284e+01
2.953112238672447347e+02 8.517214928648024852e+01
2.955732574193734763e+02 8.417325568333731667e+01
2.959235848700138831e+02 8.317433893720038895e+01
2.963663065712827915e+02 8.217415049149553852e+01
2.969031161773052077e+02 8.117183554817330560e+01
2.975323568466955066e+02 8.016805806026158621e+01
2.982480871194346150e+02 7.916479275352429568e+01
2.990407202105731699e+02 7.816431783873574091e+01
2.998983072106955206e+02 7.716964047797642934e+01
3.008087022110379962e+02 7.618447200110284712e+01
3.017602425155619699e+02 7.521247479451039908e+01
3.027413923326710119e+02 7.425780378927512970e+01
3.037422922712476065e+02 7.332546306041558637e+01
3.047546952525935922e+02 7.242085655000633437e+01
3.057716331457416459e+02 7.154822863395250465e+01
3.067877696384391584e+02 7.070952061376104325e+01
3.078001137953428383e+02 6.990518076141756865e+01
3.088083971617809880e+02 6.913367092020408222e+01
3.098136262819315334e+02 6.839228135031433453e+01
3.108170734974888205e+02 6.767835044384838739e+01
3.118200127999310780e+02 6.699000360705997537e+01
3.128228490899465442e+02 6.632585555101442765e+01
3.138255921200649823e+02 6.568361529646952590e+01
3.148282604375463620e+02 6.505892588290222989e+01
3.158308723640355993e+02 6.444748334930935130e+01
3.168334378861914615e+02 6.384694171694698639e+01
3.178359540412199067e+02 6.325799697950898803e+01
3.188384121748682674e+02 6.268268211857520100e+01
3.198407984437374694e+02 6.212424910468055828e+01
3.208430975017471951e+02 6.158630290516163086e+01
3.218453001582767570e+02 6.107100250045667167e+01
3.228474037102023999e+02 6.057898288481214877e+01
3.238494049818859253e+02 6.011099005146891727e+01
3.248512965493150091e+02 5.966876798462524789e+01
3.258530707458348274e+02 5.925411766796304391e+01
3.268547262560670674e+02 5.886734809868261209e+01
3.278562636674622581e+02 5.850832127803428762e+01
3.288576885480295573e+02 5.817572921786930351e+01
3.298590122721730609e+02 5.786689994239762314e+01
3.308602470316193376e+02 5.757896947756867689e+01
3.318617973737348166e+02 5.731063553369574493e+01
3.328649220375688742e+02 5.706360648456853824e+01
3.338708622895352391e+02 5.684252065614481353e+01
