3.351714139289923082e+02 5.519020145429030322e+01
3.361841164681387681e+02 5.498732165503875535e+01
3.371909595899319925e+02 5.484919238534703823e+01
3.381854600558533548e+02 5.478681234328854543e+01
3.391595147864186401e+02 5.481098612065909492e+01
3.401029879489251471e+02 5.493164095450737250e+01
3.410043565797384417e+02 5.515679696946330068e+01
3.418511741401179620e+02 5.549152219496457406e+01
3.426314166526350959e+02 5.593772683304109705e+01
3.433353876990516369e+02 5.649298413826920751e+01
3.439567573304028656e+02 5.715074199716514158e+01
3.444932771804674303e+02 5.790081788851193778e+01
3.449459106957634162e+02 5.872992459063584647e+01
3.453176919016308943e+02 5.962326205393443956e+01
3.456129177179371936e+02 6.056576785042761912e+01
3.458370339964310460e+02 6.154353567173649253e+01
3.459970069264199424e+02 6.254414475103558857e+01
3.461006307650978897e+02 6.355706781366356495e+01
3.461557782537571484e+02 6.457424027317452442e+01
3.461689638568013265e+02 6.559035435013308302e+01
3.461449542714708514e+02 6.660274472909480892e+01
3.460877211247274658e+02 6.761084549816197864e+01
3.460003414536782316e+02 6.861536356513806822e+01
3.458858713006326298e+02 6.961747693146730853e+01
3.457476667434937667e+02 7.061837132144611928e+01
3.455889611078013104e+02 7.161905598031495401e+01
3.454131666269452694e+02 7.261981338513868423e+01
3.452242872646469891e+02 7.362062649133875425e+01
3.450276929722511454e+02 7.462147243942786190e+01
3.448283637046360468e+02 7.562233003010499033e+01
3.446294454332970076e+02 7.662318587120122970e+01
3.444330951386904189e+02 7.762403078060972916e+01
3.442409748057575598e+02 7.862485768338299863e+01
3.440548264187147538e+02 7.962565916402257926e+01
3.438759299659645876e+02 8.062642977371214670e+01
3.437047754430674331e+02 8.162716742657670466e+01
3.435410568527956912e+02 8.262787342522386780e+01
3.433837992039835854e+02 8.362855192011923577e+01
3.432325955003186664e+02 8.462920464381613783e+01
3.430876837396444330e+02 8.562983058317524865e+01
3.429498529148121975e+02 8.663042637951215852e+01
3.428202580153570125e+02 8.763098711612147440e+01
3.427003760278963114e+02 8.863150650558000621e+01
3.425928909281115011e+02 8.963197312240100700e+01
3.425009066878785120e+02 9.063237375320485967e+01
3.424267162864214242e+02 9.163269863694796413e+01
3.423707427199076960e+02 9.263294597296675192e+01
3.423314160025622641e+02 9.363312244457506495e+01
3.423070081500419519e+02 9.463323540767490272e+01
3.422961331749046394e+02 9.563329076231272552e+01
3.422972890907595342e+02 9.663329490233391539e+01
3.423072559267814654e+02 9.763326153491709647e+01
3.423207557307924276e+02 9.863321312791580908e+01
3.423323395521633756e+02 9.963317287711146264e+01
3.423370394359075135e+02 1.006331619307224514e+02
3.423304814216557475e+02 1.016331989083758174e+02
3.423087555448349235e+02 1.026333004545026881e+02
3.422679688407179697e+02 1.036334831411671189e+02
3.422046563406998416e+02 1.046337617184851752e+02
3.421163660669969886e+02 1.056341466243456466e+02
3.420029890205971697e+02 1.066346383227493106e+02
3.418668701802532723e+02 1.076352268312943750e+02
3.417118325113265769e+02 1.086358958758989388e+02
3.415430809666568166e+02 1.096366232994622010e+02
3.413670774876944165e+02 1.106373815939754763e+02
3.411910740087320164e+02 1.116381398884887517e+02
3.410223224640622561e+02 1.126388673120520139e+02
3.408672847951355607e+02 1.136395363566565777e+02
3.407311659547916634e+02 1.146401248652016136e+02
3.406174919110828228e+02 1.156406178279009680e+02
3.405275846520310097e+02 1.166410096171489386e+02
3.404604311868146169e+02 1.176413045451728863e+02
3.404131175418360726e+02 1.186415150165437069e+02
3.403816337534284457e+02 1.196416581013813243e+02
3.403629198493171657e+02 1.206417468257622829e+02
3.403568648305079023e+02 1.216417816622011117e+02
3.403663486709061203e+02 1.226417503508610594e+02
3.403953323346229354e+02 1.236416360302097246e+02
3.404469847929452726e+02 1.246414252101698139e+02
3.405228430319469908e+02 1.256411113479048254e+02
3.406230560502781373e+02 1.266406938091384973e+02
3.407470728529309554e+02 1.276401749394159708e+02
3.408932904544298026e+02 1.286395615625283426e+02
3.410575158927654797e+02 1.296388715276059713e+02
3.412310092471277017e+02 1.306381420398478497e+02
3.414007726352858754e+02 1.316374284302810906e+02
3.415514191966552744e+02 1.326367961996375584e+02
3.416678500680417869e+02 1.336363096226655784e+02
3.417373283648501001e+02 1.346360229193444980e+02
3.417507591694862299e+02 1.356359748060684751e+02
3.417023195347098863e+02 1.366361900706949086e+02
3.415897794807264063e+02 1.376366782060835021e+02
3.414139809999065847e+02 1.386374356279347921e+02
3.411788670565246093e+02 1.396384455513403395e+02
3.408900116000767184e+02 1.406396842484077752e+02
3.405532115780387130e+02 1.416411270419587822e+02
3.401739719405320557e+02 1.426427504978261709e+02
3.397574166411302485e+02 1.436445328037171976e+02
3.393074006449048170e+02 1.446464575493294547e+02
3.388253599388447128e+02 1.456485186217722116e+02
3.383095115391049035e+02 1.466507236110762165e+02
3.377554854852802464e+02 1.476530911198411218e+02
3.371572968315983871e+02 1.486556466255400153e+02
3.365096566259805968e+02 1.496584126428523405e+02
3.358095898953823166e+02 1.506614018360191380e+02
3.350566266440619074e+02 1.516646162057776905e+02
3.342519848609836686e+02 1.526680505672386801e+02
3.333984055213124407e+02 1.536716932522727461e+02
3.325002645853991226e+02 1.546755256327390953e+02
3.315634689997228293e+02 1.556795225632017434e+02
3.305953246980868698e+02 1.566836529428387053e+02
3.296041026055511338e+02 1.576878815629313522e+02
3.285975346520592666e+02 1.586921755092235173e+02
3.275836387649633252e+02 1.596965006499891615e+02
3.265704658713166282e+02 1.607008227130249907e+02
3.255652589054932378e+02 1.617051108656929159e+02
3.245742508110185440e+02 1.627093385748115679e+02
3.236030865367455363e+02 1.637134818102495615e+02
3.226567380376250753e+02 1.647175194067609425e+02
3.217394412752763628e+02 1.657214333321691697e+02
3.208543112214757684e+02 1.667252103262689218e+02
3.200044008485612039e+02 1.677288373927818270e+02
3.191915611397616317e+02 1.687323066522086492e+02
3.184153210993445668e+02 1.697356201095435040e+02
3.176734177478140282e+02 1.707387873981234634e+02
3.169615891237863821e+02 1.717418266608040653e+02
3.162748582723560844e+02 1.727447590841157421e+02
3.156088762329276847e+02 1.737476031812633437e+02
3.149598040402847232e+02 1.747503752944389248e+02
3.143246417216089412e+02 1.757530881943058034e+02
3.137001573061842805e+02 1.767557556391251978e+02
3.130828738255142412e+02 1.777583924300958529e+02
3.124701993030839731e+02 1.787610096010708389e+02
3.118608727503188902e+02 1.797636125199855996e+02
3.112546211696925411e+02 1.807662023489705234e+02
3.106519025570550525e+02 1.817687771383709787e+02
3.100531439085376633e+02 1.827713350704959225e+02
3.094587102208332681e+02 1.837738745915813183e+02
3.088691294891577854e+02 1.847763934539904085e+02
3.082857827009986522e+02 1.857788857789612393e+02
3.077100608437525580e+02 1.867813456451629008e+02
3.071433249050879226e+02 1.877837672589711531e+02
3.065863488779920090e+02 1.887861473255549072e+02
3.060404437505862916e+02 1.897884802641343072e+02
3.055061655178331534e+02 1.907907637078797052e+02
3.049830141842629132e+02 1.917929997852350539e+02
3.044696447620619324e+02 1.927951942217143255e+02
3.039639372704387483e+02 1.937973560419196133e+02
3.034635107309665614e+02 1.947994953815006625e+02
3.029669711562759176e+02 1.958016181745589961e+02
3.024728365597945299e+02 1.968037307298022540e+02
3.019802629491695711e+02 1.978058366400437365e+02
3.014878843367778245e+02 1.988079417201921046e+02
3.009947197315076437e+02 1.998100501462542411e+02
3.005002481380797121e+02 2.008121641360687022e+02
3.000051555502783458e+02 2.018142807694104306e+02
2.995106839568504711e+02 2.028163947592248633e+02
2.990175193515802903e+02 2.038185031852869997e+02
2.985251407391884868e+02 2.048206082654353679e+02
2.980325671285635849e+02 2.058227141756768503e+02
2.975384325320821972e+02 2.068248267309201083e+02
2.970418929573914966e+02 2.078269495239784419e+02
2.965414664179193664e+02 2.088290888635594911e+02
2.960357589262961255e+02 2.098312506837647788e+02
2.955223895040952016e+02 2.108334451202440505e+02
2.949989411732159397e+02 2.118356824618950611e+02
2.944633429524227495e+02 2.128379715247323247e+02
2.939149168478587626e+02 2.138403151949257506e+02
2.933542318543685496e+02 2.148427110503062067e+02
2.927833609531695060e+02 2.158451502663453425e+02
2.922050771191366039e+02 2.168476210386934326e+02
2.916227173220346458e+02 2.178501091621160413e+02
2.910392725347634268e+02 2.188526019042618600e+02
2.904575027323157315e+02 2.198550875161206761e+02
2.898792608979022702e+02 2.208575581096794735e+02
2.893059170191100407e+02 2.218600078530020596e+02
2.887383730877664334e+02 2.228624329063756306e+02
2.881778330929624303e+02 2.238648281445073565e+02
2.876240660367910777e+02 2.248671945507383043e+02
2.870752029361866562e+02 2.258695400811916443e+02
2.865289318120970847e+02 2.268718745777919708e+02
2.859831376836856975e+02 2.278742070438568135e+02
2.854366288260573583e+02 2.288768395551622632e+02
2.848888075994626661e+02 2.298807976650858507e+02
2.843385918619680410e+02 2.308869899884168433e+02
2.837836383371978854e+02 2.318955915018051996e+02
2.832193830316943490e+02 2.329061436295037311e+02
2.826401448627009358e+02 2.339172295424068864e+02
2.820396681687130922e+02 2.349268278518485431e+02
2.814114833362354489e+02 2.359324590757815372e+02
2.807493631478391194e+02 2.369305616905021452e+02
2.800478793452808191e+02 2.379152137498400066e+02
2.793030504661265354e+02 2.388780931270305246e+02
2.785128125739441316e+02 2.398100575251848170e+02
2.776773161681059037e+02 2.407022972238227112e+02
2.767989648397605720e+02 2.415469589199709048e+02
2.758823434059597162e+02 2.423381170428887117e+02
2.749338941065218478e+02 2.430706461222445114e+02
2.739613045697549296e+02 2.437392743849021031e+02
2.729724153211706721e+02 2.443391754108942564e+02
2.719733248501239018e+02 2.448676322150187445e+02
2.709685212804585035e+02 2.453237246834994210e+02
2.699615376025810747e+02 2.457081477830894585e+02
2.689547258063385584e+02 2.460225385164642375e+02
2.679495320593071597e+02 2.462681077384218327e+02
2.669464358470664251e+02 2.464452034109986300e+02
2.659452692423727740e+02 2.465531382428148390e+02
2.649448248920607512e+02 2.465904223599381737e+02
2.639430531494878664e+02 2.465562034797622175e+02
2.629387534043989376e+02 2.464505757140027526e+02
2.619317690571285766e+02 2.462755127471696994e+02
2.609225910144862155e+02 2.460340455169900054e+02
2.599126725487938643e+02 2.457290538631394554e+02
2.589040702106102572e+02 2.453625420492730598e+02
2.578995916358308023e+02 2.449355931334130503e+02
2.569035604431134061e+02 2.444497527244041919e+02
2.559218126015177859e+02 2.439080550066727540e+02
2.549616698255080394e+02 2.433144108479368413e+02
2.540309294003018010e+02 2.426730990947973226e+02
2.531372733498448042e+02 2.419866930690562867e+02
2.522882476448331772e+02 2.412556396524124978e+02
2.514907899031380225e+02 2.404798343112582586e+02
2.507513929702866733e+02 2.396606364185955726e+02
2.500756438342448291e+02 2.388008502166518952e+02
2.494672697536312000e+02 2.379049918798248484e+02
2.489282720003345730e+02 2.369787589405476069e+02
2.484589728270235867e+02 2.360276130765127220e+02
2.480577728602269758e+02 2.350564031400070348e+02
2.477218109759159006e+02 2.340698043528746268e+02
2.474472345989190387e+02 2.330721531543862284e+02
2.472289635947593354e+02 2.320676572082281268e+02
2.470619677894395352e+02 2.310600449610682574e+02
2.469413703001681029e+02 2.300524082012626934e+02
2.468624375683723429e+02 2.290465050949690067e+02
2.468218186592246184e+02 2.280428279112009307e+02
2.468175548880791723e+02 2.270412199864396143e+02
2.468499394040184711e+02 2.260407760645802568e+02
2.469219488252366830e+02 2.250404604651093621e+02
2.470381348461853008e+02 2.240399568091079914e+02
2.472041324158079476e+02 2.230392411090136022e+02
2.474245284925436579e+02 2.220382938384820761e+02
2.477026200465197405e+02 2.210371009625544900e+02
2.480399660636106489e+02 2.200356558447427915e+02
2.484354605538374585e+02 2.190339631931648512e+02
2.488857025480152174e+02 2.180320374854959482e+02
2.493850610971640549e+02 2.170299026922710368e+02
2.499247982804554624e+02 2.160275960101753299e+02
2.504944321928624618e+02 2.150251620599063358e+02
2.510822989400677727e+02 2.140226504938028711e+02
2.516772496230878744e+02 2.130201087719065072e+02
2.522701873243469208e+02 2.120175756191252106e+02
2.528544571041431936e+02 2.110150793650469723e+02
2.534253290053331682e+02 2.100126401447509465e+02
2.539800260530781486e+02 2.090102697796143900e+02
2.545170622608422093e+02 2.080079745953725308e+02
2.550360626320230040e+02 2.070057561883582764e+02
2.555379871579224016e+02 2.060036104719593766e+02
2.560246838217964296e+02 2.050015295794472650e+02
2.564984436028872778e+02 2.039995037582920645e+02
2.569612294834090562e+02 2.029975246522231203e+02
2.574148524469529207e+02 2.019955845520167088e+02
2.578613484750716225e+02 2.009936747906493224e+02
2.583030545465905448e+02 1.999917854197743168e+02
2.587424356391753690e+02 1.989899059461633613e+02
2.591815197344511716e+02 1.979880277368480392e+02
2.596219058179300418e+02 1.969861439850648992e+02
2.600661778661994958e+02 1.959842436910159051e+02
2.605177088486981916e+02 1.949823124962186682e+02
2.609799027345837885e+02 1.939803359102272680e+02
2.614557134970913239e+02 1.929783013581952957e+02
2.619474021157349739e+02 1.919761992152994594e+02
2.624565215764433788e+02 1.909740228705931600e+02
2.629842618684346576e+02 1.899717672583798844e+02
2.635308249898785107e+02 1.889694315187683742e+02
2.640951629502703781e+02 1.879670201129769680e+02
2.646749567706217476e+02 1.869645429127283478e+02
2.652669004808870454e+02 1.859620139912934746e+02
2.658670471168283598e+02 1.849594501506083191e+02
2.664709597186474639e+02 1.839568702784838763e+02
2.670737523306144112e+02 1.829542951740737067e+02
2.676712229908018799e+02 1.819517427248202068e+02
2.682601467284301293e+02 1.809492266591863654e+02
2.688402715457825138e+02 1.799467480499079102e+02
2.694135324253267072e+02 1.789442986599070196e+02
2.699832543369363975e+02 1.779418643350319087e+02
2.705522702549428686e+02 1.769394330155195405e+02
2.711222861638887025e+02 1.759369974391194376e+02
2.716942690550123984e+02 1.749345534894210914e+02
2.722693999176133275e+02 1.739320961390400839e+02
2.728477557509939402e+02 1.729296250601960878e+02
2.734286805610977922e+02 1.719271430454074334e+02
2.740097193701687956e+02 1.709246605453335519e+02
2.745877072068836355e+02 1.699221910330242338e+02
2.751582811107737143e+02 1.689197530812807599e+02
2.757176461162238752e+02 1.679173628449921409e+02
2.762635512436295357e+02 1.669150299064127694e+02
2.767957374953374483e+02 1.659127553680765175e+02
2.773160738544133324e+02 1.649105312738602152e+02
2.778280812889547633e+02 1.639083426352620450e+02
2.783359647608621685e+02 1.629061715520689972e+02
2.788435462355058121e+02 1.619040017544560612e+02
2.793535216884583861e+02 1.609018217658538106e+02
2.798683440974943437e+02 1.598996211441166224e+02
2.803903394415386856e+02 1.588973899877235283e+02
2.809216687010115265e+02 1.578951190975400891e+02
2.814629398704039431e+02 1.568928058853786069e+02
2.820125799639683351e+02 1.558904570473234230e+02
2.825671940124653361e+02 1.548880870355085619e+02
2.831215560632456345e+02 1.538857180964294002e+02
2.836703391645749548e+02 1.528833729065270859e+02
2.842091843559484232e+02 1.518810700215752547e+02
2.847346706683622415e+02 1.508788240043870132e+02
2.852441671256548261e+02 1.498766460548339978e+02
2.857350297517825197e+02 1.488745474281274710e+02
2.862051085662253627e+02 1.478725372765761108e+02
2.866516275941356753e+02 1.468706274173003408e+02
2.870713018652774622e+02 1.458688318341764045e+02
2.874609484084905944e+02 1.448671640768780549e+02
2.878179772472419700e+02 1.438656351707446390e+02
2.881408433955302257e+02 1.428642516926676649e+02
2.884290248580849720e+02 1.418630158647425787e+02
2.886828266321426781e+02 1.408619263886186275e+02
2.889032167089327459e+02 1.398609791436284411e+02
2.890917430744294165e+02 1.388601675401097566e+02
2.892506237085362955e+02 1.378594821362855498e+02
2.893841425724377245e+02 1.368589046956486754e+02
2.894990866046396150e+02 1.358584063267018678e+02
2.896035427318689131e+02 1.348579526039939083e+02
2.897051198851836489e+02 1.338575111368657815e+02
2.898090840168708269e+02 1.328570595085465698e+02
2.899177591058735288e+02 1.318565878260291697e+02
2.900319271451064083e+02 1.308560927604272877e+02
2.901515911345423433e+02 1.298555742989702821e+02
2.902777370652474929e+02 1.288550282443668209e+02
2.904118059241656624e+02 1.278544484624416668e+02
2.905548687015928522e+02 1.268538303940680123e+02
2.907081283866292551e+02 1.258531689182099171e+02
2.908726589695438065e+02 1.248524594629698754e+02
2.910494754411399185e+02 1.238516977076068315e+02
2.912398327900465915e+02 1.228508783097266814e+02
2.914456559988223034e+02 1.218499930748204747e+02
2.916695100442265129e+02 1.208490310839710844e+02
2.919129909117986017e+02 1.198479855431856720e+02
2.921764085987296653e+02 1.188468551328290062e+02
2.924586451151495794e+02 1.178456446121016654e+02
2.927558614958418843e+02 1.168443703231956761e+02
2.930623627924066454e+02 1.158430565090868924e+02
2.933736660454624712e+02 1.148417222534030486e+02
2.936876082746073848e+02 1.138403767637924489e+02
2.940029814907866239e+02 1.128390251825754547e+02
2.943183707068208719e+02 1.118376735332482497e+02
2.946321549373973880e+02 1.108363287162258928e+02
2.949428781957083174e+02 1.098349969295369988e+02
2.952486304990594590e+02 1.088336863038371121e+02
2.955471248681723182e+02 1.078324065746285783e+02
2.958362383222825542e+02 1.068311667792841035e+02
2.961120238971523690e+02 1.058299837197396869e+02
2.963671856588876494e+02 1.048288884542483572e+02
2.965921266944430386e+02 1.038279218361619769e+02
2.967767270955115464e+02 1.028271269451846592e+02
2.969117289459761651e+02 1.018265431915832266e+02
2.969897703125408839e+02 1.008262019145653596e+02
2.970071952283312839e+02 9.982611867731273492e+01
2.969648016861170277e+02 9.882629008282890481e+01
2.968666006495560055e+02 9.782669905673705557e+01
2.967204330476041605e+02 9.682731222078029987e+01
2.965376817771249307e+02 9.582808111880527235e+01
2.963307237259752469e+02 9.482895306331221263e+01
2.961122957787506493e+02 9.382987383432174511e+01
2.958953388181977857e+02 9.283078834344937036e+01
2.956917207367857827e+02 9.183164606995120494e+01
2.955119874389616825e+02 9.083240212068892561e+01
2.953662958326970056e+02 8.983301325845357610e+01
2.952643778298142365e+02 8.883343805521354852e+01
2.952146633539325080e+02 8.783364062540499617e+01
2.952241640772142546e+02 8.683329411816507104e+01
2.953002435781049257e+02 8.583134417801375093e+01
2.954510909341446450e+02 8.482685193646042876e+01
2.956845546361350330e+02 8.381991598425395296e+01
2.960069960160845994e+02 8.281201025527269621e+01
2.964219920240760189e+02 8.180546454395093292e+01
2.969288840866543069e+02 8.080249467383865181e+01
2.975227251502538479e+02 7.980544772525351505e+01
2.981949645224989354e+02 7.881723312389425473e+01
2.989353261148582988e+02 7.784137564585302016e+01
2.997330070908529365e+02 7.688169531220370345e+01
3.005773565395040237e+02 7.594152449287213358e+01
3.014591504537563651e+02 7.502276047061150166e+01
3.023708356431297943e+02 7.412584440250302009e+01
3.033057706391862212e+02 7.325021055540653947e+01
3.042580725377979434e+02 7.239589397250210823e+01
3.052229365152199989e+02 7.156341611210984865e+01
3.061970585843610593e+02 7.075278703902313282e+01
3.071788734567841175e+02 6.996370741378697744e+01
3.081681980788077908e+02 6.919616501552962973e+01
3.091645160092672313e+02 6.845076204813946674e+01
3.101659243520531390e+02 6.772846662080326041e+01
3.111694837305233250e+02 6.702990125175784897e+01
3.121725518362009097e+02 6.635476418627979456e+01
3.131736235577616867e+02 6.570209282273731333e+01
3.141725590041316991e+02 6.507003373983792471e+01
3.151702519803876612e+02 6.445619011103704565e+01
3.161677145285454458e+02 6.385798560484238351e+01
3.171652327823364317e+02 6.327286698008089161e+01
3.181627998583730914e+02 6.269921725140346780e+01
3.191604134281378720e+02 6.213648942376633499e+01
3.201580744281459943e+02 6.158490349517614959e+01
3.211557887499301955e+02 6.104584345309299920e+01
3.221535612633700794e+02 6.052045328715163919e+01
3.231513932029630496e+02 6.000902299472446089e+01
3.241492843260664927e+02 5.951149557632794540e+01
3.251472340494868263e+02 5.902773403320335888e+01
3.261452462512488069e+02 5.855864935709655583e+01
3.271433247753220712e+02 5.810514453982577265e+01
3.281414709796537181e+02 5.766753857850071086e+01
3.291396853835842080e+02 5.724595347201596951e+01
3.301382669894165929e+02 5.684085895180834314e+01
3.311382454839663296e+02 5.645382364882939896e+01
3.321408355426235062e+02 5.608829242355471933e+01
3.331472534107119827e+02 5.575019315227456218e+01
3.341579568589153268e+02 5.544769296030946748e+01
3.351714139289923082e+02 5.519020145429030322e+01
