3.369277234949084914e+02 5.577590859481347252e+01
3.379411156325122647e+02 5.576934143189566839e+01
3.389420579111868506e+02 5.585104207108395258e+01
3.399197002405599619e+02 5.603510345245180702e+01
3.408605840076697859e+02 5.633127237250613462e+01
3.417499057009311514e+02 5.674410085560376160e+01
3.425724596213919426e+02 5.727254616334306547e+01
3.433139603328669978e+02 5.791104243379572836e+01
3.439626052379827570e+02 5.865030834053519015e+01
3.445109003793415923e+02 5.947692786106887297e+01
3.449571890708354545e+02 6.037437979337818206e+01
3.453052025376128995e+02 6.132453085657155611e+01
3.455627308988023287e+02 6.230998605470290386e+01
3.457401795606937185e+02 6.331587254766219530e+01
3.458492599113234860e+02 6.433131809100487430e+01
3.459019761810391742e+02 6.534924672127974077e+01
3.459101993840168916e+02 6.636545193394829312e+01
3.458856364094473292e+02 6.737763554310095060e+01
3.458377085090202172e+02 6.838528864933775253e+01
3.457721565657323026e+02 6.938915569769832814e+01
3.456917974840613397e+02 7.039043969032880455e+01
3.455981341420786066e+02 7.139034703574318996e+01
3.454920121772865400e+02 7.238990434302709787e+01
3.453739683205147912e+02 7.338941089969515019e+01
3.452445465668342877e+02 7.438886902149431535e+01
3.451043869104465216e+02 7.538828143283271288e+01
3.449540753460418046e+02 7.638765062824660390e+01
3.447943568668699754e+02 7.738697977911735393e+01
3.446254724707475248e+02 7.838626991135490130e+01
3.444467581636906743e+02 7.938551819838579604e+01
3.442567849586470174e+02 8.038471855711742364e+01
3.440548878616417028e+02 8.138386815671944419e+01
3.438425008596820476e+02 8.238297310156886510e+01
3.436227509244354792e+02 8.338204670295374399e+01
3.433993740220516315e+02 8.438110486460669790e+01
3.431755921233373101e+02 8.538016130222013089e+01
3.429544472007302147e+02 8.637922896524656835e+01
3.427396472206337990e+02 8.737832363822582238e+01
3.425361561380710782e+02 8.837746645234875587e+01
3.423498578997297273e+02 8.937668245514288401e+01
3.421854924626624666e+02 9.037599182425623212e+01
3.420453318062837411e+02 9.137540423133773970e+01
3.419299649252567406e+02 9.237492218369433772e+01
3.418390948222725569e+02 9.337454441703033581e+01
3.417711095119367997e+02 9.437426406924265621e+01
3.417231290203440039e+02 9.537406888049460463e+01
3.416918663772763125e+02 9.637394485839607228e+01
3.416745706076593478e+02 9.737388029224885599e+01
3.416686647348423094e+02 9.837386421205320630e+01
3.416711437860522551e+02 9.937388382586141233e+01
3.416781807959640673e+02 1.003739228425640135e+02
3.416849208085668010e+02 1.013739605949709244e+02
3.416857828744277867e+02 1.023739733253916313e+02
3.416760370364033861e+02 1.033739408987469801e+02
3.416528073205519718e+02 1.043738510722278079e+02
3.416150197366046086e+02 1.053736992739366656e+02
3.415625672855307471e+02 1.063734850483865557e+02
3.414953959678197180e+02 1.073732081657055062e+02
3.414138557803001959e+02 1.083728701158042895e+02
3.413190787127157364e+02 1.093724757174798299e+02
3.412130427471444136e+02 1.103720333908560747e+02
3.410984898587421412e+02 1.113715548083193028e+02
3.409786500182431155e+02 1.123710537196169525e+02
3.408567581963365001e+02 1.133705438957809122e+02
3.407351613717570444e+02 1.143700353277267823e+02
3.406143365401827054e+02 1.153695300459899897e+02
3.404932147112994016e+02 1.163690234999575353e+02
3.403700009013708723e+02 1.173685080485158778e+02
3.402442681142659922e+02 1.183679818739739744e+02
3.401184953275234761e+02 1.193674555291565298e+02
3.399971215009234697e+02 1.203669479103883759e+02
3.398849955905311049e+02 1.213664796593181734e+02
3.397874875476911143e+02 1.223660736354332528e+02
3.397109623147327966e+02 1.233657569338241160e+02
3.396616978347737472e+02 1.243655562792321803e+02
3.396448290612879646e+02 1.253654935307760354e+02
3.396638969621918136e+02 1.263655837620952411e+02
3.397199055283884945e+02 1.273658312471051204e+02
3.398109267773468218e+02 1.283662277785260812e+02
3.399315347582295317e+02 1.293667502584851263e+02
3.400734565459948726e+02 1.303673634697498471e+02
3.402259782377179818e+02 1.313680218040247780e+02
3.403759209528083716e+02 1.323686691597862080e+02
3.405095748154866442e+02 1.333692471751029416e+02
3.406145189382943954e+02 1.343697029751721459e+02
3.406811844079323919e+02 1.353699958258348488e+02
3.407024642887942036e+02 1.363700954733897959e+02
3.406727736314832669e+02 1.373699781431188285e+02
3.405885734680649648e+02 1.383696287698961669e+02
3.404490068063041690e+02 1.393690437055690268e+02
3.402561786271285200e+02 1.403682319108860952e+02
3.400145168904174966e+02 1.413672122353464147e+02
3.397288085527982275e+02 1.423660050566716677e+02
3.394030045784722915e+02 1.433646271938253562e+02
3.390400859404300604e+02 1.443630913365898891e+02
3.386423263537629964e+02 1.453617041666939826e+02
3.382100884603498230e+02 1.463614902371463984e+02
3.377420434239691076e+02 1.473633478993801305e+02
3.372353958318635705e+02 1.483671332523329625e+02
3.366857711133160933e+02 1.493713266601795908e+02
3.360882165557441112e+02 1.503732660156582028e+02
3.354383589869557341e+02 1.513696936731494418e+02
3.347337851659178796e+02 1.523573723304252212e+02
3.339741497725082127e+02 1.533335574926298364e+02
3.331602524797317528e+02 1.542959785433083653e+02
3.322946624507571869e+02 1.552424883996462484e+02
3.313825229643977082e+02 1.561718579448675541e+02
3.304316339023995397e+02 1.570846013868523983e+02
3.294507919765717929e+02 1.579833891964116788e+02
3.284491284414361871e+02 1.588728792864743866e+02
3.274359177522838422e+02 1.597590921919052960e+02
3.264212403350627483e+02 1.606485268828307085e+02
3.254152686369275216e+02 1.615472077168006422e+02
3.244275099089932723e+02 1.624597942073338572e+02
3.234668258624799932e+02 1.633889571019389564e+02
3.225408783803843562e+02 1.643352100210455262e+02
3.216550087397255879e+02 1.652973246907414477e+02
3.208119091025579337e+02 1.662731545518093412e+02
3.200118051470871023e+02 1.672604265443407314e+02
3.192531725638732496e+02 1.682563911546092186e+02
3.185314061317439496e+02 1.692578017492887454e+02
3.178391567054719076e+02 1.702613880142620246e+02
3.171677036066146229e+02 1.712644718023141479e+02
3.165084193029898643e+02 1.722655153730761413e+02
3.158536074262460147e+02 1.732643539624789639e+02
3.151967921867967561e+02 1.742618640117542554e+02
3.145337192683532521e+02 1.752590504198600456e+02
3.138619214289635693e+02 1.762561996866201639e+02
3.131816286665434177e+02 1.772533127911187592e+02
3.124957789544730531e+02 1.782504022400921144e+02
3.118089612511732867e+02 1.792474875683980713e+02
3.111267575060680315e+02 1.802445925379842038e+02
3.104541336741622217e+02 1.812417382885550126e+02
3.097946267234087827e+02 1.822389398767225543e+02
3.091505636327236743e+02 1.832362072082646307e+02
3.085227273950122822e+02 1.842335436163243685e+02
3.079118540036062086e+02 1.852309522339711236e+02
3.073178184596379765e+02 1.862284325290939648e+02
3.067398427701566561e+02 1.872259811898341866e+02
3.061764379486535290e+02 1.882235918776859194e+02
3.056263190067714390e+02 1.892212591225484175e+02
3.050881399567059589e+02 1.902189771946507619e+02
3.045600188155090677e+02 1.912167380825301564e+02
3.040397526031412099e+02 1.922145324082628690e+02
3.035258283333111535e+02 1.932123537311777852e+02
3.030168880183231295e+02 1.942101962704212497e+02
3.025118346681165917e+02 1.952080553561874581e+02
3.020091862961193101e+02 1.962059246797687138e+02
3.015080989099785143e+02 1.972038006483517734e+02
3.010072065220708737e+02 1.982016774470279188e+02
3.005055281412847989e+02 1.991995508997903244e+02
3.000025427723410303e+02 2.001974187888004053e+02
2.994986404117057077e+02 2.011952827742443901e+02
2.989943340547309276e+02 2.021931450399057439e+02
2.984901356967775428e+02 2.031910077653109852e+02
2.979858293398027627e+02 2.041888700309723390e+02
2.974816309818494346e+02 2.051867327563775518e+02
2.969773246248746545e+02 2.061845950220389057e+02
2.964734222642393320e+02 2.071824590074829189e+02
2.959707338926045281e+02 2.081803281607886618e+02
2.954703764998495217e+02 2.091782072368997660e+02
2.949720030891182319e+02 2.101760947586761858e+02
2.944743286720536162e+02 2.111739852560171471e+02
2.939744962745417070e+02 2.121718665669943391e+02
2.934694829239728051e+02 2.131697258230360603e+02
2.929558466515332498e+02 2.141675483719346289e+02
2.924310574801464782e+02 2.151653234437640378e+02
2.918926284323461573e+02 2.161630404516444059e+02
2.913386165257369385e+02 2.171606911244428773e+02
2.907675547736106978e+02 2.181582692173050475e+02
2.901801401696522476e+02 2.191557776972817351e+02
2.895787896919622426e+02 2.201532268532706098e+02
2.889686352940415759e+02 2.211506385316196770e+02
2.883561679170780394e+02 2.221480403637873451e+02
2.877482374990066774e+02 2.231454615094548046e+02
2.871505959877108580e+02 2.241429264542403814e+02
2.865676133435959514e+02 2.251404538007435860e+02
2.860004345562874732e+02 2.261380484231009405e+02
2.854479556357883894e+02 2.271357056217083255e+02
2.849070996099780473e+02 2.281334122981221242e+02
2.843743742461913939e+02 2.291314505888561825e+02
2.838454162291272951e+02 2.301308249288677814e+02
2.833147697599575281e+02 2.311324161014140657e+02
2.827758681957874387e+02 2.321363611542750505e+02
2.822217316346704479e+02 2.331421523701913827e+02
2.816454322736078666e+02 2.341483192449596231e+02
2.810418791412196242e+02 2.351524950854423821e+02
2.804074802970009159e+02 2.361511345690294377e+02
2.797400346187014293e+02 2.371400332876960135e+02
2.790373655209765502e+02 2.381143909324689503e+02
2.782971532769314535e+02 2.390682655746938963e+02
2.775173321755306688e+02 2.399950073606192120e+02
2.766972763444557586e+02 2.408875375618392809e+02
2.758378139159968896e+02 2.417383096352441783e+02
2.749418864754363767e+02 2.425399100356612223e+02
2.740140253200762572e+02 2.432857009921722806e+02
2.730595822897849416e+02 2.439710332448339898e+02
2.720843161085536508e+02 2.445922252745312733e+02
2.710939308155036542e+02 2.451457563308183296e+02
2.700930561057881505e+02 2.456284190927276256e+02
2.690858899969855997e+02 2.460373994052508522e+02
2.680761468028967442e+02 2.463709870643095314e+02
2.670666017882244887e+02 2.466288908812556713e+02
2.660579632972318223e+02 2.468126758856113270e+02
2.650494996737029396e+02 2.469243739812083902e+02
2.640401473158905219e+02 2.469657686565730614e+02
2.630292930045914090e+02 2.469390243209108178e+02
2.620176525503744074e+02 2.468467710451769506e+02
2.610084556512577478e+02 2.466919056040798068e+02
2.600066642097916088e+02 2.464779851521116143e+02
2.590185407963390389e+02 2.462093523876788197e+02
2.580513164048063004e+02 2.458914271414177222e+02
2.571134047501972759e+02 2.455296972792920656e+02
2.562132811836076485e+02 2.451306759389329386e+02
2.553591704829631794e+02 2.447014801967817732e+02
2.545576423308835956e+02 2.442490110817674065e+02
2.538121813794770105e+02 2.437794654838102701e+02
2.531223513264025939e+02 2.432980815930812923e+02
2.524835236115855537e+02 2.428087397414778934e+02
2.518871352596406723e+02 2.423125904877996675e+02
2.513224634860596893e+02 2.418074461665350157e+02
2.507784757892401046e+02 2.412889377739771817e+02
2.502459772332709349e+02 2.407504531084055941e+02
2.497183108231995448e+02 2.401839897592334125e+02
2.491918019890401013e+02 2.395809820066181715e+02
2.486661996391082141e+02 2.389336987116421085e+02
2.481450364025254487e+02 2.382358918557001743e+02
2.476357026014969165e+02 2.374837428639659436e+02
2.471490858486579327e+02 2.366768960805619031e+02
2.466975008313229694e+02 2.358187399584311095e+02
2.462922834586235012e+02 2.349151928068897064e+02
2.459421437707641473e+02 2.339742507760510648e+02
2.456523825230719353e+02 2.330044395078829496e+02
2.454238007926010994e+02 2.320141994889562227e+02
2.452536777242608252e+02 2.310107732025173561e+02
2.451370986248273027e+02 2.300004207839894548e+02
2.450686553565795407e+02 2.289880962564234892e+02
2.450434858983084041e+02 2.279773179546192239e+02
2.450587878300415525e+02 2.269698229647283654e+02
2.451147498602204564e+02 2.259659150928141571e+02
2.452138147724040778e+02 2.249647107295261037e+02
2.453590406471956840e+02 2.239650228820152051e+02
2.455544248032125552e+02 2.229658455573032256e+02
2.458047254616491273e+02 2.219669020080962412e+02
2.461140265855019322e+02 2.209682096195238898e+02
2.464845461546746606e+02 2.199697778333631675e+02
2.469153901772674260e+02 2.189716028439564468e+02
2.474024726903017779e+02 2.179736672576603667e+02
2.479385097597750587e+02 2.169759400673044638e+02
2.485133154779784093e+02 2.159783779122300302e+02
2.491155639475320811e+02 2.149809325789263426e+02
2.497332852768912517e+02 2.139835531124469696e+02
2.503544345751907372e+02 2.129861882385787908e+02
2.509693049303816395e+02 2.119887966357123901e+02
2.515709414054803972e+02 2.109913486971934162e+02
2.521554630356510813e+02 2.099938279020404366e+02
2.527213198349376455e+02 2.089962276520774935e+02
2.532684378040105457e+02 2.079985476322948443e+02
2.537977249346428152e+02 2.070007917079465471e+02
2.543107042130351374e+02 2.060029663622727298e+02
2.548110346060348093e+02 2.050050871712256537e+02
2.553037510680218247e+02 2.040071755682351977e+02
2.557934645572178169e+02 2.030092511818107823e+02
2.562826940507990230e+02 2.020113247350527104e+02
2.567717175462468049e+02 2.010133974113757347e+02
2.572597770504290224e+02 2.000154659840589773e+02
2.577454915758582388e+02 1.990175245743404275e+02
2.582284561262040938e+02 1.980195714581805646e+02
2.587094656942633719e+02 1.970216100198051095e+02
2.591903082638358455e+02 1.960236478705294019e+02
2.596736268109742696e+02 1.950256962613077860e+02
2.601618533136432916e+02 1.940277655448912810e+02
2.606578077462921783e+02 1.930298677257033830e+02
2.611640690855534785e+02 1.920320137822575930e+02
2.616815763229194545e+02 1.910342077117715291e+02
2.622106314556537541e+02 1.900364507998253032e+02
2.627498494963053304e+02 1.890387371506293448e+02
2.632969544654960714e+02 1.880410570755071547e+02
2.638487303923647005e+02 1.870433968843076684e+02
2.644008263163340189e+02 1.860457380553122562e+02
2.649489942758933125e+02 1.850480625052617540e+02
2.654904612961676094e+02 1.840503584298063799e+02
2.660250683785975525e+02 1.830526251521009726e+02
2.665554264995259359e+02 1.820548737868795115e+02
2.670851336263527287e+02 1.810571196504240845e+02
2.676181387232977045e+02 1.800593795531844989e+02
2.681582727556497616e+02 1.790616698032977183e+02
2.687088686932099790e+02 1.780640045889707039e+02
2.692731195070477952e+02 1.770663975024459944e+02
2.698532341771485221e+02 1.760688579471886896e+02
2.704495127007938891e+02 1.750713872002650646e+02
2.710599260963678603e+02 1.740739766244499549e+02
2.716802874018071066e+02 1.730766083961542279e+02
2.723055546627950889e+02 1.720792610521498602e+02
2.729313029194248656e+02 1.710819157557085077e+02
2.735538222053113486e+02 1.700845567137765499e+02
2.741698815497292117e+02 1.690871701723497154e+02
2.747767109777763608e+02 1.680897443398488349e+02
2.753719845105275681e+02 1.670922693147530538e+02
2.759538411648447322e+02 1.660947371749942363e+02
2.765216789461823055e+02 1.650971453579259105e+02
2.770755078544496541e+02 1.640994939061170044e+02
2.776162068816824444e+02 1.631017865613717959e+02
2.781456480109193308e+02 1.621040312925842386e+02
2.786662112205962103e+02 1.611062382311471879e+02
2.791801354904262098e+02 1.601084169082323001e+02
2.796893718027323530e+02 1.591105756290275792e+02
2.801957471409608047e+02 1.581127221708670163e+02
2.807009144901344371e+02 1.571148635703860066e+02
2.812057118426604916e+02 1.561170033948565390e+02
2.817113331877206406e+02 1.551191467270026010e+02
2.822182145213643594e+02 1.541212954228272167e+02
2.827249568562675677e+02 1.531234435269444418e+02
2.832285252199291108e+02 1.521255781196999237e+02
2.837254866434539053e+02 1.511276845871979901e+02
2.842123201587443759e+02 1.501297479409368520e+02
2.846857207957456808e+02 1.491317541119024384e+02
2.851423615846024404e+02 1.481336889374292127e+02
2.855786845575522648e+02 1.471355372715105432e+02
2.859898417585208108e+02 1.461372784767545170e+02
2.863714502272206346e+02 1.451388938952221679e+02
2.867210699857596410e+02 1.441403731401073003e+02
2.870388110331410871e+02 1.431417166796676383e+02
2.873262493550855652e+02 1.421429312227581931e+02
2.875856689308986347e+02 1.411440264921106973e+02
2.878185387472702814e+02 1.401450087410932213e+02
2.880265237891146626e+02 1.391458850574238681e+02
2.882123440317870404e+02 1.381466670198373947e+02
2.883812104280725634e+02 1.371473768109758566e+02
2.885392349225929820e+02 1.361480404489372518e+02
2.886913294708426747e+02 1.351486788435542223e+02
2.888411980392612577e+02 1.341493077623390491e+02
2.889918766003407313e+02 1.331499401292029745e+02
2.891453661359510079e+02 1.321505844621783865e+02
2.893026996367322567e+02 1.311512451586303314e+02
2.894647020952096454e+02 1.301519257304912287e+02
2.896326994993688118e+02 1.291526318223942269e+02
2.898077038400404604e+02 1.281533677423097402e+02
2.899901261135007076e+02 1.271541352398186575e+02
2.901806373136697630e+02 1.261549371712926302e+02
2.903786544458300796e+02 1.251557710549661238e+02
2.905824315258014394e+02 1.241566294583130912e+02
2.907911835606963677e+02 1.231575090396766825e+02
2.910064615364619272e+02 1.221584164014897738e+02
2.912312604259616364e+02 1.211593642931311763e+02
2.914686472014066112e+02 1.201603657704757211e+02
2.917203758469046306e+02 1.191614283001044612e+02
2.919861273653460785e+02 1.181625505240702410e+02
2.922649907649851002e+02 1.171637285643483040e+02
2.925572670430944413e+02 1.161649637022618435e+02
2.928637361926068365e+02 1.151662592581833451e+02
2.931836652201637321e+02 1.141676121118140657e+02
2.935150961435057866e+02 1.131690139281678000e+02
2.938548619913277662e+02 1.121704512256809778e+02
2.941982138066586003e+02 1.111719037883936494e+02
2.945395216405091787e+02 1.101733476500277504e+02
2.948739455367328333e+02 1.091747622072465447e+02
2.951967995377875127e+02 1.081761275122739505e+02
2.955028026915221631e+02 1.071774210844857578e+02
2.957864060482139621e+02 1.061786193024117892e+02
2.960416566618006300e+02 1.051796968247992368e+02
2.962617735937220118e+02 1.041806247856921743e+02
2.964389919143334851e+02 1.031813701303571804e+02
2.965661216887808109e+02 1.021819022517713051e+02
2.966380479634087237e+02 1.011821993759536156e+02
2.966521107623185571e+02 1.001822501795826952e+02
2.966088710804272068e+02 9.918205705077261314e+01
2.965120928836307144e+02 9.818163601244884831e+01
2.963678151172121034e+02 9.718101277195657417e+01
2.961837907109247112e+02 9.618022033294656126e+01
2.959696265777233748e+02 9.517929959133957141e+01
2.957371176107385509e+02 9.417830075712663529e+01
2.954995116899355594e+02 9.317728022555678535e+01
2.952714886823049483e+02 9.217630048774233842e+01
2.950701274331009358e+02 9.117543424706929045e+01
2.949119227928691203e+02 9.017475172090121305e+01
2.948104746383855286e+02 8.917431080291160583e+01
2.947766748709622675e+02 8.817415785912194792e+01
2.948203394016605898e+02 8.717433467514246104e+01
2.949498104192017536e+02 8.617457976036490663e+01
2.951719052166521919e+02 8.517389912623460191e+01
2.954920805928310301e+02 8.417141199375123506e+01
2.959126129651981501e+02 8.316726005465221760e+01
2.964301362389133487e+02 8.216263299062887882e+01
2.970367935932008550e+02 8.115911637044322902e+01
2.977221101958176064e+02 8.015899762463558886e+01
2.984743988451279506e+02 7.916558803210250517e+01
2.992819668364736572e+02 7.818278685364225566e+01
3.001347367017199304e+02 7.721444122546142808e+01
3.010244833975349366e+02 7.626500717484799452e+01
3.019439296169620093e+02 7.533876976194821395e+01
3.028864247647956631e+02 7.443843870047635392e+01
3.038460812713592532e+02 7.356507493732195258e+01
3.048180926995472646e+02 7.271853601073098616e+01
3.057991589104950094e+02 7.189790786410077317e+01
3.067877232274493622e+02 7.110146685521590371e+01
3.077836138306557245e+02 7.032658622885901423e+01
3.087863207281341715e+02 6.957114879486857717e+01
3.097939435225686111e+02 6.883359944937623709e+01
3.108035463577630253e+02 6.811248868163841053e+01
3.118124925996718275e+02 6.740678525845623881e+01
3.128192876940524911e+02 6.671497180393171789e+01
3.138238075513983745e+02 6.603518977299032144e+01
3.148269615314541738e+02 6.536618202528396182e+01
3.158297746597433502e+02 6.470747491993975586e+01
3.168325418519566483e+02 6.405955871682274960e+01
3.178352635891225191e+02 6.342232041695677935e+01
3.188379426595024029e+02 6.279510502627655910e+01
3.198405808595028930e+02 6.217749054860558999e+01
3.208431774611962624e+02 6.156964798239457082e+01
3.218457225034650833e+02 6.097391730644176278e+01
3.228481907089098399e+02 6.039623646694531089e+01
3.238505526922343734e+02 5.984350840135999761e+01
3.248527853427950731e+02 5.932116206049593643e+01
3.258548739402740466e+02 5.883265541302156976e+01
3.268568103071899031e+02 5.837990944153153805e+01
3.278585929408612856e+02 5.796327714282745092e+01
3.288602241187230675e+02 5.758222352175667424e+01
3.298617088341047179e+02 5.723557558894734143e+01
3.308633484603957413e+02 5.692230661800934399e+01
3.318661723225762330e+02 5.664093297722109810e+01
3.328713849433588621e+02 5.639039478449734588e+01
3.338801708755382265e+02 5.617220909609184787e+01
3.348932309906509772e+02 5.599087093626360456e+01
3.359099809998148203e+02 5.585466889285996217e+01
3.369277234949084914e+02 5.577590859481347252e+01
