3.369171037102786386e+02 5.571403893924889417e+01
3.379328308753906072e+02 5.562689498620801487e+01
3.389409622705556444e+02 5.561414837291070512e+01
3.399334008312650894e+02 5.569271078429187583e+01
3.408997811891783272e+02 5.587744623081871964e+01
3.418271083301060003e+02 5.617890148973438613e+01
3.427006975835021194e+02 5.660190109375764678e+01
3.435062429226156269e+02 5.714571613713411580e+01
3.442314929148720921e+02 5.780431441223507250e+01
3.448678328104607544e+02 5.856587313991613541e+01
3.454103714200868467e+02 5.941421735237881308e+01
3.458576662506627031e+02 6.033066673983739747e+01
3.462115273891257061e+02 6.129594183294537402e+01
3.464767549770608071e+02 6.229287090978090191e+01
3.466609511122293270e+02 6.330782220810905869e+01
3.467742757915607399e+02 6.433048188444689686e+01
3.468279778102825048e+02 6.535340475619540257e+01
3.468327263095305852e+02 6.637164719589867445e+01
3.467973829484819248e+02 6.738319390838543654e+01
3.467290211429465216e+02 6.838866701002962145e+01
3.466334609389576826e+02 6.939018229528423376e+01
3.465157948144562852e+02 7.038998746262174677e+01
3.463804011148856716e+02 7.138942016228719467e+01
3.462306255456244912e+02 7.238879163939293448e+01
3.460685450878538632e+02 7.338811073549479147e+01
3.458958337264062948e+02 7.438738457662290671e+01
3.457144934431424872e+02 7.538662168506655803e+01
3.455271672141154227e+02 7.638583331178008962e+01
3.453365620147980053e+02 7.738503098015866044e+01
3.451448198257824629e+02 7.838422380845582893e+01
3.449534896330339393e+02 7.938341839059077643e+01
3.447641144225720495e+02 8.038262129494128772e+01
3.445779681828534535e+02 8.138183794478237587e+01
3.443958469066660086e+02 8.238107172859668026e+01
3.442182285896787448e+02 8.338032468117657459e+01
3.440454062292369031e+02 8.437959804979013256e+01
3.438775418238726616e+02 8.537889252405321372e+01
3.437156003648425440e+02 8.637821221186246134e+01
3.435608548406124783e+02 8.737756253223602698e+01
3.434142132429553840e+02 8.837694735042799721e+01
3.432761045679843050e+02 8.937636849264319494e+01
3.431477088050077100e+02 9.037583098200917675e+01
3.430317099297070627e+02 9.137534624401271799e+01
3.429312119139581796e+02 9.237492749203337894e+01
3.428485077369852547e+02 9.337458448711478809e+01
3.427840203949555757e+02 9.437431902992051391e+01
3.427361799020943067e+02 9.537412443713674293e+01
3.427032582740581006e+02 9.637399335286141877e+01
3.426838695234049510e+02 9.737391987704810958e+01
3.426765116637438950e+02 9.837389761585143333e+01
3.426779647242499891e+02 9.937391286209279428e+01
3.426826537554360357e+02 1.003739418836229333e+02
3.426841068159421297e+02 1.013739571298642943e+02
3.426764529589630115e+02 1.023739336086288461e+02
3.426554472229608450e+02 1.033738532494280662e+02
3.426189806270444933e+02 1.043737070744856226e+02
3.425668241732886372e+02 1.053734941089742847e+02
3.424996528555776649e+02 1.063732172262932636e+02
3.424181126680581428e+02 1.073728791763920469e+02
3.423233356004736834e+02 1.083724847780675589e+02
3.422172996349023606e+02 1.093720424514438037e+02
3.421027467465000882e+02 1.103715638689070317e+02
3.419829069060010625e+02 1.113710627802046815e+02
3.418610150840944470e+02 1.123705529563686696e+02
3.417394182595149914e+02 1.133700443883145113e+02
3.416185934279406524e+02 1.143695391065777187e+02
3.414974715990573486e+02 1.153690325605452642e+02
3.413742577891288192e+02 1.163685171091036068e+02
3.412485250020238823e+02 1.173679909345617034e+02
3.411227522152814231e+02 1.183674645897442872e+02
3.410016753859903815e+02 1.193669582352717669e+02
3.408911654609561310e+02 1.203664968633322019e+02
3.407972033859872454e+02 1.213661059343712623e+02
3.407249941139234579e+02 1.223658076054896924e+02
3.406784126096549130e+02 1.233656183721276136e+02
3.406600828494065922e+02 1.243655494043584326e+02
3.406718128167970576e+02 1.253656083986352883e+02
3.407140175080660924e+02 1.263657971215665725e+02
3.407852639361975093e+02 1.273661094730321111e+02
3.408813741390464997e+02 1.283665276677548377e+02
3.409953931796294455e+02 1.293670220990804580e+02
3.411178041441759206e+02 1.303675522542081353e+02
3.412377561310023566e+02 1.313680719416487932e+02
3.413442322399292834e+02 1.323685342632700497e+02
3.414275025591162489e+02 1.333688977995539915e+02
3.414795541611657086e+02 1.343691284400590007e+02
3.414936801068469663e+02 1.353691976338389225e+02
3.414629914585784718e+02 1.363690760551939718e+02
3.413814352712039408e+02 1.373687379371825443e+02
3.412440575896095538e+02 1.383681621911827051e+02
3.410479054405512898e+02 1.393673362466048502e+02
3.407928598251072003e+02 1.403662595968794449e+02
3.404820957145100238e+02 1.413649457576249802e+02
3.401211280587905321e+02 1.423634182055775739e+02
3.397166487973154290e+02 1.433617054278300316e+02
3.392747866102474745e+02 1.443601305164133066e+02
3.388003040995987476e+02 1.453597367546424266e+02
3.382958823928150878e+02 1.463614395640701673e+02
3.377625340426362754e+02 1.473651112538629491e+02
3.371999804412331514e+02 1.483692496244077859e+02
3.366067218447369100e+02 1.493712072674761941e+02
3.359797440686422192e+02 1.503677323225593341e+02
3.353150538862319650e+02 1.513555807615464630e+02
3.346082390142330496e+02 1.523319907768193389e+02
3.338557731648465392e+02 1.532946733366266301e+02
3.330555815433185671e+02 1.542414615891669882e+02
3.322076014756317477e+02 1.551711042563068190e+02
3.313145138899135418e+02 1.560840937549178307e+02
3.303822435239948732e+02 1.569830883300293181e+02
3.294187476430348056e+02 1.578727408969839701e+02
3.284331517036742980e+02 1.587590713563703275e+02
3.274345991403512812e+02 1.596485746896108253e+02
3.264312134187852621e+02 1.605472665318925181e+02
3.254305118081222759e+02 1.614597979255274822e+02
3.244400370315329383e+02 1.623888340031893449e+02
3.234681229659253177e+02 1.633348912459363760e+02
3.225231728605751300e+02 1.642967544144466672e+02
3.216116508433601098e+02 1.652722930064834941e+02
3.207380105541776629e+02 1.662592519602598315e+02
3.199047096475088665e+02 1.672548987129763418e+02
3.191119918582463697e+02 1.682560072729556282e+02
3.183589769825500184e+02 1.692593348638874318e+02
3.176429352876953089e+02 1.702622288415713001e+02
3.169601351971392660e+02 1.712631723073607759e+02
3.163058033160463083e+02 1.722620129400697238e+02
3.156738858510065597e+02 1.732596289773364049e+02
3.150578655062353164e+02 1.742570156847818907e+02
3.144505370827094453e+02 1.752544393930957369e+02
3.138452066410805514e+02 1.762518716066713296e+02
3.132378002182613841e+02 1.772492949829479585e+02
3.126268058279516140e+02 1.782467030855113137e+02
3.120128844641622550e+02 1.792440987281642037e+02
3.113968181198077332e+02 1.802414852397928371e+02
3.107792527890351835e+02 1.812388653703467298e+02
3.101604914690989290e+02 1.822362404096628552e+02
3.095411181547078741e+02 1.832336128437636660e+02
3.089224698337478685e+02 1.842309883641081001e+02
3.083068054857510560e+02 1.852283765870056413e+02
3.076958230953325710e+02 1.862257847406516476e+02
3.070903556549449149e+02 1.872232163710336295e+02
3.064909411597136568e+02 1.882206737683571873e+02
3.058987835987295512e+02 1.892181620579152366e+02
3.053142509686584845e+02 1.902156828062424552e+02
3.047376812664380168e+02 1.912132374521668510e+02
3.041696704866679966e+02 1.922108285327935846e+02
3.036118386146702619e+02 1.932084629442808250e+02
3.030659356345886977e+02 1.942061481361820938e+02
3.025329085378430705e+02 1.952038881397701289e+02
3.020132023204012626e+02 1.962016848493600207e+02
3.015061349884427386e+02 1.971995353617542719e+02
3.010106305517167016e+02 1.981974350965416818e+02
3.005262650140647338e+02 1.991953822488018204e+02
3.000530383754868353e+02 2.001933768185346878e+02
2.995909016364270769e+02 2.011914185971527900e+02
2.991381158126417290e+02 2.021895001819283095e+02
2.986913079346921904e+02 2.031876072143788576e+02
2.982462280410859421e+02 2.041857216027314621e+02
2.977986721699137433e+02 2.051838254510299748e+02
2.973450753534765454e+02 2.061819035834695342e+02
2.968817216254435039e+02 2.071799401814552084e+02
2.964054270146635304e+02 2.081779216910564401e+02
2.959139895410880285e+02 2.091758387386063589e+02
2.954052362244056553e+02 2.101736820738878464e+02
2.948779730754347383e+02 2.111714466141769435e+02
2.943312991023389600e+02 2.121691285240177649e+02
2.937656373012855511e+02 2.131667296040738506e+02
2.931821216619999291e+02 2.141642546816559047e+02
2.925824171693961375e+02 2.151617108444820303e+02
2.919696537951145388e+02 2.161591114166109264e+02
2.913476615044531854e+02 2.171564727019227234e+02
2.907210072560321805e+02 2.181538141416237693e+02
2.900949210024648437e+02 2.191511579992370571e+02
2.894743496989283358e+02 2.201485253335863490e+02
2.888642593004278183e+02 2.211459372843762594e+02
2.882690717668973548e+02 2.221434126755643774e+02
2.876926200636077624e+02 2.231409678238015317e+02
2.871373621682880071e+02 2.241386131925178518e+02
2.866029950836834814e+02 2.251363474918763075e+02
2.860868978335420820e+02 2.261341595645741336e+02
2.855844384598324268e+02 2.271320296927071638e+02
2.850897570156494680e+02 2.281299329309131849e+02
2.845962112968690008e+02 2.291281380065095732e+02
2.840973420071808277e+02 2.301276404320169320e+02
2.835869723542895144e+02 2.311293179214762858e+02
2.830586246944939717e+02 2.321333079015306851e+02
2.825067211131446925e+02 2.331391086230773624e+02
2.819269457835767412e+02 2.341452607009037479e+02
2.813160694532344337e+02 2.351497023697633608e+02
2.806705828260286353e+02 2.361499116681261796e+02
2.799867712094685999e+02 2.371422847503103242e+02
2.792620339345452294e+02 2.381208654915936336e+02
2.784946655152199355e+02 2.390773075562908048e+02
2.776845919072964648e+02 2.400024595462870138e+02
2.768337215927467696e+02 2.408875205060338942e+02
2.759448399334067972e+02 2.417246592215487624e+02
2.750218090356900120e+02 2.425079860800217944e+02
2.740692505595316675e+02 2.432324227093275795e+02
2.730932277520316234e+02 2.438927558727934297e+02
2.721005879545964490e+02 2.444842216756194659e+02
2.710973305682560408e+02 2.450041546324316641e+02
2.700886803811610548e+02 2.454516759766045766e+02
2.690784603362554321e+02 2.458275119885577737e+02
2.680690084011978911e+02 2.461333196357702207e+02
2.670617603822997808e+02 2.463703220413904376e+02
2.660571940453581306e+02 2.465385752397215526e+02
2.650548534265689113e+02 2.466366602769202245e+02
2.640528186523944782e+02 2.466628989650949677e+02
2.630488703570741222e+02 2.466164328488766841e+02
2.620418164531220668e+02 2.464975148559744582e+02
2.610319504875020584e+02 2.463083662561107303e+02
2.600210034505026329e+02 2.460532214562831825e+02
2.590127872474377000e+02 2.457377487347027056e+02
2.580129781614899116e+02 2.453682363116447505e+02
2.570277104755711548e+02 2.449512083591759222e+02
2.560631715216852626e+02 2.444941172835972623e+02
2.551263936408295194e+02 2.440046500904439029e+02
2.542244155109964652e+02 2.434899448072526980e+02
2.533635508658394997e+02 2.429557153626507215e+02
2.525484678976725661e+02 2.424042756495739184e+02
2.517821082047533423e+02 2.418333771697032262e+02
2.510651578495270257e+02 2.412373687923268051e+02
2.503963915730910799e+02 2.406094962404573891e+02
2.497741937075361989e+02 2.399428655739148155e+02
2.491975574239210687e+02 2.392320314574034512e+02
2.486662104320155606e+02 2.384737727026283949e+02
2.481811757546150830e+02 2.376666766516834173e+02
2.477447786206770388e+02 2.368113992087500606e+02
2.473599235303351804e+02 2.359113527688776344e+02
2.470285699490636944e+02 2.349730097319345532e+02
2.467508479688879675e+02 2.340045707260104848e+02
2.465249079501743381e+02 2.330146389553470954e+02
2.463474749480669743e+02 2.320111815510587405e+02
2.462146469958589421e+02 2.310007599623616272e+02
2.461222789443856982e+02 2.299883335887560634e+02
2.460661167669293832e+02 2.289774233532295113e+02
2.460422780533029652e+02 2.279697617444949174e+02
2.460481305375079728e+02 2.269656405599351956e+02
2.460841380210341072e+02 2.259641677658188712e+02
2.461543255757231634e+02 2.249641604857075095e+02
2.462654624950764344e+02 2.239646245267156814e+02
2.464259729670722265e+02 2.229652987473000394e+02
2.466437639200684941e+02 2.219662168066720653e+02
2.469247503004718567e+02 2.209674038843228345e+02
2.472716160839637212e+02 2.199688714057390939e+02
2.476835112782455610e+02 2.189706157525662604e+02
2.481557989253313394e+02 2.179726171856157748e+02
2.486801321008497041e+02 2.169748401726455427e+02
2.492453249061525185e+02 2.159772370961091212e+02
2.498391624519147740e+02 2.149797559581224959e+02
2.504490768520099380e+02 2.139823432581203804e+02
2.510638002085327969e+02 2.129849510294914978e+02
2.516737676081477559e+02 2.119875385551044360e+02
2.522718391155474933e+02 2.109900754407805721e+02
2.528532757736700773e+02 2.099925415131288844e+02
2.534158966022766890e+02 2.089949274878771348e+02
2.539593536045204303e+02 2.079972318836283875e+02
2.544846447713588020e+02 2.069994589487566259e+02
2.549937620847431106e+02 2.060016171629822850e+02
2.554886755268240108e+02 2.050037149123742211e+02
2.559709490834307530e+02 2.040057588547049079e+02
2.564422487394683685e+02 2.030077560819493101e+02
2.569043854785281269e+02 2.020097143033312364e+02
2.573593952821627227e+02 2.010116421858740523e+02
2.578096151291975389e+02 2.000135496779245443e+02
2.582575099972982002e+02 1.990154472727109862e+02
2.587054048653988616e+02 1.980173448674974566e+02
2.591556247124336778e+02 1.970192523595479202e+02
2.596109315133772952e+02 1.960211815063864265e+02
2.600743892404680082e+02 1.950231453511170514e+02
2.605479118763639690e+02 1.940251520414229560e+02
2.610322774140159368e+02 1.930272048891628174e+02
2.615277818507420307e+02 1.920293051543754359e+02
2.620348491827005546e+02 1.910314546419811563e+02
2.625545554001423056e+02 1.900336579323912929e+02
2.630878794941969545e+02 1.890359191930988914e+02
2.636351024623184571e+02 1.880382396202894597e+02
2.641951583141655533e+02 1.870406146761206116e+02
2.647655580722898208e+02 1.860430337651987429e+02
2.653440397571864651e+02 1.850454872584436998e+02
2.659290413830080979e+02 1.840479685065968738e+02
2.665193239609807279e+02 1.830504722353742864e+02
2.671130375078664656e+02 1.820529905695335913e+02
2.677072870498957968e+02 1.810555111853847450e+02
2.683000386054978890e+02 1.800580254244180196e+02
2.688897431887075413e+02 1.790605266927143191e+02
2.694768157957646508e+02 1.780630167568820070e+02
2.700628394123263547e+02 1.770655023555744663e+02
2.706492780251278987e+02 1.760679897208753459e+02
2.712373936227348281e+02 1.750704842249769797e+02
2.718269852069682884e+02 1.740729850122449420e+02
2.724167297898155766e+02 1.730754864508167543e+02
2.730047853879661375e+02 1.720779806995051331e+02
2.735884680257386776e+02 1.710804563328233314e+02
2.741656337225590505e+02 1.700829042240040394e+02
2.747338665003176175e+02 1.690853140884063919e+02
2.752916233729949909e+02 1.680876793576525756e+02
2.758383083459910949e+02 1.670899974946375153e+02
2.763740364182640974e+02 1.660922689889032995e+02
2.768999095798292274e+02 1.650944985315402107e+02
2.774183528087145305e+02 1.640966964455010952e+02
2.779332570696651601e+02 1.630988792943362000e+02
2.784491613215553230e+02 1.621010664000590680e+02
2.789693615345211128e+02 1.611032717933717322e+02
2.794956556922717255e+02 1.601055031281584036e+02
2.800276997979239013e+02 1.591077589400496777e+02
2.805636368683032629e+02 1.581100313240050070e+02
2.811005849295223697e+02 1.571123080116738606e+02
2.816363860011339284e+02 1.561145798166924124e+02
2.821688951025729466e+02 1.551168376080365192e+02
2.826954642578319294e+02 1.541190701134673304e+02
2.832134864905316931e+02 1.531212662352784264e+02
2.837201278263499944e+02 1.521234139094499938e+02
2.842120912951596097e+02 1.511254991010230810e+02
2.846868979194218241e+02 1.501275112571728414e+02
2.851433067103806707e+02 1.491294450951016870e+02
2.855812486686613170e+02 1.481313003210842680e+02
2.860005637957136173e+02 1.471330762540185901e+02
2.864011960920448132e+02 1.461347726555189297e+02
2.867827245614695357e+02 1.451363877334355266e+02
2.871437452167087372e+02 1.441379155110980150e+02
2.874819910783028831e+02 1.431393463381418201e+02
2.877960731588370322e+02 1.421406743017498115e+02
2.880852804647533389e+02 1.411418963752748255e+02
2.883499789927355437e+02 1.401430141167377883e+02
2.885909717355081057e+02 1.391440309444195691e+02
2.888097886792081681e+02 1.381449533713584401e+02
2.890078818106799190e+02 1.371457875785553995e+02
2.891858461245322474e+02 1.361465360988586895e+02
2.893448176104722620e+02 1.351472037680927656e+02
2.894881502381108476e+02 1.341478048638592213e+02
2.896202859672008572e+02 1.331483582952534448e+02
2.897460657538798614e+02 1.321488846698690907e+02
2.898701505559166662e+02 1.311494038290599633e+02
2.899962093400678214e+02 1.301499313913472804e+02
2.901254970949623839e+02 1.291504726991251744e+02
2.902587888135782919e+02 1.281510310514816524e+02
2.903983974749585286e+02 1.271516162945980852e+02
2.905469940549021430e+02 1.261522397986217072e+02
2.907075655263452632e+02 1.251529142788762101e+02
2.908835468581647206e+02 1.241536543577710745e+02
2.910775650265583181e+02 1.231544712181504337e+02
2.912906280223930366e+02 1.221553691509571138e+02
2.915223918487857304e+02 1.211563466918217671e+02
2.917725545084726946e+02 1.201574025551643103e+02
2.920408380039726808e+02 1.191585355575698770e+02
2.923270283372247604e+02 1.181597447880645291e+02
2.926307855113095115e+02 1.171610287993064503e+02
2.929498765464591656e+02 1.161623780856652388e+02
2.932801174805833284e+02 1.151637748363225171e+02
2.936166713575079257e+02 1.141651984607122188e+02
2.939556732122522362e+02 1.131666325059631504e+02
2.942951450627381291e+02 1.121680685519513361e+02
2.946344439147914045e+02 1.111695038614979296e+02
2.949729117743740403e+02 1.101709356335707923e+02
2.953086106590455415e+02 1.091723556183214612e+02
2.956377726029460291e+02 1.081737477757968691e+02
2.959556036495120566e+02 1.071750916984770754e+02
2.962566318483230816e+02 1.061763640926722871e+02
2.965348042542229905e+02 1.051775391914408999e+02
2.967829639320582373e+02 1.041785865282372470e+02
2.969931219542139615e+02 1.031794720947850124e+02
2.971568863967266338e+02 1.021801601672821107e+02
2.972657783364209649e+02 1.011806146515773150e+02
2.973129158356517792e+02 1.001808062517689848e+02
2.972942139314317274e+02 9.918071757847070558e+01
2.972086096333922569e+02 9.818034410661073252e+01
2.970598259078007004e+02 9.717970168458222702e+01
2.968568406733110692e+02 9.617882853072345029e+01
2.966119978180794874e+02 9.517777719205690801e+01
2.963393722145782476e+02 9.417660758427780365e+01
2.960554317135976135e+02 9.317538980981368013e+01
2.957785061490569092e+02 9.217420189741721970e+01
2.955266693571951464e+02 9.117312078607770331e+01
2.953169481837376225e+02 9.017221895782299157e+01
2.951655134821656361e+02 8.917156525078502227e+01
2.950859541293548887e+02 8.817121751181156242e+01
2.950878190387857103e+02 8.717121638992378507e+01
2.951776451512291715e+02 8.617158971239697962e+01
2.953601536882148935e+02 8.517206057443235068e+01
2.956370389892266530e+02 8.417161317943916288e+01
2.960075359094586247e+02 8.316934026206155295e+01
2.964697119045065961e+02 8.216536559679633456e+01
2.970203218784341175e+02 8.116087938041826533e+01
2.976544099841806883e+02 8.015747953092068201e+01
2.983651853561239022e+02 7.915746916121847221e+01
2.991447800180737318e+02 7.816387980568757143e+01
2.999843743468960042e+02 7.717989294900829123e+01
3.008740713407049157e+02 7.620948149675140826e+01
3.018044368382833795e+02 7.525783133573867190e+01
3.027666488094671990e+02 7.432986395616950404e+01
3.037517133037854364e+02 7.342954210771102908e+01
3.047515878450670357e+02 7.255954457871635555e+01
3.057602072054215796e+02 7.172108656120141745e+01
3.067729094657790938e+02 7.091390420750943235e+01
3.077861594394544795e+02 7.013638945417747550e+01
3.087978018525233210e+02 6.938578310144634997e+01
3.098071379046648417e+02 6.865827814010785346e+01
3.108140056385782373e+02 6.794940084019322057e+01
3.118185865950341054e+02 6.725526593929845376e+01
3.128218013634470935e+02 6.657197832097725154e+01
3.138246892724835106e+02 6.589570437480040255e+01
3.148275579276165672e+02 6.522395338764249573e+01
3.158304107088151795e+02 6.455593136669767773e+01
3.168332428355943762e+02 6.389276130179086977e+01
3.178360399409580168e+02 6.323781816234262010e+01
3.188387843928769598e+02 6.259524391082393890e+01
3.198414571886042381e+02 6.196950250678838756e+01
3.208440419476358443e+02 6.136444191537083270e+01
3.218465231408451928e+02 6.078371010351824566e+01
3.228488801776661603e+02 6.023214402740453011e+01
3.238510923823949383e+02 5.971460064302243609e+01
3.248531473845156938e+02 5.923398592404194574e+01
3.258550427661162416e+02 5.879086786531655662e+01
3.268567857043092317e+02 5.838356048212247629e+01
3.278583883397386671e+02 5.800921180030047708e+01
3.288598641795093158e+02 5.766464884859982476e+01
3.298612277779204760e+02 5.734645265799861136e+01
3.308624951493837898e+02 5.705086126258285617e+01
3.318639801271995111e+02 5.677392096248277653e+01
3.328670121671035531e+02 5.651317839481336591e+01
3.338735158411047905e+02 5.626991276385197693e+01
3.348845358721333128e+02 5.604912456217419958e+01
3.358997227470642315e+02 5.585962538178014825e+01
3.369171037102786386e+02 5.571403893924889417e+01
