3.338772632807222749e+02 5.685523590741141220e+01
3.348903978913707533e+02 5.665639790614349636e+01
3.359072225663458653e+02 5.650265602166251711e+01
3.369250479132459759e+02 5.640443289996224507e+01
3.379385493719843225e+02 5.637218496972940329e+01
3.389396468312452271e+02 5.641743193921237776e+01
3.399175014260694638e+02 5.655162977237736754e+01
3.408586511507557475e+02 5.678532225851003545e+01
3.417482760323339335e+02 5.712692838692987607e+01
3.425711460863071238e+02 5.758111036754471002e+01
3.433129544813724578e+02 5.814732829288757898e+01
3.439618861389614040e+02 5.881923280996636549e+01
3.445101407303226893e+02 5.958584361416899355e+01
3.449553231767454236e+02 6.043284438019998106e+01
3.453012788142597174e+02 6.134395532971879561e+01
3.455568268397991005e+02 6.230317486007299976e+01
3.457337395745230424e+02 6.329588795229173570e+01
3.458448822593115324e+02 6.430891025280342888e+01
3.459028677001037408e+02 6.533103835139780813e+01
3.459192830566676662e+02 6.635380249657245599e+01
3.459046337316729591e+02 6.737196236116702153e+01
3.458679993823216137e+02 6.838350357801169821e+01
3.458160374281924874e+02 6.938904649261510826e+01
3.457517319410150094e+02 7.039069482689657775e+01
3.456749634459537219e+02 7.139067409242963436e+01
3.455841163427610354e+02 7.239029642367404449e+01
3.454781593764739682e+02 7.338985443334442493e+01
3.453583195359750562e+02 7.438935334464207472e+01
3.452275357946351733e+02 7.538880566856011001e+01
3.450888361250188154e+02 7.638822429495462529e+01
3.449442455087784651e+02 7.738761784402339572e+01
3.447944909393270336e+02 7.838698941052373925e+01
3.446394484177878894e+02 7.938633846660167137e+01
3.444790029452032059e+02 8.038566452271501817e+01
3.443137795159099142e+02 8.138497023941863517e+01
3.441456241131823504e+02 8.238426347492739410e+01
3.439775887093674100e+02 8.338355722126263458e+01
3.438125582783254686e+02 8.438286375954561436e+01
3.436522758042638657e+02 8.538219050953168221e+01
3.434972672824167148e+02 8.638153971034375900e+01
3.433473507144331052e+02 8.738091058722832827e+01
3.432025161004034999e+02 8.838030309761646208e+01
3.430637034318110636e+02 8.937972124298266863e+01
3.429327776917577353e+02 9.037917296242264342e+01
3.428103668745535515e+02 9.137866092926185502e+01
3.426940150024512377e+02 9.237817468858401071e+01
3.425797131117747085e+02 9.337769717452604823e+01
3.424640502334297025e+02 9.437721386684387426e+01
3.423459993767213518e+02 9.537672039371372534e+01
3.422277765215714567e+02 9.637622618839887423e+01
3.421135206304781491e+02 9.737574887015776426e+01
3.420077816622158480e+02 9.837530780782967099e+01
3.419146215799804054e+02 9.937492029289271045e+01
3.418369223576592049e+02 1.003745985936973568e+02
3.417756849861826254e+02 1.013743469713882916e+02
3.417297554760065168e+02 1.023741605135170119e+02
3.416961448542130597e+02 1.033740264962460174e+02
3.416704841603879572e+02 1.043739263212327160e+02
3.416478624390277332e+02 1.053738390829012985e+02
3.416238187305516476e+02 1.063737457912754962e+02
3.415937520766474904e+02 1.073736268604147313e+02
3.415521395273568146e+02 1.083734587795279083e+02
3.414935851315707396e+02 1.093732185784486717e+02
3.414144259224779603e+02 1.103728906641972003e+02
3.413139269067381747e+02 1.113724719079609713e+02
3.411943840635481706e+02 1.123719720835542830e+02
3.410600553543280853e+02 1.133714093168052273e+02
3.409154227384682372e+02 1.143708026870846766e+02
3.407640111840302097e+02 1.153701671999220366e+02
3.406081656697667768e+02 1.163695128377190713e+02
3.404500961756540391e+02 1.173688490081977420e+02
3.402930486722814294e+02 1.183681895292156696e+02
3.401415951182239041e+02 1.193675538632637654e+02
3.400011764641827767e+02 1.203669651720682339e+02
3.398783096511102144e+02 1.213664511977666223e+02
3.397795916192334857e+02 1.223660400230475034e+02
3.397109533148143328e+02 1.233657568955121349e+02
3.396777336894781456e+02 1.243656245426842588e+02
3.396840657057776411e+02 1.253656605582809789e+02
3.397315443492611280e+02 1.263658717320383005e+02
3.398189426310459567e+02 1.273662528407548962e+02
3.399429095814942343e+02 1.283667896195999276e+02
3.400969312596264444e+02 1.293674543392065175e+02
3.402702827626175122e+02 1.303682013444534675e+02
3.404495702118249483e+02 1.313689736185861250e+02
3.406198227428947689e+02 1.323697074317379361e+02
3.407657984939285143e+02 1.333703379004256249e+02
3.408739715874795593e+02 1.343708074459853776e+02
3.409342941145889085e+02 1.353710732952090439e+02
3.409398851376022890e+02 1.363711061564519582e+02
3.408860616989505274e+02 1.373708860947087373e+02
3.407709108159664311e+02 1.383704049665530533e+02
3.405966794682910290e+02 1.393696723372117958e+02
3.403690456044780603e+02 1.403687123772935479e+02
3.400953371581317697e+02 1.413675562812719022e+02
3.397820190706752896e+02 1.423662315699261285e+02
3.394341012967151414e+02 1.433647595702639705e+02
3.390545858090515594e+02 1.443631530614624126e+02
3.386448375953165737e+02 1.453614178541732542e+02
3.382049776544141082e+02 1.463595544634799239e+02
3.377337529976969108e+02 1.473575575555020976e+02
3.372273046601299598e+02 1.483554107029098645e+02
3.366796186962034767e+02 1.493530883047802718e+02
3.360844721623014379e+02 1.503505638705008209e+02
3.354368351039988738e+02 1.513478159879260545e+02
3.347335415499813394e+02 1.523448311797493488e+02
3.339741155045617802e+02 1.533416074196921102e+02
3.331600729540043631e+02 1.543381511611962082e+02
3.322942708724229988e+02 1.553344745661899537e+02
3.313818472132643365e+02 1.563305995065626348e+02
3.304309009031467212e+02 1.573265604588482347e+02
3.294509668556773931e+02 1.583223980124715240e+02
3.284513709863572899e+02 1.593181518671676713e+02
3.274414032110136645e+02 1.603138615694240343e+02
3.264307054422843066e+02 1.613095681641523242e+02
3.254282025993032903e+02 1.623053096440757770e+02
3.244413266147325885e+02 1.633011176463842276e+02
3.234763154320521039e+02 1.642970187255435235e+02
3.225377850094382097e+02 1.652930325313475066e+02
3.216275853301287952e+02 1.662891669390385800e+02
3.207455983951930421e+02 1.672854214463039568e+02
3.198906802149962232e+02 1.682817911832640618e+02
3.190613378030657259e+02 1.692782697943854657e+02
3.182551251815639262e+02 1.702748468673207185e+02
3.174695383731784659e+02 1.712715117428228382e+02
3.167032003903857458e+02 1.722682585591574309e+02
3.159552072413765131e+02 1.732650834680979415e+02
3.152250849304454619e+02 1.742619844518795844e+02
3.145127164586527897e+02 1.752589610124464627e+02
3.138180748262431052e+02 1.762560130348626330e+02
3.131409900347566122e+02 1.772531397954571730e+02
3.124816980820551748e+02 1.782503422988555712e+02
3.118407349632821592e+02 1.792476228267497049e+02
3.112177926812283317e+02 1.802449800680181227e+02
3.106108492542141448e+02 1.812424054152337760e+02
3.100175137039034325e+02 1.822398886901780202e+02
3.094352060536726299e+02 1.832374189100804927e+02
3.088617803229656715e+02 1.842349869396600184e+02
3.082954425280371993e+02 1.852325851420599747e+02
3.077361156695850468e+02 1.862302131894999775e+02
3.071841087448093504e+02 1.872278723973583965e+02
3.066395267527587976e+02 1.882255632126084208e+02
3.061023186938954268e+02 1.892232854181487482e+02
3.055727045662259798e+02 1.902210399504947418e+02
3.050502303738639398e+02 1.912188248770193013e+02
3.045339171256796362e+02 1.922166360302293242e+02
3.040227538308332669e+02 1.932144691064113431e+02
3.035163784926048152e+02 1.942123225645719344e+02
3.030134341232895281e+02 1.952101906281143897e+02
3.025123467371487322e+02 1.962080665966974493e+02
3.020114543492410348e+02 1.972059433953735947e+02
3.015097759684550169e+02 1.982038168481360003e+02
3.010067905995111914e+02 1.992016847371460813e+02
3.005031842361939880e+02 2.001995499826288665e+02
3.000001988672501625e+02 2.011974178716389474e+02
2.994985204864641446e+02 2.021952913244012962e+02
2.989979240958745095e+02 2.031931693831162420e+02
2.984981576977647251e+02 2.041910509750480287e+02
2.979977333056166913e+02 2.051889297659476483e+02
2.974950689337644008e+02 2.061867990214186932e+02
2.969883365987706156e+02 2.071846509598703392e+02
2.964759053154131152e+02 2.081824786383186847e+02
2.959543711145340694e+02 2.091802675663177240e+02
2.954190970381475267e+02 2.101779980046790115e+02
2.948656781261653919e+02 2.111756512018118883e+02
2.942909774070106437e+02 2.121732138038595394e+02
2.936936468928970498e+02 2.131706800725372091e+02
2.930750715712756005e+02 2.141680559036344391e+02
2.924385444123098523e+02 2.151653553150826781e+02
2.917886633743391940e+02 2.161625978800517771e+02
2.911307644090162512e+02 2.171598063132948369e+02
2.904716134550372431e+02 2.181570094169144340e+02
2.898188044435959796e+02 2.191542395177161779e+02
2.891797093078978378e+02 2.201515279974766202e+02
2.885607389898552810e+02 2.211489021471032288e+02
2.879667874451259308e+02 2.221463827998046270e+02
2.873998866552987010e+02 2.231439786055767627e+02
2.868587946316266084e+02 2.241416842773650728e+02
2.863396884087485432e+02 2.251394835410875999e+02
2.858362740436916738e+02 2.261373496038928295e+02
2.853409976048998260e+02 2.271352503092506367e+02
2.848472321524173481e+02 2.281331574467658356e+02
2.843501647298529633e+02 2.291310505280376617e+02
2.838456851101408915e+02 2.301292090588233350e+02
2.833288099835976936e+02 2.311286348348097022e+02
2.827944412881035987e+02 2.321305061647947241e+02
2.822383552562366162e+02 2.331356990766118713e+02
2.816568432114486313e+02 2.341438947799529444e+02
2.810476306197123790e+02 2.351533345764470653e+02
2.804093545586392793e+02 2.361604736321682481e+02
2.797402439666915370e+02 2.371606243654341597e+02
2.790372202589387030e+02 2.381485146232854504e+02
2.782969424886203456e+02 2.391177821260407370e+02
2.775170561546715930e+02 2.400598477731216462e+02
2.766969453331205386e+02 2.409652958572970363e+02
2.758374424131453679e+02 2.418255798445176197e+02
2.749414871963922451e+02 2.426337051858143354e+02
2.740136073447811214e+02 2.433838881025313015e+02
2.730591524377729229e+02 2.440720103299139794e+02
2.720838761634607295e+02 2.446955733381286109e+02
2.710934757201472394e+02 2.452526633621690166e+02
2.700925736812122864e+02 2.457417460659093251e+02
2.690853572857946574e+02 2.461625392713998508e+02
2.680755339941057969e+02 2.465149427599745025e+02
2.670661783839044574e+02 2.467981226122099372e+02
2.660590337350117807e+02 2.470108422378484079e+02
2.650545793925301155e+02 2.471527866745545339e+02
2.640523522836529651e+02 2.472242069533537574e+02
2.630504223097982504e+02 2.472258268645911130e+02
2.620465610678325561e+02 2.471589109336618435e+02
2.610395651980313119e+02 2.470263600642826418e+02
2.600300150238797414e+02 2.468327977687170858e+02
2.590203579634839457e+02 2.465849435262318821e+02
2.580142761203880468e+02 2.462902980790895526e+02
2.570164129655456691e+02 2.459553382527087422e+02
2.560318388513811669e+02 2.455837506644134294e+02
2.550663518709530422e+02 2.451776400151047994e+02
2.541262994037025464e+02 2.447378703326933760e+02
2.532177221828056304e+02 2.442640473283296956e+02
2.523460872689270786e+02 2.437538192533691586e+02
2.515154162404121507e+02 2.432033001920107438e+02
2.507281846574470876e+02 2.426074306365941595e+02
2.499859924890580771e+02 2.419605833470218670e+02
2.492898205713932214e+02 2.412585704606588024e+02
2.486406491819176381e+02 2.405006241434790297e+02
2.480395455931537754e+02 2.396885619552100763e+02
2.474884702747211804e+02 2.388262712765729816e+02
2.469903294671677259e+02 2.379198095339914403e+02
2.465480672416568950e+02 2.369771533323186077e+02
2.461642911058526977e+02 2.360066458470161024e+02
2.458407552357299721e+02 2.350160016153123479e+02
2.455781520053219538e+02 2.340121816476367371e+02
2.453752456880708337e+02 2.330014617405024353e+02
2.452294411207682288e+02 2.319888078915857648e+02
2.451367792740233256e+02 2.309777422796560415e+02
2.450920987492377208e+02 2.299699919488668058e+02
2.450898573067791233e+02 2.289658363090575506e+02
2.451254367941831731e+02 2.279643616929932932e+02
2.451964503413881857e+02 2.269643579290711841e+02
2.453021243102394351e+02 2.259647987147015726e+02
2.454427449624503197e+02 2.249653882657884196e+02
2.456205892773898825e+02 2.239661362752651712e+02
2.458388272263360932e+02 2.229670562374660108e+02
2.461012897745777934e+02 2.219681644605279587e+02
2.464115118900858192e+02 2.209694759925492065e+02
2.467721705486049757e+02 2.199710022292183282e+02
2.471841737419082676e+02 2.189727470357893537e+02
2.476455864875279360e+02 2.179747021751845182e+02
2.481519978254301861e+02 2.169768488702719083e+02
2.486969208143910919e+02 2.159791595066205900e+02
2.492714435351585962e+02 2.149815961468469538e+02
2.498660950735455231e+02 2.139841184739669870e+02
2.504715375141596780e+02 2.129866867371628132e+02
2.510794399324847745e+02 2.119892654723025203e+02
2.516821533978252319e+02 2.109918221184516369e+02
2.522741599601774283e+02 2.099943331861035460e+02
2.528518866519148389e+02 2.089967834653982663e+02
2.534136194885672637e+02 2.079991656600302008e+02
2.539591284722186515e+02 2.070014787909151437e+02
2.544897065911537197e+02 2.060037283622089603e+02
2.550073408273689779e+02 2.050059228323476361e+02
2.555135131674367130e+02 2.040080685100388393e+02
2.560093206014174143e+02 2.030101700650884311e+02
2.564960131179853988e+02 2.020122328186060940e+02
2.569737707155097155e+02 2.010142575368316784e+02
2.574427223928216790e+02 2.000162447689036469e+02
2.579033571454904177e+02 1.990181965964401343e+02
2.583576449556667853e+02 1.980201214055099967e+02
2.588084307975732941e+02 1.970220313069589508e+02
2.592587976432761820e+02 1.960239394247719531e+02
2.597129434547391043e+02 1.950258636293637551e+02
2.601757061881269237e+02 1.940278245155573984e+02
2.606520037988797753e+02 1.930298430187268366e+02
2.611463352462339458e+02 1.920319382906100714e+02
2.616613225064326116e+02 1.910341214927668716e+02
2.621975735739669062e+02 1.900363952133849637e+02
2.627533374647019855e+02 1.890387519986538507e+02
2.633255682062363121e+02 1.880411788820934476e+02
2.639101898355010007e+02 1.870436585126292925e+02
2.645024253957782889e+02 1.860461705551084606e+02
2.650971979330689692e+02 1.850486933973119221e+02
2.656895734920777841e+02 1.840512060357553992e+02
2.662763291020070824e+02 1.830536947504896830e+02
2.668560947752699235e+02 1.820561537095785525e+02
2.674296345049440333e+02 1.810585861652842254e+02
2.679986472756353351e+02 1.800609993500590349e+02
2.685656240647740560e+02 1.790634038678103650e+02
2.691338648424601843e+02 1.780658137662678087e+02
2.697068135774890720e+02 1.770682437061528276e+02
2.702873092441376457e+02 1.760707057727697702e+02
2.708768328289873466e+02 1.750732062705693579e+02
2.714743113417599716e+02 1.740757406319110601e+02
2.720772318052249261e+02 1.730782981592359704e+02
2.726813432578986749e+02 1.720808607565141983e+02
2.732825097372559071e+02 1.710834108172579704e+02
2.738766122806171097e+02 1.700859308073465854e+02
2.744601809194224984e+02 1.690884059553796135e+02
2.750303576795673735e+02 1.680908240951717403e+02
2.755857295738541666e+02 1.670931792117406474e+02
2.761262076030893695e+02 1.660954709262232996e+02
2.766533777529028839e+02 1.650977059900436075e+02
2.771696500014587059e+02 1.640998946623011818e+02
2.776779993218015647e+02 1.631020496072370349e+02
2.781809606909628769e+02 1.621041816160616520e+02
2.786813850831108539e+02 1.611063028251620040e+02
2.791811514812206951e+02 1.601084212332302457e+02
2.796820448691192951e+02 1.591105444388109618e+02
2.801850442379362676e+02 1.581126766093973401e+02
2.806905495840474032e+02 1.571148194477443951e+02
2.811981609110769682e+02 1.561169712510970840e+02
2.817071962252042567e+02 1.551191291162579375e+02
2.822165975360153425e+02 1.541212885394397176e+02
2.827246608589495622e+02 1.531234422669056698e+02
2.832285252199291108e+02 1.521255781196999237e+02
2.837254866434539053e+02 1.511276845871979901e+02
2.842123201587443759e+02 1.501297479409368520e+02
2.846854237984366591e+02 1.491317528476067764e+02
2.851404476019444019e+02 1.481336807897460517e+02
2.855732266070049263e+02 1.471355140374171242e+02
2.859800678470789990e+02 1.461372368699335880e+02
2.863589933400883751e+02 1.451388408671713535e+02
2.867100730853989603e+02 1.441403263271126320e+02
2.870351530662847495e+02 1.431417011079722101e+02
2.873360982658477951e+02 1.421429731488457264e+02
2.876139726744477230e+02 1.411441469790618157e+02
2.878694112863310011e+02 1.401452253017441194e+02
2.881045270823526039e+02 1.391462171116965578e+02
2.883223880347146633e+02 1.381471354690507098e+02
2.885267081097661048e+02 1.371479961838877557e+02
2.887203102819289597e+02 1.361488112734017761e+02
2.889039565442989783e+02 1.351495839813413227e+02
2.890775208980178377e+02 1.341503137713384604e+02
2.892414373391533218e+02 1.331510024908825187e+02
2.893968588572584508e+02 1.321516550481650825e+02
2.895458744334057428e+02 1.311522803358246563e+02
2.896919570361276328e+02 1.301528931380324252e+02
2.898394906257026946e+02 1.291535121169843592e+02
2.899918031719772102e+02 1.281541514396028560e+02
2.901512946532057526e+02 1.271548213224185986e+02
2.903205040463835189e+02 1.261555325736695465e+02
2.905015273325194585e+02 1.251562941157924911e+02
2.906954805015020611e+02 1.241571106994741456e+02
2.909035025430112000e+02 1.231579871733096638e+02
2.911264264494994904e+02 1.221589270832865282e+02
2.913638892242558995e+02 1.211599288841545103e+02
2.916138358858998458e+02 1.201609838280092788e+02
2.918729104648388670e+02 1.191620776287354886e+02
2.921384509851920939e+02 1.181631989544979717e+02
2.924099294517434942e+02 1.171643455576599138e+02
2.926884948540825917e+02 1.161655223293854249e+02
2.929763401723394054e+02 1.151667386050293374e+02
2.932752753901142455e+02 1.141680020895584846e+02
2.935856725040366655e+02 1.131693143665350760e+02
2.939060045279421729e+02 1.121706689356915945e+02
2.942334834870916325e+02 1.111720539288248801e+02
2.945652584073167759e+02 1.101734572095479905e+02
2.948973103250322083e+02 1.091748616694289922e+02
2.952233492972289355e+02 1.081762405326439307e+02
2.955347094024260173e+02 1.071775569090034708e+02
2.958204327399093359e+02 1.061787641515315386e+02
2.960692934113931756e+02 1.051798144724062070e+02
2.962717845030164767e+02 1.041806674013955103e+02
2.964205510814197737e+02 1.031812916290900546e+02
2.965106071917792860e+02 1.021816659306474264e+02
2.965400388514369183e+02 1.011817821583844648e+02
2.965100040499005445e+02 1.001816452417772041e+02
2.964250387460713227e+02 9.918127449006851748e+01
2.962923248748760443e+02 9.818070047622626362e+01
2.961209223542259110e+02 9.717996176765356608e+01
2.959216070864839594e+02 9.617910423657286856e+01
2.957064059626785024e+02 9.517817908057324416e+01
2.954885628628110794e+02 9.417724267787616554e+01
2.952815716646181841e+02 9.317635247092505324e+01
2.950975152586207173e+02 9.217555989569464714e+01
2.949464675535422771e+02 9.117490783607226490e+01
2.948362794782482297e+02 9.017442971288366493e+01
2.947739599692329193e+02 8.917415536265514220e+01
2.947676049531418130e+02 8.817411924914998167e+01
2.948252623570552942e+02 8.717435563180089275e+01
2.949544821125659269e+02 8.617489665011041211e+01
2.951619064237980865e+02 8.517547357676116349e+01
2.954527445983874827e+02 8.417508557812286085e+01
2.958305984519606682e+02 8.317284397866848167e+01
2.962974866686199107e+02 8.216859237029251517e+01
2.968535362124039807e+02 8.116280929780245401e+01
2.974963927061072582e+02 8.015722275453552470e+01
2.982208238598098546e+02 7.915517849753527457e+01
2.990193858657462442e+02 7.816107887923547537e+01
2.998824922505776271e+02 7.717924313022993488e+01
3.007982707617512688e+02 7.621393375029279582e+01
3.017537673987829407e+02 7.526958663588982290e+01
3.027369177189219158e+02 7.435074347119274307e+01
3.037375206290076903e+02 7.346163286960660344e+01
3.047480044222314746e+02 7.260545862825375707e+01
3.057629763363730717e+02 7.178379780503973961e+01
3.067786591556310327e+02 7.099598831478198235e+01
3.077925531416955778e+02 7.023890948809994939e+01
3.088032234335597082e+02 6.950829717831578591e+01
3.098103871690479991e+02 6.879942013844899407e+01
3.108149548695554358e+02 6.810839920933955227e+01
3.118181420448219683e+02 6.743159353228764985e+01
3.128209860866300005e+02 6.676562449274143773e+01
3.138237930722301030e+02 6.610836037432278545e+01
3.148265704000932033e+02 6.545806319277903640e+01
3.158293211522060346e+02 6.481400895467004375e+01
3.168320394540634766e+02 6.417757764749217131e+01
3.178347142973537984e+02 6.355135524781479717e+01
3.188373279478826134e+02 6.293950771789144483e+01
3.198398576781261795e+02 6.234737400934764651e+01
3.208422814714609785e+02 6.178012607532210154e+01
3.218445851481939144e+02 6.124109488563391324e+01
3.228467634212703388e+02 6.073152242902989428e+01
3.238488159118273870e+02 6.025149770470363819e+01
3.248507450462909105e+02 5.980045071781964339e+01
3.258525556519717270e+02 5.937724747865269137e+01
3.268542519346749486e+02 5.898089999615453394e+01
3.278558376787736961e+02 5.861051927838013853e+01
3.288573200528670668e+02 5.826442134058748934e+01
3.298587099886427723e+02 5.794003820604416433e+01
3.308603118989082645e+02 5.763562915482935978e+01
3.318631491106887665e+02 5.735111954245508059e+01
3.328684098215323957e+02 5.708928445208880476e+01
3.338772632807222749e+02 5.685523590741141220e+01
