3.349000001922596539e+02 5.684308958583898175e+01
3.359122344295170706e+02 5.666453993560696745e+01
3.369192869254237053e+02 5.654488176087500051e+01
3.379149894225005255e+02 5.649637791517199048e+01
3.388918590377739406e+02 5.653073065073434122e+01
3.398406977218960492e+02 5.665897291246329814e+01
3.407507928172511811e+02 5.688992817772373201e+01
3.416103249659973358e+02 5.722952818658094998e+01
3.424077266263714137e+02 5.768022471952264141e+01
3.431324082588042756e+02 5.824024268198402865e+01
3.437755804299075066e+02 5.890308759948996453e+01
3.443314406821474449e+02 5.965781367245466527e+01
3.447980548378518506e+02 6.049083354419138914e+01
3.451764548348401718e+02 6.138736447360332704e+01
3.454706506779788810e+02 6.233237939467701949e+01
3.456879024003952736e+02 6.331202608704938939e+01
3.458377676630647670e+02 6.431395412470826045e+01
3.459309550411454097e+02 6.532771499818656480e+01
3.459787476197802221e+02 6.634532566598022640e+01
3.459920727765307902e+02 6.736155259729011391e+01
3.459801546873900406e+02 6.837379003478847039e+01
3.459491746334040272e+02 6.938151528675896884e+01
3.459024285197227755e+02 7.038546239015073525e+01
3.458408002683379436e+02 7.138682611854582660e+01
3.457633367795737058e+02 7.238680242554187316e+01
3.456680257168276285e+02 7.338640575403931621e+01
3.455532418305182887e+02 7.438592618816147706e+01
3.454174361346806563e+02 7.538535713398917437e+01
3.452592386417277339e+02 7.638469275958621552e+01
3.450785223528101824e+02 7.738393252432780400e+01
3.448775582473513737e+02 7.838308609560610307e+01
3.446611432818876892e+02 7.938217389371163790e+01
3.444362313934119584e+02 8.038122552104189822e+01
3.442100625163252516e+02 8.138027179746424622e+01
3.439889175937181562e+02 8.237933946049068368e+01
3.437768005893120744e+02 8.337844555469979468e+01
3.435761664808633213e+02 8.437760053075103883e+01
3.433887562525973181e+02 8.537681179988601343e+01
3.432150599000744364e+02 8.637608144797965792e+01
3.430543104302441293e+02 8.737540620999914154e+01
3.429048198584006855e+02 8.837477890031789229e+01
3.427641352067696516e+02 8.937418907679020208e+01
3.426293955012733932e+02 9.037362456046025727e+01
3.424981987636755321e+02 9.137307512628365203e+01
3.423695950025835941e+02 9.237253673021697864e+01
3.422444292103413090e+02 9.337201296933042727e+01
3.421252013642972543e+02 9.437151448584339164e+01
3.420154944319873493e+02 9.537105653218469570e+01
3.419192593776132298e+02 9.637065592731786978e+01
3.418399271700880035e+02 9.737032727662480625e+01
3.417786897986114241e+02 9.837007565431574108e+01
3.417343942736303006e+02 9.936989615219906113e+01
3.417041546212936396e+02 1.003697764848967040e+02
3.416840778768741984e+02 1.013697000803446429e+02
3.416696760810359024e+02 1.023696478336305802e+02
3.416552742851976063e+02 1.033695955869165459e+02
3.416349005434692572e+02 1.043695179180688228e+02
3.416030439057835224e+02 1.053693913673789382e+02
3.415552044129131559e+02 1.063691967788520572e+02
3.414896500805510868e+02 1.073689267795585351e+02
3.414076348973354698e+02 1.083685867076356146e+02
3.413125638324147531e+02 1.093681910577861345e+02
3.412085788482601174e+02 1.103677574620392079e+02
3.410993129119545415e+02 1.113673013856679859e+02
3.409879899942865791e+02 1.123668365528786808e+02
3.408773570703667701e+02 1.133663746573419076e+02
3.407689981258431544e+02 1.143659224419679106e+02
3.406622451667683436e+02 1.153654770631556516e+02
3.405545202165003502e+02 1.163650275466484914e+02
3.404434522965219116e+02 1.173645637993655271e+02
3.403285684111186242e+02 1.183640838077989201e+02
3.402118455423778300e+02 1.193635959878156996e+02
3.400974956521362174e+02 1.203631182694271331e+02
3.399916276850427721e+02 1.213626766579605487e+02
3.399017075734510058e+02 1.223623029353398977e+02
3.398359902425658561e+02 1.233620322421736830e+02
3.398032826125906922e+02 1.243619020688723538e+02
3.398115906109864568e+02 1.253619464960792698e+02
3.398654641965274550e+02 1.263621848926337918e+02
3.399644813730373016e+02 1.273626154621292699e+02
3.401038421840068509e+02 1.283632177715044236e+02
3.402748047086436713e+02 1.293639546070465371e+02
3.404646180624793601e+02 1.303647716891797472e+02
3.406577343863879150e+02 1.313656028318132201e+02
3.408374908313459173e+02 1.323663771024262701e+02
3.409880165411539110e+02 1.333670269399532344e+02
3.410951836438200644e+02 1.343674922030839411e+02
3.411483912353954224e+02 1.353677277645512049e+02
3.411407443783528493e+02 1.363677042731139863e+02
3.410684081074397227e+02 1.373674054036076768e+02
3.409310294258544332e+02 1.383668296533509192e+02
3.407322943001996123e+02 1.393659927132320320e+02
3.404782506756768043e+02 1.403649203289081129e+02
3.401762054860803346e+02 1.413636436054580656e+02
3.398340686597409785e+02 1.423621962148640137e+02
3.394596198618625635e+02 1.433609082772786110e+02
3.390592036801233462e+02 1.443608298104132643e+02
3.386376072228874818e+02 1.453628852008264403e+02
3.381978860243839335e+02 1.463669554545062397e+02
3.377409314661827580e+02 1.473715433523983052e+02
3.372646208100597960e+02 1.483739988342331344e+02
3.367649968800539568e+02 1.493710660252567095e+02
3.362372354569773734e+02 1.503594973598845286e+02
3.356749952750349166e+02 1.513365228189618961e+02
3.350711150793628690e+02 1.522998378969504643e+02
3.344194741118665206e+02 1.532472585186810079e+02
3.337157907367550251e+02 1.541775154462105490e+02
3.329582119232365471e+02 1.550910817956816459e+02
3.321470874596548697e+02 1.559905920799743626e+02
3.312854466558195554e+02 1.568806782364884498e+02
3.303779360089539523e+02 1.577673410992122740e+02
3.294308559792553410e+02 1.586570635472363620e+02
3.284522220334217195e+02 1.595558607560038240e+02
3.274509294281134544e+02 1.604683896338181057e+02
3.264359588734723729e+02 1.613973214347574867e+02
3.254166602372006309e+02 1.623431769648780687e+02
3.244017227659829246e+02 1.633047422023279864e+02
3.233991765735078161e+02 1.642798933111566555e+02
3.224161262756533688e+02 1.652663865145864861e+02
3.214587464932222929e+02 1.662615050726699906e+02
3.205315969220018246e+02 1.672620413664573391e+02
3.196376283234405946e+02 1.682647689277752079e+02
3.187788819215861054e+02 1.692670554220347015e+02
3.179561920985247525e+02 1.702674033875388204e+02
3.171689114220369561e+02 1.712656780670203602e+02
3.164150790616278073e+02 1.722627751215591161e+02
3.156919226875806999e+02 1.732597057588208713e+02
3.149963400636970619e+02 1.742567537755056719e+02
3.143252202181641906e+02 1.752539059284356995e+02
3.136756811770948161e+02 1.762511499492604230e+02
3.130451379639104630e+02 1.772484748339249734e+02
3.124310796013623417e+02 1.782458698933842243e+02
3.118308691133431694e+02 1.792433239022251428e+02
3.112423325195508141e+02 1.802408276059737773e+02
3.106637978351343463e+02 1.812383738871137382e+02
3.100932380784597058e+02 1.822359541169335557e+02
3.095283632702756904e+02 1.832335585471603281e+02
3.089672724278063356e+02 1.842311790854503215e+02
3.084079335694628980e+02 1.852288070818077017e+02
3.078494477033906946e+02 1.862264387092903348e+02
3.072919878280223998e+02 1.872240747043397846e+02
3.067368769313707730e+02 1.882217206988186149e+02
3.061855440004882212e+02 1.892193827758193834e+02
3.056397650192832316e+02 1.902170684955747220e+02
3.051016699684565765e+02 1.912147869252556234e+02
3.045718908422821869e+02 1.922125407552151160e+02
3.040492856511070272e+02 1.932103251240874044e+02
3.035322424095369342e+02 1.942081331697693827e+02
3.030187311359648561e+02 1.952059562507789110e+02
3.025070688456397647e+02 1.962037872027739240e+02
3.019956075534934712e+02 1.972016190104033626e+02
3.014832612693657552e+02 1.981994470506871551e+02
3.009688350040840987e+02 1.991972662366443956e+02
3.004517637627677686e+02 2.001950741631335120e+02
2.999331565353684255e+02 2.011928755510430449e+02
2.994153133010468082e+02 2.021906801912148239e+02
2.989008890357470136e+02 2.031884993856858443e+02
2.983919137210760937e+02 2.041863417759382457e+02
2.978882613581757255e+02 2.051842068256041784e+02
2.973885289597577639e+02 2.061820885622701667e+02
2.968893875559850812e+02 2.071799728147567805e+02
2.963872401794484404e+02 2.081778442710387935e+02
2.958778508685285829e+02 2.091756848989396644e+02
2.953568346629562029e+02 2.101734760320065902e+02
2.948205665955758832e+02 2.111712022390214258e+02
2.942667376873085914e+02 2.121688536908303604e+02
2.936944699461094501e+02 2.131664266498858922e+02
2.931041873681368202e+02 2.141639229211084796e+02
2.924977399366285908e+02 2.151613503797404690e+02
2.918791336152880262e+02 2.161587260788741958e+02
2.912535723569639003e+02 2.171560721713535713e+02
2.906270521073287796e+02 2.181534141814775865e+02
2.900048298187513183e+02 2.191507744877051778e+02
2.893908624553786808e+02 2.201481699345412153e+02
2.887868470018350990e+02 2.211456077459242238e+02
2.881932334540432521e+02 2.221430898374537151e+02
2.876105198074910732e+02 2.231406183290597482e+02
2.870380480681402560e+02 2.241381904197101846e+02
2.864741972506781735e+02 2.251357992089899653e+02
2.859159213827032886e+02 2.261334317304190336e+02
2.853590135023334824e+02 2.271310700752705429e+02
2.848002616386714863e+02 2.281287005704210458e+02
2.842377338092222203e+02 2.291263149915633335e+02
2.836714510137954903e+02 2.301239134280921235e+02
2.831015749866186866e+02 2.311217935711890732e+02
2.825271313816844554e+02 2.321209742824041200e+02
2.819466791037384610e+02 2.331226494379737062e+02
2.813573803728008329e+02 2.341277009657777342e+02
2.807557195105745791e+02 2.351358108970873673e+02
2.801374400009906935e+02 2.361452120963801917e+02
2.794974579553750118e+02 2.371523438898508687e+02
2.788300593479154941e+02 2.381525019109086259e+02
2.781293866188612469e+02 2.391404021767030201e+02
2.773901605747064423e+02 2.401099711592701453e+02
2.766083991099905575e+02 2.410539428413996177e+02
2.757821693738842441e+02 2.419645259245686475e+02
2.749122158248507048e+02 2.428329224981391690e+02
2.740022840528004053e+02 2.436496054203454378e+02
2.730587607858540764e+02 2.444047857900790177e+02
2.720889252185559144e+02 2.450899765171560887e+02
2.711001772940549017e+02 2.456988640450994410e+02
2.700986395936998861e+02 2.462270963976192775e+02
2.690894091989133585e+02 2.466720812489310788e+02
2.680771660494064577e+02 2.470317285020753388e+02
2.670656338300027528e+02 2.473037709878186376e+02
2.660572920685128793e+02 2.474873852537714924e+02
2.650524353207828767e+02 2.475845555718037758e+02
2.640491216503058922e+02 2.476011357283485381e+02
2.630449160744393566e+02 2.475453384323698742e+02
2.620378631325439187e+02 2.474261944415153494e+02
2.610279339308562498e+02 2.472519007070566204e+02
2.600168482001967618e+02 2.470293366120260430e+02
2.590081203334870565e+02 2.467642901692425994e+02
2.580067015995716702e+02 2.464628165105650623e+02
2.570191428565303795e+02 2.461313055801577150e+02
2.560533992438243445e+02 2.457758492973526359e+02
2.551180625742638881e+02 2.454009732775373891e+02
2.542213202966140955e+02 2.450096434006349568e+02
2.533696368163081161e+02 2.446017781841554211e+02
2.525664238430364037e+02 2.441746341265062483e+02
2.518120515342480985e+02 2.437234767605091292e+02
2.511040973877084355e+02 2.432434857301687146e+02
2.504384597585126642e+02 2.427301055339674463e+02
2.498098489064756222e+02 2.421785656108510523e+02
2.492128996667805438e+02 2.415839600774648659e+02
2.486438242441973614e+02 2.409408297601264621e+02
2.481012535619083792e+02 2.402437867820121369e+02
2.475870698628070272e+02 2.394899591295965138e+02
2.471061753014189719e+02 2.386800256769521980e+02
2.466653077201233373e+02 2.378185011472239125e+02
2.462717879646330630e+02 2.369124847687533872e+02
2.459314278158211380e+02 2.359702623567137607e+02
2.456481937690383006e+02 2.350001828716770831e+02
2.454234370039106921e+02 2.340099591353460369e+02
2.452553999166700862e+02 2.330065417287750620e+02
2.451394678113743453e+02 2.319961920644535098e+02
2.450693295584842701e+02 2.309838603214627994e+02
2.450386931497473597e+02 2.299730587472531624e+02
2.450418711913310688e+02 2.289655121468551329e+02
2.450749054292511460e+02 2.279615066730184196e+02
2.451370296761419354e+02 2.269601450560396643e+02
2.452296200278466358e+02 2.259602331429847482e+02
2.453560748084098009e+02 2.249607623909996050e+02
2.455218962322848313e+02 2.239614592199148433e+02
2.457334922414114544e+02 2.229623509078672043e+02
2.459966637832291951e+02 2.219634621490625932e+02
2.463144758299673640e+02 2.209648059908619189e+02
2.466873463778386224e+02 2.199663842126443285e+02
2.471132904448282659e+02 2.189681883644875882e+02
2.475882310678762792e+02 2.179702010910603462e+02
2.481075182891144095e+02 2.169724025978345026e+02
2.486659331558298618e+02 2.159747706681128534e+02
2.492564127320175942e+02 2.149772752354971317e+02
2.498704440948103240e+02 2.139798800611019090e+02
2.504990403256356046e+02 2.129825468882768860e+02
2.511335655027406801e+02 2.119852389545393692e+02
2.517660496983383780e+02 2.109879223324939517e+02
2.523892539780183597e+02 2.099905662065301044e+02
2.529969493982189874e+02 2.089931440604940462e+02
2.535834350105946839e+02 2.079956316258686684e+02
2.541437488601040968e+02 2.069980077799768310e+02
2.546748369744182412e+02 2.060002595222834429e+02
2.551764003562462335e+02 2.050023855799789487e+02
2.556496459946519053e+02 2.040043910911269336e+02
2.560979208593095677e+02 2.030062903035307613e+02
2.565267918997789138e+02 2.020081069152844861e+02
2.569430100548918290e+02 2.010098696646374208e+02
2.573541402561049836e+02 2.000116107549454512e+02
2.577669474421235236e+02 1.990133589840542356e+02
2.581869865626159708e+02 1.980151379989753195e+02
2.586194765702949780e+02 1.970169700164058497e+02
2.590682624303226476e+02 1.960188714040792775e+02
2.595369191103073945e+02 1.950208573803693639e+02
2.600278065888662695e+02 1.940229379915311938e+02
2.605415828600372947e+02 1.930251160385968774e+02
2.610774249312773918e+02 1.920273880181478603e+02
2.616327118263343436e+02 1.910297427728813204e+02
2.622045475714476765e+02 1.900321679748502675e+02
2.627904551890603670e+02 1.890346530797437197e+02
2.633876767041616063e+02 1.880371863470653011e+02
2.639934151420937951e+02 1.870397558702998708e+02
2.646041335349042924e+02 1.860423465928355142e+02
2.652158679185091614e+02 1.850449416403691316e+02
2.658246053292687066e+02 1.840475239300101009e+02
2.664276627914923665e+02 1.830500820405286220e+02
2.670238483159803309e+02 1.820526108977144588e+02
2.676137378975138290e+02 1.810551129535350015e+02
2.681984405260445214e+02 1.800575929288787052e+02
2.687792451898934019e+02 1.790600563108739607e+02
2.693574668771458391e+02 1.780625086973280986e+02
2.699339385802542211e+02 1.770649536342286865e+02
2.705091542947427570e+02 1.760673932244782804e+02
2.710841820109346827e+02 1.750698320144329330e+02
2.716593157261661418e+02 1.740722712556176930e+02
2.722345164407905713e+02 1.730747107820139377e+02
2.728081521695947913e+02 1.720771436463808470e+02
2.733779389332732990e+02 1.710795601259867738e+02
2.739412697554469105e+02 1.700819491231253267e+02
2.744957976573808196e+02 1.690843006468809619e+02
2.750411096428172186e+02 1.680866129391590107e+02
2.755785716993791539e+02 1.670888918148681341e+02
2.761109558019507517e+02 1.660911490741012813e+02
2.766419049175243003e+02 1.650934002247004457e+02
2.771738770238288794e+02 1.640956557300958139e+02
2.777078221122569062e+02 1.630979196343307080e+02
2.782439121812499820e+02 1.621001926695898590e+02
2.787824352281986648e+02 1.611024760618569189e+02
2.793241182465158658e+02 1.601047729058892912e+02
2.798692742333656724e+02 1.591070845340928486e+02
2.804170081968572390e+02 1.581094071365530453e+02
2.809648561593159002e+02 1.571117302242984692e+02
2.815093621520550755e+02 1.561140390855249791e+02
2.820474092033165903e+02 1.551163204515134453e+02
2.825766403344562718e+02 1.541185642887794813e+02
2.830958025568269818e+02 1.531207652634426495e+02
2.836042438763362270e+02 1.521229206000121792e+02
2.841012832991543178e+02 1.511250273995474913e+02
2.845850678420705435e+02 1.501270777740355697e+02
2.850530925277815868e+02 1.491290610599725710e+02
2.855018823877729801e+02 1.481309624646735870e+02
2.859263894677826556e+02 1.471327604993691409e+02
2.863215268139018690e+02 1.461344335092712470e+02
2.866843154531219398e+02 1.451359688131112762e+02
2.870142703898374634e+02 1.441373643462986820e+02
2.873126716124506856e+02 1.431386255576497319e+02
2.875809031084218077e+02 1.421397583386971633e+02
2.878206778622301272e+02 1.411407699814896546e+02
2.880342578533805522e+02 1.401416701151073312e+02
2.882238030623021814e+02 1.391424679344277138e+02
2.883932604532329265e+02 1.381431802413868581e+02
2.885478979784415401e+02 1.371438294612694051e+02
2.886926545931778492e+02 1.361444366188440256e+02
2.888306452692181097e+02 1.351450149743160694e+02
2.889636409905159553e+02 1.341455720666337470e+02
2.890932257427195395e+02 1.331461146387073313e+02
2.892206045149106899e+02 1.321466478200864572e+02
2.893469132967966857e+02 1.311471764465957222e+02
2.894750820618300509e+02 1.301477129909162329e+02
2.896091287736052209e+02 1.291482745572229476e+02
2.897529313969853320e+02 1.281488776537266574e+02
2.899103248972230062e+02 1.271495386055918573e+02
2.900842042480878149e+02 1.261502697365086476e+02
2.902749214463904650e+02 1.251510725449015240e+02
2.904817364988357440e+02 1.241519438806735138e+02
2.907043174084317911e+02 1.231528823305378921e+02
2.909425221764652179e+02 1.221538872900165984e+02
2.911961128050924117e+02 1.211549577459703357e+02
2.914648152967960755e+02 1.201560925320118827e+02
2.917479906573658468e+02 1.191572889279899528e+02
2.920432639083205686e+02 1.181585368237961404e+02
2.923474020789532233e+02 1.171598224569122806e+02
2.926587941838603797e+02 1.161611389694922138e+02
2.929765222313595814e+02 1.151624824537129825e+02
2.932987922377056975e+02 1.141638452727179356e+02
2.936235822212190669e+02 1.131652188190800530e+02
2.939496921927724884e+02 1.121665979845340360e+02
2.942758031643168124e+02 1.111679771542448805e+02
2.945997611553685829e+02 1.101693471588763771e+02
2.949192951865044847e+02 1.091706983310364194e+02
2.952317462818164699e+02 1.081720193516605093e+02
2.955327324810080540e+02 1.071732915670664283e+02
2.958163348377089505e+02 1.061744897807355699e+02
2.960766034058295872e+02 1.051755886641857671e+02
2.963071222435027039e+02 1.041765609052251875e+02
2.964992314291929461e+02 1.031773696392058071e+02
2.966434130491390988e+02 1.021779743490699559e+02
2.967312601795134697e+02 1.011783392471622562e+02
2.967567548748426134e+02 1.001784387155321951e+02
2.967180641517347226e+02 9.917826495130452713e+01
2.966180569841948227e+02 9.817783016749018543e+01
2.964632513131660971e+02 9.717716211048357877e+01
2.962631750523191840e+02 9.617630133991130492e+01
2.960307530845461770e+02 9.517530287604759565e+01
2.957823302617514969e+02 9.417423629772289928e+01
2.955349254297332209e+02 9.317317405290992838e+01
2.953042934457416777e+02 9.217218320887531036e+01
2.951050961769304877e+02 9.117132618010737133e+01
2.949502665061192488e+02 9.017065802093546267e+01
2.948503173380538556e+02 8.917022348402062448e+01
2.948143005907178917e+02 8.817006110271080388e+01
2.948504351896424396e+02 8.717020586436649410e+01
2.949651503408816211e+02 8.617038813495318550e+01
2.951628143596913105e+02 8.516960350079804698e+01
2.954473540587532057e+02 8.416696466986255132e+01
2.958223188439932301e+02 8.316261875290220473e+01
2.962893815749147279e+02 8.215777688206571838e+01
2.968473343704981744e+02 8.115405293016181076e+01
2.974925573363900639e+02 8.015376350869638600e+01
2.982191774783245251e+02 7.915994864453648461e+01
2.990190171673504551e+02 7.817579255528440285e+01
2.998823723998334003e+02 7.720526896809019490e+01
3.007980917658085218e+02 7.625385346226525485e+01
3.017535131793766254e+02 7.532717718775265325e+01
3.027365752244341479e+02 7.442907083516615785e+01
3.037370878544443826e+02 7.356116804142308752e+01
3.047474936785120008e+02 7.272330963411650373e+01
3.057624139140361876e+02 7.191378870090696296e+01
3.067780809955801260e+02 7.112967617715219149e+01
3.077919943760252863e+02 7.036804139175023920e+01
3.088027138689981257e+02 6.962587118668832886e+01
3.098099484603831684e+02 6.890034929763501736e+01
3.108146020010321990e+02 6.818916355123229778e+01
3.118178783623541790e+02 6.749140706400876866e+01
3.128208015311918757e+02 6.680685019288077342e+01
3.138236667552733934e+02 6.613590519842003346e+01
3.148264656017040579e+02 6.548055306267755782e+01
3.158291844186449566e+02 6.484400075659604568e+01
3.168318099288630378e+02 6.422936725191550522e+01
3.178343311240466278e+02 6.363923852520522928e+01
3.188367428533615566e+02 6.307482456550195593e+01
3.198390464747549231e+02 6.253580637569601208e+01
3.208412485353202328e+02 6.202064596972255117e+01
3.218433536665511951e+02 6.152825535743951946e+01
3.228453628986148374e+02 6.105839254103955227e+01
3.238472808204360263e+02 6.060997953028996221e+01
3.248491165204701474e+02 6.018088134453515181e+01
3.258508785337772338e+02 5.976909300194157026e+01
3.268525734329919032e+02 5.937307051649875689e+01
3.278542044959177701e+02 5.899204389518337166e+01
3.288557730251624207e+02 5.862570714076792910e+01
3.298575727530020458e+02 5.827482851059866675e+01
3.308606214554801568e+02 5.794063734837249058e+01
3.318661099736721667e+02 5.762528774288358591e+01
3.328749159615427402e+02 5.733262146501499501e+01
3.338867088755166037e+02 5.706910816629869032e+01
3.349000001922596539e+02 5.684308958583898175e+01
