3.341426160566368821e+02 5.517720664972154054e+01
3.351506812069939087e+02 5.497635960973155989e+01
3.361630239890372422e+02 5.482991685327840514e+01
3.371779763333636311e+02 5.475149060448103455e+01
3.381911310885865305e+02 5.475444474517288995e+01
3.391949211687522734e+02 5.485122560036052164e+01
3.401787738077355243e+02 5.505365628424701185e+01
3.411293062661064823e+02 5.537169285585969192e+01
3.420307069516089769e+02 5.581110267562780791e+01
3.428665680032622731e+02 5.637124858420082774e+01
3.436212880302389863e+02 5.704408492205001835e+01
3.442816577514518031e+02 5.781594879580839574e+01
3.448391074170527304e+02 5.866976853125987645e+01
3.452916697344500108e+02 5.958715633634392361e+01
3.456432889046425885e+02 6.055123726814275642e+01
3.459021301320956923e+02 6.154724243448256971e+01
3.460788829234398349e+02 6.256140820662685087e+01
3.461858830462318224e+02 6.358214296757091688e+01
3.462368451164649059e+02 6.460134026228453763e+01
3.462449564378044897e+02 6.561481491597604077e+01
3.462203926150557436e+02 6.662198260694361807e+01
3.461695044915309154e+02 6.762467231693176473e+01
3.460950147912992634e+02 6.862539747838292215e+01
3.459983345936147998e+02 6.962581809953167067e+01
3.458807145856590637e+02 7.062632785991010564e+01
3.457437587528988843e+02 7.162691993147021208e+01
3.455892640790522137e+02 7.262758666458469747e+01
3.454185095525308498e+02 7.362832261469415585e+01
3.452333771562825291e+02 7.462911977033576250e+01
3.450383688495165870e+02 7.562995896700090270e+01
3.448388985831790023e+02 7.663081715789920167e+01
3.446390853199492312e+02 7.763167680890998668e+01
3.444409290417060561e+02 7.863252940625778820e+01
3.442456327375496130e+02 7.963336982890658078e+01
3.440538294017444514e+02 8.063419538224644612e+01
3.438656630329859354e+02 8.163500545328551539e+01
3.436813046297248206e+02 8.263579931409600476e+01
3.435014111860081130e+02 8.363657416790266552e+01
3.433270546921229425e+02 8.463732545132182850e+01
3.431595591360730850e+02 8.563804752823406830e+01
3.430006005026729099e+02 8.663873326409552078e+01
3.428520917745896668e+02 8.763937451547988644e+01
3.427162039321527232e+02 8.863996204068388352e+01
3.425964969431064446e+02 8.964048068518704326e+01
3.424972007691245039e+02 9.064091244235419254e+01
3.424219253774981553e+02 9.164124194482050711e+01
3.423710297649746508e+02 9.264146766436329017e+01
3.423402539701521619e+02 9.364160773532435655e+01
3.423230760521238381e+02 9.464168992112573164e+01
3.423133620664672208e+02 9.564174033351685011e+01
3.423054760642478414e+02 9.664178296431714443e+01
3.422936970973013899e+02 9.764184216718149401e+01
3.422719302208520844e+02 9.864194388784076750e+01
3.422347064844522606e+02 9.964211140721411653e+01
3.421779069254225192e+02 1.006423622594222138e+02
3.421004555535120062e+02 1.016427010248762883e+02
3.420053673414030868e+02 1.026431148690597581e+02
3.418988812325667368e+02 1.036435772332498857e+02
3.417888741556327545e+02 1.046440545859418023e+02
3.416844530280862955e+02 1.056445081596586988e+02
3.415935547780135835e+02 1.066449041674824514e+02
3.415204863663905144e+02 1.076452242749975028e+02
3.414650007954551256e+02 1.086454695336550742e+02
3.414231071013682595e+02 1.096456569326942656e+02
3.413891643352406504e+02 1.106458104852188740e+02
3.413577975457729963e+02 1.116459530720006228e+02
3.413238547796453304e+02 1.126461066245252312e+02
3.412819610855584642e+02 1.136462940235644226e+02
3.412264755146231323e+02 1.146465392822219940e+02
3.411534071030000632e+02 1.156468593897370170e+02
3.410621098565424631e+02 1.166472570960590076e+02
3.409556237477061131e+02 1.176477194602491352e+02
3.408410267123601898e+02 1.186482163520558686e+02
3.407280946619284236e+02 1.196487061561444705e+02
3.406267025069374768e+02 1.206491468357483541e+02
3.405454101698286991e+02 1.216495019519083201e+02
3.404902915955681237e+02 1.226497456482880750e+02
3.404644337561855991e+02 1.236498647838751879e+02
3.404686906439435461e+02 1.246498557232874305e+02
3.405034622552176415e+02 1.256497167637697601e+02
3.405691585862930424e+02 1.266494461599981776e+02
3.406635546573296551e+02 1.276490533835479368e+02
3.407803065258077595e+02 1.286485654401149930e+02
3.409097202795606449e+02 1.296480235959692493e+02
3.410399970254942446e+02 1.306474780781293532e+02
3.411592998708587174e+02 1.316469792753757133e+02
3.412567829139252922e+02 1.326465733579129846e+02
3.413231712387307653e+02 1.336462998083750620e+02
3.413497699240570569e+02 1.346461956404010323e+02
3.413291820369252605e+02 1.356462923421896392e+02
3.412563526231367064e+02 1.366466114323085037e+02
3.411278157140954477e+02 1.376471676651305813e+02
3.409410953322353066e+02 1.386479715807099637e+02
3.406959914793686721e+02 1.396490240304241865e+02
3.403947451351904760e+02 1.406503154745878419e+02
3.400415632615830077e+02 1.416518280044740834e+02
3.396407948191417177e+02 1.426535431068780326e+02
3.391955987792442784e+02 1.436554473342913241e+02
3.387067831345696618e+02 1.446575372471486105e+02
3.381736068918316960e+02 1.456598159998037261e+02
3.375960037501449165e+02 1.466626828781098482e+02
3.369745390936550962e+02 1.476674014867391804e+02
3.363097175872602520e+02 1.486748316851806635e+02
3.356016703733744748e+02 1.496843019090910047e+02
3.348494172442560171e+02 1.506934163093968095e+02
3.340527959530647877e+02 1.516985935443155427e+02
3.332138557855678300e+02 1.526959028546526724e+02
3.323375298276244507e+02 1.536818302089762938e+02
3.314307800503123076e+02 1.546537699473481666e+02
3.305017383726722642e+02 1.556098064357447868e+02
3.295591123853806153e+02 1.565481805909917625e+02
3.286113942831803456e+02 1.574684502587630845e+02
3.276660161638940281e+02 1.583727368206734241e+02
3.267304361381546300e+02 1.592659835731721500e+02
3.258103052852842438e+02 1.601552445241622991e+02
3.249088229505969139e+02 1.610483461253022313e+02
3.240262612621516496e+02 1.619523652822942950e+02
3.231616774066993685e+02 1.628722810537018404e+02
3.223136465623124423e+02 1.638102525243945138e+02
3.214810050112226918e+02 1.647658786445543626e+02
3.206637244232596800e+02 1.657374375191785134e+02
3.198629947803630671e+02 1.667230430655583291e+02
3.190807490991760460e+02 1.677201110316440236e+02
3.183189014929119480e+02 1.687251402375478335e+02
3.175792232498566250e+02 1.697342011074900938e+02
3.168641130999657776e+02 1.707437013977986453e+02
3.161751408123932379e+02 1.717512344043364010e+02
3.155129395250045832e+02 1.727561264258023357e+02
3.148771709103358489e+02 1.737592409102417719e+02
3.142647273858126482e+02 1.747618570978756907e+02
3.136698097024935237e+02 1.757643986792947430e+02
3.130855409226882671e+02 1.767668949291160629e+02
3.125067030936749006e+02 1.777693680597799926e+02
3.119295372495122365e+02 1.787718340729275610e+02
3.113505544218126602e+02 1.797743078208401926e+02
3.107668576368247386e+02 1.807768016357217391e+02
3.101762279146537935e+02 1.817793249636060864e+02
3.095781002604192054e+02 1.827818802096348634e+02
3.089751576498113081e+02 1.837844559525781847e+02
3.083723280381795462e+02 1.847870312144931972e+02
3.077753683733622552e+02 1.857895814884770402e+02
3.071879186223786178e+02 1.867920912794583330e+02
3.066118857679503549e+02 1.877945524695520874e+02
3.060487697964864537e+02 1.887969586734266727e+02
3.055003256920855961e+02 1.897993024202440893e+02
3.049683304386471150e+02 1.908015761455147299e+02
3.044528730353646324e+02 1.918037794703756731e+02
3.039529724911266158e+02 1.928059165708337446e+02
3.034672998179745491e+02 1.938079931042928195e+02
3.029935990363491669e+02 1.948100186742916264e+02
3.025301161621426331e+02 1.958120007474113322e+02
3.020761352018423622e+02 1.968139423715835790e+02
3.016313221584747453e+02 1.978158449686088431e+02
3.011935840510033700e+02 1.988177174481532461e+02
3.007594969104518441e+02 1.998195743858004221e+02
3.003251377723647693e+02 2.008214324813210681e+02
2.998851296854609245e+02 2.018233146240006590e+02
2.994335807031254149e+02 2.028252458954218582e+02
2.989655158704345013e+02 2.038272474736012896e+02
2.984775992176143973e+02 2.048293335595164706e+02
2.979677677633570738e+02 2.058315129351268524e+02
2.974349915169949554e+02 2.068337899850268684e+02
2.968804664676915195e+02 2.078361596179787227e+02
2.963067035926956692e+02 2.088386111449372606e+02
2.957172698596882583e+02 2.098411293815838690e+02
2.951167902267641807e+02 2.108436946398126395e+02
2.945106356452589580e+02 2.118462840558794369e+02
2.939039640684379719e+02 2.128488756727572309e+02
2.933012464557914427e+02 2.138514504579007962e+02
2.927058347769482793e+02 2.148539941422224047e+02
2.921187600225670167e+02 2.158565023368707898e+02
2.915394571977668079e+02 2.168589774469874953e+02
2.909659553204061808e+02 2.178614278628983527e+02
2.903958134126019672e+02 2.188638639756663054e+02
2.898273134899202432e+02 2.198662930986245954e+02
2.892599525569185630e+02 2.208687173729877031e+02
2.886933416171214049e+02 2.218711384546849956e+02
2.881271696733466001e+02 2.228735576676085657e+02
2.875604127348722727e+02 2.238759793708114785e+02
2.869931208012454249e+02 2.248784033514493501e+02
2.864258538673919929e+02 2.258808272256650298e+02
2.858614359077249674e+02 2.268832389720074616e+02
2.853047638778746204e+02 2.278856177444973241e+02
2.847599987401398494e+02 2.288879458302246803e+02
2.842288211778061964e+02 2.298906150782597422e+02
2.837100675906852985e+02 2.308948964534336881e+02
2.831993553864705291e+02 2.319020696235444916e+02
2.826902211565958396e+02 2.329127571082374288e+02
2.821751941243693409e+02 2.339258526997474235e+02
2.816465916311913702e+02 2.349383990754947433e+02
2.810947512330766926e+02 2.359453793219626618e+02
2.805084761408498366e+02 2.369407590479508769e+02
2.798768643366697120e+02 2.379182146048297000e+02
2.791912026625356020e+02 2.388706800195128608e+02
2.784467388665744920e+02 2.397894144426059881e+02
2.776435557746668792e+02 2.406645104317613004e+02
2.767862689541425425e+02 2.414857552464933406e+02
2.758824436498864543e+02 2.422442636018978419e+02
2.749408206486751851e+02 2.429333892292074779e+02
2.739707423032934912e+02 2.435499063298474880e+02
2.729805718951685662e+02 2.440936283005767393e+02
2.719779493140193836e+02 2.445654526273739577e+02
2.709693594472591371e+02 2.449662787129504693e+02
2.699598614197035999e+02 2.452963600234762964e+02
2.689524477626511043e+02 2.455562848254116659e+02
2.679482630511960792e+02 2.457475952604015390e+02
2.669467223923242614e+02 2.458726668397933963e+02
2.659465756780660968e+02 2.459340609083638185e+02
2.649465651995390090e+02 2.459337278377098528e+02
2.639462948082161233e+02 2.458723383202681987e+02
2.629457627758009721e+02 2.457494863597174515e+02
2.619445690927693704e+02 2.455649356567122084e+02
2.609414526660131060e+02 2.453198415900527607e+02
2.599351607780903350e+02 2.450161525100698157e+02
2.589247068538835492e+02 2.446558496344539151e+02
2.579099727396007893e+02 2.442405414807466286e+02
2.568930867874433943e+02 2.437710109958854332e+02
2.558797767233988338e+02 2.432467117926331071e+02
2.548785149355643114e+02 2.426656027864910925e+02
2.538992487309400587e+02 2.420258556163239518e+02
2.529529980089231174e+02 2.413269533669732994e+02
2.520520219707032652e+02 2.405698568611013002e+02
2.512088167633825151e+02 2.397576279317542856e+02
2.504354772725337739e+02 2.388951471365826933e+02
2.497426065318556425e+02 2.379889773991260995e+02
2.491372514470151600e+02 2.370465987892718829e+02
2.486208794389935406e+02 2.360760941336087910e+02
2.481895644497817841e+02 2.350854452172447395e+02
2.478353290575500125e+02 2.340823220686640980e+02
2.475491659330502614e+02 2.330732440901259679e+02
2.473228766820988653e+02 2.320633042274193656e+02
2.471490441001103022e+02 2.310555240821291250e+02
2.470212360897459405e+02 2.300510690455308520e+02
2.469343271645748814e+02 2.290493659310514829e+02
2.468844739914362094e+02 2.280491700880517385e+02
2.468688082070505061e+02 2.270492277154718863e+02
2.468872211138890691e+02 2.260491402724141778e+02
2.469443076703184374e+02 2.250488881984792897e+02
2.470459268232526426e+02 2.240484465525618702e+02
2.471966605311760929e+02 2.230477958296022507e+02
2.474000807617243538e+02 2.220469208239973113e+02
2.476583024957342616e+02 2.210458125324294372e+02
2.479718397285487583e+02 2.200444687668583583e+02
2.483397454687481058e+02 2.190428935585567842e+02
2.487608327270872906e+02 2.180410919604504727e+02
2.492325785264261526e+02 2.170390747126672011e+02
2.497494079172774946e+02 2.160368655473562853e+02
2.503031789734125994e+02 2.150344991240978061e+02
2.508846557785150537e+02 2.140320147595070921e+02
2.514844084180262200e+02 2.130294525960356964e+02
2.520928029792357847e+02 2.120268536445403242e+02
2.527000495508468987e+02 2.110242595799521155e+02
2.532974492116776162e+02 2.100217074329376317e+02
2.538780590246356326e+02 2.090192267590686015e+02
2.544371740323509243e+02 2.080168375870019304e+02
2.549720152600029621e+02 2.070145517466287117e+02
2.554822457106450884e+02 2.060123706725200918e+02
2.559701623634652208e+02 2.050102845866049108e+02
2.564382271961561059e+02 2.040082830084254795e+02
2.568897761784917293e+02 2.030063517370042803e+02
2.573297842653954604e+02 2.020044695943246893e+02
2.577641434034825352e+02 2.010026114988040433e+02
2.581986305404098516e+02 2.000007528584017678e+02
2.586380326328044248e+02 1.989988732953961517e+02
2.590857716496607850e+02 1.979969582427173123e+02
2.595436735744344219e+02 1.969949999272881769e+02
2.600108034155970245e+02 1.959930023292988039e+02
2.604851591912877211e+02 1.949909739710384997e+02
2.609657619103770116e+02 1.939889190200003668e+02
2.614519785786001194e+02 1.929868401707943804e+02
2.619430012032780155e+02 1.919847408629858023e+02
2.624388647840936528e+02 1.909826209475835981e+02
2.629402053152844019e+02 1.899804777172071510e+02
2.634486977816738431e+02 1.889783040415694586e+02
2.639660251680130045e+02 1.879760927563284270e+02
2.644943734544954168e+02 1.869738345559273967e+02
2.650367696136947302e+02 1.859715165547671631e+02
2.655951036284863562e+02 1.849691307073298390e+02
2.661700154930716167e+02 1.839666742892072762e+02
2.667611932102773267e+02 1.829641486285484007e+02
2.673661998021841555e+02 1.819615640993887666e+02
2.679809693056324704e+02 1.809589380102339362e+02
2.686000927696309191e+02 1.799562933865897776e+02
2.692184102409323145e+02 1.789536521939971863e+02
2.698315407592309043e+02 1.779510330818814055e+02
2.704367413493799859e+02 1.769484477268855187e+02
2.710320170294554032e+02 1.759459046215006310e+02
2.716165158071767678e+02 1.749434073925951338e+02
2.721905796794453636e+02 1.739409545843133742e+02
2.727551576376627054e+02 1.729385421568688912e+02
2.733115216703037049e+02 1.719361646955004517e+02
2.738621597548255977e+02 1.709338116090713129e+02
2.744102058628325835e+02 1.699314695564952444e+02
2.749592429618605252e+02 1.689291232853433939e+02
2.755105370404386917e+02 1.679267674063958680e+02
2.760636871022003902e+02 1.669244036266646845e+02
2.766169631628205252e+02 1.659220393105656512e+02
2.771676512468893634e+02 1.649196860112921286e+02
2.777132793768048487e+02 1.639173542518706199e+02
2.782524265654419651e+02 1.629150500813387339e+02
2.787839388232567330e+02 1.619127784121448599e+02
2.793074861532390969e+02 1.609105406490619430e+02
2.798229435565214658e+02 1.599083373242009998e+02
2.803308920278399228e+02 1.589061659643102757e+02
2.808322325590307287e+02 1.579040227339338003e+02
2.813286401349173502e+02 1.569019005027846561e+02
2.818219327390277726e+02 1.558997915318408900e+02
2.823146133486832241e+02 1.548976851661124385e+02
2.828094269390124964e+02 1.538955697204423814e+02
2.833081544938785328e+02 1.528934376133136368e+02
2.838098770216082016e+02 1.518912927568060809e+02
2.843119825458676360e+02 1.508891462699104977e+02
2.848114980935939684e+02 1.498870108083542050e+02
2.853060186865779997e+02 1.488848966099522499e+02
2.857919933569937143e+02 1.478828187909130918e+02
2.862646961476616525e+02 1.468807974692882681e+02
2.867181421128092325e+02 1.458788581225509802e+02
2.871464723055225932e+02 1.448770256918066082e+02
2.875449467687488436e+02 1.438753203547031490e+02
2.879119215173836324e+02 1.428737491095640735e+02
2.882476745489080940e+02 1.418723107729745720e+02
2.885532728536545619e+02 1.408710008028353968e+02
2.888288454304542370e+02 1.398698186500080851e+02
2.890755412688964725e+02 1.388687594233285267e+02
2.892966783389182979e+02 1.378678089984431665e+02
2.894973415944465955e+02 1.368669457290777700e+02
2.896823489918274959e+02 1.358661491055471231e+02
2.898561304909224532e+02 1.348654002698384318e+02
2.900215890654288273e+02 1.338646868642065613e+02
2.901789737130902722e+02 1.328640078286864536e+02
2.903270994446436930e+02 1.318633682076900868e+02
2.904670962498507265e+02 1.308627631909342881e+02
2.906021141001703540e+02 1.298621793692226447e+02
2.907353859663097637e+02 1.288616029800370484e+02
2.908690338290423938e+02 1.278610249902616545e+02
2.910036266832128149e+02 1.268604429777273026e+02
2.911382805368305071e+02 1.258598607055228058e+02
2.912731523884729654e+02 1.248592775053167827e+02
2.914118362055764919e+02 1.238586780778546199e+02
2.915603949332067941e+02 1.228580366136258704e+02
2.917247815174259813e+02 1.218573277713776690e+02
2.919084829266399765e+02 1.208565367073424284e+02
2.921117931581849234e+02 1.198556621699951279e+02
2.923338832195719874e+02 1.188547076882957469e+02
2.925746921113538974e+02 1.178536735219144305e+02
2.928345368306585215e+02 1.168525583214177459e+02
2.931134763769512119e+02 1.158513618356493282e+02
2.934107947567193264e+02 1.148500871125407912e+02
2.937240449921342247e+02 1.138487445686965032e+02
2.940474961351219463e+02 1.128473586003402147e+02
2.943752532390948886e+02 1.118459543018252305e+02
2.947046453282537186e+02 1.108445430432987564e+02
2.950350454082794727e+02 1.098431274938294280e+02
2.953665014787372911e+02 1.088417074490866128e+02
2.956988475411311583e+02 1.078402836157137017e+02
2.960295446184659340e+02 1.068388668019487113e+02
2.963528267629849324e+02 1.058374815530064268e+02
2.966611020434762054e+02 1.048361601871787343e+02
2.969470645261363870e+02 1.038349338052875908e+02
2.972029682811487419e+02 1.028338353811855654e+02
2.974199923884367536e+02 1.018329024648795667e+02
2.975880599393040029e+02 1.008321779530275251e+02
2.976964030313148442e+02 9.983170768379685001e+01
2.977363167433417175e+02 9.883152871339541434e+01
2.977034221150608460e+02 9.783165968273476665e+01
2.975981821422772668e+02 9.683209862087585407e+01
2.974265687708812038e+02 9.583282010568498777e+01
2.972008668895632582e+02 9.483377184129605553e+01
2.969375903486968582e+02 9.383488352946463351e+01
2.966541229907728052e+02 9.283608116845394420e+01
2.963686466510514492e+02 9.183728735953073397e+01
2.960994961634070251e+02 9.083842405265801290e+01
2.958634263760291674e+02 8.983941992368136198e+01
2.956751731554012963e+02 8.884021224310276921e+01
2.955471763888095325e+02 8.784074805523857776e+01
2.954892099876957445e+02 8.684098575326777336e+01
2.955077888930301810e+02 8.584089760356667398e+01
2.956063550736263892e+02 8.484046895392759779e+01
2.957877565036797591e+02 8.383968768073421529e+01
2.960548474588150043e+02 8.283814262993021771e+01
2.964100475278402769e+02 8.183455749003354640e+01
2.968548020281896811e+02 8.082806410062408986e+01
2.973888428186901365e+02 7.981933460923866619e+01
2.980104574287105379e+02 7.881037632386008340e+01
2.987157737651468210e+02 7.780352474871497748e+01
2.994973579130358985e+02 7.680186955713926977e+01
3.003448209853218032e+02 7.580921800795510990e+01
3.012464508898344207e+02 7.482933199230919286e+01
3.021897563343852653e+02 7.386686772641834864e+01
3.031628445979356457e+02 7.292778889029565903e+01
3.041558991987965328e+02 7.201717131759187396e+01
3.051607078923823906e+02 7.113779399208965515e+01
3.061703217335189038e+02 7.028991949704783337e+01
3.071794096884943883e+02 6.947284651972421443e+01
3.081849748154969006e+02 6.868471580091772921e+01
3.091867340885278281e+02 6.792364252836082983e+01
3.101856787227124528e+02 6.718873547448683325e+01
3.111830646451858797e+02 6.647880028213342030e+01
3.121801497904456824e+02 6.579193957922328195e+01
3.131773199202127103e+02 6.512504269542759516e+01
3.141745575216506836e+02 6.447399566802153004e+01
3.151718528720280119e+02 6.383651451769955543e+01
3.161692036811389812e+02 6.321206124933624437e+01
3.171666121072258306e+02 6.260114285833790859e+01
3.181640798104746750e+02 6.200414934117085863e+01
3.191616058501133466e+02 6.142085969983756399e+01
3.201591890938096867e+02 6.085100793674803299e+01
3.211568313124290626e+02 6.029501004813315035e+01
3.221545442124128158e+02 5.975561600907624893e+01
3.231523476393715555e+02 5.923748777733686666e+01
3.241502551685204025e+02 5.874381432402086034e+01
3.251482729808604972e+02 5.827604763597219062e+01
3.261464015574199493e+02 5.783430071216699275e+01
3.271446381439924949e+02 5.741792655846757043e+01
3.281429786497090504e+02 5.702596418358103847e+01
3.291414221423110575e+02 5.665819458949169984e+01
3.301399669403280086e+02 5.631422277977850399e+01
3.311386076971087391e+02 5.599279276582154807e+01
3.321377427917894352e+02 5.569375785043638416e+01
3.331386497235238267e+02 5.541981661990328689e+01
3.341426160566368821e+02 5.517720664972154054e+01
