3.348998953483701371e+02 5.681269402802507784e+01
3.359173768124476283e+02 5.664349879940522214e+01
3.369331545834412509e+02 5.654446695407662560e+01
3.379412927002321112e+02 5.653014135508595928e+01
3.389337071201310323e+02 5.661437471508457975e+01
3.399000434788524103e+02 5.680944606796117569e+01
3.408273161656719026e+02 5.712369321097381203e+01
3.417008470741643578e+02 5.756039869081263305e+01
3.425063363458092454e+02 5.811738461485208518e+01
3.432312439151297667e+02 5.878688753109949516e+01
3.438662308492034754e+02 5.955595156737777529e+01
3.444065311290117393e+02 6.040765728197885664e+01
3.448517352300673338e+02 6.132380376669200928e+01
3.452050132793033299e+02 6.228698435867721628e+01
3.454723023159644981e+02 6.328169819079718650e+01
3.456617910265783848e+02 6.429535100725993857e+01
3.457836338887796046e+02 6.531775094219275957e+01
3.458485948054882897e+02 6.634072174224050400e+01
3.458668771821102723e+02 6.735902179466270923e+01
3.458472236789010594e+02 6.837063529771839399e+01
3.457958027198701529e+02 6.937618051529807417e+01
3.457167043667259918e+02 7.037776587743897494e+01
3.456128661169347538e+02 7.137762990902041338e+01
3.454866803339342596e+02 7.237710180610832822e+01
3.453401337354164298e+02 7.337648702870464490e+01
3.451748253068933536e+02 7.437579238357281497e+01
3.449932020261937282e+02 7.537502828731723525e+01
3.447993538562598133e+02 7.637421215060879831e+01
3.445977907562283349e+02 7.737336317201132374e+01
3.443923356914606302e+02 7.837249762560668387e+01
3.441854946392509191e+02 7.937162617915561214e+01
3.439785805877026519e+02 8.037075442195174446e+01
3.437726585271661861e+02 8.136988688758052035e+01
3.435694794417766502e+02 8.236903102985240821e+01
3.433708103155238405e+02 8.336819437068811567e+01
3.431776081397367761e+02 8.436738098392916640e+01
3.429896859161098064e+02 8.536659007353759421e+01
3.428069736452771394e+02 8.636582134153124457e+01
3.426307943152516486e+02 8.736508041977259609e+01
3.424635409043514755e+02 8.836437749499410188e+01
3.423079873874423242e+02 8.936372437580234873e+01
3.421666497417278379e+02 9.036313177252696960e+01
3.420414839494856096e+02 9.136260801164041823e+01
3.419346929907549679e+02 9.236216247106642641e+01
3.418480228497163580e+02 9.336180258333101278e+01
3.417817805235879973e+02 9.436152965529871040e+01
3.417342340280629287e+02 9.536133631403993149e+01
3.417020833930409935e+02 9.636120851182505476e+01
3.416826956423788033e+02 9.736113504026866394e+01
3.416745657897125170e+02 9.836110949275462190e+01
3.416757248528824675e+02 9.936112348747099077e+01
3.416824648654852581e+02 1.003611612398779300e+02
3.416892048780879350e+02 1.013611989922848693e+02
3.416900669439489207e+02 1.023612117227055478e+02
3.416803211059245200e+02 1.033611792960609250e+02
3.416570913900731057e+02 1.043610894695417528e+02
3.416190078088077371e+02 1.053609364112118101e+02
3.415649373723938425e+02 1.063607152980173112e+02
3.414939250894844918e+02 1.073604220646303986e+02
3.414067489530305011e+02 1.083600600229097779e+02
3.413070649299063462e+02 1.093596447360370689e+02
3.412003959700703604e+02 1.103591997148033670e+02
3.410925910205272658e+02 1.113587498577451811e+02
3.409886060363726301e+02 1.123583162619982261e+02
3.408917779873714835e+02 1.133579131327969662e+02
3.408034898609928405e+02 1.143575463574171636e+02
3.407228506653098066e+02 1.153572121429718038e+02
3.406465734301044108e+02 1.163568964970708350e+02
3.405702281955151989e+02 1.173565805617015201e+02
3.404896349994153297e+02 1.183562465430730128e+02
3.404027688601525483e+02 1.193558858209875950e+02
3.403100077743019369e+02 1.203555000045488441e+02
3.402136967206163831e+02 1.213550990761585240e+02
3.401174256665684084e+02 1.223546983180437451e+02
3.400266655625875956e+02 1.233543210196374105e+02
3.399498053326645390e+02 1.243540028919708789e+02
3.398972508825148680e+02 1.253537882322182213e+02
3.398782891279929004e+02 1.263537165740959836e+02
3.398978320245929581e+02 1.273538088274368931e+02
3.399546105838129506e+02 1.283540595902503583e+02
3.400425548606507391e+02 1.293544430232276738e+02
3.401535999281798581e+02 1.303549247945690865e+02
3.402796258599722705e+02 1.313554703383459810e+02
3.404117807362323447e+02 1.323560419725879740e+02
3.405392776546967184e+02 1.333565937782468040e+02
3.406506137195891597e+02 1.343570767883425390e+02
3.407349870287823137e+02 1.353574450199736816e+02
3.407841206572705914e+02 1.363576632388802068e+02
3.407926496536638865e+02 1.373577086068593474e+02
3.407566720533168336e+02 1.383575645135350385e+02
3.406733478819614902e+02 1.393572188693460703e+02
3.405408711559612129e+02 1.403566639863531123e+02
3.403584138828181267e+02 1.413558963398531318e+02
3.401257370646977165e+02 1.423549149124499422e+02
3.398418977101442238e+02 1.433537156898984222e+02
3.395051078353578760e+02 1.443522910608832035e+02
3.391136604558051317e+02 1.453506337588968904e+02
3.386674115727907974e+02 1.463487431709477278e+02
3.381679501719173686e+02 1.473466260612302676e+02
3.376167039759418458e+02 1.483445855101461461e+02
3.370138026288538526e+02 1.493436450788493630e+02
3.363582312915871171e+02 1.503447044554355898e+02
3.356488405364704022e+02 1.513476267456799462e+02
3.348857947516607965e+02 1.523509116357706148e+02
3.340717601555428473e+02 1.533519294516736124e+02
3.332116324919423960e+02 1.543474620048622228e+02
3.323114094436176060e+02 1.553343077977912685e+02
3.313783596214588556e+02 1.563097547475484816e+02
3.304202786350833208e+02 1.572715620188656089e+02
3.294460085908224301e+02 1.582176092323850867e+02
3.284652677260373252e+02 1.591466867465923940e+02
3.274873459089741345e+02 1.600593151121304913e+02
3.265204978563523923e+02 1.609581624925770598e+02
3.255718198411325943e+02 1.618478781380945009e+02
3.246462143582183444e+02 1.627344639724343551e+02
3.237456809067764425e+02 1.636243845658128748e+02
3.228697710301939878e+02 1.645236190633752926e+02
3.220168190808200848e+02 1.654367794164333532e+02
3.211845318709454773e+02 1.663664888869128049e+02
3.203706433735203518e+02 1.673132188328615371e+02
3.195735979280548236e+02 1.682757116206125545e+02
3.187929787247726381e+02 1.692518074562844390e+02
3.180286744449327330e+02 1.702392318453975690e+02
3.172811117614181740e+02 1.712352435794135488e+02
3.165512234028790317e+02 1.722366195996506804e+02
3.158392991548740270e+02 1.732401221103573334e+02
3.151461232528399137e+02 1.742431134260367003e+02
3.144724250798143999e+02 1.752440956380185639e+02
3.138173002059064629e+02 1.762429328950154854e+02
3.131779218084677723e+02 1.772405171716426082e+02
3.125500455711188579e+02 1.782378534094268048e+02
3.119296192662685598e+02 1.792352213610248555e+02
3.113137459201653883e+02 1.802326086942327947e+02
3.107010665451227851e+02 1.812300096239403047e+02
3.100912921437590626e+02 1.822274229199067008e+02
3.094841457185842160e+02 1.832248474029741487e+02
3.088794092715733086e+02 1.842222821451410653e+02
3.082775017989299613e+02 1.852197289300434591e+02
3.076808002791172498e+02 1.862171978763035440e+02
3.070929656789642195e+02 1.872147045683873614e+02
3.065180789614947798e+02 1.882122663786538510e+02
3.059585251050993975e+02 1.892098934597803748e+02
3.054143991089171664e+02 1.902075862161711939e+02
3.048847819812748980e+02 1.912053407357465176e+02
3.043679277379923178e+02 1.922031495859802703e+02
3.038616203991477960e+02 1.932010033336092363e+02
3.033642999788757493e+02 1.941988953378884730e+02
3.028741134939654671e+02 1.951968177108049645e+02
3.023897889559419809e+02 1.961947650375975059e+02
3.019093623826003068e+02 1.971927289577384954e+02
3.014300287993555116e+02 1.981906975306578431e+02
3.009487922333529468e+02 1.991886580027197624e+02
3.004641796979389596e+02 2.001866041035286230e+02
2.999765891895073651e+02 2.011845375273257446e+02
2.994876736930810353e+02 2.021824653107465792e+02
2.989983362004782634e+02 2.031803912977607638e+02
2.985078577182136996e+02 2.041783124276660430e+02
2.980130152754894652e+02 2.051762149805131230e+02
2.975100529063372505e+02 2.061740829674316160e+02
2.969958256392525300e+02 2.071719030005095306e+02
2.964689444868205328e+02 2.081696691669297650e+02
2.959282914591709073e+02 2.091673767074917691e+02
2.953729585645307338e+02 2.101650217569414849e+02
2.948016008150864309e+02 2.111625985897649116e+02
2.942141862111280375e+02 2.121601070697415707e+02
2.936128357334380325e+02 2.131575562257304739e+02
2.930026813355173658e+02 2.141549679040795411e+02
2.923902139585538293e+02 2.151523697362472092e+02
2.917822835404824104e+02 2.161497908819146403e+02
2.911846420291866480e+02 2.171472558267002171e+02
2.906016593850717413e+02 2.181447831732034501e+02
2.900344805977632632e+02 2.191423777955607761e+02
2.894817046799551576e+02 2.201400337298725276e+02
2.889392316687957987e+02 2.211377335228988272e+02
2.884023706067884518e+02 2.221354572055792005e+02
2.878658685415283571e+02 2.231331824164822990e+02
2.873245765196684829e+02 2.241308872368930452e+02
2.867736785848445606e+02 2.251285511656399763e+02
2.862100257655883979e+02 2.261261607977835695e+02
2.856326870703355212e+02 2.271237121701612978e+02
2.850440424775216570e+02 2.281212154141660164e+02
2.844486309460207849e+02 2.291186898518112969e+02
2.838523661579438340e+02 2.301164576598972076e+02
2.832598027171874833e+02 2.311155612363060641e+02
2.826730094966946467e+02 2.321172093989503935e+02
2.820907817016895933e+02 2.331222910272077513e+02
2.815095196546363923e+02 2.341304877947707723e+02
2.809226668603054122e+02 2.351400227752751562e+02
2.803215914621694083e+02 2.361473201914778315e+02
2.796962224738934424e+02 2.371476571295280564e+02
2.790362163763722378e+02 2.381357305101768986e+02
2.783327542724793489e+02 2.391051547345118991e+02
2.775800006926896231e+02 2.400473358837283229e+02
2.767752539919795822e+02 2.409525533691522980e+02
2.759197969230530134e+02 2.418112365646025523e+02
2.750182598434222427e+02 2.426157941122092154e+02
2.740781524754946190e+02 2.433616089381841903e+02
2.731079794008009571e+02 2.440466832274751710e+02
2.721163546743900952e+02 2.446703176428111703e+02
2.711112595942985308e+02 2.452324591592016816e+02
2.700992717986868570e+02 2.457332067778111195e+02
2.690853657990069223e+02 2.461731556799689713e+02
2.680730802524403771e+02 2.465523939301397149e+02
2.670641677274398944e+02 2.468700869812489884e+02
2.660589408971658827e+02 2.471239631437284743e+02
2.650565191448599194e+02 2.473108766403889263e+02
2.640557168483908868e+02 2.474274473935444973e+02
2.630552282802926811e+02 2.474703198144563316e+02
2.620537474236309663e+02 2.474362063137694179e+02
2.610500834628715552e+02 2.473229468027440703e+02
2.600433411716171577e+02 2.471308274730949961e+02
2.590341009627476296e+02 2.468644508372761663e+02
2.580248033326697055e+02 2.465321623598216547e+02
2.570191196277719996e+02 2.461439897600980089e+02
2.560216846009021765e+02 2.457084578449676826e+02
2.550372597854203605e+02 2.452322639444253980e+02
2.540706039085401073e+02 2.447206503633372279e+02
2.531274451712342000e+02 2.441778105240066168e+02
2.522149651668477475e+02 2.436071440284727316e+02
2.513410166563209600e+02 2.430098983163600224e+02
2.505121262050515156e+02 2.423840751524196548e+02
2.497325026628865032e+02 2.417252554132131479e+02
2.490043277165034681e+02 2.410281143376903970e+02
2.483280906062780957e+02 2.402886029718067959e+02
2.477035285554713937e+02 2.395043191751864811e+02
2.471301052841061221e+02 2.386750926634029213e+02
2.466078623630914421e+02 2.378029036313605218e+02
2.461375080346273876e+02 2.368919251317771852e+02
2.457203352214616530e+02 2.359485207261374740e+02
2.453573388393951689e+02 2.349797597137383320e+02
2.450488375897508888e+02 2.339922905114940761e+02
2.447948197526638978e+02 2.329919201221293861e+02
2.445954846756005736e+02 2.319837354403343568e+02
2.444520614633216269e+02 2.309724127406397258e+02
2.443672942807386903e+02 2.299616777384047452e+02
2.443430485707999367e+02 2.289540143971168220e+02
2.443790107821906474e+02 2.279500213874474639e+02
2.444726757433014370e+02 2.269487940369655234e+02
2.446207495922884902e+02 2.259491183130709260e+02
2.448209557046151872e+02 2.249499615150717204e+02
2.450720943554590008e+02 2.239510215331366965e+02
2.453728045571513121e+02 2.229522925736416141e+02
2.457210273283479580e+02 2.219537658716545536e+02
2.461135936977618712e+02 2.209554279370982499e+02
2.465474516930460425e+02 2.199572657779512497e+02
2.470191923450879301e+02 2.189592648824831542e+02
2.475249556888614393e+02 2.179614088191072767e+02
2.480600917664983456e+02 2.169636777932954885e+02
2.486193636254488695e+02 2.159660495117266521e+02
2.491972643156097149e+02 2.149685005317198261e+02
2.497887058830811498e+02 2.139710091942301631e+02
2.503881903776782565e+02 2.129735520948887313e+02
2.509906788450573458e+02 2.119761077832380920e+02
2.515913273291079406e+02 2.109786556389140060e+02
2.521858068690532946e+02 2.099811772338493370e+02
2.527705184975025077e+02 2.089836572475050502e+02
2.533431252356300831e+02 2.079860857315344447e+02
2.539014271033693717e+02 2.069884533207844868e+02
2.544433631193942631e+02 2.059907512418094484e+02
2.549681702906179623e+02 2.049929762466040302e+02
2.554766176100728785e+02 2.039951316087148996e+02
2.559701510646573581e+02 2.029972234836017151e+02
2.564499656435440329e+02 2.019992569582454109e+02
2.569173903346915040e+02 2.010012376900497770e+02
2.573744511197427869e+02 2.000031743034693932e+02
2.578240809721233973e+02 1.990050792839560927e+02
2.582698828591878737e+02 1.980069679690764701e+02
2.587155537474392872e+02 1.970088560965445481e+02
2.591644536064340514e+02 1.960107579695031745e+02
2.596191664127596255e+02 1.950126845877503570e+02
2.600813031518193839e+02 1.940146428091322832e+02
2.605526028078569993e+02 1.930166400363766854e+02
2.610348763644637415e+02 1.920186839787073723e+02
2.615297898065446134e+02 1.910207817280992799e+02
2.620386111226108596e+02 1.900229386822861670e+02
2.625622843041093120e+02 1.890251588597700447e+02
2.631016043438366978e+02 1.880274456447766340e+02
2.636566742408597861e+02 1.870297994757654010e+02
2.642274489955863714e+02 1.860322201611764399e+02
2.648134966119305886e+02 1.850347058620342295e+02
2.654136161007742203e+02 1.840372514658164960e+02
2.660253504843791461e+02 1.830398465133500849e+02
2.666446877990964595e+02 1.820424739260013212e+02
2.672674350829170749e+02 1.810451158546397892e+02
2.678897703704707283e+02 1.800477560294405066e+02
2.685091776845537765e+02 1.790503837400738689e+02
2.691238760413031059e+02 1.780529914050227660e+02
2.697328814496343625e+02 1.770555748355096739e+02
2.703353089175661808e+02 1.760581302641888897e+02
2.709306014501452751e+02 1.750606553199739892e+02
2.715191270440374183e+02 1.740631515693996221e+02
2.721020806884150716e+02 1.730656240994466373e+02
2.726804103746889041e+02 1.720680769456446910e+02
2.732554380908808298e+02 1.710705157355993435e+02
2.738274578343269923e+02 1.700729417208356153e+02
2.743961776076730530e+02 1.690753536583423227e+02
2.749598044271647836e+02 1.680777439155196475e+02
2.755164243101439752e+02 1.670801043446844574e+02
2.760645502700837710e+02 1.660824286158446625e+02
2.766033753142961586e+02 1.650847132936918342e+02
2.771332864392746274e+02 1.640869600256415310e+02
2.776557606316366673e+02 1.630891750991169715e+02
2.781720738798210277e+02 1.620913639459069202e+02
2.786832371746673402e+02 1.610935308697249297e+02
2.791896125128957920e+02 1.600956774115643384e+02
2.796928528795291413e+02 1.590978106080606267e+02
2.801952612537009486e+02 1.580999402628262942e+02
2.806986746187668587e+02 1.571020741957642031e+02
2.812040629659380784e+02 1.561042165360553895e+02
2.817114802947254475e+02 1.551063675135718540e+02
2.822192636201965570e+02 1.541085200491092451e+02
2.827251039632723746e+02 1.531106643135137233e+02
2.832268763432067544e+02 1.521127912608987742e+02
2.837232467720863269e+02 1.511148952125761866e+02
2.842121312687934847e+02 1.501169672971918203e+02
2.846905228605734806e+02 1.491189947142842129e+02
2.851540625869212136e+02 1.481209589080796434e+02
2.855981004899686013e+02 1.471228400840500115e+02
2.860184756074166330e+02 1.461246205292853517e+02
2.864130909582654567e+02 1.451262913170920683e+02
2.867811115500805386e+02 1.441278488929688422e+02
2.871226533818110056e+02 1.431292937507146803e+02
2.874374264560842676e+02 1.421306246558321220e+02
2.877245087812543147e+02 1.411318376834706783e+02
2.879831773638718460e+02 1.401329297559004488e+02
2.882150641891500982e+02 1.391339078203623103e+02
2.884237162249510789e+02 1.381347869760371054e+02
2.886139124279742987e+02 1.371355875665914255e+02
2.887897317612615780e+02 1.361363269558704872e+02
2.889542131972777383e+02 1.351370180805561176e+02
2.891099957121120383e+02 1.341376721745751581e+02
2.892597872812282844e+02 1.331383007655796291e+02
2.894060008827632942e+02 1.321389141254397259e+02
2.895517864881762193e+02 1.311395256633518329e+02
2.897008020643235113e+02 1.301401509510114067e+02
2.898562235824286404e+02 1.291408035082939705e+02
2.900204360208821299e+02 1.281414934878768008e+02
2.901953213626319439e+02 1.271422289012226940e+02
2.903814886021602888e+02 1.261430123407762380e+02
2.905787997407173862e+02 1.251438432190869889e+02
2.907875517756123145e+02 1.241447228004505519e+02
2.910092946928011770e+02 1.231456576830429981e+02
2.912459444749238173e+02 1.221466560230612401e+02
2.914989571087880904e+02 1.211477240185338644e+02
2.917685985919837890e+02 1.201488628017930296e+02
2.920526129449517043e+02 1.191500627692999217e+02
2.923482341927533525e+02 1.181513121465030167e+02
2.926543393455638125e+02 1.171526061529174001e+02
2.929703124089644461e+02 1.161539421663001406e+02
2.932944943979866821e+02 1.151553131244745032e+02
2.936236003423945249e+02 1.141567050435641875e+02
2.939540262748424198e+02 1.131581025817457089e+02
2.942820482290720179e+02 1.121594898863690730e+02
2.946039562386980606e+02 1.111608511643806594e+02
2.949168813297152951e+02 1.101621742027695348e+02
2.952185925223379854e+02 1.091634495044190771e+02
2.955059308451885158e+02 1.081646636218208926e+02
2.957740883418301792e+02 1.071657960878586096e+02
2.960184940536788645e+02 1.061668274442982920e+02
2.962352670158988417e+02 1.051677411701585925e+02
2.964188392789394015e+02 1.041685135630884247e+02
2.965625039035698478e+02 1.031691160721416054e+02
2.966599639468447549e+02 1.021695218916959220e+02
2.967064354521099858e+02 1.011697106568003619e+02
2.966991754442187244e+02 1.001696706908118131e+02
2.966386679187856430e+02 9.916940405406390369e+01
2.965285288430475816e+02 9.816892613946279766e+01
2.963735831732873294e+02 9.716825748649191041e+01
2.961815038399830087e+02 9.616743075825104370e+01
2.959638007388471124e+02 9.516649495151824567e+01
2.957338117490295986e+02 9.416550684466247390e+01
2.955050767478501257e+02 9.316452407594394458e+01
2.952906616169229892e+02 9.216360226585808846e+01
2.951028962445312231e+02 9.116279390183100872e+01
2.949526155325033301e+02 9.016214510724151410e+01
2.948497343910036079e+02 8.916169808913176098e+01
2.948045107270884841e+02 8.816149651465633497e+01
2.948265194540028347e+02 8.716158114351554786e+01
2.949234537663483593e+02 8.616168772238106044e+01
2.951019519588132880e+02 8.516082150071514434e+01
2.953687088189996075e+02 8.415810696954463310e+01
2.957295497322113533e+02 8.315370092830158910e+01
2.961874045465627319e+02 8.214881986004263581e+01
2.967421273714119252e+02 8.114508215839126137e+01
2.973905803080381247e+02 8.014480648667330343e+01
2.981264071065038479e+02 7.915132681725393127e+01
2.989400690426343772e+02 7.816855158026768891e+01
2.998198766629004695e+02 7.720032104981805787e+01
3.007525279699709699e+02 7.625106964097389550e+01
3.017236367213008634e+02 7.532505215166634116e+01
3.027202413788661488e+02 7.442495143039107575e+01
3.037320354130288251e+02 7.355180961285060448e+01
3.047509944158404096e+02 7.270547053862608777e+01
3.057712495317605317e+02 7.188471321359526200e+01
3.067890252074400905e+02 7.108707554334330325e+01
3.078024143795520899e+02 7.030974938427220877e+01
3.088111140159290358e+02 6.955062742731465164e+01
3.098161947000941723e+02 6.880863522008934297e+01
3.108195871169471047e+02 6.808361597988459835e+01
3.118226056826393915e+02 6.737664931180435701e+01
3.128255425969676935e+02 6.668886346993298275e+01
3.138283940713017728e+02 6.602114844620652434e+01
3.148311537203099988e+02 6.537500422703416803e+01
3.158338136730069436e+02 6.475227979566281533e+01
3.168363691063387364e+02 6.415410814182689592e+01
3.178388181813299411e+02 6.358092126161216129e+01
3.188411631243328088e+02 6.303219615975731926e+01
3.198434091330072988e+02 6.250671184732536290e+01
3.208455632652733129e+02 6.200281033933873687e+01
3.218476321448481485e+02 6.151893564989575225e+01
3.228496188664893225e+02 6.105436078558341251e+01
3.238515280574337112e+02 6.060799875625056643e+01
3.248533662732885432e+02 6.017830957585056240e+01
3.258551371920048041e+02 5.976442925221172686e+01
3.268568415585378375e+02 5.936618278691963724e+01
3.278584782405555416e+02 5.898383617756422836e+01
3.288600492983915160e+02 5.861690542853079933e+01
3.298615589123096470e+02 5.826440854871682973e+01
3.308633039774535405e+02 5.792637080220055168e+01
3.318665937719114254e+02 5.760507878314970753e+01
3.328733355506724934e+02 5.730587965898320135e+01
3.338845565110600546e+02 5.703789088497424586e+01
3.348998953483701371e+02 5.681269402802507784e+01
