3.341531326201778143e+02 5.624465559632670875e+01
3.351680697670726659e+02 5.602476513047417939e+01
3.361831754797585745e+02 5.586397048249881436e+01
3.371923247551339955e+02 5.577614385154163301e+01
3.381876714459198183e+02 5.577371775041680735e+01
3.391599748118563866e+02 5.586828362094371414e+01
3.400985074733332567e+02 5.607034622355260467e+01
3.409917539948844478e+02 5.638828465407922863e+01
3.418280510597915054e+02 5.682674760407365966e+01
3.425968501568813736e+02 5.738422796370863921e+01
3.432894539860204191e+02 5.805268668357615525e+01
3.438999784977346508e+02 5.881849968797223482e+01
3.444253550505939074e+02 5.966507888946122762e+01
3.448651370212249390e+02 6.057536503470174694e+01
3.452215340744529612e+02 6.153330057190788693e+01
3.454994994782785511e+02 6.252437328408444728e+01
3.457054709202236609e+02 6.353604565312102181e+01
3.458457456830611818e+02 6.455732977263471639e+01
3.459254374557023652e+02 6.557968479684075191e+01
3.459497216933983168e+02 6.659780364632175065e+01
3.459250155985351967e+02 6.760960598491837459e+01
3.458591786200015576e+02 6.861565036089967862e+01
3.457604965839551028e+02 6.961799252105996061e+01
3.456359849027496693e+02 7.061882862147467677e+01
3.454901321506014824e+02 7.161945856656518572e+01
3.453267485572944224e+02 7.262016313915495402e+01
3.451507690781146493e+02 7.362092133150292739e+01
3.449676566635639574e+02 7.462170988823129392e+01
3.447817242745641124e+02 7.562251044938309974e+01
3.445952458905113645e+02 7.662331333479565387e+01
3.444087615065129739e+02 7.762411624574954772e+01
3.442223161221612600e+02 7.862491899068479029e+01
3.440361667351276083e+02 7.962572047558126087e+01
3.438513003364692509e+02 8.062651649889073724e+01
3.436689589149328299e+02 8.162730177355862793e+01
3.434905774575164514e+02 8.262807019095100713e+01
3.433181269463618719e+02 8.362881336074207184e+01
3.431541703582465175e+02 8.462952037252853188e+01
3.430006346757108986e+02 8.563018302328768527e+01
3.428577718964714904e+02 8.663080024028377579e+01
3.427241330336573242e+02 8.763137819174718857e+01
3.425978541041571930e+02 8.863192481251672916e+01
3.424773701221510009e+02 8.963244676462167604e+01
3.423615450979314687e+02 9.063294888388657000e+01
3.422496870377686378e+02 9.163343411607775124e+01
3.421412169469085143e+02 9.263390492593316594e+01
3.420355268308599648e+02 9.363436390164065415e+01
3.419333296831627536e+02 9.463480800803918669e+01
3.418374234784653822e+02 9.563522533435681794e+01
3.417514571837058384e+02 9.663560034721015768e+01
3.416787277690112319e+02 9.763591901164025444e+01
3.416216872121650567e+02 9.863617088975829006e+01
3.415812925044963890e+02 9.963635190772271244e+01
3.415563356569502957e+02 1.006364672078539400e+02
3.415443026923052230e+02 1.016365274919677688e+02
3.415416096430342350e+02 1.026365480167499413e+02
3.415433505535885956e+02 1.036365496664918169e+02
3.415431834814306171e+02 1.046365594383755138e+02
3.415351184808330913e+02 1.056366028311587399e+02
3.415156815832726238e+02 1.066366946332695420e+02
3.414841587952183772e+02 1.076368378841257822e+02
3.414418171051906370e+02 1.086370271902506488e+02
3.413904984964998448e+02 1.096372547104569435e+02
3.413311389606651574e+02 1.106375164602977179e+02
3.412639204960376560e+02 1.116378116650193704e+02
3.411899780923336039e+02 1.126381354930543068e+02
3.411126107196619728e+02 1.136384739009297959e+02
3.410359073409741200e+02 1.146388094822318351e+02
3.409626259312809680e+02 1.156391304964639630e+02
3.408933064856897772e+02 1.166394346449067712e+02
3.408262540195582346e+02 1.176397291429850611e+02
3.407594345513156213e+02 1.186400226492085039e+02
3.406926200830275775e+02 1.196403161341474970e+02
3.406283995912364730e+02 1.206405985767196398e+02
3.405710240374256159e+02 1.216408518808950703e+02
3.405252153788109695e+02 1.226410559456498390e+02
3.404960695692196850e+02 1.236411890778838654e+02
3.404874705734605413e+02 1.246412347438451604e+02
3.405013973736026855e+02 1.256411845191528016e+02
3.405388159608933734e+02 1.266410342916532272e+02
3.405998263344266661e+02 1.276407836356576695e+02
3.406835665020129227e+02 1.286404362206033625e+02
3.407872884885504163e+02 1.296400037444178963e+02
3.409052443461195026e+02 1.306395106756920939e+02
3.410284021565554440e+02 1.316389954626361600e+02
3.411445590304245457e+02 1.326385100520514300e+02
3.412408380844000249e+02 1.336381092598815314e+02
3.413056524234668814e+02 1.346378424106849252e+02
3.413298411306291769e+02 1.356377485018104210e+02
3.413064132692295516e+02 1.366378572931602662e+02
3.412304438838912120e+02 1.376381897499066724e+02
3.410993069984074282e+02 1.386387570506369116e+02
3.409122976191658267e+02 1.396395621964568647e+02
3.406700487404311843e+02 1.406406024927565568e+02
3.403751703385552219e+02 1.416418668290589551e+02
3.400319243749217435e+02 1.426433370625084081e+02
3.396456438012106673e+02 1.436449904911225417e+02
3.392212478371576481e+02 1.446471031768363673e+02
3.387623978044244382e+02 1.456506825429423202e+02
3.382706565371119041e+02 1.466566259447616858e+02
3.377458724746791177e+02 1.476648020262804550e+02
3.371874572328108002e+02 1.486737122786072973e+02
3.365943255787974522e+02 1.496807202975685982e+02
3.359646807407347069e+02 1.506825947025425592e+02
3.352966479985074670e+02 1.516761164448357704e+02
3.345883726921712764e+02 1.526585503947455607e+02
3.338385111536501881e+02 1.536276282515639764e+02
3.330460952052695234e+02 1.545811961171991697e+02
3.322117235161901476e+02 1.555180004318256692e+02
3.313375841141685783e+02 1.564385128855286951e+02
3.304272541752802681e+02 1.573453512743900546e+02
3.294868153071644770e+02 1.582431087513051864e+02
3.285254628871812770e+02 1.591377272264220437e+02
3.275538863011940975e+02 1.600356172543082209e+02
3.265821669185352221e+02 1.609427169735090217e+02
3.256189553235674339e+02 1.618636086009753114e+02
3.246725276497903678e+02 1.628008899296733034e+02
3.237496948830734027e+02 1.637550129700960895e+02
3.228560206475917198e+02 1.647247030269705306e+02
3.219957077188182097e+02 1.657077841898381507e+02
3.211702904026005854e+02 1.667019759066680535e+02
3.203779090390397641e+02 1.677045430690419607e+02
3.196139019332724729e+02 1.687122784922126755e+02
3.188724953494282772e+02 1.697219677252010115e+02
3.181482190945284856e+02 1.707309930302861574e+02
3.174361128238704737e+02 1.717378745096900730e+02
3.167330660037235930e+02 1.727424934035296360e+02
3.160375674960413335e+02 1.737457601527990505e+02
3.153486726642180997e+02 1.747487017880158078e+02
3.146659137767991865e+02 1.757516173029693221e+02
3.139890228362126550e+02 1.767545078385054467e+02
3.133181118414439084e+02 1.777573729178527913e+02
3.126536157885514058e+02 1.787602106892651648e+02
3.119969046651223152e+02 1.797630153208063462e+02
3.113500144527091038e+02 1.807657781454528561e+02
3.107142781392341249e+02 1.817684934887732879e+02
3.100894027273521374e+02 1.827711625980358008e+02
3.094750632200077689e+02 1.837737868567289183e+02
3.088712746170651258e+02 1.847763662009992913e+02
3.082781619173916852e+02 1.857789000987359600e+02
3.076961311173087665e+02 1.867813868216424567e+02
3.071264972049017956e+02 1.877838207719114507e+02
3.065693971789293641e+02 1.887862013663493030e+02
3.060240820461779094e+02 1.897885317933648821e+02
3.054896728146117084e+02 1.907908157947626080e+02
3.049653324918144222e+02 1.917930569335574944e+02
3.044501730858319775e+02 1.927952589898658857e+02
3.039434006038583220e+02 1.937974253436566414e+02
3.034451500446702994e+02 1.947995554202499022e+02
3.029557644051601528e+02 1.958016477595332105e+02
3.024750656869407521e+02 1.968037031192325799e+02
3.020031798888703634e+02 1.978057209629801036e+02
3.015402220099070405e+02 1.988077008012337501e+02
3.010860080517179540e+02 1.998096434172608156e+02
3.006396440224032176e+02 2.008115526167189842e+02
3.001991259401203251e+02 2.018134369304113420e+02
2.997612398339899755e+02 2.028153100399751168e+02
2.993219007410246491e+02 2.038171893347968080e+02
2.988768177001032882e+02 2.048190930811817623e+02
2.984219777475860838e+02 2.058210383620206017e+02
2.979539009150039419e+02 2.068230399912826556e+02
2.974696562289133226e+02 2.078251104459060059e+02
2.969668967105795332e+02 2.088272597168061679e+02
2.964447333680574275e+02 2.098294915883564045e+02
2.959037591959739757e+02 2.108318035362222531e+02
2.953465701708079223e+02 2.118341845095230838e+02
2.947765602618077310e+02 2.128366200603819038e+02
2.941972584369984816e+02 2.138390951662417194e+02
2.936120756654745492e+02 2.148415953068584656e+02
2.930240599196192761e+02 2.158441075072382205e+02
2.924356831770348890e+02 2.168466212443544521e+02
2.918486274224814565e+02 2.178491293581219566e+02
2.912640246457024205e+02 2.188516270297438098e+02
2.906829468369847405e+02 2.198541096958363141e+02
2.901067169843413467e+02 2.208565717245369342e+02
2.895360090816654406e+02 2.218590102467033773e+02
2.889703871329073763e+02 2.228614271183386961e+02
2.884086711487586285e+02 2.238638273625704187e+02
2.878495311412698356e+02 2.248662166410592818e+02
2.872922421170098914e+02 2.258685980400488802e+02
2.867372780716840452e+02 2.268709695417744854e+02
2.861855499970381516e+02 2.278733272682112840e+02
2.856370708929544548e+02 2.288756711640197636e+02
2.850902600380623539e+02 2.298783049609053251e+02
2.845434058027061042e+02 2.308822589544184325e+02
2.839955350439643667e+02 2.318884412953476328e+02
2.834468274626018456e+02 2.328970162202150505e+02
2.828977140199028213e+02 2.339075038901191874e+02
2.823472215904538416e+02 2.349184674345268320e+02
2.817922702196688647e+02 2.359275749433304838e+02
2.812279859247597642e+02 2.369313171327316354e+02
2.806486758995009723e+02 2.379255231985775367e+02
2.800480728057449369e+02 2.389054287770551923e+02
2.794196924501556509e+02 2.398651294171500865e+02
2.787572946190260268e+02 2.407980106228202999e+02
2.780554462395725750e+02 2.416970194581431883e+02
2.773101692080458065e+02 2.425546227892051832e+02
2.765194069311449425e+02 2.433634033034879565e+02
2.756833178047690467e+02 2.441164062637039649e+02
2.748043145638617943e+02 2.448079263474177765e+02
2.738869875424012434e+02 2.454333339721461016e+02
2.729377861530619498e+02 2.459891886522902951e+02
2.719644129785983182e+02 2.464737315828843123e+02
2.709747281347196122e+02 2.468867383022640638e+02
2.699748492667756636e+02 2.472299917844547394e+02
2.689692838844770790e+02 2.475071258744181932e+02
2.679615810224404981e+02 2.477226045047582659e+02
2.669541027039973073e+02 2.478804216567945673e+02
2.659483016182756501e+02 2.479833201714443192e+02
2.649446654155659644e+02 2.480335659933657553e+02
2.639430337203434647e+02 2.480322458151055116e+02
2.629422012142349558e+02 2.479783477584004459e+02
2.619401117290460661e+02 2.478694875545248522e+02
2.609355523138038961e+02 2.477028603414612462e+02
2.599283473320410280e+02 2.474759678442384825e+02
2.589189684366635902e+02 2.471873180415644526e+02
2.579088581683795383e+02 2.468372697959568427e+02
2.569000749720626118e+02 2.464282723670385735e+02
2.558954355209810387e+02 2.459635317935962746e+02
2.548992730543589289e+02 2.454468536639978424e+02
2.539174290837240164e+02 2.448825741508726139e+02
2.529572263622208652e+02 2.442748481197278636e+02
2.520264556109462148e+02 2.436264124311359751e+02
2.511327923365506933e+02 2.429383094207707643e+02
2.502837812496916285e+02 2.422106899730129328e+02
2.494863590615230464e+02 2.414432365561846439e+02
2.487470135220775944e+02 2.406361115541334925e+02
2.480710277425036736e+02 2.397902694858968289e+02
2.474610913051816112e+02 2.389072509161827611e+02
2.469182891792715395e+02 2.379898652518542121e+02
2.464430726782382521e+02 2.370424136106911135e+02
2.460353465190369775e+02 2.360709374530418643e+02
2.456949027655878410e+02 2.350822647259321911e+02
2.454211319138881890e+02 2.340823860782310533e+02
2.452118892087833046e+02 2.330765316873088864e+02
2.450641609645793437e+02 2.320685404168698085e+02
2.449754641862661515e+02 2.310607678580878996e+02
2.449439550247810473e+02 2.300546628731491694e+02
2.449681795281085783e+02 2.290507096557513194e+02
2.450469590045356938e+02 2.280487482220030415e+02
2.451795836122326193e+02 2.270478775854579112e+02
2.453657709989219882e+02 2.260470759387997077e+02
2.456044529099758051e+02 2.250460508268186572e+02
2.458942033583144564e+02 2.240448083198366760e+02
2.462333293592775476e+02 2.230433556247647857e+02
2.466194249346648064e+02 2.220417029836748668e+02
2.470504101033223208e+02 2.210398592508935280e+02
2.475238738870950783e+02 2.200378346897770996e+02
2.480365653154391339e+02 2.190356431394677088e+02
2.485833584347990097e+02 2.180333064207719929e+02
2.491567573130928963e+02 2.170308564433206016e+02
2.497492140187101199e+02 2.160283253381023201e+02
2.503536546157452278e+02 2.150257432183411197e+02
2.509631371670968747e+02 2.140231396353518676e+02
2.515713687297833019e+02 2.130205413777291881e+02
2.521728753534021905e+02 2.120179717476767109e+02
2.527626610832202232e+02 2.110154520126056070e+02
2.533358029638426672e+02 2.100130031291743649e+02
2.538888140268638267e+02 2.090106399411505720e+02
2.544190712960495944e+02 2.080083736143508304e+02
2.549248147873466053e+02 2.070062116408975612e+02
2.554062324990514696e+02 2.060041532204959367e+02
2.558655404110859592e+02 2.050021889198825988e+02
2.563057614960598585e+02 2.040003058704859313e+02
2.567293847314214190e+02 2.029984934769122447e+02
2.571395920883397253e+02 2.019967381937447044e+02
2.575408215266041339e+02 2.009950211289154822e+02
2.579376010051880712e+02 1.999933230072367962e+02
2.583355824728811854e+02 1.989916197687790032e+02
2.587411768715960534e+02 1.979898841226346917e+02
2.591607971432271142e+02 1.969880887693827276e+02
2.596002542351233160e+02 1.959862089722482779e+02
2.600648080996259068e+02 1.949842223400017929e+02
2.605591416943042304e+02 1.939821089376378609e+02
2.610853909998048152e+02 1.929798596724442632e+02
2.616432090192718078e+02 1.919774760215610172e+02
2.622299537766430717e+02 1.909749692316855771e+02
2.628412333117128128e+02 1.899723579990690325e+02
2.634715526742689917e+02 1.889696657153095600e+02
2.641140929260957364e+02 1.879669214081247901e+02
2.647616171327644565e+02 1.869641558846114435e+02
2.654065723627098805e+02 1.859614012970427552e+02
2.660423306759855109e+02 1.849586858600707728e+02
2.666643311139167167e+02 1.839560289893605614e+02
2.672703996962011956e+02 1.829534399393861008e+02
2.678607894205466664e+02 1.819509176331548019e+02
2.684375892680254765e+02 1.809484531780281600e+02
2.690037732116915095e+02 1.799460339140219389e+02
2.695625232227139350e+02 1.789436462957193044e+02
2.701156912843125610e+02 1.779412824393641301e+02
2.706644643857324581e+02 1.769389372920306300e+02
2.712091495241920711e+02 1.759366095468543278e+02
2.717495797012045387e+02 1.749342999147354192e+02
2.722849169243624488e+02 1.739320119629458645e+02
2.728144981996732099e+02 1.729297485138022239e+02
2.733376915328629480e+02 1.719275122576576109e+02
2.738538749295674393e+02 1.709253058422961828e+02
2.743629953902668035e+02 1.699231294933329650e+02
2.748659419069063574e+02 1.689209794263947799e+02
2.753638034696189152e+02 1.679188510057308577e+02
2.758582340634183083e+02 1.669167371904487993e+02
2.763505106767342454e+02 1.659146325445029788e+02
2.768415693010859968e+02 1.649125330834464762e+02
2.773322139291888675e+02 1.639104353847414757e+02
2.778232725535405621e+02 1.629083359236849446e+02
2.783158461641655208e+02 1.619062300134434622e+02
2.788115967460050229e+02 1.609041105790695951e+02
2.793119782858848907e+02 1.599019714310484801e+02
2.798183387715915273e+02 1.588998068310955034e+02
2.803305692041124644e+02 1.578976172432113572e+02
2.808484125857763729e+02 1.568954037614162473e+02
2.813710459240400610e+02 1.558931698891287851e+02
2.818976102266865951e+02 1.548909192830155064e+02
2.824270635031571146e+02 1.538886563787535238e+02
2.829577627683380570e+02 1.528863881704093899e+02
2.834866680497736979e+02 1.518841275989219071e+02
2.840101793800822065e+02 1.508818899890869716e+02
2.845235698020928794e+02 1.498796954632130110e+02
2.850216133631564048e+02 1.488775662677955154e+02
2.854990931105418781e+02 1.478755246110178518e+02
2.859525400756804743e+02 1.468735852600236740e+02
2.863795002808068375e+02 1.458717586612155515e+02
2.867781127427826959e+02 1.448700527366615916e+02
2.871459504835981988e+02 1.438684778178283636e+02
2.874803525273634932e+02 1.428670452322942310e+02
2.877793468919461475e+02 1.418657633746418298e+02
2.880423955822205357e+02 1.408646345350767888e+02
2.882709975846050838e+02 1.398636523325243104e+02
2.884687298666900119e+02 1.388628015400969389e+02
2.886399833886901547e+02 1.378620634658005031e+02
2.887896171065802946e+02 1.368614174254173861e+02
2.889216869836105843e+02 1.358608461530108684e+02
2.890393709909864128e+02 1.348603361201916186e+02
2.891454841032023069e+02 1.338598753438206472e+02
2.892433772898962729e+02 1.328594495590670022e+02
2.893376165096976251e+02 1.318590393289812539e+02
2.894331757175390294e+02 1.308586234798036685e+02
2.895346128721222385e+02 1.298581826086398223e+02
2.896453389425416844e+02 1.288577021952455937e+02
2.897673239109479937e+02 1.278571738535521263e+02
2.899017737664140100e+02 1.268565924497527249e+02
2.900502994943432213e+02 1.258559511260012584e+02
2.902155930703445392e+02 1.248552384227558605e+02
2.904002474709238300e+02 1.238544433019065991e+02
2.906056306836861154e+02 1.228535599400309763e+02
2.908326297005947936e+02 1.218525845612695946e+02
2.910818095165305976e+02 1.208515147604808533e+02
2.913531721314753327e+02 1.198503505291509725e+02
2.916448485623632791e+02 1.188490998234031792e+02
2.919537048375902941e+02 1.178477759843237038e+02
2.922764569869115121e+02 1.168463929915319284e+02
2.926092490452643347e+02 1.158449672595870936e+02
2.929481430483294844e+02 1.148435155521131321e+02
2.932900470241222024e+02 1.138420510314070384e+02
2.936325099948501247e+02 1.128405841311006839e+02
2.939731359822223453e+02 1.118391250506971346e+02
2.943094530086366376e+02 1.108376843132229510e+02
2.946396570904382202e+02 1.098362695981035984e+02
2.949612782500069557e+02 1.088348914198519140e+02
2.952703475233040535e+02 1.078335666740553336e+02
2.955618569557051387e+02 1.068323166792077927e+02
2.958296656028512643e+02 1.058311675768570126e+02
2.960660405348078825e+02 1.048301522855159931e+02
2.962612388398522967e+02 1.038293122800422168e+02
2.964047946128126227e+02 1.028286921130228961e+02
2.964870609410963880e+02 1.018283328506542773e+02
2.965008118901753846e+02 1.008282652532072632e+02
2.964444004749723263e+02 9.982849633177602300e+01
2.963223476545244921e+02 9.882900684097097610e+01
2.961438873451662630e+02 9.782975747269057365e+01
2.959208754394752532e+02 9.683069775727358319e+01
2.956676638074141010e+02 9.583176659986688151e+01
2.954000073062330785e+02 9.483289693320384117e+01
2.951328708003405836e+02 9.383402505295916285e+01
2.948805121605507225e+02 9.283509026442717982e+01
2.946569462598793621e+02 9.183603290732600044e+01
2.944750049820610229e+02 9.083679835727190266e+01
2.943450832329108380e+02 8.983734236391663330e+01
2.942756969352689680e+02 8.883762867560403720e+01
2.942750650146664384e+02 8.783762230497367796e+01
2.943504354054319947e+02 8.683729239810301692e+01
2.945091050414505958e+02 8.583660789248213518e+01
2.947594435825804453e+02 8.483523615639458626e+01
2.951088056073484722e+02 8.383212287267232909e+01
2.955613302299900056e+02 8.282634641322019320e+01
2.961166970153228135e+02 8.181804014330310793e+01
2.967704211293217895e+02 8.080842716543818938e+01
2.975141845393175117e+02 7.979916190354691707e+01
2.983363202781728774e+02 7.879262604417834837e+01
2.992234365147058952e+02 7.779194162314220762e+01
3.001613600803808595e+02 7.680038800373901609e+01
3.011356199335672841e+02 7.582174482181454778e+01
3.021328183518257902e+02 7.486056915125911360e+01
3.031421870493963411e+02 7.392198487788201078e+01
3.041557152766923195e+02 7.301076614580165369e+01
3.051681373634121996e+02 7.213029040098709288e+01
3.061768189927681760e+02 7.128307288021872523e+01
3.071812157969714008e+02 7.047020291067914854e+01
3.081820436871429365e+02 6.969071843609819439e+01
3.091804839936133931e+02 6.894234540708103509e+01
3.101777210912455871e+02 6.822141074859663945e+01
3.111747603813104774e+02 6.752377814328715999e+01
3.121718818122815833e+02 6.684544136314457319e+01
3.131690696038758688e+02 6.618269344175649849e+01
3.141663120624227759e+02 6.553278740401231062e+01
3.151635974601965131e+02 6.489296827487399355e+01
3.161609166193470628e+02 6.426108007387617249e+01
3.171582684458542190e+02 6.363686580334737641e+01
3.181556618706686095e+02 6.302242344427853027e+01
3.191531150579301652e+02 6.242201995800809300e+01
3.201506539916819065e+02 6.184175928923025367e+01
3.211483016548606884e+02 6.128704038902685625e+01
3.221460699284403404e+02 6.076065423210982885e+01
3.231439597446792504e+02 6.026281981649492536e+01
3.241419667956070612e+02 5.979252515135138424e+01
3.251400852748287775e+02 5.934840624903793582e+01
3.261383083287551585e+02 5.892885312414207988e+01
3.271366268476464256e+02 5.853172579605353576e+01
3.281350329307188076e+02 5.815516828158862950e+01
3.291335143394201168e+02 5.779630560679666473e+01
3.301323540105590837e+02 5.745183353730905651e+01
3.311325696563258134e+02 5.712050772956473566e+01
3.321353691410899955e+02 5.680417305853629273e+01
3.331419690336990698e+02 5.650883339982544840e+01
3.341531326201778143e+02 5.624465559632670875e+01
