3.321446040038190404e+02 5.719971533060765978e+01
3.331544005736548115e+02 5.699426487844968392e+01
3.341660408522241141e+02 5.683243597306741890e+01
3.351770336490477575e+02 5.671935726564768743e+01
3.361836257656849511e+02 5.666133279025328306e+01
3.371804656678735910e+02 5.666647040122683165e+01
3.381600339063589331e+02 5.674384219021823128e+01
3.391121881160039493e+02 5.690301541882251968e+01
3.400249246551857141e+02 5.715373127345566218e+01
3.408853412318357528e+02 5.750370074759291583e+01
3.416813045923350955e+02 5.795711852913944995e+01
3.424022224661835594e+02 5.851370870570190164e+01
3.430397468154206990e+02 5.916901677358049483e+01
3.435884602502200096e+02 5.991474071877451024e+01
3.440467370771826268e+02 6.073921035593954798e+01
3.444174162064887241e+02 6.162900847858585962e+01
3.447067231887168646e+02 6.256992145645946835e+01
3.449227942800552569e+02 6.354742752285540064e+01
3.450749562808164228e+02 6.454806985270477071e+01
3.451736981637281474e+02 6.556101369745880447e+01
3.452295876456644237e+02 6.657818299835903986e+01
3.452512851715849251e+02 6.759426084068900309e+01
3.452447204281924655e+02 6.860657695824377811e+01
3.452128270518538216e+02 6.961456985777519435e+01
3.451566260983045140e+02 7.061895519924786413e+01
3.450763246356676746e+02 7.162092311197929462e+01
3.449720487711120995e+02 7.262167307001334393e+01
3.448441108566435105e+02 7.362222675295967633e+01
3.446926371554249044e+02 7.462288062601624006e+01
3.445182266620290648e+02 7.562363213930731831e+01
3.443236833510499082e+02 7.662446935651965418e+01
3.441148791692838245e+02 7.762536728120826979e+01
3.438993840481422239e+02 7.862629368873288627e+01
3.436835249302985744e+02 7.962722164576464934e+01
3.434714847778525950e+02 8.062813334574207147e+01
3.432658305675456631e+02 8.162901786123427428e+01
3.430684222825251481e+02 8.262986727443001200e+01
3.428810109069259511e+02 8.363067413151884466e+01
3.427045684319411976e+02 8.463143429480584246e+01
3.425387988602527116e+02 8.563214902432980580e+01
3.423821322060857142e+02 8.663282500340451975e+01
3.422330204834660208e+02 8.763346882169221885e+01
3.420903327026410352e+02 8.863408529373296574e+01
3.419538218658489086e+02 8.963467547097801003e+01
3.418245239637026884e+02 9.063523494329166397e+01
3.417046419762419873e+02 9.163575433275019577e+01
3.415971568764571771e+02 9.263622094957119657e+01
3.415051726362241880e+02 9.363662158037504923e+01
3.414309822347671570e+02 9.463694646411815370e+01
3.413750086682533720e+02 9.563719380013696991e+01
3.413356819509079401e+02 9.663737027174525451e+01
3.413112740983876279e+02 9.763748323484512071e+01
3.413003991232503154e+02 9.863753858948291509e+01
3.413015550391052102e+02 9.963754272950413338e+01
3.413115218751271414e+02 1.006375093620872860e+02
3.413247246818290819e+02 1.016374622193816606e+02
3.413346915178510699e+02 1.026374288519648132e+02
3.413355514363877887e+02 1.036374342520248035e+02
3.413230594759015162e+02 1.046374964900501254e+02
3.412951066555010016e+02 1.056376245438170542e+02
3.412514639772610963e+02 1.066378193881529342e+02
3.411928064350659042e+02 1.076380781496584689e+02
3.411197800230622761e+02 1.086383980783842276e+02
3.410335167309937106e+02 1.096387743555332293e+02
3.409359945409382817e+02 1.106391985609814981e+02
3.408299554280519033e+02 1.116396590223427836e+02
3.407186293630687715e+02 1.126401419898696759e+02
3.406052513166779931e+02 1.136406336925302298e+02
3.404918722702963123e+02 1.146411253994476453e+02
3.403779432288979478e+02 1.156416194476533690e+02
3.402617912076412381e+02 1.166421229589205666e+02
3.401427742123431130e+02 1.176426386661711945e+02
3.400228732250545818e+02 1.186431581365105785e+02
3.399067772032905168e+02 1.196436614093920525e+02
3.397999350976797359e+02 1.206441252890342355e+02
3.397079028578816633e+02 1.216445261241686921e+02
3.396362954330210755e+02 1.226448400123707074e+02
3.395911657682543137e+02 1.236450411866986769e+02
3.395794658005920610e+02 1.246451000532688909e+02
3.396069364780174737e+02 1.256449921732887560e+02
3.396758467799721757e+02 1.266447078878798891e+02
3.397836727293250760e+02 1.276442579414270710e+02
3.399237443865101795e+02 1.286436707273716138e+02
3.400872848310524432e+02 1.296429836084173530e+02
3.402638291577707150e+02 1.306422411328946680e+02
3.404418314712787605e+02 1.316414924508296451e+02
3.406088208845710028e+02 1.326407906498695297e+02
3.407521365123636201e+02 1.336401896264701463e+02
3.408603974577750932e+02 1.346397378282711657e+02
3.409251007978476764e+02 1.356394714515891167e+02
3.409405255844170028e+02 1.366394148500788788e+02
3.409021668583009159e+02 1.376395872010198502e+02
3.408076656408734948e+02 1.386399985464101974e+02
3.406575529273233656e+02 1.396406466258425212e+02
3.404540916971466231e+02 1.406415218059798917e+02
3.401999329263235268e+02 1.416426128018127883e+02
3.398964076027945111e+02 1.426439139474236129e+02
3.395439247228536601e+02 1.436454235017453129e+02
3.391421702893461543e+02 1.446471428014405944e+02
3.386911253024439930e+02 1.456490719273903665e+02
3.381922517489007873e+02 1.466512046560247313e+02
3.376463268859810114e+02 1.476538346813077283e+02
3.370521260796164142e+02 1.486579902256855235e+02
3.364070122019625160e+02 1.496645865234078769e+02
3.357088717102550959e+02 1.506735005704745731e+02
3.349582362100310888e+02 1.516832290902800082e+02
3.341576184359809645e+02 1.526911203623684514e+02
3.333106095673819027e+02 1.536939200700068113e+02
3.324215048282150065e+02 1.546883828995042052e+02
3.314956294934808056e+02 1.556717431567039114e+02
3.305397538215858049e+02 1.566416980005106723e+02
3.295619935525488700e+02 1.575960548632642144e+02
3.285715142779088183e+02 1.585335237163817510e+02
3.275774929620976081e+02 1.594545464985598642e+02
3.265883787370477762e+02 1.603617202663232035e+02
3.256116141980668317e+02 1.612596323789430528e+02
3.246537627463625881e+02 1.621542359506958633e+02
3.237198818188273890e+02 1.630519655109411019e+02
3.228133348456628937e+02 1.639587877959960736e+02
3.219360944717382722e+02 1.648793134503080466e+02
3.210885189022948225e+02 1.658161739728805060e+02
3.202698251920083408e+02 1.667698537010121527e+02
3.194785890283690719e+02 1.677391076865615958e+02
3.187121692488607891e+02 1.687217891532100680e+02
3.179676571995872791e+02 1.697156364622790079e+02
3.172422982287586137e+02 1.707179183152647113e+02
3.165346446123909914e+02 1.717254138457827253e+02
3.158437925704888016e+02 1.727348878718104288e+02
3.151681548748910018e+02 1.737437061261319400e+02
3.145055821554258841e+02 1.747503767448576468e+02
3.138535968726272927e+02 1.757547782734945372e+02
3.132100488942383549e+02 1.767578238731880163e+02
3.125732735901773367e+02 1.777605436394148626e+02
3.119420202360838061e+02 1.787632398991074751e+02
3.113161078335975844e+02 1.797659134227625941e+02
3.106959553789224060e+02 1.807685624267442392e+02
3.100817478703820598e+02 1.817711861235281390e+02
3.094738333048234153e+02 1.827737830317174144e+02
3.088731076741281640e+02 1.837763493371405730e+02
3.082807259678314722e+02 1.847788801230922786e+02
3.076978081757853261e+02 1.857813706218582297e+02
3.071260812823421702e+02 1.867838134817933167e+02
3.065670542738294557e+02 1.877862022792538710e+02
3.060217391410780010e+02 1.887885327062694500e+02
3.054892568920520262e+02 1.897908085046444739e+02
3.049670095502909817e+02 1.907930407337732959e+02
3.044524401389627428e+02 1.917952402785178947e+02
3.039436166755722866e+02 1.927974153631854222e+02
3.034400791642876811e+02 1.937995679459442613e+02
3.029421766019465849e+02 1.948016965411406147e+02
3.024502189857403209e+02 1.958037998291392228e+02
3.019647993102959163e+02 1.968058752856056799e+02
3.014858555761751404e+02 1.978079231744670210e+02
3.010133797834504890e+02 1.988099435297783373e+02
3.005480329261329189e+02 1.998119335377368202e+02
3.000902740000636300e+02 2.008138912444310336e+02
2.996403650028686911e+02 2.018158155345562932e+02
2.991974589422224540e+02 2.028177100136966260e+02
2.987589818414469391e+02 2.038195856390810548e+02
2.983213967325893350e+02 2.048214574673216077e+02
2.978802806557246186e+02 2.058233443266328209e+02
2.974314366488801511e+02 2.068252640831726694e+02
2.969712057452086356e+02 2.078272323128933863e+02
2.964976809619885785e+02 2.088292571336799597e+02
2.960105693018746820e+02 2.098313397928004918e+02
2.955100447632904093e+02 2.108334795495565288e+02
2.949958023489993479e+02 2.118356777022988240e+02
2.944676670605870186e+02 2.128379349959827778e+02
2.939266928885035668e+02 2.138402469438486264e+02
2.933754758092277370e+02 2.148426024950157682e+02
2.928169487961847608e+02 2.158449891640324267e+02
2.922539268238692216e+02 2.168473949677595556e+02
2.916877788798769302e+02 2.178498140785178236e+02
2.911184479647246235e+02 2.188522467389498161e+02
2.905452190848904479e+02 2.198546959927303135e+02
2.899676682442160995e+02 2.208571636447796891e+02
2.893862944381803572e+02 2.218596475709109654e+02
2.888016916614013212e+02 2.228621452425327902e+02
2.882149329041569104e+02 2.238646520920046328e+02
2.876281731469215401e+02 2.248671589457333653e+02
2.870439973662736293e+02 2.258696547996641470e+02
2.864647495409750491e+02 2.268721296756520474e+02
2.858922676543726311e+02 2.278745757495373709e+02
2.853283486901843276e+02 2.288769853716928253e+02
2.847744838992057339e+02 2.298796491966646443e+02
2.842317356266466390e+02 2.308835857113966199e+02
2.836996607247839393e+02 2.318897008105267901e+02
2.831748279270997841e+02 2.328981741021989649e+02
2.826506522584479058e+02 2.339085556138361994e+02
2.821185496623746758e+02 2.349194408740779920e+02
2.815697792355862248e+02 2.359285220710584099e+02
2.809962280246415389e+02 2.369323037090384219e+02
2.803900452428679841e+02 2.379266241702290188e+02
2.797443945572732105e+02 2.389067215129863939e+02
2.790533727692573507e+02 2.398666888130442487e+02
2.783131156435850357e+02 2.407999014599952829e+02
2.775226970666369084e+02 2.416992873321237596e+02
2.766842408793757500e+02 2.425572873199870401e+02
2.758023254283836536e+02 2.433664558666165476e+02
2.748830220559846111e+02 2.441198130637473014e+02
2.739330807221311375e+02 2.448119321283876388e+02
2.729600180891223999e+02 2.454391940301593138e+02
2.719709584117799182e+02 2.459990594189011404e+02
2.709717067281368372e+02 2.464896455661591688e+02
2.699667477990958560e+02 2.469092423653150661e+02
2.689596067738762031e+02 2.472567027998115634e+02
2.679526273158524532e+02 2.475317078900467038e+02
2.669472549838657756e+02 2.477353254921140433e+02
2.659439744483851769e+02 2.478691215570142958e+02
2.649426290799470394e+02 2.479350627693208082e+02
2.639423246137305910e+02 2.479354379565566546e+02
2.629420469899554291e+02 2.478723494545089636e+02
2.619412091059047043e+02 2.477474187770998810e+02
2.609387932962140439e+02 2.475619012677908586e+02
2.599339006943670256e+02 2.473170047638994333e+02
2.589263721508226013e+02 2.470141039553628559e+02
2.579163927207546294e+02 2.466541510630497385e+02
2.569043857555406589e+02 2.462384022961827270e+02
2.558917956093226280e+02 2.457676425134196450e+02
2.548822806522281326e+02 2.452412461358213989e+02
2.538815335239133049e+02 2.446577069168124297e+02
2.528969767121389225e+02 2.440154792456912958e+02
2.519377817038556486e+02 2.433144230791986047e+02
2.510138243104372009e+02 2.425563523935495880e+02
2.501349370483087000e+02 2.417446563635332382e+02
2.493106724816448150e+02 2.408843803706702431e+02
2.485496118107003554e+02 2.399816609413548463e+02
2.478590900399427994e+02 2.390435309150179535e+02
2.472444832217652788e+02 2.380772734723978772e+02
2.467090038751412635e+02 2.370902860051865844e+02
2.462533906130717867e+02 2.360895234322071587e+02
2.458767731811962562e+02 2.350812705149783426e+02
2.455771687842023994e+02 2.340705127392085956e+02
2.453512165178045734e+02 2.330608034440856500e+02
2.451947908647468921e+02 2.320539092074796201e+02
2.451037071527939020e+02 2.310501508459772708e+02
2.450744156084168708e+02 2.300486494626027536e+02
2.451029551591940958e+02 2.290482219084768190e+02
2.451842324964387956e+02 2.280478668561701738e+02
2.453134563992554718e+02 2.270473076988662342e+02
2.454862499073023514e+02 2.260465630689626551e+02
2.456992010514941569e+02 2.250456474909604765e+02
2.459503508495805875e+02 2.240445693041028505e+02
2.462388983088191026e+02 2.230433319181568663e+02
2.465655144231301676e+02 2.220419324767507874e+02
2.469305601892427831e+02 2.210403694431481938e+02
2.473342016056529928e+02 2.200386421107056947e+02
2.477763586730856105e+02 2.190367508199743156e+02
2.482558264024586379e+02 2.180347007005037767e+02
2.487702278153090560e+02 2.170325018709163487e+02
2.493156979466560870e+02 2.160301707840831114e+02
2.498864428489967793e+02 2.150277321044118253e+02
2.504751635884643406e+02 2.140252169029262177e+02
2.510735382404610050e+02 2.130226606054461627e+02
2.516733608793379346e+02 2.120200981439926409e+02
2.522666725772083112e+02 2.110175633991353266e+02
2.528480733829993881e+02 2.100150793580680784e+02
2.534150633193625595e+02 2.090126566630103184e+02
2.539669613924681641e+02 2.080102982129026259e+02
2.545036596032946932e+02 2.070080044674888313e+02
2.550257239467138390e+02 2.060057730173704726e+02
2.555348444074132317e+02 2.050035966684072832e+02
2.560325029719651297e+02 2.040014691118915380e+02
2.565197966304299371e+02 2.029993856780174326e+02
2.569982713688001468e+02 2.019973397856364556e+02
2.574688361788395810e+02 2.009953275652376306e+02
2.579314980604848415e+02 1.999933489870227845e+02
2.583854150213649632e+02 1.989914076352913526e+02
2.588304590626395907e+02 1.979895040549250211e+02
2.592684561677642137e+02 1.969876304728467176e+02
2.597029303048093425e+02 1.959857718877839829e+02
2.601394544232802559e+02 1.949839045761013381e+02
2.605844954645821190e+02 1.939820010085056481e+02
2.610440323745417004e+02 1.929800357330650229e+02
2.615223801140625710e+02 1.919779903813088140e+02
2.620218506621966981e+02 1.909758551113124554e+02
2.625441400035771835e+02 1.899736227033943692e+02
2.630898391328493631e+02 1.889712906417338445e+02
2.636584750542988331e+02 1.879688609398388621e+02
2.642474767912203220e+02 1.869663445421677466e+02
2.648516313908468192e+02 1.859637636398764755e+02
2.654646509101511356e+02 1.849611450002752235e+02
2.660800234081359577e+02 1.839585163442170597e+02
2.666929579282104328e+02 1.829558980664512546e+02
2.673009424931348121e+02 1.819533008602798532e+02
2.679035931063883709e+02 1.809507263603477725e+02
2.685018317596172892e+02 1.799481706418044666e+02
2.690966414439149048e+02 1.789456295201292733e+02
2.696883981558745518e+02 1.779431013947324232e+02
2.702773338933940295e+02 1.769405852780159307e+02
2.708630286602789852e+02 1.759380829578726662e+02
2.714454124571634566e+02 1.749355947322847555e+02
2.720234722932259501e+02 1.739331249134795030e+02
2.725958231810153620e+02 1.729306793972464789e+02
2.731606291371668362e+02 1.719282659992315985e+02
2.737162841762318521e+02 1.709258915559965715e+02
2.742615993089832500e+02 1.699235611289809640e+02
2.747971565301479018e+02 1.689212722406761031e+02
2.753253008184786950e+02 1.679190149086801966e+02
2.758492381449273694e+02 1.669167754854110512e+02
2.763711944893250916e+02 1.659145444950365800e+02
2.768923508409712895e+02 1.649123169101723363e+02
2.774133201943117228e+02 1.639100901213460872e+02
2.779345165455954998e+02 1.629078623662063023e+02
2.784561298931009787e+02 1.619056328359443455e+02
2.789779172390299209e+02 1.609034025649839066e+02
2.794989265920079902e+02 1.599011756058821447e+02
2.800176099660610021e+02 1.588989585483013229e+02
2.805327093725871919e+02 1.578967567474061866e+02
2.810445318088048339e+02 1.568945688963322596e+02
2.815548052590574457e+02 1.558923876391774854e+02
2.820662676985369330e+02 1.548902013205831452e+02
2.825812011065671641e+02 1.538880002263313997e+02
2.831001824779201002e+02 1.528857819001980261e+02
2.836217188261232423e+02 1.518835526977163966e+02
2.841428241782315354e+02 1.508813253299534267e+02
2.846600875651505476e+02 1.498791143171532099e+02
2.851694990232132909e+02 1.488769367294356698e+02
2.856667355915887470e+02 1.478748109693265747e+02
2.861478073064285468e+02 1.468727540218080776e+02
2.866079022113323731e+02 1.458707863710241099e+02
2.870419463522734986e+02 1.448689296164230882e+02
2.874451397727428343e+02 1.438672041910663211e+02
2.878138165059565381e+02 1.428656257007042427e+02
2.881459885699269421e+02 1.418642026080298137e+02
2.884403999760341435e+02 1.408629402596939997e+02
2.886962857312096276e+02 1.398618419122159366e+02
2.889120198501857999e+02 1.388609144872951617e+02
2.890863513442974977e+02 1.378601633102982191e+02
2.892200292067583405e+02 1.368595851928161551e+02
2.893164444068438570e+02 1.358591656997426753e+02
2.893814188918032642e+02 1.348588800474771574e+02
2.894226175921872937e+02 1.338586956069749476e+02
2.894488484281901606e+02 1.328585748835687355e+02
2.894690193191001981e+02 1.318584799569023005e+02
2.894917611867154505e+02 1.308583740857774842e+02
2.895264869457486157e+02 1.298582172001097490e+02
2.895818595177078123e+02 1.288579724224804863e+02
2.896649538384894527e+02 1.278576096354087781e+02
2.897802198677737806e+02 1.268571098957441450e+02
2.899293765899857362e+02 1.258564658858965117e+02
2.901120150088311789e+02 1.248556793469329591e+02
2.903259351442432603e+02 1.238547596440065490e+02
2.905680900238296545e+02 1.228537197478542851e+02
2.908345566831350766e+02 1.218525763582468926e+02
2.911208491628052570e+02 1.208513485715827755e+02
2.914226175022537291e+02 1.198500549053237307e+02
2.917349837456781074e+02 1.188487161245682273e+02
2.920530409375387535e+02 1.178473531178644862e+02
2.923728611134255289e+02 1.168459826062676257e+02
2.926917932973581173e+02 1.158446158747871095e+02
2.930076005096050267e+02 1.148432624460808142e+02
2.933188547631048095e+02 1.138419283989845212e+02
2.936259340544325482e+02 1.128406121243945677e+02
2.939301333718548221e+02 1.118393081096413937e+02
2.942324807060572311e+02 1.108380119786443174e+02
2.945334050531528760e+02 1.098367219051985444e+02
2.948320214211603911e+02 1.088354416566497207e+02
2.951252018384212192e+02 1.078341845485427370e+02
2.954068583600962938e+02 1.068329764968102609e+02
2.956699200502529266e+02 1.058318476019056789e+02
2.959062949822095447e+02 1.048308323105646593e+02
2.961062402442433381e+02 1.038299720976446849e+02
2.962596489279297316e+02 1.028293099875102996e+02
2.963578041122498234e+02 1.018288830874520841e+02
2.963945598528899836e+02 1.008287175603022092e+02
2.963671311750839550e+02 9.982882526149307978e+01
2.962774310614988735e+02 9.882919804759839622e+01
2.961318524542103887e+02 9.782980870433473797e+01
2.959399092670161053e+02 9.683061673167199501e+01
2.957146643815573839e+02 9.583156652188537805e+01
2.954715546579661236e+02 9.483259236139852533e+01
2.952256169599982627e+02 9.383363023939025993e+01
2.949899941685703197e+02 9.283462420758479539e+01
2.947770031720832549e+02 9.183552183389556944e+01
2.945991638570984037e+02 9.083626982208787126e+01
2.944683561159759506e+02 8.983681760033516639e+01
2.943961058442836247e+02 8.883711610374911061e+01
2.943932509438227498e+02 8.783711919618022534e+01
2.944680723395625819e+02 8.683679162634095405e+01
2.946267399755993210e+02 8.583610712923382380e+01
2.948750265353214672e+02 8.483474412827996503e+01
2.952191016079927408e+02 8.383165335072328617e+01
2.956631103077943408e+02 8.282591314292730544e+01
2.962072171951493829e+02 8.181765480556637726e+01
2.968477044290833646e+02 8.080809817612470169e+01
2.975770989692707076e+02 7.979889408145362495e+01
2.983845155771840609e+02 7.879212387765008430e+01
2.992572563248259030e+02 7.779018064005097699e+01
3.001819335431175091e+02 7.679645938922180903e+01
3.011449255929078390e+02 7.581577215455132546e+01
3.021336045725147414e+02 7.485404174526374277e+01
3.031376950488653961e+02 7.391753095946896224e+01
3.041491948009102657e+02 7.301160791036207343e+01
3.051622441381883846e+02 7.213964657255780821e+01
3.061730644168500248e+02 7.130338304704906705e+01
3.071797361860248543e+02 7.050271550380008989e+01
3.081819421316870375e+02 6.973639628227650178e+01
3.091807360226530932e+02 6.900154987064897227e+01
3.101780312140325577e+02 6.829426208851472779e+01
3.111751291938089707e+02 6.761041635828689778e+01
3.121723098125473825e+02 6.694598345216587632e+01
3.131695550763833467e+02 6.629673640845081195e+01
3.141668486005557952e+02 6.565882626201582184e+01
3.151641792022206232e+02 6.502962603666315999e+01
3.161615453105862343e+02 6.440876673573609423e+01
3.171589542772978234e+02 6.379797534358704070e+01
3.181564211759948648e+02 6.320079282813244959e+01
3.191539598075075332e+02 6.262046115999788753e+01
3.201515797668608343e+02 6.205923431876081509e+01
3.211492836933251169e+02 6.151773229880362237e+01
3.221470735195274528e+02 6.099640909601285443e+01
3.231449543920452356e+02 6.049647369943423314e+01
3.241429331814952093e+02 6.001954009444395410e+01
3.251410184399648529e+02 5.956761726283934877e+01
3.261392180043845883e+02 5.914254618793981422e+01
3.271375347055847556e+02 5.874499186372008808e+01
3.281359700675311615e+02 5.837531228693649155e+01
3.291348238545099321e+02 5.803415618740396553e+01
3.301351257150244010e+02 5.772308319615555661e+01
3.311380837646007649e+02 5.744399718762932139e+01
3.321446040038190404e+02 5.719971533060765978e+01
