3.338817578131004780e+02 5.679516265972873157e+01
3.348948143098585888e+02 5.661467449219901482e+01
3.359115787668994813e+02 5.647507847954696558e+01
3.369293824462409361e+02 5.638194531172831603e+01
3.379429147163328366e+02 5.634245944707598142e+01
3.389441117186570409e+02 5.636432262843175067e+01
3.399221502365737706e+02 5.645531485306850072e+01
3.408635741346299142e+02 5.662460092276643309e+01
3.417535557774572794e+02 5.688239981053604311e+01
3.425768478550259033e+02 5.723744368940845106e+01
3.433191180245045757e+02 5.769518559761669962e+01
3.439685213537708819e+02 5.825628911862671089e+01
3.445172295207796651e+02 5.891634988824404218e+01
3.449628250768748785e+02 5.966630653355977643e+01
3.453091349598177544e+02 6.049420123707352559e+01
3.455649671538993744e+02 6.138666637226725697e+01
3.457420919454870045e+02 6.232956491583917114e+01
3.458533798880564518e+02 6.330846452552529513e+01
3.459114529824244642e+02 6.431000181068623078e+01
3.459279080557511747e+02 6.532343604039621709e+01
3.459132622001200161e+02 6.634078091237512353e+01
3.458766088097096940e+02 6.735679508869176857e+01
3.458246190836448477e+02 6.836886194418389096e+01
3.457602883318385238e+02 6.937644522469076946e+01
3.456835034903282349e+02 7.038026445543118825e+01
3.455926495037480777e+02 7.138150377202464369e+01
3.454866912731653201e+02 7.238135877900401738e+01
3.453668514326664081e+02 7.338085769030166716e+01
3.452360676913265252e+02 7.438031001421970245e+01
3.450973680217101673e+02 7.537972864061424616e+01
3.449527774054698739e+02 7.637912218968298816e+01
3.448030228360183855e+02 7.737849375618336012e+01
3.446479803144792413e+02 7.837784281226126382e+01
3.444875348418945578e+02 7.937716886837461061e+01
3.443223114126012661e+02 8.037647458507825604e+01
3.441541560098737023e+02 8.137576782058698655e+01
3.439861206060587620e+02 8.237506156692225545e+01
3.438210901750168205e+02 8.337436810520523522e+01
3.436608077009552176e+02 8.437369485519127466e+01
3.435057991791080667e+02 8.537304405600337986e+01
3.433558826111244002e+02 8.637241493288792071e+01
3.432110479970948518e+02 8.737180744327605453e+01
3.430722353285024155e+02 8.837122558864226107e+01
3.429413095884490872e+02 8.937067730808223587e+01
3.428188987712449034e+02 9.037016527492144746e+01
3.427025468991425896e+02 9.136967903424360316e+01
3.425882450084661173e+02 9.236920152018566910e+01
3.424725821301210544e+02 9.336871821250346670e+01
3.423545312734127037e+02 9.436822473937331779e+01
3.422363084182628086e+02 9.536773053405846667e+01
3.421223495244784658e+02 9.636725448011301864e+01
3.420179305442561599e+02 9.736681903687679096e+01
3.419269944418699652e+02 9.836644098925819435e+01
3.418513872005940470e+02 9.936612819547204367e+01
3.417907408237626896e+02 1.003658790889836325e+02
3.417427603321698939e+02 1.013656839002355525e+02
3.417038627582797403e+02 1.023655273767989797e+02
3.416696851416236314e+02 1.033653909458726616e+02
3.416358045222765440e+02 1.043652557792419771e+02
3.415982269364264994e+02 1.053651048748972414e+02
3.415524704246829515e+02 1.063649191534675538e+02
3.414939160288967628e+02 1.073646789523883456e+02
3.414189007822569693e+02 1.083643686786797389e+02
3.413259126984630711e+02 1.093639818959274521e+02
3.412162067661441824e+02 1.103635239465256461e+02
3.410934339522199252e+02 1.113630103723714910e+02
3.409623352137340930e+02 1.123624613553698737e+02
3.408269095144534617e+02 1.133618939188149284e+02
3.406896238320255179e+02 1.143613185644487373e+02
3.405518561539647635e+02 1.153607411582626696e+02
3.404142734742277980e+02 1.163601645396008166e+02
3.402772307895980930e+02 1.173595902196583722e+02
3.401422910859140529e+02 1.183590248519508918e+02
3.400132883284372269e+02 1.193584847573860088e+02
3.398951444725714737e+02 1.203579908883652934e+02
3.397922254787582688e+02 1.213575618304606962e+02
3.397082503133013915e+02 1.223572134150377622e+02
3.396468649431657241e+02 1.233569611627092968e+02
3.396123193298439560e+02 1.243568231652482723e+02
3.396090474331613791e+02 1.253568182976949856e+02
3.396410582167939651e+02 1.263569636259124422e+02
3.397100806650761911e+02 1.273572665100595884e+02
3.398135848009312099e+02 1.283577161802104456e+02
3.399457716769013587e+02 1.293582879506728318e+02
3.400986153657070190e+02 1.303589476556656450e+02
3.402621679574827454e+02 1.313596529476694457e+02
3.404252395536166205e+02 1.323603561921102312e+02
3.405754852659616745e+02 1.333610048377086628e+02
3.407009752026106071e+02 1.343615480997937368e+02
3.407910694599680710e+02 1.353619406850797304e+02
3.408375651123581633e+02 1.363621476743163612e+02
3.408352682068414765e+02 1.373621469572286173e+02
3.407807357746136177e+02 1.383619238773519839e+02
3.406725238287581305e+02 1.393614722877404688e+02
3.405119313575053184e+02 1.403607977180913053e+02
3.403020083332203285e+02 1.413599131519121670e+02
3.400459977265197153e+02 1.423588323942900615e+02
3.397455785221907263e+02 1.433575625925394945e+02
3.394012777154584910e+02 1.443561059900403336e+02
3.390124303123482150e+02 1.453544597559622105e+02
3.385776623253092339e+02 1.463526180413413726e+02
3.380952527699347456e+02 1.473505735200739650e+02
3.375630416657956516e+02 1.483483169972824385e+02
3.369780610397837108e+02 1.493458358385238967e+02
3.363373599186368779e+02 1.503431174817226292e+02
3.356398473122401356e+02 1.513401572826140296e+02
3.348869632075462732e+02 1.523369613711165300e+02
3.340820755740390950e+02 1.533335440844280413e+02
3.332299283687353864e+02 1.543299256172241201e+02
3.323355995456253709e+02 1.553261275859807995e+02
3.314048430525745061e+02 1.563221744848302137e+02
3.304435778359530786e+02 1.573180915102910546e+02
3.294584448355897166e+02 1.583139069323548824e+02
3.284562369899358600e+02 1.593096496680602172e+02
3.274425162485966894e+02 1.603053433942168056e+02
3.264229215604792671e+02 1.613010121154147214e+02
3.254033268723619585e+02 1.622966808366126088e+02
3.243899031283316958e+02 1.632923758270648591e+02
3.233893122680269130e+02 1.642881254461577214e+02
3.224080202328618725e+02 1.652839572189274122e+02
3.214526879624839353e+02 1.662798995005032907e+02
3.205287524076308046e+02 1.672759754355841437e+02
3.196408105266508528e+02 1.682722045930829040e+02
3.187933072792697544e+02 1.692686058948657433e+02
3.179888636417397265e+02 1.702651904982354267e+02
3.172281436080446042e+02 1.712619612297654328e+02
3.165091211965410594e+02 1.722589094650011816e+02
3.158267004534019406e+02 1.732560135108426493e+02
3.151742834384089065e+02 1.742532452803444016e+02
3.145447582160009006e+02 1.752505744985206775e+02
3.139310688501094546e+02 1.762479711287715247e+02
3.133261924043670206e+02 1.772454052749741891e+02
3.127231899416449892e+02 1.782428473985845017e+02
3.121163105140509515e+02 1.792402730182409414e+02
3.115015821575734094e+02 1.802376652255854310e+02
3.108772828878148289e+02 1.812350166902571402e+02
3.102435987030897877e+02 1.822323282040372590e+02
3.096023715867087844e+02 1.832296076081130138e+02
3.089562985142354137e+02 1.842268663833107212e+02
3.083094544487477151e+02 1.852241218764479243e+02
3.076663893490200508e+02 1.862213934563639839e+02
3.070317011733918662e+02 1.872187006962287796e+02
3.064095438842255135e+02 1.882160612791541041e+02
3.058028984545112507e+02 1.892134878949223094e+02
3.052133758696525092e+02 1.902109874013796116e+02
3.046420471199455164e+02 1.912085643576527332e+02
3.040883342106271243e+02 1.922062163032606463e+02
3.035509671532044536e+02 1.932039378319558409e+02
3.030272089724762168e+02 1.942017172926365163e+02
3.025134577010786643e+02 1.951995393519929962e+02
3.020064283687758575e+02 1.961973900261489803e+02
3.015037639969235670e+02 1.971952592816200251e+02
3.010033396047755332e+02 1.981931380725196732e+02
3.005035732066656919e+02 1.991910196644514315e+02
3.000029768160761137e+02 2.001888977231663773e+02
2.995015944326082149e+02 2.011867724359675265e+02
2.989999300516952871e+02 2.021846459483263345e+02
2.984985476682273315e+02 2.031825206611275121e+02
2.979976552803196910e+02 2.041803974598036575e+02
2.974965678941788951e+02 2.051782734283866887e+02
2.969936235248635512e+02 2.061761414919291724e+02
2.964872481866351563e+02 2.071739949500897637e+02
2.959757878944797085e+02 2.081718267619760923e+02
2.954581536582644503e+02 2.091696322918374165e+02
2.949331594887351002e+02 2.101674064910048401e+02
2.943998363946714107e+02 2.111651452345541031e+02
2.938579003786465478e+02 2.121628473135291415e+02
2.933081144337472210e+02 2.131605159759352546e+02
2.927523505430121418e+02 2.141581591906663675e+02
2.921933576815337119e+02 2.151557886599068752e+02
2.916346608173734012e+02 2.161534193891861833e+02
2.910802179146692197e+02 2.171510682272660233e+02
2.905329529469282761e+02 2.181487476212861907e+02
2.899944298999795933e+02 2.191464642290191307e+02
2.894642177777283791e+02 2.201442162157462121e+02
2.889405845958675627e+02 2.211419962085378756e+02
2.884207743793681402e+02 2.221397924754114399e+02
2.879021601520321951e+02 2.231375938335227431e+02
2.873823499355327726e+02 2.241353901003963074e+02
2.868590137509809210e+02 2.251331713574836044e+02
2.863301216167697589e+02 2.261309289633025514e+02
2.857941195469793456e+02 2.271286563026495173e+02
2.852505635456325876e+02 2.281263514854663867e+02
2.847008486000900689e+02 2.291240204501115443e+02
2.841476516860964807e+02 2.301216745922735072e+02
2.835940327759263937e+02 2.311193269380288484e+02
2.830417745891202230e+02 2.321172820789743128e+02
2.824905717736088491e+02 2.331165617245177373e+02
2.819377762450742466e+02 2.341183546128320643e+02
2.813779892467404693e+02 2.351235317699076006e+02
2.808045771285616752e+02 2.361317619540395185e+02
2.802098731453175446e+02 2.371415595152930678e+02
2.795863513271614238e+02 2.381500823907085476e+02
2.789269741796180142e+02 2.391524985786811328e+02
2.782256005471675735e+02 2.401424888797453718e+02
2.774778310688354850e+02 2.411126114988884126e+02
2.766816687298642705e+02 2.420541738562826595e+02
2.758379365421612306e+02 2.429577783702498550e+02
2.749502524965662928e+02 2.438140383571219729e+02
2.740246291725764536e+02 2.446150783404186484e+02
2.730685960535520280e+02 2.453539883096967174e+02
2.720900071373697529e+02 2.460249126454881718e+02
2.710960131396652741e+02 2.466241747542748044e+02
2.700924357727012080e+02 2.471497404000008657e+02
2.690837710568483203e+02 2.476006747132500152e+02
2.680735522804952780e+02 2.479762127279032313e+02
2.670641277640517615e+02 2.482755794334749169e+02
2.660569436027269035e+02 2.484975809750130509e+02
2.650524826663261138e+02 2.486410743976842923e+02
2.640505793135544081e+02 2.487062099977340495e+02
2.630500290348473982e+02 2.486938096551470494e+02
2.620487797145677291e+02 2.486053056472745766e+02
2.610453258737880446e+02 2.484426865834797979e+02
2.600387598304574794e+02 2.482091646289662208e+02
2.590293644339809020e+02 2.479094740306871074e+02
2.580188619139717616e+02 2.475499071769932584e+02
2.570107544290563055e+02 2.471391260546636488e+02
2.560099784383666588e+02 2.466866647640352141e+02
2.550227781991345921e+02 2.462011679645358413e+02
2.540560794534744105e+02 2.456902282070653314e+02
2.531175642670747550e+02 2.451597192465347064e+02
2.522155461406326822e+02 2.446140045121186120e+02
2.513579831317413209e+02 2.440544968931765197e+02
2.505509245489394914e+02 2.434801971318820790e+02
2.497979633255149281e+02 2.428885444997472973e+02
2.490999098575728681e+02 2.422747494031409019e+02
2.484551153447840477e+02 2.416324187653799243e+02
2.478595497243140642e+02 2.409545113671416345e+02
2.473091051794239945e+02 2.402348676661021614e+02
2.468013758157135840e+02 2.394689943799273522e+02
2.463359953287676944e+02 2.386550829329135865e+02
2.459148373030724315e+02 2.377948793165195411e+02
2.455411078471377095e+02 2.368928282190606751e+02
2.452177616732133458e+02 2.359551112744246382e+02
2.449477987172457745e+02 2.349887973170499151e+02
2.447341891194061247e+02 2.340011420562307478e+02
2.445795272918339265e+02 2.329991015991148515e+02
2.444846647313268875e+02 2.319891386289842501e+02
2.444485821698694110e+02 2.309769518585630408e+02
2.444673913131227039e+02 2.299663607704254673e+02
2.445349467714038951e+02 2.289590882199475175e+02
2.446448203131084256e+02 2.279554098453661197e+02
2.447926547834071584e+02 2.269544130904940005e+02
2.449768283053070093e+02 2.259548910402475030e+02
2.451977582298621030e+02 2.249558224619901807e+02
2.454578457996227030e+02 2.239569205749436946e+02
2.457607749812095790e+02 2.229582010614825549e+02
2.461097047460003751e+02 2.219596773691151270e+02
2.465061490802773392e+02 2.209613559427695577e+02
2.469490059940252706e+02 2.199632320913554508e+02
2.474347265194001579e+02 2.189652907071782408e+02
2.479578157061899049e+02 2.179675083986396658e+02
2.485101416280753028e+02 2.169698505487284308e+02
2.490823553697637180e+02 2.159722773598009553e+02
2.496642970233106951e+02 2.149747455818775848e+02
2.502461566776006805e+02 2.139772134548894087e+02
2.508198414059609718e+02 2.129796465278438120e+02
2.513805862515652620e+02 2.119820245166706059e+02
2.519265642309672444e+02 2.109843396440359129e+02
2.524587603352422605e+02 2.099865961029741470e+02
2.529800615382323485e+02 2.089888061831202322e+02
2.534934518129007870e+02 2.079909825870272755e+02
2.540011471391692623e+02 2.069931347479585213e+02
2.545046825031297431e+02 2.059952692002367201e+02
2.550044909008590537e+02 2.049973877870942260e+02
2.555003903340062266e+02 2.039994897337774944e+02
2.559915018105354818e+02 2.030015712984821619e+02
2.564779403294048734e+02 2.020036329707503455e+02
2.569597918898351736e+02 2.010056751166744107e+02
2.574371494909836997e+02 2.000076981321448670e+02
2.579105761277494935e+02 1.990097044137895352e+02
2.583814107880002666e+02 1.980116996615811615e+02
2.588523194475806122e+02 1.970136952243824737e+02
2.593275430680644149e+02 1.960157091556544628e+02
2.598115726087607982e+02 1.950177605730800110e+02
2.603082420349312542e+02 1.940198657975668652e+02
2.608192753309554632e+02 1.930220321679894653e+02
2.613452724913970542e+02 1.920242622384804463e+02
2.618851625259599132e+02 1.910265514499130859e+02
2.624378154448825171e+02 1.900288949920041546e+02
2.630019282599707253e+02 1.890312873180289444e+02
2.635765159801493382e+02 1.880337242349530129e+02
2.641604046160553594e+02 1.870362007451901150e+02
2.647516541852663750e+02 1.860387085903779507e+02
2.653478817093738371e+02 1.850412376263531087e+02
2.659465672112103789e+02 1.840437771257583393e+02
2.665443617211198557e+02 1.830463128322766124e+02
2.671383712653237126e+02 1.820488324264746893e+02
2.677264298634471515e+02 1.810513266879337095e+02
2.683077225228744283e+02 1.800537921472901814e+02
2.688817722479276426e+02 1.790562267740086213e+02
2.694482890412342044e+02 1.780586293335915684e+02
2.700071089042801304e+02 1.770609991279094402e+02
2.705583748357697118e+02 1.760633367656972155e+02
2.711037718204358384e+02 1.750656494198107112e+02
2.716463438306981857e+02 1.740679500482163178e+02
2.721896898339476820e+02 1.730702539714530417e+02
2.727362598079857889e+02 1.720725716188958927e+02
2.732869007451382686e+02 1.710749065961288125e+02
2.738410066508957925e+02 1.700772563234777977e+02
2.743968885405616902e+02 1.690796136110594432e+02
2.749524684329639399e+02 1.680819696130610055e+02
2.755057123465317090e+02 1.670843156709727282e+02
2.760541763034090650e+02 1.660866413809609980e+02
2.765958163221159225e+02 1.650889380419471877e+02
2.771288434188615497e+02 1.640911980383591526e+02
2.776525166003599452e+02 1.630934182158430019e+02
2.781676298594169907e+02 1.620956019543676518e+02
2.786756781824869904e+02 1.610977556179802832e+02
2.791792385462209722e+02 1.600998901766806739e+02
2.796821409159169320e+02 1.591020219343488975e+02
2.801879252595001617e+02 1.581041659603676521e+02
2.806996825489645175e+02 1.571063354127769855e+02
2.812192277678649930e+02 1.561085380178281525e+02
2.817467839141810941e+02 1.551107747248071860e+02
2.822813439970368563e+02 1.541130412470280646e+02
2.828208540350427711e+02 1.531153288408433468e+02
2.833624070545378686e+02 1.521176251314803096e+02
2.839012390986868013e+02 1.511199098391256825e+02
2.844307742270720496e+02 1.501221549704855818e+02
2.849447924960504110e+02 1.491243340477181505e+02
2.854376049571675935e+02 1.481264228533888740e+02
2.859050266483421865e+02 1.471284035724225987e+02
2.863446095917544199e+02 1.461302657839580093e+02
2.867555597945985255e+02 1.451320061080262178e+02
2.871372682623922969e+02 1.441336219521826365e+02
2.874889500022484299e+02 1.431351099747703302e+02
2.878101860179631331e+02 1.421364683921533469e+02
2.881015693041635473e+02 1.411376997286661492e+02
2.883649068444772183e+02 1.401388116765048721e+02
2.886027886154372482e+02 1.391398152610088346e+02
2.888181915900701711e+02 1.381407231549329140e+02
2.890137647443746118e+02 1.371415466347727090e+02
2.891904090701868881e+02 1.361422895359841618e+02
2.893490835588179380e+02 1.351429559409225760e+02
2.894924161864565235e+02 1.341435570366890317e+02
2.896245519155465331e+02 1.331441104680832552e+02
2.897503317022255374e+02 1.321446368426989011e+02
2.898744165042623422e+02 1.311451560018897737e+02
2.900004752884135542e+02 1.301456835641770908e+02
2.901297630433080599e+02 1.291462248719549848e+02
2.902630547619239678e+02 1.281467832243114628e+02
2.904026634233042046e+02 1.271473684674278957e+02
2.905512600032478190e+02 1.261479919714514892e+02
2.907118314746909391e+02 1.251486664517060206e+02
2.908878128065103965e+02 1.241494065306008849e+02
2.910818309749039940e+02 1.231502233909802158e+02
2.912948939707387126e+02 1.221511213237869242e+02
2.915266577971314064e+02 1.211520988646515775e+02
2.917768204568183705e+02 1.201531547279940924e+02
2.920451039523184136e+02 1.191542877303996875e+02
2.923312942855704364e+02 1.181554969608943395e+02
2.926353484569641523e+02 1.171567822364318943e+02
2.929560564774628801e+02 1.161581384061782103e+02
2.932898413794762860e+02 1.151595502432456897e+02
2.936307112172954135e+02 1.141609922403629582e+02
2.939726930450391933e+02 1.131624389711394087e+02
2.943123218941025243e+02 1.121638756854589758e+02
2.946478267805317159e+02 1.111652948443734203e+02
2.949768067260812359e+02 1.101666862270952265e+02
2.952957097629342798e+02 1.091680347131591304e+02
2.955999389327424183e+02 1.081693207336520572e+02
2.958834322904309033e+02 1.071705184833204214e+02
2.961404148883246421e+02 1.061716033786374567e+02
2.963673197587427239e+02 1.051725602352844930e+02
2.965605689341039124e+02 1.041733738221171564e+02
2.967152724587145940e+02 1.031740233229542980e+02
2.968260433813840109e+02 1.021744858059415719e+02
2.968882217443345439e+02 1.011747414339820352e+02
2.968986865758444083e+02 1.001747769213289700e+02
2.968557778909540161e+02 9.917458520154872303e+01
2.967598256866734232e+02 9.817416767941423927e+01
2.966144499302033637e+02 9.717353976485921407e+01
2.964270155548125558e+02 9.617273280986196937e+01
2.962082824630090272e+02 9.517179261853479488e+01
2.959710485388354755e+02 9.417077367052721115e+01
2.957296876520550200e+02 9.316973715434383507e+01
2.954991966667859060e+02 9.216874691053038759e+01
2.952945214476087017e+02 9.116786656253131582e+01
2.951307438578716074e+02 9.016716031272775922e+01
2.950225507645016592e+02 8.916669068203023585e+01
2.949819970582735777e+02 8.816650898722065222e+01
2.950176529258428673e+02 8.716635470826122400e+01
2.951355296675787372e+02 8.616523042554564427e+01
2.953392790986546288e+02 8.516224767639130278e+01
2.956306876409701090e+02 8.415754606666055793e+01
2.960109628939371760e+02 8.315263175061519973e+01
2.964794418810704997e+02 8.214984692726051208e+01
2.970329242107899290e+02 8.115139099281654467e+01
2.976667900233437081e+02 8.015957030195579591e+01
2.983755791380554570e+02 7.917723463712266607e+01
2.991526817964535212e+02 7.820783689260255755e+01
2.999899200069959306e+02 7.725511628948288489e+01
3.008781348601517607e+02 7.632232086874293486e+01
3.018080315307691421e+02 7.541126907983158389e+01
3.027700760998419582e+02 7.452262634395475516e+01
3.037549950894796780e+02 7.365648518579638449e+01
3.047547580364487203e+02 7.281270241927839493e+01
3.057633072730912431e+02 7.199071725250837517e+01
3.067759856863635264e+02 7.118913684805900743e+01
3.077892562080360790e+02 7.040679513846245641e+01
3.088009513384029106e+02 6.964380489793768447e+01
3.098103540236085678e+02 6.890064707842452663e+01
3.108172815029416256e+02 6.817773490567526551e+01
3.118219000306888802e+02 6.747477408474924232e+01
3.128251192645770971e+02 6.679043747593263447e+01
3.138279650176540372e+02 6.612406644002876988e+01
3.148307334997043654e+02 6.547584723965712783e+01
3.158334205730332087e+02 6.484675186601077712e+01
3.168360272507798641e+02 6.423654232124619057e+01
3.178385637622455988e+02 6.364281562713594553e+01
3.188410400472633910e+02 6.306323680483646399e+01
3.198434574339820529e+02 6.249749385717473160e+01
3.208458109844119690e+02 6.194674677364039894e+01
3.218480933213666049e+02 6.141272853853149627e+01
3.228502998601777563e+02 6.089651614208980845e+01
3.238524296260182496e+02 6.039833858224037044e+01
3.248544818824464073e+02 5.991836885741577134e+01
3.258564504740025995e+02 5.945805295451438610e+01
3.268583228173265525e+02 5.902034684675311382e+01
3.278600839026321410e+02 5.860877650218429835e+01
3.288617234835903673e+02 5.822574889899914297e+01
3.298632342681526097e+02 5.787297702167683155e+01
3.308649048505314454e+02 5.755243611662746162e+01
3.318677528577792941e+02 5.726539052723083500e+01
3.328729748564856550e+02 5.701264935446758386e+01
3.338817578131004780e+02 5.679516265972873157e+01
