3.341551924360543353e+02 5.517602537892139480e+01
3.351666616899011046e+02 5.497402083755730473e+01
3.361774894642138634e+02 5.482217648138032473e+01
3.371839351651967149e+02 5.472975731762485907e+01
3.381806551934261051e+02 5.470673518374454147e+01
3.391601323728253874e+02 5.476271616655097318e+01
3.401122209923438504e+02 5.490648153476081461e+01
3.410249115997066838e+02 5.514640748715768837e+01
3.418853000596130869e+02 5.548977202114011220e+01
3.426812510793947695e+02 5.594029082895326610e+01
3.434021696854279639e+02 5.649705300395734753e+01
3.440399991711434495e+02 5.715427179021639859e+01
3.445903387610056825e+02 5.790237783463408050e+01
3.450521700231669797e+02 5.872905636098124660e+01
3.454271707324593876e+02 5.962015609894001500e+01
3.457191619546736092e+02 6.056135465289281683e+01
3.459337730592404796e+02 6.153886693434486688e+01
3.460783001291792402e+02 6.253954176553224897e+01
3.461619181491233235e+02 6.355254999145674333e+01
3.461958088303834984e+02 6.456981293963076496e+01
3.461906205999068789e+02 6.558600523264496474e+01
3.461542411266558474e+02 6.659844826930827821e+01
3.460917670273991007e+02 6.760657134872417373e+01
3.460074513285882176e+02 6.861107637259618741e+01
3.459053770632274905e+02 6.961313697054475824e+01
3.457893233053875974e+02 7.061393706620285116e+01
3.456624823809795544e+02 7.161448607934329402e+01
3.455266985376002822e+02 7.261507316183093508e+01
3.453816667780133685e+02 7.361569961201658430e+01
3.452266211091591686e+02 7.461636869067623934e+01
3.450619345276580816e+02 7.561707880999077247e+01
3.448890510204266775e+02 7.661782382301424832e+01
3.447090515776703796e+02 7.761859912805101658e+01
3.445230061896944562e+02 7.861940017023115956e+01
3.443329368381782842e+02 7.962021834212762883e+01
3.441414754992744065e+02 8.062104243961186967e+01
3.439514061477582345e+02 8.162186061150836736e+01
3.437653607597823111e+02 8.262266165368851034e+01
3.435853613170260132e+02 8.362343695872527860e+01
3.434124778097946091e+02 8.462418197174875445e+01
3.432477912282935222e+02 8.562489209106328758e+01
3.430930425567482871e+02 8.662555990542728068e+01
3.429496277825103903e+02 8.762617947222540238e+01
3.428179809016475588e+02 8.862674894396840841e+01
3.426986909088229254e+02 8.962726581334939624e+01
3.425932977900833976e+02 9.062772352476119408e+01
3.425038335270177186e+02 9.162811342820791083e+01
3.424325820989316753e+02 9.262842580095787071e+01
3.423807454949341604e+02 9.362865552623205190e+01
3.423470557265142133e+02 9.462880800176404250e+01
3.423275538295426372e+02 9.562890008057254931e+01
3.423173108486790852e+02 9.662895274485731534e+01
3.423117198256657048e+02 9.762898560610020127e+01
3.423061288026523812e+02 9.862901846734311562e+01
3.422958858217888292e+02 9.962907113162785322e+01
3.422763839248171962e+02 1.006291632104363600e+02
3.422426941563973060e+02 1.016293156859683791e+02
3.421905615550817856e+02 1.026295466712813038e+02
3.421176921416557093e+02 1.036298659316756812e+02
3.420243869133917087e+02 1.046302721858282609e+02
3.419130608484086338e+02 1.056307551533551248e+02
3.417872459147043855e+02 1.066312997989287226e+02
3.416511270743604882e+02 1.076318883074737869e+02
3.415085262927472627e+02 1.086325044091653069e+02
3.413628115393487406e+02 1.096331337668052868e+02
3.412170967859502184e+02 1.106337631244452666e+02
3.410744960043369929e+02 1.116343792261367582e+02
3.409383771639930956e+02 1.126349677346818225e+02
3.408122662329707282e+02 1.136355136402941923e+02
3.406993221826477338e+02 1.146360034954654736e+02
3.406018799918674631e+02 1.156364273603627169e+02
3.405214596468578065e+02 1.166367787645165208e+02
3.404589621394553092e+02 1.176370538724710855e+02
3.404145684680198656e+02 1.186372519137296422e+02
3.403880366347442532e+02 1.196373739184590761e+02
3.403804276300151059e+02 1.206374153701014791e+02
3.403941484320237123e+02 1.216373660223279956e+02
3.404311240233282092e+02 1.226372176806297034e+02
3.404917184006307593e+02 1.236369687954994561e+02
3.405745415765255188e+02 1.246366252840112452e+02
3.406767615766720496e+02 1.256361992016711895e+02
3.407947794336794232e+02 1.266357058690183237e+02
3.409242811866349712e+02 1.276351636502664633e+02
3.410602358811225372e+02 1.286345939618178988e+02
3.411958285788900866e+02 1.296340258143627011e+02
3.413222013601962317e+02 1.306334969154126213e+02
3.414302393076281987e+02 1.316330460664995883e+02
3.415117904950480465e+02 1.326327079697725821e+02
3.415605229798272831e+02 1.336325095798449354e+02
3.415713988076132068e+02 1.346324723429171399e+02
3.415402130165055610e+02 1.356326141592022054e+02
3.414637956352264041e+02 1.366329485230343153e+02
3.413402786807009193e+02 1.376334833862798632e+02
3.411692301568433550e+02 1.386342205879142853e+02
3.409515640553722164e+02 1.396351562371422403e+02
3.406885993643366533e+02 1.406362847191287244e+02
3.403816493361448465e+02 1.416378974461460132e+02
3.400322173120110847e+02 1.426410110278504249e+02
3.396415671287456348e+02 1.436465240923725446e+02
3.392099252223825374e+02 1.446543036745948712e+02
3.387367992077366807e+02 1.456628508569648375e+02
3.382211778514281377e+02 1.466695289202991148e+02
3.376615373790789363e+02 1.476711053218456016e+02
3.370564240667594618e+02 1.486643592207610709e+02
3.364044602502034422e+02 1.496465534568074531e+02
3.357046892578284769e+02 1.506154180818612076e+02
3.349564979087433585e+02 1.515687976866352642e+02
3.341601888747908333e+02 1.525054399713430371e+02
3.333179911833559572e+02 1.534258164515372869e+02
3.324336740087746307e+02 1.543325441059774050e+02
3.315120479702019338e+02 1.552302214980631447e+02
3.305588304765108774e+02 1.561248053433981227e+02
3.295806899499973497e+02 1.570227233134955327e+02
3.285849677848198667e+02 1.579299252107731775e+02
3.275789375778173280e+02 1.588509991139163731e+02
3.265694474754280918e+02 1.597885488947270574e+02
3.255638564585563017e+02 1.607430242309237940e+02
3.245697221333103357e+02 1.617131419389992857e+02
3.235944672459879712e+02 1.626967124013164891e+02
3.226456820475659697e+02 1.636914292861321769e+02
3.217302567988651845e+02 1.646945202372602353e+02
3.208527747212571626e+02 1.657027387150262143e+02
3.200159050023729606e+02 1.667128343275474549e+02
3.192205913911190578e+02 1.677221620334251497e+02
3.184663505022289200e+02 1.687292228767947222e+02
3.177505617975321570e+02 1.697338960118981390e+02
3.170681391713735593e+02 1.707371070981031949e+02
3.164126810365914935e+02 1.717399063957640237e+02
3.157768147242944110e+02 1.727426222924798935e+02
3.151537262962211798e+02 1.737452837946839850e+02
3.145383287984628851e+02 1.747479125571643408e+02
3.139267882657579776e+02 1.757505249008285944e+02
3.133166457203863047e+02 1.767531312933637651e+02
3.127065101749511769e+02 1.777557376561007345e+02
3.120960116328051299e+02 1.787583455640879606e+02
3.114853300923170991e+02 1.797609542510856215e+02
3.108753575454052225e+02 1.807635599199498984e+02
3.102673159809972390e+02 1.817661573687638850e+02
3.096623893883655683e+02 1.827687415573725218e+02
3.090612417614939318e+02 1.837713096592023021e+02
3.084645840939402319e+02 1.847738586476060618e+02
3.078736833742247541e+02 1.857763831291070176e+02
3.072900395887565992e+02 1.867788767183735104e+02
3.067143177315104481e+02 1.877813365845751719e+02
3.061475817928458696e+02 1.887837581983834241e+02
3.055903087684409343e+02 1.897861395292628401e+02
3.050430826530042623e+02 1.907884780911909388e+02
3.045062844430838140e+02 1.917907722622935012e+02
3.039797201404372800e+02 1.927930228684067799e+02
3.034632397464238238e+02 1.937952305480638984e+02
3.029561712671321061e+02 1.947973981618933976e+02
3.024579207079440835e+02 1.957995282384866869e+02
3.019685350684339937e+02 1.968016205777699952e+02
3.014878363502145362e+02 1.978036759374693361e+02
3.010159505521442043e+02 1.988056937812168883e+02
3.005529926731808814e+02 1.998076736194705063e+02
3.000987787149917381e+02 2.008096162354976002e+02
2.996524146856770585e+02 2.018115254349557972e+02
2.992121936007031309e+02 2.028134084843524647e+02
2.987756274826127765e+02 2.038152759748244023e+02
2.983385123694966978e+02 2.048171458023277012e+02
2.978958183069296410e+02 2.058190393790078190e+02
2.974428903370886701e+02 2.068209765206772488e+02
2.969752815002660782e+02 2.078229761577158570e+02
2.964891628311550562e+02 2.088250545897468555e+02
2.959809983617937519e+02 2.098272268691253544e+02
2.954489381089441622e+02 2.108295008710937282e+02
2.948919570818935654e+02 2.118318809589619036e+02
2.943106032756766695e+02 2.128343647999554378e+02
2.937073996674336058e+02 2.138369416539464396e+02
2.930862142221180306e+02 2.148395950552931595e+02
2.924524468908027757e+02 2.158423020168015967e+02
2.918128186125915704e+02 2.168450339279291939e+02
2.911746903207895230e+02 2.178477594537251889e+02
2.905451989507312192e+02 2.188504482127816004e+02
2.899309174428613574e+02 2.198530722245751861e+02
2.893378477427982602e+02 2.208556059392656721e+02
2.887702738117264403e+02 2.218580311203458848e+02
2.882305356284441586e+02 2.228603378066984533e+02
2.877185971932774464e+02 2.238625261515713873e+02
2.872312565352384581e+02 2.248646097855192352e+02
2.867631317030911760e+02 2.258666116191118931e+02
2.863066297656327492e+02 2.268685639748981657e+02
2.858533557989266569e+02 2.278705025894507514e+02
2.853947381449451086e+02 2.288727609543774122e+02
2.849228492303528242e+02 2.298763958260428808e+02
2.844315262193008493e+02 2.308826334500581083e+02
2.839163129578569738e+02 2.318923868040423031e+02
2.833751349106621547e+02 2.329050647137033252e+02
2.828076675405073388e+02 2.339181925381379301e+02
2.822145240316121999e+02 2.349280536334147200e+02
2.815965354923436053e+02 2.359299734192441917e+02
2.809542155273707067e+02 2.369191596658485253e+02
2.802875935197554327e+02 2.378905342021361378e+02
2.795958559217849029e+02 2.388376274326699615e+02
2.788771306369247895e+02 2.397533732627318557e+02
2.781287608957751445e+02 2.406312539428362811e+02
2.773479671722130888e+02 2.414671582678640789e+02
2.765326093545226058e+02 2.422589503286779404e+02
2.756813052269664581e+02 2.430049379938835159e+02
2.747948756091865903e+02 2.437034327540447975e+02
2.738763634319005860e+02 2.443522976363849750e+02
2.729298956439141079e+02 2.449482230429593983e+02
2.719608885980177888e+02 2.454870518792963878e+02
2.709751861528270069e+02 2.459640402257630285e+02
2.699781095745895527e+02 2.463736013797074236e+02
2.689741162859947394e+02 2.467099523139838766e+02
2.679668947274795414e+02 2.469687252877410515e+02
2.669595036411802198e+02 2.471470342541078367e+02
2.659536774270501951e+02 2.472440298222422257e+02
2.649498952258610984e+02 2.472599789549146294e+02
2.639477012994240113e+02 2.471963536054880990e+02
2.629451841304719437e+02 2.470567949440682298e+02
2.619401423556225268e+02 2.468463903877068617e+02
2.609314146391471922e+02 2.465721109432412561e+02
2.599196318295318520e+02 2.462412019908675802e+02
2.589072944325299659e+02 2.458594149383247043e+02
2.578978416764474559e+02 2.454319641924492998e+02
2.568952373158206228e+02 2.449634819219533881e+02
2.559044132283785018e+02 2.444586271746007640e+02
2.549312012190870291e+02 2.439215701628368151e+02
2.539824329368511542e+02 2.433550328297613703e+02
2.530654277525805469e+02 2.427609660353099628e+02
2.521877403563128439e+02 2.421399856255949317e+02
2.513560058478043970e+02 2.414909263451834818e+02
2.505754202234030004e+02 2.408116620560383296e+02
2.498503072482161542e+02 2.400995443283804036e+02
2.491842419909869761e+02 2.393512929138223058e+02
2.485795586597869260e+02 2.385638978486302335e+02
2.480377496645202768e+02 2.377360427678557357e+02
2.475595980886203336e+02 2.368684503445483642e+02
2.471448544156558000e+02 2.359640536674470184e+02
2.467926437288409431e+02 2.350273375016089119e+02
2.465012707673864156e+02 2.340638821141294557e+02
2.462673975589631823e+02 2.330800437719736919e+02
2.460869075930321230e+02 2.320818190529974743e+02
2.459553516681895076e+02 2.310750429498201868e+02
2.458692039605347759e+02 2.300646975166188213e+02
2.458254923072220492e+02 2.290545094393229704e+02
2.458215412726421505e+02 2.280469661294991681e+02
2.458564124194537897e+02 2.270426715874423849e+02
2.459306799367622602e+02 2.260407293607716781e+02
2.460458937022130499e+02 2.250399328408993256e+02
2.462052863316808953e+02 2.240392452575485720e+02
2.464126685263310890e+02 2.230383533861543413e+02
2.466719382508455283e+02 2.220372406333681283e+02
2.469847824899389934e+02 2.210358998178202796e+02
2.473507552476524722e+02 2.200343328380827188e+02
2.477684825364352434e+02 2.190325455431192552e+02
2.482349093839673628e+02 2.180305509377219835e+02
2.487453858323806060e+02 2.170283688164189755e+02
2.492939669355401691e+02 2.160260244864079482e+02
2.498734117590537380e+02 2.150235487718131822e+02
2.504752203799363315e+02 2.140209778561805649e+02
2.510911678727112815e+02 2.130183467524119578e+02
2.517146162975227526e+02 2.120156837177282796e+02
2.523398707059707817e+02 2.110130129951052993e+02
2.529620171425791284e+02 2.100103555028894675e+02
2.535763846496698193e+02 2.090077311250035166e+02
2.541788792643368424e+02 2.080051572891459273e+02
2.547661030173681240e+02 2.070026484602212804e+02
2.553348119381561503e+02 2.060002184475734452e+02
2.558827930467520559e+02 2.049978766716950815e+02
2.564080103616031465e+02 2.039956317996096402e+02
2.569090198957929942e+02 2.029934899782630282e+02
2.573870296383763616e+02 2.019914460653348556e+02
2.578449755627513582e+02 2.009894875626026760e+02
2.582876696253184150e+02 1.999875939859225582e+02
2.587197677838914842e+02 1.989857455152251191e+02
2.591459309962390876e+02 1.979839223091565543e+02
2.595715582134432111e+02 1.969821013847798099e+02
2.600021913852900184e+02 1.959802591504229383e+02
2.604430054648910300e+02 1.949783735766918085e+02
2.608979444165112227e+02 1.939764278744211197e+02
2.613680942303107599e+02 1.929744174206307150e+02
2.618520629189020497e+02 1.919723481409083945e+02
2.623472815055617389e+02 1.909702309711988164e+02
2.628513120123795943e+02 1.899680762897942827e+02
2.633617094615086103e+02 1.889658945047854104e+02
2.638758958763070837e+02 1.879636965904288104e+02
2.643915392779042577e+02 1.869614924737867625e+02
2.649080196719177138e+02 1.859592847941296441e+02
2.654260100522497510e+02 1.849570706865720240e+02
2.659468714065687891e+02 1.839548443574896623e+02
2.664730867123774374e+02 1.829525952370302377e+02
2.670073239455020939e+02 1.819503119678172141e+02
2.675520470836173672e+02 1.809479840608791505e+02
2.681092791083937641e+02 1.799456029045321372e+02
2.686803990073367459e+02 1.789431626285279435e+02
2.692658367765502589e+02 1.779406614024048281e+02
2.698638564317633950e+02 1.769381066161199385e+02
2.704714020006654209e+02 1.759355112787222879e+02
2.710854075110360100e+02 1.749328884418296752e+02
2.717023449948409279e+02 1.739302531237422045e+02
2.723177784922730211e+02 1.729276242080138672e+02
2.729274020423471256e+02 1.719250200248034730e+02
2.735272086813690180e+02 1.709224576314601336e+02
2.741143834348442283e+02 1.699199490111229807e+02
2.746880353108458053e+02 1.689174979566789716e+02
2.752490593012644808e+02 1.679151006582135892e+02
2.757996583861397539e+02 1.669127477378030733e+02
2.763425375409627804e+02 1.659104276805660447e+02
2.768805627397658782e+02 1.649081282862621833e+02
2.774171489516072029e+02 1.639058350176198360e+02
2.779546151554751532e+02 1.629035380029162354e+02
2.784946493360755539e+02 1.619012300565248665e+02
2.790380174864679930e+02 1.608989079176697317e+02
2.795843616098960638e+02 1.598965731103166377e+02
2.801324517175043525e+02 1.588942308704374966e+02
2.806797018327235946e+02 1.578918922063440959e+02
2.812230659831521962e+02 1.568895700845164924e+02
2.817593021981647325e+02 1.558872783057848324e+02
2.822857705016810428e+02 1.548850281083327900e+02
2.828016929007503109e+02 1.538828228040190709e+02
2.833074993914765400e+02 1.528806605623818768e+02
2.838029439760885566e+02 1.518785424306156528e+02
2.842869376644533190e+02 1.508764730444711404e+02
2.847583334669634496e+02 1.498744572865986129e+02
2.852166003884299244e+02 1.488724974174054410e+02
2.856616134299854934e+02 1.478705939690026412e+02
2.860933915914579302e+02 1.468687468605092761e+02
2.865106718842908435e+02 1.458669614683746545e+02
2.869097903416820259e+02 1.448652533898354591e+02
2.872861140056093632e+02 1.438636423470527461e+02
2.876364279052025950e+02 1.428621420259206047e+02
2.879594830517784203e+02 1.418607577432918561e+02
2.882548694490515686e+02 1.408594912444904708e+02
2.885227160958533545e+02 1.398583419803779577e+02
2.887627619945485549e+02 1.388573110620019975e+02
2.889757671382510580e+02 1.378563952541279036e+02
2.891643325033943484e+02 1.368555834845905963e+02
2.893332020469949839e+02 1.358548555587145756e+02
2.894879997180962050e+02 1.348541875357630886e+02
2.896336314722467478e+02 1.338535585314447758e+02
2.897743952705042147e+02 1.328529502496560895e+02
2.899141710777136041e+02 1.318523461736725153e+02
2.900556028699186868e+02 1.308517350482827908e+02
2.902008776273038393e+02 1.298511075636734233e+02
2.903519783319020462e+02 1.288504552784359873e+02
2.905105739685911317e+02 1.278497710878247915e+02
2.906777945271327326e+02 1.268490501815566915e+02
2.908547679973063396e+02 1.258482877578622663e+02
2.910431893637543226e+02 1.248474766013167994e+02
2.912433606237404433e+02 1.238466154263401791e+02
2.914542077869957097e+02 1.228457088048298829e+02
2.916754238563017338e+02 1.218447580436503870e+02
2.919076458258870161e+02 1.208437604311642417e+02
2.921516516887022590e+02 1.198427126555127700e+02
2.924078864407155720e+02 1.188416128223808812e+02
2.926759990851071507e+02 1.178404624259362095e+02
2.929534076452716249e+02 1.168392724574629540e+02
2.932369891495050638e+02 1.158380562112215557e+02
2.935250756129205456e+02 1.148368207877008160e+02
2.938170910407369547e+02 1.138355686388680681e+02
2.941127524355184732e+02 1.128343009694225714e+02
2.944120867970204927e+02 1.118330176644283256e+02
2.947156261204227121e+02 1.108317164592210418e+02
2.950230614085248817e+02 1.098303986691790897e+02
2.953328306754796131e+02 1.088290709435610779e+02
2.956438509310995641e+02 1.078277378925764936e+02
2.959537601967858791e+02 1.068264095709942012e+02
2.962577145164278818e+02 1.058251065991785254e+02
2.965490849500884565e+02 1.048238571960383752e+02
2.968198725702429783e+02 1.038226954124189660e+02
2.970605634630941267e+02 1.028216617483504081e+02
2.972593077360097027e+02 1.018208066479526224e+02
2.974044804943190456e+02 1.008201795975458026e+02
2.974870428199208732e+02 9.981981907513838337e+01
2.975007937689998698e+02 9.881975147769136925e+01
2.974443823537968683e+02 9.781998255626012906e+01
2.973223295333489773e+02 9.682049306545508216e+01
2.971438692239908050e+02 9.582124369717470813e+01
2.969208573182997952e+02 9.482218398175771767e+01
2.966676456862386431e+02 9.382325282435098757e+01
2.963999891850575636e+02 9.282438315768794723e+01
2.961328526791650688e+02 9.182551127744326891e+01
2.958804940393752645e+02 9.082657648891131430e+01
2.956569281387038473e+02 8.982751913181013492e+01
2.954749868608855081e+02 8.882828458175603714e+01
2.953450651117353800e+02 8.782882858840076779e+01
2.952756788140935100e+02 8.682911490008817168e+01
2.952750468934909236e+02 8.582910852945778402e+01
2.953504172842565367e+02 8.482877862258712298e+01
2.955090869202751378e+02 8.382809411696624124e+01
2.957594254614049873e+02 8.282672238087872074e+01
2.961087874861729574e+02 8.182360909715646358e+01
2.965613121088145476e+02 8.081783263770432768e+01
2.971166776298516652e+02 7.980922937047824917e+01
2.977703961247588040e+02 7.879829640457327855e+01
2.985141500674361623e+02 7.778680716283278684e+01
2.993362756365866630e+02 7.677788232510994249e+01
3.002233837339502998e+02 7.577528592139762509e+01
3.011613065674405902e+02 7.478356030355286066e+01
3.021355800213833618e+02 7.380811209267980644e+01
3.031328121797342874e+02 7.285486235031018509e+01
3.041422362721851869e+02 7.192929095902766790e+01
3.051558389992738398e+02 7.103557306837791430e+01
3.061683534008616334e+02 7.017678312707545274e+01
3.071771392899125885e+02 6.935405738439519041e+01
3.081816461729762864e+02 6.856704618055786682e+01
3.091825888160711884e+02 6.781451846173067111e+01
3.101811446417046909e+02 6.709328218683634759e+01
3.111784929420157937e+02 6.639847029166219272e+01
3.121756368834093109e+02 6.572542146360720494e+01
3.131728576445993326e+02 6.507041847204487794e+01
3.141701467756636248e+02 6.443147633496042204e+01
3.151674985212899287e+02 6.380724306460382422e+01
3.161649082414706413e+02 6.319662867085102675e+01
3.171623740589182034e+02 6.259919215769784273e+01
3.181598949562364851e+02 6.201469452730967191e+01
3.191574722658313021e+02 6.144344877685063011e+01
3.201551140800463600e+02 6.088735588909648300e+01
3.211528294107129682e+02 6.034853284486601410e+01
3.221506225998566606e+02 5.982799963491734729e+01
3.231484933111833016e+02 5.932567725996636909e+01
3.241464415021240484e+02 5.884155572010359947e+01
3.251444685433967834e+02 5.837595701241156121e+01
3.261425751969842963e+02 5.792906013526842912e+01
3.271407635359910273e+02 5.750135208426166855e+01
3.281390394178944803e+02 5.709420884692391951e+01
3.291374063886822228e+02 5.670846341570771187e+01
3.301361680268116174e+02 5.634566051230973471e+01
3.311363581482793847e+02 5.600833875889267688e+01
3.321391866437336375e+02 5.569881902611638225e+01
3.331455590242125595e+02 5.541980348380519672e+01
3.341551924360543353e+02 5.517602537892139480e+01
