3.379443295912833491e+02 5.701434627265749100e+01
3.389453802503202269e+02 5.707058714252838172e+01
3.399231351616037955e+02 5.722820176352158228e+01
3.408641315021104674e+02 5.749792592318320317e+01
3.417535613926879705e+02 5.788533763657372333e+01
3.425762180531347667e+02 5.838964816299036897e+01
3.433178181969940397e+02 5.900478664508023030e+01
3.439665614702721541e+02 5.972094476119173123e+01
3.445146538997512380e+02 6.052564922024035354e+01
3.449597040165610906e+02 6.140373570461389363e+01
3.453055585827893879e+02 6.233858943900719396e+01
3.455610403796689525e+02 6.331336682839676655e+01
3.457379243889143368e+02 6.431282785947465186e+01
3.458490697640559119e+02 6.532521816571264139e+01
3.459073730949622245e+02 6.634243957307205619e+01
3.459254294286945992e+02 6.735957465269970612e+01
3.459143404265519166e+02 6.837390763851524866e+01
3.458820299214734746e+02 6.938385024699533687e+01
3.458327522030735963e+02 7.038910858551054162e+01
3.457669857291336939e+02 7.139075070047900340e+01
3.456828793005589091e+02 7.239069872896968150e+01
3.455785253197476550e+02 7.339026356243113014e+01
3.454541135206737295e+02 7.438974301123795385e+01
3.453117038846722266e+02 7.538914584457890555e+01
3.451537893891551221e+02 7.638848267487517774e+01
3.449830490098491396e+02 7.738776490632903915e+01
3.448030047148429276e+02 7.838700753169922564e+01
3.446176724677490029e+02 7.938622764664694387e+01
3.444310772320985734e+02 8.038544238514543849e+01
3.442469359742135566e+02 8.138466757004647434e+01
3.440681786675463627e+02 8.238391567403118643e+01
3.438964742969747022e+02 8.338319380184526608e+01
3.437332118499136868e+02 8.438250786630581501e+01
3.435797873137145189e+02 8.538186381002810776e+01
3.434369866812557461e+02 8.638126497892594102e+01
3.433048109525281575e+02 8.738071137725620474e+01
3.431829401304312341e+02 8.838020164281482494e+01
3.430714142146025551e+02 8.937973594587728599e+01
3.429701012062380983e+02 9.037931372453442691e+01
3.428780671138004550e+02 9.137893100285307924e+01
3.427929889583373324e+02 9.237857789208294435e+01
3.427107287773414441e+02 9.337823677722255411e+01
3.426263756153094278e+02 9.437788675269607097e+01
3.425363915042975123e+02 9.537751275763460512e+01
3.424398844523879006e+02 9.637711099489430921e+01
3.423377684512990413e+02 9.737668535527058111e+01
3.422320284830458377e+02 9.837624428868562632e+01
3.421264315134968683e+02 9.937580383083559354e+01
3.420256964998953890e+02 1.003753840699738475e+02
3.419341694028640291e+02 1.013750035065345969e+02
3.418548381953296484e+02 1.023746748600984233e+02
3.417885958692013446e+02 1.033744019320661209e+02
3.417337114401628924e+02 1.043741773537649919e+02
3.416859999461327675e+02 1.053739833101197121e+02
3.416405634314897952e+02 1.063737989508940984e+02
3.415931489347687489e+02 1.073736061715445089e+02
3.415398814910792566e+02 1.083733884766308790e+02
3.414771841328310984e+02 1.093731306392656677e+02
3.414021678862003455e+02 1.103728203613001710e+02
3.413133237648594331e+02 1.113724512190907774e+02
3.412111287644863751e+02 1.123720252431729136e+02
3.410981928614331196e+02 1.133715535440236408e+02
3.409786500182431155e+02 1.143710537196169525e+02
3.408564621990184378e+02 1.153705426357421402e+02
3.407332473890990059e+02 1.163700271800435928e+02
3.406085815923264022e+02 1.173695055476009372e+02
3.404818228145176136e+02 1.183689750054921888e+02
3.403537020490493887e+02 1.193684386655023104e+02
3.402273382676617075e+02 1.203679098048642118e+02
3.401080154224783882e+02 1.213674109169728297e+02
3.400011764641827767e+02 1.223669651720682339e+02
3.399118893468556166e+02 1.233665941440575580e+02
3.398455990211622293e+02 1.243663210116946232e+02
3.398089654267589594e+02 1.253661741258519555e+02
3.398079175099255167e+02 1.263661787256170328e+02
3.398454282437249958e+02 1.273663474667171727e+02
3.399202436395191853e+02 1.283666750110151042e+02
3.400270087458276294e+02 1.293671385628769031e+02
3.401578296341746181e+02 1.303677045184306280e+02
3.403036303867938841e+02 1.313683342421629732e+02
3.404546070925156300e+02 1.323689859995463394e+02
3.405998448502360816e+02 1.333696133266508355e+02
3.407275317669788706e+02 1.343701659411183300e+02
3.408262739459804038e+02 1.353705953399696682e+02
3.408870124693204957e+02 1.363708629600586164e+02
3.409034283942530124e+02 1.373709419021114968e+02
3.408703837673312478e+02 1.383708102942389928e+02
3.407838296252415944e+02 1.393704509003025578e+02
3.406421449826711978e+02 1.403698568198871328e+02
3.404458598348178953e+02 1.413690303091432270e+02
3.401967211658529209e+02 1.423679788048538057e+02
3.398959409647948178e+02 1.433667074663667336e+02
3.395434612321691361e+02 1.443652160467826207e+02
3.391384799752423760e+02 1.453635011320774026e+02
3.386809721942411215e+02 1.463615626158289160e+02
3.381729948705277593e+02 1.473594092544553291e+02
3.376164619867602710e+02 1.483570491956397461e+02
3.370115165416430045e+02 1.493544830481171459e+02
3.363565515497363663e+02 1.503517039710689005e+02
3.356495760290799808e+02 1.513487034890314362e+02
3.348903989814043598e+02 1.523454807889392555e+02
3.340815443838405940e+02 1.533420466151770540e+02
3.332276431944291062e+02 1.543384206813919945e+02
3.323339053659643696e+02 1.553346251659693280e+02
3.314052408539586736e+02 1.563306809702279452e+02
3.304461996171864939e+02 1.573266074630071785e+02
3.294623866048631839e+02 1.583224285041628150e+02
3.284604757565183490e+02 1.593181725041638401e+02
3.274467550151791784e+02 1.603138662303204285e+02
3.264271603270617561e+02 1.613095349515183159e+02
3.254075656389443907e+02 1.623052036727162317e+02
3.243938448976051632e+02 1.633008973988728201e+02
3.233919340492603283e+02 1.642966413988738168e+02
3.224084180342460400e+02 1.652924637043251437e+02
3.214512907801318988e+02 1.662883983447875096e+02
3.205280842186735981e+02 1.672844773831395173e+02
3.196444172989595245e+02 1.682807247388334702e+02
3.188042929847204050e+02 1.692771574521910622e+02
3.180089572646665488e+02 1.702737808272944449e+02
3.172571481502325241e+02 1.712705894919512843e+02
3.165450526759663035e+02 1.722675672146485226e+02
3.158675808879863212e+02 1.732646923278274755e+02
3.152184578431477462e+02 1.742619381195175094e+02
3.145899486115341688e+02 1.752592716626917877e+02
3.139742252640719471e+02 1.762566596344329071e+02
3.133648098594555336e+02 1.772540744586220285e+02
3.127565004448181298e+02 1.782514939909290206e+02
3.121458740511740189e+02 1.792489036600270538e+02
3.115315506910269505e+02 1.802462975914110643e+02
3.109144003564942409e+02 1.812436794885733491e+02
3.102956850361412080e+02 1.822410547237063270e+02
3.096767187180624887e+02 1.832384288903604670e+02
3.090580053976914314e+02 1.842358041340071964e+02
3.084389190806999750e+02 1.852331777898348264e+02
3.078187057739197598e+02 1.862305466481499252e+02
3.071983764681906450e+02 1.872279150126660454e+02
3.065813551324890227e+02 1.882252974589668497e+02
3.059719567277185774e+02 1.892227123555230719e+02
3.053740272190322571e+02 1.902201760743249679e+02
3.047910825745730108e+02 1.912177035825899338e+02
3.042255617722420311e+02 1.922153052628671901e+02
3.036796177925319853e+02 1.932129902802360562e+02
3.031549886196955299e+02 1.942107660331675163e+02
3.026524372468194315e+02 1.952086357696668983e+02
3.021708526839699402e+02 1.962065947603318818e+02
3.017060389691653199e+02 1.972046251432614667e+02
3.012524841523476198e+02 1.982027034544902904e+02
3.008042092876900142e+02 1.992008042420865195e+02
3.003556474256326965e+02 2.001989038079559293e+02
2.999026806034873402e+02 2.011969846222347655e+02
2.994423418481366070e+02 2.021950340547370502e+02
2.989730931735157355e+02 2.031930455583694197e+02
2.984940155879513668e+02 2.041910152210520266e+02
2.980050990915341345e+02 2.051889430002159713e+02
2.975071996765081508e+02 2.061868325397572050e+02
2.970004353418042342e+02 2.071846843419884294e+02
2.964851490843146848e+02 2.081824998670222158e+02
2.959614759028163462e+02 2.091802796895383665e+02
2.954286218045031660e+02 2.101780204295679937e+02
2.948854018001120494e+02 2.111757170426991479e+02
2.943302529038047624e+02 2.121733628754162169e+02
2.937621181251582243e+02 2.131709534281888523e+02
2.931802614708410601e+02 2.141684855679476982e+02
2.925849879380898528e+02 2.151659605930434793e+02
2.919778625127246414e+02 2.161633851655055878e+02
2.913604821802758238e+02 2.171607660835836953e+02
2.907354429172220307e+02 2.181581143981584887e+02
2.901062816915159601e+02 2.191554451658419111e+02
2.894781994560335647e+02 2.201527805267072608e+02
2.888575001536567584e+02 2.211501473161749232e+02
2.882504627274942663e+02 2.221475722632431200e+02
2.876622311309383804e+02 2.231450772653425076e+02
2.870952503418359356e+02 2.241426727305636177e+02
2.865502353537085583e+02 2.251403617025812309e+02
2.860265461723551539e+02 2.261381414569871708e+02
2.855215838213240431e+02 2.271360009301301659e+02
2.850315943346288918e+02 2.281339241416535515e+02
2.845511177617402723e+02 2.291318878489501856e+02
2.840739371589879170e+02 2.301298655869488528e+02
2.835934065865886282e+02 2.311278290643735431e+02
2.831024678441871743e+02 2.321260452376763226e+02
2.825953036296565983e+02 2.331255123522997224e+02
2.820667921411425141e+02 2.341271126133013638e+02
2.815129857120205088e+02 2.351309942172503327e+02
2.809308234048355075e+02 2.361366661296303278e+02
2.803177163772750760e+02 2.371426763168739740e+02
2.796708913726517949e+02 2.381469649548756138e+02
2.789867510956739807e+02 2.391470097074990235e+02
2.782619558504530346e+02 2.401392083253952876e+02
2.774944939626432756e+02 2.411176071911491192e+02
2.766842879314554580e+02 2.420738668992885323e+02
2.758332476947171017e+02 2.429988444973639616e+02
2.749441614621221106e+02 2.438840397774541771e+02
2.740208964951751227e+02 2.447223521377217423e+02
2.730680783999461596e+02 2.455077762144403550e+02
2.720917729691541354e+02 2.462345007763556737e+02
2.710988309156605851e+02 2.468969699358437424e+02
2.700952615973559432e+02 2.474901792287232638e+02
2.690863005127204133e+02 2.480107339111652038e+02
2.680757838223345288e+02 2.484562552917223002e+02
2.670660639247063841e+02 2.488250103685888632e+02
2.660585896735083793e+02 2.491151572926841595e+02
2.650538478719102500e+02 2.493246291175468912e+02
2.640516798130871052e+02 2.494519471541821360e+02
2.630511834974532235e+02 2.494966395586036754e+02
2.620513325330242083e+02 2.494595009687759841e+02
2.610515206994004416e+02 2.493434008300856988e+02
2.600507061350674576e+02 2.491527677475710618e+02
2.590479578936028133e+02 2.488939298156338964e+02
2.580430799225052283e+02 2.485741812657907133e+02
2.570365208789733629e+02 2.482004160703883144e+02
2.560297020533312207e+02 2.477772673216786075e+02
2.550246603506007546e+02 2.473073457141920812e+02
2.540238973162784077e+02 2.467919379083850231e+02
2.530307042224069960e+02 2.462312219164460316e+02
2.520500040216351749e+02 2.456242796865138303e+02
2.510892432710247988e+02 2.449691168996763508e+02
2.501577162569914492e+02 2.442628670946957641e+02
2.492657415918335175e+02 2.435032941764861789e+02
2.484241041824671754e+02 2.426902080534634933e+02
2.476429539486674116e+02 2.418269379628617060e+02
2.469314970739004309e+02 2.409195681494974224e+02
2.462975495851864594e+02 2.399760959577809558e+02
2.457466409637145262e+02 2.390048770017999118e+02
2.452809443816630903e+02 2.380136276024186941e+02
2.448996432267377656e+02 2.370093023464231123e+02
2.445993147921962816e+02 2.359981677205127824e+02
2.443738189469500526e+02 2.349851746316969070e+02
2.442148977005597033e+02 2.339738269583843362e+02
2.441125566982166220e+02 2.329658311711900751e+02
2.440571307376453944e+02 2.319614491288054126e+02
2.440413846900931674e+02 2.309597560237200753e+02
2.440609657033113820e+02 2.299595333152899457e+02
2.441153331370342414e+02 2.289597556927801065e+02
2.442067622349535725e+02 2.279601358390443693e+02
2.443389729633639718e+02 2.269606895897051686e+02
2.445168562779502111e+02 2.259614377652005714e+02
2.447454711328746555e+02 2.249624019011256735e+02
2.450299844813213497e+02 2.239636039928195714e+02
2.453733232967699109e+02 2.229650565001927021e+02
2.457746905864415794e+02 2.219667560305055360e+02
2.462306303816498314e+02 2.209686878719539891e+02
2.467350887372474233e+02 2.199708262533395953e+02
2.472805257215511858e+02 2.189731390777286038e+02
2.478586314098546097e+02 2.179755909703837915e+02
2.484597088900182200e+02 2.169781406522645568e+02
2.490734442554928876e+02 2.159807442178305337e+02
2.496901215943113357e+02 2.149833603071603250e+02
2.503024349726701701e+02 2.139859578194319454e+02
2.509053564361260271e+02 2.129885153510137172e+02
2.514962280087620172e+02 2.119910215870980323e+02
2.520738877011064574e+02 2.109934715811812680e+02
2.526368685264512521e+02 2.099958590884091052e+02
2.531835434995379899e+02 2.089981771828251738e+02
2.537123586344468436e+02 2.080004192492258710e+02
2.542226609370943606e+02 2.070025825078635080e+02
2.547149294031405020e+02 2.060046689977873484e+02
2.551904850206162791e+02 2.050066843423460625e+02
2.556519767655201463e+02 2.040086398180353626e+02
2.561021966125549625e+02 2.030105473100858262e+02
2.565436095393863525e+02 2.020124173117258408e+02
2.569780855290710520e+02 2.010142577833354665e+02
2.574073365660973423e+02 2.000160760127065487e+02
2.578346136210092254e+02 1.990178858389811865e+02
2.582644676525719092e+02 1.980197066352556021e+02
2.587017536167963954e+02 1.970215590687198244e+02
2.591506524758002001e+02 1.960234609374215893e+02
2.596140482034526826e+02 1.950254245182251793e+02
2.600934537860452451e+02 1.940274562518017660e+02
2.605896242167369792e+02 1.930295593521016144e+02
2.611031214904359103e+02 1.920317362114956268e+02
2.616337986084739100e+02 1.910339862042213213e+02
2.621813595735330296e+02 1.900363080702399543e+02
2.627449703931696376e+02 1.890386982593070684e+02
2.633229020830495983e+02 1.880411494112638024e+02
2.639124736674643259e+02 1.870436501133940226e+02
2.645101361785698373e+02 1.860461852580030779e+02
2.651126616456136844e+02 1.850487411038573100e+02
2.657173990926156080e+02 1.840513063659472550e+02
2.663233905282554019e+02 1.830538769661744709e+02
2.669308349507302864e+02 1.820564537516595749e+02
2.675398403590615430e+02 1.810590371821464828e+02
2.681495217612678061e+02 1.800616234902894917e+02
2.687585271695991196e+02 1.790642069207764280e+02
2.693659715920739472e+02 1.780667837062615320e+02
2.699716670303957358e+02 1.770693530464499474e+02
2.705747864920576262e+02 1.760719114208955034e+02
2.711734719938941680e+02 1.750744509203007624e+02
2.717652005587651729e+02 1.740769608045378618e+02
2.723482472023002288e+02 1.730794337304754436e+02
2.729217059327082211e+02 1.720818658413732294e+02
2.734861307449695573e+02 1.710842594955470020e+02
2.740430226254842978e+02 1.700866210825852818e+02
2.745942895569648385e+02 1.690889587246299470e+02
2.751419105214802130e+02 1.680912808460618066e+02
2.756878955008187972e+02 1.670935960032253433e+02
2.762343524758807689e+02 1.660959131696398572e+02
2.767822844375784257e+02 1.650982366149638381e+02
2.773307483944557248e+02 1.641005623249520795e+02
2.778777003650327515e+02 1.631028815985260678e+02
2.784201463764366622e+02 1.621051816905637963e+02
2.789550384562843419e+02 1.611074496260714000e+02
2.794791566337507334e+02 1.601096716978703398e+02
2.799902879288870849e+02 1.591118384854678993e+02
2.804876613486788983e+02 1.581139467068037447e+02
2.809720478861406150e+02 1.571159996439382667e+02
2.814459575185300650e+02 1.561180079816597299e+02
2.819133362100943145e+02 1.551199885176472435e+02
2.823771129342947006e+02 1.541219537203250525e+02
2.828395426706997569e+02 1.531239131889750524e+02
2.833023234039245040e+02 1.521258741517926865e+02
2.837664571248902803e+02 1.511278408741794124e+02
2.842312408399666879e+02 1.501298103635432142e+02
2.846939735736263515e+02 1.491317711220302158e+02
2.851506553621116495e+02 1.481337061220893929e+02
2.855957642554551512e+02 1.471355918571865402e+02
2.860218173214571493e+02 1.461373964730305772e+02
2.864222276197998553e+02 1.451390919295018307e+02
2.867922011939195954e+02 1.441406578190804169e+02
2.871289240693130296e+02 1.431420821628841509e+02
2.874315112539986217e+02 1.421433611935673866e+02
2.877004347436999296e+02 1.411444969203811297e+02
2.879365345308058295e+02 1.401454929191110921e+02
2.881412896019159575e+02 1.391463554856943006e+02
2.883179019280181592e+02 1.381470982506853318e+02
2.884726434522845011e+02 1.371477479132842063e+02
2.886128861079203034e+02 1.361483358552674758e+02
2.887458158298161379e+02 1.351488926666306156e+02
2.888779015593592021e+02 1.341494458851804268e+02
2.890141592511014323e+02 1.331500168634659929e+02
2.891571198821105781e+02 1.321506163756702108e+02
2.893090004322992286e+02 1.311512538593132149e+02
2.894721398804747423e+02 1.301519392712554861e+02
2.896484582092407436e+02 1.291526807847214968e+02
2.898383174153173627e+02 1.281534799407046705e+02
2.900415854999005774e+02 1.271543361772957894e+02
2.902576864682092150e+02 1.261552470425274919e+02
2.904841533425958460e+02 1.251562020346576958e+02
2.907176401533771468e+02 1.241571869101399557e+02
2.909565779147691273e+02 1.231581949899174049e+02
2.912005426306135973e+02 1.221592244690695850e+02
2.914498332982013835e+02 1.211602766204059947e+02
2.917053739091604712e+02 1.201613553772908745e+02
2.919681714543668818e+02 1.191624650264102172e+02
2.922376329391935315e+02 1.181636030434295606e+02
2.925127863724472945e+02 1.171647652906540316e+02
2.927939937508482444e+02 1.161659533090769969e+02
2.930826060621556053e+02 1.151671728497538254e+02
2.933793632996644192e+02 1.141684270627814044e+02
2.936843314627768109e+02 1.131697162291143854e+02
2.939963005624559855e+02 1.121710351979185702e+02
2.943124476242800256e+02 1.111723719519997928e+02
2.946281186904168976e+02 1.101737066798024500e+02
2.949382058071481651e+02 1.091750176371438670e+02
2.952367700282844680e+02 1.081762795423676380e+02
2.955171094145500774e+02 1.071774638658120296e+02
2.957716930341801458e+02 1.061785385488553288e+02
2.959931179542502377e+02 1.051794720777574526e+02
2.961740452412560103e+02 1.041802332112191607e+02
2.963072279608595636e+02 1.031807910995748614e+02
2.963869061652498544e+02 1.021811212231510808e+02
2.964105698771689958e+02 1.011812128971595541e+02
2.963789640898667699e+02 1.001810692929816184e+02
2.962964507638209852e+02 9.918070897916172157e+01
2.961704518317838506e+02 9.818016355032077058e+01
2.960106242062574324e+02 9.717947411522385437e+01
2.958265987999790241e+02 9.617868167195697993e+01
2.956279855258765110e+02 9.517782712921149368e+01
2.954249952914321966e+02 9.417695395406829562e+01
2.952279820028327890e+02 9.317610622234320772e+01
2.950478515612634283e+02 9.217533035965414001e+01
2.948968458558044858e+02 9.117467847882105048e+01
2.947869797775929328e+02 9.017420172635030440e+01
2.947288384950272189e+02 8.917364815983293624e+01
2.947311712836686297e+02 8.817203201502138654e+01
2.948022539167945979e+02 8.716848451308194967e+01
2.949503977571843052e+02 8.616317303606967926e+01
2.951839113399103667e+02 8.515763396640630845e+01
2.955096263605306603e+02 8.415453741004583321e+01
2.959311022629170793e+02 8.315684054593498331e+01
2.964470706762961072e+02 8.216674199468258166e+01
2.970514228275299047e+02 8.118605476835401191e+01
2.977342188245659713e+02 8.021684657267906005e+01
2.984841205616481830e+02 7.926170216603361496e+01
2.992901786655687033e+02 7.832326996216102089e+01
3.001424462957987771e+02 7.740337063497406689e+01
3.010319834505708059e+02 7.650316013836228990e+01
3.019512326484617688e+02 7.562320530611131630e+01
3.028935549070560000e+02 7.476348787665276063e+01
3.038530644445697817e+02 7.392464880068155253e+01
3.048249496815770954e+02 7.310775360549851598e+01
3.058059028934392813e+02 7.231367021835501419e+01
3.067943542666476446e+02 7.154376096907463989e+01
3.077901144175286845e+02 7.079952506505605925e+01
3.087926615752940052e+02 7.008161229106701740e+01
3.098000951255262976e+02 6.938851854277723419e+01
3.108094909227277185e+02 6.871604333436860657e+01
3.118182284324021794e+02 6.805937346690959089e+01
3.128248281015796124e+02 6.741346759643164432e+01
3.138291787689215653e+02 6.677343020537719553e+01
3.148321996829229761e+02 6.613568117444592076e+01
3.158349219777411463e+02 6.549831187576688762e+01
3.168376456092220792e+02 6.486062857993289299e+01
3.178403632597756996e+02 6.422435027136873487e+01
3.188430543005239315e+02 6.359432290616689443e+01
3.198456886650685647e+02 6.297760942033232823e+01
3.208482355505697683e+02 6.238144574830272404e+01
3.218506677001752223e+02 6.181223483206309766e+01
3.228529596406686437e+02 6.127596061739490096e+01
3.238550884401955727e+02 6.077801005548872126e+01
3.248570417665522427e+02 6.032128012009604845e+01
3.258588188577557503e+02 5.990594980959508575e+01
3.268604355579423100e+02 5.952829715770926100e+01
3.278619207160402880e+02 5.918154522584222832e+01
3.288633017421499289e+02 5.885925507233508824e+01
3.298646000611872751e+02 5.855639374278979403e+01
3.308661258625565438e+02 5.826986352958076054e+01
3.318689056914900561e+02 5.799883379506977121e+01
3.328741336924081793e+02 5.774468263508191512e+01
3.338829799361732853e+02 5.751232907504686409e+01
3.348961294757270934e+02 5.730998410555437772e+01
3.359129827740155179e+02 5.714951828199681927e+01
3.369308318615786675e+02 5.704571821082743099e+01
3.379443295912833491e+02 5.701434627265749100e+01
