3.349041808178734527e+02 5.686101348410630862e+01
3.359163947455193124e+02 5.668723479064621529e+01
3.369237467081076147e+02 5.656676288333738967e+01
3.379208109142259673e+02 5.650893374978434736e+01
3.388999911544196948e+02 5.652270713495664722e+01
3.398510670858818230e+02 5.661683361128731917e+01
3.407619652242320853e+02 5.679797884370347560e+01
3.416197305643606796e+02 5.707081472653248966e+01
3.424121995180665863e+02 5.743827250730353740e+01
3.431287773373409777e+02 5.790121009313662626e+01
3.437611429218090962e+02 5.845775404506701989e+01
3.443039353492606551e+02 5.910294149728406410e+01
3.447553119584774777e+02 5.982964154117553335e+01
3.451174802159517299e+02 6.062905749397546629e+01
3.453968894417052979e+02 6.149079171550658884e+01
3.456028204420690031e+02 6.240363361154510358e+01
3.457457828175545274e+02 6.335571881278266915e+01
3.458364764858408194e+02 6.433534376152667278e+01
3.458852387015462000e+02 6.533236937044378578e+01
3.459009075584407924e+02 6.633927519416747032e+01
3.458907599183967250e+02 6.735070616096177787e+01
3.458606468195810066e+02 6.836290714401587820e+01
3.458145979231380807e+02 6.937338227453096806e+01
3.457541084008348093e+02 7.038068490417782641e+01
3.456789415446644398e+02 7.138451102256260583e+01
3.455883835554024017e+02 7.238575159919483326e+01
3.454824253248196442e+02 7.338560660617423537e+01
3.453625854843207321e+02 7.438510551747188515e+01
3.452318017429807924e+02 7.538455784138989202e+01
3.450931020733645482e+02 7.638397646778443573e+01
3.449485114571241411e+02 7.738337001685317773e+01
3.447987568876727096e+02 7.838274158335354969e+01
3.446437143661335654e+02 7.938209063943145338e+01
3.444832688935488250e+02 8.038141669554480018e+01
3.443183424615646118e+02 8.138072367654410755e+01
3.441515080468679457e+02 8.238002253540156516e+01
3.439856956229114076e+02 8.337932574479833647e+01
3.438227581729056510e+02 8.437864119274738073e+01
3.436630656934983108e+02 8.537797045429721265e+01
3.435060061902344160e+02 8.637731092423251766e+01
3.433508026701540530e+02 8.737665929495148021e+01
3.431974511332934981e+02 8.837601554942659732e+01
3.430473795667142554e+02 8.937538576649353672e+01
3.429029199492869111e+02 9.037477987321457817e+01
3.427648192742433366e+02 9.137420104948489552e+01
3.426315255556455099e+02 9.237364268861463756e+01
3.425007628141153759e+02 9.337309510192730500e+01
3.423712710610691943e+02 9.437255292574431564e+01
3.422440132877816268e+02 9.537202025944856132e+01
3.421225614618883810e+02 9.637151230864316176e+01
3.420118305388565432e+02 9.737104999593140064e+01
3.419166194752043566e+02 9.837065375011761148e+01
3.418395112475283213e+02 9.937033456674294030e+01
3.417803668570879267e+02 1.003700918540999396e+02
3.417366613267611228e+02 1.013699148635470522e+02
3.417043706930077178e+02 1.023697864653678948e+02
3.416790069964915801e+02 1.033696875546502554e+02
3.416563852751313561e+02 1.043696003163188379e+02
3.416323415666552705e+02 1.053695070246930356e+02
3.416022749127511133e+02 1.063693880938322707e+02
3.415606623634604375e+02 1.073692200129454477e+02
3.415021079676743057e+02 1.083689798118662111e+02
3.414229487585815832e+02 1.093686518976147397e+02
3.413224497428417408e+02 1.103682331413785107e+02
3.412029068996517935e+02 1.113677333169718224e+02
3.410685781904317082e+02 1.123671705502227667e+02
3.409239455745719169e+02 1.133665639205022160e+02
3.407728310174427975e+02 1.143659296976352380e+02
3.406183054912194166e+02 1.153652809545241098e+02
3.404624599769559836e+02 1.163646265923211445e+02
3.403075044546285426e+02 1.173639760187483034e+02
3.401569388925252611e+02 1.183633441329126867e+02
3.400160862424164065e+02 1.193627535942278826e+02
3.398914764451364476e+02 1.203622322001709222e+02
3.397885574513232996e+02 1.213618031422663250e+02
3.397110472272896118e+02 1.223614822476227459e+02
3.396612157524679674e+02 1.233612791793754582e+02
3.396406790122164239e+02 1.243612008166550140e+02
3.396514789880332046e+02 1.253612558520262610e+02
3.396961156572668870e+02 1.263614549277085359e+02
3.397769889981719871e+02 1.273618082602325217e+02
3.398933930171455131e+02 1.283623128442354471e+02
3.400402157605048501e+02 1.293629469185070491e+02
3.402099192965489465e+02 1.303636783946274704e+02
3.403932137094506061e+02 1.313644677261093818e+02
3.405797940925791636e+02 1.323652710457244837e+02
3.407587465448219177e+02 1.333660418937997747e+02
3.409192281644227478e+02 1.343667341129012698e+02
3.410499890533133112e+02 1.353672998130417113e+02
3.411392853179011126e+02 1.363676890013312857e+02
3.411764850545184231e+02 1.373678564185393327e+02
3.411526493441576804e+02 1.383677640123461856e+02
3.410620702385368759e+02 1.393673874844365059e+02
3.409034447494619258e+02 1.403667212880855857e+02
3.406790328564557626e+02 1.413657750438597134e+02
3.403933245188364936e+02 1.423645678651849380e+02
3.400509946942457873e+02 1.433631196530115517e+02
3.396565953414399246e+02 1.443614497846926099e+02
3.392136964280725238e+02 1.453595734573174241e+02
3.387249139304412324e+02 1.463575018069043097e+02
3.381927338260212537e+02 1.473552454160762863e+02
3.376185181024721373e+02 1.483528100827144840e+02
3.370019927622764726e+02 1.493501946404316527e+02
3.363410098248964459e+02 1.503473899454328659e+02
3.356328703147864871e+02 1.513443845083780843e+02
3.348763772427923300e+02 1.523411732337726505e+02
3.340718386061230376e+02 1.533377574327379875e+02
3.332214813846009065e+02 1.543341465853631576e+02
3.323290635441761651e+02 1.553303566890323282e+02
3.313993760414394387e+02 1.563264081384947985e+02
3.304381108248179544e+02 1.573223251639556111e+02
3.294522058314494188e+02 1.583181372997020731e+02
3.284497029884685162e+02 1.593138787796255258e+02
3.274380342285369352e+02 1.603095812409158043e+02
3.264237264925162663e+02 1.613052724682792700e+02
3.254126487272299073e+02 1.623009774453902310e+02
3.244104838811864511e+02 1.632967203641417200e+02
3.234234268982556841e+02 1.642925275959535156e+02
3.224578247209299775e+02 1.652884261592921291e+02
3.215197312943566885e+02 1.662844418253560548e+02
3.206135765783971578e+02 1.672805934521581150e+02
3.197416865519766134e+02 1.682768909412191931e+02
3.189054842022018192e+02 1.692733403500905638e+02
3.181048595300694615e+02 1.702699412105146166e+02
3.173388595442142446e+02 1.712666894656772456e+02
3.166053422640439408e+02 1.722635759973249492e+02
3.159005767233635993e+02 1.732605849230094464e+02
3.152204399595300401e+02 1.742576986915825614e+02
3.145604390132525623e+02 1.752548981768475471e+02
3.139153699316823349e+02 1.762521612259605490e+02
3.132800177620703721e+02 1.772494656392518664e+02
3.126492955505078726e+02 1.782467897619335417e+02
3.120200713253726690e+02 1.792441202614330678e+02
3.113908471002374085e+02 1.802414507609325938e+02
3.107612678783186766e+02 1.812387797492369259e+02
3.101314036589822081e+02 1.822361075243283040e+02
3.095014764402165497e+02 1.832334350312357287e+02
3.088714552223025862e+02 1.842307621379956970e+02
3.082423939956905201e+02 1.852280933313679157e+02
3.076165677397673903e+02 1.862254382957720509e+02
3.069975684219876371e+02 1.872228123219488793e+02
3.063886490128771811e+02 1.882202292575543368e+02
3.057919414931188271e+02 1.892176981782730536e+02
3.052084148539328226e+02 1.902152232090293751e+02
3.046389600872462324e+02 1.912128081427101733e+02
3.040841871875321658e+02 1.922104555760170399e+02
3.035448671478047800e+02 1.932081687910104506e+02
3.030211939663063276e+02 1.942059486135265729e+02
3.025123726502400814e+02 1.952037916593396858e+02
3.020174592081592095e+02 1.962016939099477781e+02
3.015351856515524673e+02 1.971996499676170913e+02
3.010638859955148519e+02 1.981976527403726891e+02
3.006017492564550935e+02 1.991956945189907628e+02
3.001470364501295194e+02 2.001937679007435804e+02
2.996981365911347552e+02 2.011918660277849540e+02
2.992524657028833417e+02 2.021899779003168760e+02
2.988066638158188653e+02 2.031880892151964986e+02
2.983570339634383117e+02 2.041861842347097991e+02
2.978999731783869720e+02 2.051842476212901829e+02
2.974325484872395577e+02 2.061822668894858168e+02
2.969527339083528545e+02 2.071802334148421210e+02
2.964592004537682897e+02 2.081781415399553055e+02
2.959507531343134588e+02 2.091759861778444360e+02
2.954259459630897595e+02 2.101737611730498827e+02
2.948840099470648397e+02 2.111714632520248927e+02
2.943257080793255795e+02 2.121690956627748790e+02
2.937533973385160380e+02 2.131666684387842565e+02
2.931703036954068580e+02 2.141641953127729323e+02
2.925793681233507755e+02 2.151616888042478024e+02
2.919833325975036473e+02 2.161591605855951173e+02
2.913851440911640225e+02 2.171566232018631126e+02
2.907883375723026802e+02 2.181540917011499516e+02
2.901974050002194190e+02 2.191515852053954916e+02
2.896176823265669782e+02 2.201491264293528047e+02
2.890531795150122889e+02 2.211467324431417865e+02
2.885068075391802154e+02 2.221444156385627196e+02
2.879792413929546910e+02 2.231421788890148150e+02
2.874696260840825630e+02 2.241400185548590684e+02
2.869760126302228400e+02 2.251379263394212273e+02
2.864947870641206578e+02 2.261358868583089361e+02
2.860217084242018473e+02 2.271338820580611753e+02
2.855518547550626067e+02 2.281318909862764599e+02
2.850787591152978280e+02 2.291298861136616267e+02
2.845962625607115797e+02 2.301278412220449638e+02
2.840989208763251099e+02 2.311260301384954516e+02
2.835833207382296450e+02 2.321254613420137218e+02
2.830479483118802477e+02 2.331270323965084685e+02
2.824927318955336091e+02 2.341309079982456751e+02
2.819185805157642903e+02 2.351366140125535367e+02
2.813257663043373213e+02 2.361427105848204349e+02
2.807130662548262308e+02 2.371468474875508718e+02
2.800787464098917781e+02 2.381454873074320631e+02
2.794207206462415911e+02 2.391344261259813209e+02
2.787364946414601263e+02 2.401085662789602395e+02
2.780233510398617796e+02 2.410609381357417078e+02
2.772785739717925821e+02 2.419839880667331329e+02
2.764989627662990301e+02 2.428710543866787361e+02
2.756819198464854708e+02 2.437170989923370428e+02
2.748260807330752868e+02 2.445182380400830482e+02
2.739328838022023547e+02 2.452706276180943519e+02
2.730065389072060498e+02 2.459703176114538223e+02
2.720525739281738424e+02 2.466131195137760699e+02
2.710774733356194588e+02 2.471954128959211801e+02
2.700872355054182776e+02 2.477143032660760582e+02
2.690864879489400892e+02 2.481670962986251254e+02
2.680794277642756356e+02 2.485511938366029199e+02
2.670694786996963330e+02 2.488636084274535847e+02
2.660586949485783634e+02 2.491021847961196727e+02
2.650479185264655939e+02 2.492657465163076722e+02
2.640377545923842035e+02 2.493551971722986877e+02
2.630295242738117736e+02 2.493737984175365909e+02
2.620246553772345237e+02 2.493253573645280028e+02
2.610243150164885719e+02 2.492145480238948210e+02
2.600302150829929246e+02 2.490463327279283021e+02
2.590441856458870689e+02 2.488256323116130488e+02
2.580687850033536961e+02 2.485563757009356038e+02
2.571079087161685379e+02 2.482410235011555244e+02
2.561666288905934152e+02 2.478828503333298272e+02
2.552501544172939703e+02 2.474861214097667528e+02
2.543622880801044062e+02 2.470553589594643142e+02
2.535053394642973217e+02 2.465946588511787354e+02
2.526802624421384564e+02 2.461066371691404981e+02
2.518866270489351677e+02 2.455929290978538404e+02
2.511234188504031692e+02 2.450541043241476018e+02
2.503898503591188387e+02 2.444907455010554145e+02
2.496866493215865717e+02 2.439029137270659930e+02
2.490149141008508309e+02 2.432888816621368733e+02
2.483750141636120077e+02 2.426447818440048252e+02
2.477664550601650149e+02 2.419646111134608191e+02
2.471876849417206188e+02 2.412424578108955870e+02
2.466378204271870516e+02 2.404741811383369452e+02
2.461187150504243277e+02 2.396587199764561262e+02
2.456351688500579087e+02 2.387979547755167573e+02
2.451929160149909137e+02 2.378956119790811670e+02
2.447966585016921215e+02 2.369575846562449328e+02
2.444499872407531598e+02 2.359909441572671938e+02
2.441550593797114743e+02 2.350029427305924230e+02
2.439139333355629731e+02 2.340005342016765439e+02
2.437290655905632093e+02 2.329901880861064001e+02
2.436036398386148960e+02 2.319776209883053468e+02
2.435408837209040769e+02 2.309666826828608919e+02
2.435425307763595413e+02 2.299591295651677001e+02
2.436091267101881783e+02 2.289552669609979318e+02
2.437397633363108866e+02 2.279541969961701398e+02
2.439316437883807964e+02 2.269547077537575888e+02
2.441816554494358513e+02 2.259557629743100620e+02
2.444864286143150309e+02 2.249570513105499288e+02
2.448435063052801866e+02 2.239585623033039781e+02
2.452505635433971349e+02 2.229602860553081598e+02
2.457041243601605061e+02 2.219622077696206475e+02
2.462001207924287769e+02 2.209643101292220422e+02
2.467331538891200751e+02 2.199665701511752900e+02
2.472967527088654549e+02 2.189689602891597815e+02
2.478844863099335498e+02 2.179714531671302780e+02
2.484901257487627220e+02 2.169740222689329983e+02
2.491074580816464845e+02 2.159766411465242584e+02
2.497310763575753754e+02 2.149792867829119700e+02
2.503564496176029479e+02 2.139819398901377099e+02
2.509789119040058836e+02 2.129845806055631670e+02
2.515935862609726712e+02 2.119871881683467620e+02
2.521956797319307100e+02 2.109897421752255013e+02
2.527814193510656082e+02 2.099922265649618112e+02
2.533484011401589839e+02 2.089946311039975626e+02
2.538953721105638124e+02 2.079969504584524316e+02
2.544226352595347009e+02 2.069991859181633345e+02
2.549313885762170742e+02 2.060013425828818185e+02
2.554228260497925476e+02 2.050034255353319281e+02
2.558991206605725210e+02 2.040054440257306965e+02
2.563624743886056194e+02 2.030074074277449938e+02
2.568160712050428174e+02 2.020093292953054345e+02
2.572639240735240378e+02 2.010112267113025837e+02
2.577103239551702814e+02 2.000131179420418448e+02
2.581593558129690678e+02 1.990150203769096606e+02
2.586142336177996413e+02 1.980169476975433440e+02
2.590769613515046217e+02 1.970189084347458959e+02
2.595484330059838385e+02 1.960209063941750003e+02
2.600288325795700644e+02 1.950229423590980105e+02
2.605180450733053590e+02 1.940250158399728662e+02
2.610159444883313427e+02 1.930271263004316324e+02
2.615227088230352592e+02 1.920292744982003796e+02
2.620382910778428709e+02 1.910314602332053937e+02
2.625632852473722210e+02 1.900336860340379701e+02
2.630983633255345921e+02 1.890359547613267068e+02
2.636436753109709343e+02 1.880382670536047556e+02
2.641994152019234434e+02 1.870406237367083691e+02
2.647654989991532375e+02 1.860430244530589050e+02
2.653420687013737620e+02 1.850454698071345092e+02
2.659285283139850549e+02 1.840479572618299926e+02
2.665227778560143292e+02 1.830504778776811463e+02
2.671227833458908663e+02 1.820530229961782425e+02
2.677261998048617784e+02 1.810555826349194604e+02
2.683318952431835669e+02 1.800581519751078758e+02
2.689393396656583946e+02 1.790607287605930082e+02
2.695483450739897080e+02 1.780633121910798877e+02
2.701580264761959711e+02 1.770658984992229250e+02
2.707670318845272277e+02 1.760684819297098329e+02
2.713744763070021122e+02 1.750710587151949653e+02
2.719801717453238439e+02 1.740736280553833808e+02
2.725835882042947560e+02 1.730761876941245987e+02
2.731835936941713499e+02 1.720787328126216948e+02
2.737778432362006242e+02 1.710812534284728201e+02
2.743643028488119171e+02 1.700837408831683319e+02
2.749408725510323848e+02 1.690861862372439077e+02
2.755066593509532140e+02 1.680885856892988386e+02
2.760610782538747685e+02 1.670909367490536965e+02
2.766038702621438006e+02 1.660932383139745809e+02
2.771355353712299348e+02 1.650954925125053876e+02
2.776574185689467527e+02 1.640977050701601456e+02
2.781716398360858307e+02 1.630998850115409482e+02
2.786805801510738547e+02 1.621020424722974553e+02
2.791856335012804493e+02 1.611041833865312469e+02
2.796882818732776741e+02 1.601063140629499912e+02
2.801893692594185268e+02 1.591084380943669316e+02
2.806905586446351322e+02 1.581105625599864482e+02
2.811938540107702238e+02 1.571126959906115985e+02
2.817006803449123140e+02 1.561148444523073806e+02
2.822105156517911269e+02 1.551170057229784334e+02
2.827216429469636410e+02 1.541191724935484899e+02
2.832319322497289136e+02 1.531213356968465860e+02
2.837392645792863846e+02 1.521234863125275751e+02
2.842400659680185981e+02 1.511256091264746431e+02
2.847306024497576686e+02 1.501276882434688673e+02
2.852067680617064411e+02 1.491297061847291161e+02
2.856645838399170430e+02 1.481316460120989973e+02
2.861002478188377722e+02 1.471334915408912707e+02
2.865114090197700421e+02 1.461352327631628327e+02
2.868961664599381152e+02 1.451368615865700349e+02
2.872526371564030114e+02 1.441383699953931909e+02
2.875794511215777902e+02 1.431397521576961367e+02
2.878776133463564975e+02 1.421410123516510282e+02
2.881497678067830179e+02 1.411421618324691281e+02
2.883995764696774131e+02 1.401432161888733958e+02
2.886298703093891049e+02 1.391441874721130318e+02
2.888420523132062385e+02 1.381450816546015972e+02
2.890366014767886895e+02 1.371459007753883839e+02
2.892152667842894971e+02 1.361466522797699668e+02
2.893816612029728503e+02 1.351473515478818967e+02
2.895397266971218073e+02 1.341480153603756662e+02
2.896927082373347275e+02 1.331486575308521196e+02
2.898438977937843219e+02 1.321492920729856735e+02
2.899962093400678214e+02 1.311499313913472804e+02
2.901517498570947282e+02 1.301505844551994926e+02
2.903124433274324474e+02 1.291512594547943138e+02
2.904808707276955602e+02 1.281519673771590533e+02
2.906592390378874597e+02 1.271527176172449742e+02
2.908485072493187999e+02 1.261535142574074655e+02
2.910496833528567890e+02 1.251543615885894098e+02
2.912635603413161789e+02 1.241552629865027200e+02
2.914887072276627578e+02 1.231562123595410867e+02
2.917218970411350938e+02 1.221571959707277131e+02
2.919611307998451935e+02 1.211582053105439059e+02
2.922064165037205612e+02 1.201592404130448415e+02
2.924579311511575952e+02 1.191603020316996151e+02
2.927155637431619652e+02 1.181613896939936694e+02
2.929792492803225059e+02 1.171625031232293281e+02
2.932479797717724637e+02 1.161636380284637369e+02
2.935200702327788349e+02 1.151647872368410219e+02
2.937948526693940607e+02 1.141659479047601451e+02
2.940730930746778427e+02 1.131671232929971325e+02
2.943558834387358729e+02 1.121683180500734238e+02
2.946437157571104990e+02 1.111695342703777669e+02
2.949361600336976608e+02 1.101707701234484773e+02
2.952311112875698882e+02 1.091720166485367827e+02
2.955238925611037075e+02 1.081732539361786394e+02
2.958082679108007369e+02 1.071744554404220366e+02
2.960773303992424985e+02 1.061755917589431704e+02
2.963238480919553126e+02 1.051766321059298264e+02
2.965396880626287839e+02 1.041775418601138199e+02
2.967159203921740414e+02 1.031782830074874937e+02
2.968433241641387212e+02 1.021788162952888683e+02
2.969134614549760727e+02 1.011791058038989775e+02
2.969209923130696325e+02 1.001791288015372459e+02
2.968657657397875482e+02 9.917888464541357507e+01
2.967521026959790902e+02 9.817839172954001015e+01
2.965871771166434883e+02 9.717768059282931858e+01
2.963809729113198728e+02 9.617679373604886450e+01
2.961459639669865282e+02 9.517578425961653465e+01
2.958954871628023966e+02 9.417470893764436823e+01
2.956430773761322826e+02 9.317362538710816011e+01
2.954036134721638405e+02 9.217259694624087274e+01
2.951932173048222694e+02 9.117169224458692156e+01
2.950278157297994994e+02 9.017097908159766462e+01
2.949216748821420424e+02 8.917022118446791978e+01
2.948871520047204626e+02 8.816844814780114348e+01
2.949336478606190894e+02 8.716479598176240984e+01
2.950673268320701936e+02 8.615942292886873588e+01
2.952922574925632944e+02 8.515384732233775367e+01
2.956117055699663183e+02 8.415072408806167914e+01
2.960272195263719368e+02 8.315300184438601150e+01
2.965361640033925141e+02 8.216287339275399404e+01
2.971314652366337441e+02 8.118214763733433870e+01
2.978034120719202633e+02 8.021318926025904261e+01
2.985411632956946164e+02 7.925931414174272049e+01
2.993338127936517026e+02 7.832334488125530925e+01
3.001719930226335009e+02 7.740679861596316869e+01
3.010482813142015175e+02 7.650934674542253333e+01
3.019562701752775524e+02 7.562968198180982426e+01
3.028900908822848237e+02 7.476655233128369105e+01
3.038443479871824024e+02 7.391934682049156891e+01
3.048142437718286715e+02 7.308798902539348319e+01
3.057958793311473187e+02 7.227244834851083510e+01
3.067865461308890076e+02 7.147354926738762515e+01
3.077846825049531390e+02 7.069355915473030905e+01
3.087887237698607805e+02 6.993498437256593547e+01
3.097966322301466562e+02 6.919986326512238861e+01
3.108061949101188475e+02 6.848818541191599252e+01
3.118150718200967049e+02 6.779876884116401925e+01
3.128217690656554169e+02 6.712994117837286012e+01
3.138261630893991878e+02 6.647971887960048321e+01
3.148291646388181562e+02 6.584651880745261110e+01
3.158318073894316740e+02 6.522783533946744683e+01
3.168344036122620082e+02 6.462008177245004958e+01
3.178369625192142394e+02 6.402109412600754013e+01
3.188394838931870936e+02 6.343092339967782323e+01
3.198419570110803534e+02 6.285208857063730647e+01
3.208443668120251004e+02 6.228812760682956196e+01
3.218466967154434997e+02 6.174293547296372253e+01
3.228489330056432323e+02 6.121973413984642320e+01
3.238510663515262991e+02 6.072071558761695087e+01
3.248530892822547003e+02 6.024763480037395880e+01
3.258549972557291881e+02 5.980155876844980867e+01
3.268567922386319538e+02 5.938202549603045100e+01
3.278584823147928091e+02 5.898713600032201043e+01
3.288600774538428482e+02 5.861454830254430703e+01
3.298618820856171965e+02 5.826251768281284171e+01
3.308649224658797152e+02 5.793028150287321409e+01
3.318703908532494893e+02 5.761966085453681785e+01
3.328791659659131597e+02 5.733424751095174088e+01
3.338909228921579029e+02 5.707918813563725280e+01
3.349041808178734527e+02 5.686101348410630862e+01
