3.214697242242623432e+00 1.020408163265332929e-01
2.633864452037620651e+00 2.040816326530631719e-01
4.563988249765766447e+00 3.061224489795930648e-01
5.302365607551790205e+00 4.081632653061263438e-01
3.376897857062657771e+00 5.102040816326542938e-01
1.153996862630543241e+00 6.122448979591841312e-01
1.416000159675350201e+00 7.142857142857155228e-01
2.319748471341197327e+00 8.163265306122473586e-01
4.125958126557218719e+00 9.183673469387733101e-01
5.041856185553112546e+00 1.020408163265308588e+00
5.227961598154076128e+00 1.122448979591836427e+00
5.714432562195157495e+00 1.224489795918369817e+00
4.894833942137381655e+00 1.326530612244899654e+00
3.867517985830387417e+00 1.428571428571431046e+00
5.431194315261886452e+00 1.530612244897962881e+00
6.850669833227835959e+00 1.632653061224488944e+00
5.113162356409979736e+00 1.734693877551024110e+00
3.786119576434678002e+00 1.836734693877553948e+00
3.494700987769688183e+00 1.938775510204081787e+00
2.760103380193374534e+00 2.040816326530614955e+00
1.369312907299868654e+00 2.142857142857145014e+00
7.250876327871440541e-01 2.244897959183675074e+00
2.578198009739812946e+00 2.346938775510208242e+00
5.979865941415565267e+00 2.448979591836734304e+00
7.221080722158291110e+00 2.551020408163264364e+00
6.607022333271970638e+00 2.653061224489799752e+00
6.579546738671353978e+00 2.755102040816327591e+00
7.399145358729128930e+00 2.857142857142860759e+00
8.082620603709395724e+00 2.959183673469388598e+00
7.143422978343012097e+00 3.061224489795918657e+00
5.537064300812957640e+00 3.163265306122451825e+00
4.742495824530092108e+00 3.265306122448979664e+00
4.038614058989184130e+00 3.367346938775509724e+00
4.957650666171351084e+00 3.469387755102045112e+00
6.367912290036081835e+00 3.571428571428572951e+00
1.125854715410276441e+01 3.673469387755103011e+00
1.519016926485072894e+01 3.775510204081634402e+00
1.266374501647300121e+01 3.877551020408164462e+00
1.207864517438463103e+01 3.979591836734694521e+00
1.181150677662751747e+01 4.081632653061228133e+00
1.064515589233544191e+01 4.183673469387755972e+00
2.114269153103396093e+01 4.285714285714289140e+00
3.774140048756168397e+01 4.387755102040818755e+00
4.245726945438348565e+01 4.489795918367351923e+00
4.303514719390965126e+01 4.591836734693879762e+00
4.409489704517102382e+01 4.693877551020409378e+00
4.680946280782255542e+01 4.795918367346942546e+00
5.052060703784383833e+01 4.897959183673470385e+00
5.447905280255355365e+01 5.000000000000000000e+00
5.367861821147863566e+01 5.165892723170440348e+00
5.352377144462374758e+01 5.331785446340878032e+00
5.857661767992816948e+01 5.497678169511316604e+00
6.082914709867890224e+01 5.663570892681760505e+00
6.491616115189371783e+01 5.829463615852192859e+00
6.633567624652729933e+01 5.995356339022631431e+00
7.308934692262762667e+01 6.161249062193071779e+00
6.959315804901385150e+01 6.327141785363512128e+00
7.080288554774998033e+01 6.493034508533946259e+00
7.108744161266795913e+01 6.658927231704390159e+00
8.215054720117036879e+01 6.824819954874825179e+00
8.234244389350027404e+01 6.990712678045268191e+00
8.292896727875363183e+01 7.156605401215701434e+00
8.447481767316919843e+01 7.322498124386143559e+00
8.329870830015794070e+01 7.488390847556585683e+00
8.584347510499075895e+01 7.654283570727019814e+00
9.090117824414372194e+01 7.820176293897461051e+00
8.964931591529176558e+01 7.986069017067896070e+00
9.240497421817845236e+01 8.151961740238339971e+00
9.823516999776444436e+01 8.317854463408774990e+00
1.031256619587119587e+02 8.483747186579215338e+00
1.031256619587119587e+02 8.649124851371963629e+00
1.036129308746250217e+02 8.814231980874131622e+00
1.042030218460821231e+02 8.979615180419262543e+00
1.028117466275909777e+02 9.145956196752063505e+00
1.056553308563338618e+02 9.312991650477927763e+00
1.064347416011284508e+02 9.480917261770908766e+00
1.056020402184782654e+02 9.649590939000127321e+00
1.087126507765719907e+02 9.818626289318569178e+00
1.068421868341452381e+02 9.988655659197998915e+00
1.044053414018910360e+02 1.015917145644219666e+01
1.085631527577457263e+02 1.033029476348960785e+01
1.124455138340875351e+02 1.050195740821588508e+01
1.094821341410563775e+02 1.067400829101063309e+01
1.081122678646527646e+02 1.084614656191144988e+01
1.108223779204737411e+02 1.101669340850974521e+01
1.123974875452994127e+02 1.118639188226135417e+01
1.165324940588853195e+02 1.135538735333833316e+01
1.178313340252142041e+02 1.152387027622058291e+01
1.180519195458509074e+02 1.169210538775677222e+01
1.178912479716510262e+02 1.186030313296759431e+01
1.161939214851344104e+02 1.202859589198170198e+01
1.183333277306143856e+02 1.219666240267101642e+01
1.215693792716451327e+02 1.236466798121340993e+01
1.231232021854477523e+02 1.253262242506306556e+01
1.241917431972748034e+02 1.270076446850913854e+01
1.247685132494375608e+02 1.286913650325554315e+01
1.254300107522259395e+02 1.303850665948222520e+01
1.255235897640300067e+02 1.320857351173690297e+01
1.240362140066277732e+02 1.337905772325919429e+01
1.236477423357812881e+02 1.355022898265759856e+01
1.241289167847603068e+02 1.372168106458387271e+01
1.247725985904114481e+02 1.389376690923779378e+01
1.250577142564348492e+02 1.406622154610873565e+01
1.236751107658667621e+02 1.423922400847070691e+01
1.190195652701533788e+02 1.441259162860247223e+01
1.185750413565176160e+02 1.458656211094715616e+01
1.174038587206627398e+02 1.476063667823969361e+01
1.168779652398347366e+02 1.493524059025605055e+01
1.168041730984618880e+02 1.511005197142406686e+01
1.096070009742844320e+02 1.528492483997816898e+01
9.640065798864645785e+01 1.545963748675350047e+01
9.791142899146552736e+01 1.563400975164304718e+01
9.992330090656574271e+01 1.580783071478985669e+01
1.052977371228529364e+02 1.598142450611324961e+01
1.165222762111974930e+02 1.615478701595033328e+01
1.171302887317223593e+02 1.632779045706726606e+01
1.178606597098902427e+02 1.650045770053377225e+01
1.213885081755748274e+02 1.667290460610828973e+01
1.233502847693992379e+02 1.684530100465036284e+01
1.276652663862533927e+02 1.701733811142810282e+01
1.289418670159065812e+02 1.718892961747318537e+01
1.294387596410645926e+02 1.736019294667095636e+01
1.267642040222262239e+02 1.753117697434203848e+01
1.304455487440514787e+02 1.770180164724440530e+01
1.319848443311796586e+02 1.787219599278082427e+01
1.304062855368639191e+02 1.804246772256349374e+01
1.306610289586894851e+02 1.821268391824596122e+01
1.288367513731729161e+02 1.838276432773869118e+01
1.312655257050776356e+02 1.855309452686606164e+01
1.300770289213166677e+02 1.872449972809346619e+01
1.305829468735944090e+02 1.889682921372916624e+01
1.337613049110675547e+02 1.906973999328722158e+01
1.301898098811078341e+02 1.924362771826817919e+01
1.280758142044846863e+02 1.941828172362900418e+01
1.266986750538311810e+02 1.959323391092498312e+01
1.265208552412012040e+02 1.976788150843531255e+01
1.269006133005124326e+02 1.994235309118137067e+01
1.259438939659151089e+02 2.011692227341002592e+01
1.235676022551789686e+02 2.029139703800574424e+01
1.207258573483156425e+02 2.046598424043784803e+01
1.195024561399651617e+02 2.064051739321801193e+01
1.189725060493839237e+02 2.081467855416687485e+01
1.172653976619911020e+02 2.098825418228022244e+01
1.162382579985806643e+02 2.116084489812254077e+01
1.145605789657876272e+02 2.133260730446230369e+01
1.110837267555041734e+02 2.150380201397106816e+01
1.105377816909013546e+02 2.167381091043195340e+01
1.053457969920895749e+02 2.184263636554969779e+01
1.022307186324569130e+02 2.201036316251243363e+01
9.917890480993256119e+01 2.217726780643992157e+01
9.444107687781146865e+01 2.234337600345471131e+01
9.131259365061831090e+01 2.250845333424066652e+01
8.907944741598613803e+01 2.267285950218617430e+01
8.950370758666669246e+01 2.283648915365210996e+01
8.580061298626256416e+01 2.299973971510153703e+01
8.253557650359965692e+01 2.316269631117734562e+01
8.243726151495663146e+01 2.332543325407690205e+01
8.477017461745330706e+01 2.348783828554586606e+01
8.408893154929305069e+01 2.364980268891150317e+01
8.486722272388733757e+01 2.381151520084913287e+01
8.428728414785433642e+01 2.397295794477997433e+01
8.257561671104082279e+01 2.413403411920317509e+01
8.229683100515163119e+01 2.429505231068960214e+01
8.479520390093165361e+01 2.445606852181290947e+01
8.554553091846652535e+01 2.461708598503369316e+01
8.688758785063981804e+01 2.477807827318387268e+01
8.659167394207536006e+01 2.493899936278010188e+01
8.661016063013785526e+01 2.509981982799641287e+01
8.845450562865622146e+01 2.526040668746306750e+01
8.677089942468035133e+01 2.542090460673498953e+01
8.767143406965833208e+01 2.558124930739786862e+01
8.835033636193158202e+01 2.574146795694414536e+01
8.906938918550979167e+01 2.590160860142488986e+01
8.943987060508732156e+01 2.606171826087765453e+01
8.781282325774718345e+01 2.622180862768802356e+01
8.543334223297242147e+01 2.638189168217357761e+01
8.518744641363664982e+01 2.654194154606429734e+01
8.518744641363664982e+01 2.670193807297223643e+01
8.843389565248060080e+01 2.686187900100865633e+01
9.079615407614338096e+01 2.702180739803233323e+01
9.057684056655270410e+01 2.718203103164063350e+01
9.190036597505066140e+01 2.734249967817456906e+01
9.136743804391697665e+01 2.750357157683558285e+01
9.202856964008786633e+01 2.766496698978245661e+01
9.216733237627187236e+01 2.782689782662310662e+01
9.032210013159478024e+01 2.798929643255029731e+01
9.147642717488210451e+01 2.815225554504588601e+01
9.225082401946740163e+01 2.831559909112494822e+01
9.287704486295680795e+01 2.847948008969273914e+01
9.148757376910512562e+01 2.864365393253993020e+01
9.320958882971518733e+01 2.880869318418096725e+01
9.394831485889802991e+01 2.897403871449923329e+01
9.476620097597795223e+01 2.913987211927256027e+01
9.523686305191915835e+01 2.930609135608637317e+01
9.473643968280583749e+01 2.947263898709601193e+01
9.682786585282519809e+01 2.963962795020198371e+01
9.699568640461460234e+01 2.980702719439420889e+01
9.981537243491675326e+01 2.997465372496190739e+01
1.028689570200455989e+02 3.014257978140759064e+01
1.053689909527173256e+02 3.031101967867134306e+01
1.052741004131271865e+02 3.048008327589232991e+01
1.068113558264730756e+02 3.064966794655079951e+01
1.115780313808827913e+02 3.082036537371507734e+01
1.155863465011722155e+02 3.099176932437232423e+01
1.161487217434604275e+02 3.116422162243435778e+01
1.178063034525460040e+02 3.133883533907124175e+01
1.223394771766729150e+02 3.151420111083379894e+01
1.255239886237728939e+02 3.169061439690413806e+01
1.285323597894974910e+02 3.186794669410282665e+01
1.314507495152791421e+02 3.204675419217350907e+01
1.364132319948626844e+02 3.222739327502556961e+01
1.379827134735463972e+02 3.241295343410993723e+01
1.448000581239234634e+02 3.260221431217051702e+01
1.473525107719613345e+02 3.279592526718514733e+01
1.498935821089959006e+02 3.299454409754923745e+01
1.506297054904678703e+02 3.319879744813742661e+01
1.506010694445388935e+02 3.340782146046440459e+01
1.501596093838412003e+02 3.360404538222640269e+01
1.475922918224729870e+02 3.379671878802390950e+01
1.444120010682371174e+02 3.398939219382142340e+01
1.407913025265878844e+02 3.418206559961893731e+01
1.376736914740679083e+02 3.437473900541643701e+01
1.324278290581931969e+02 3.456741241121395092e+01
1.274396323816150129e+02 3.476008581701145772e+01
1.238706259625850237e+02 3.495275922280897873e+01
1.232164792071817487e+02 3.514543262860647133e+01
1.216530897835210965e+02 3.533810603440399234e+01
1.214487472493017037e+02 3.553077944020149914e+01
1.169274412458817665e+02 3.572345284599900594e+01
1.126787196349293509e+02 3.591612625179652696e+01
1.134133086857522699e+02 3.610879965759401955e+01
1.115399780640644849e+02 3.630147306339154056e+01
1.112058217473912691e+02 3.649414646918904737e+01
1.011884649700101306e+02 3.668681987498656838e+01
9.882159811975159869e+01 3.687949328078406097e+01
9.095066142150437827e+01 3.707216668658157488e+01
8.849572138846923508e+01 3.726484009237908168e+01
8.416863319839460189e+01 3.745751349817658848e+01
8.248443564794582983e+01 3.765018690397408818e+01
7.824285872962998667e+01 3.784286030977160209e+01
7.471223530837583837e+01 3.803553371556910889e+01
6.826376202387100989e+01 3.822820712136662280e+01
6.538305289069234050e+01 3.842088052716414381e+01
5.563604978679598645e+01 3.861355393296163641e+01
4.831944798780541817e+01 3.880622733875915031e+01
4.646145328450698742e+01 3.899890074455666422e+01
3.320483413244639337e+01 3.919157415035417813e+01
2.750616383928742081e+01 3.938424755615167783e+01
2.858146498662416590e+01 4.041722209582205494e+01
3.221119700509255779e+00 4.145019663549241784e+01
1.122010177850783830e+00 4.248317117516280206e+01
5.042051519363367262e+00 4.351614571483317917e+01
1.491675037909271806e+00 4.454912025450354207e+01
1.889437110946571519e+00 4.558209479417392629e+01
8.265040535019232415e-01 4.661506933384428919e+01
3.175154623178130797e-01 4.764804387351467341e+01
1.530658419785278612e+00 4.868101841318505763e+01
8.904373194427452898e-01 4.971399295285541342e+01
2.214101785020747393e+00 5.074696749252579764e+01
5.531888990312001653e-01 5.177994203219616054e+01
3.634867565001773215e+00 5.281291657186654476e+01
9.755087770209844300e-02 5.384589111153692187e+01
1.320577940041687937e+00 5.487886565120727766e+01
2.372721214343073370e+00 5.591184019087765478e+01
3.538683861783789020e+00 5.694481473054804610e+01
3.394914567767771452e+00 5.797778927021840900e+01
0.000000000000000000e+00 5.901076380988880032e+01
1.981899728056237819e+00 6.004373834955917744e+01
4.476810691844769430e+00 6.107671288922953323e+01
5.015421043746197682e-01 6.210968742889991034e+01
0.000000000000000000e+00 6.314266196857029456e+01
2.385868538970492558e+00 6.417563650824065746e+01
3.738912287614413188e+00 6.520861104791102036e+01
2.247278069880871421e+00 6.624158558758139748e+01
0.000000000000000000e+00 6.727456012725177459e+01
3.549539062512044318e-01 6.830753466692213749e+01
3.974792311265110678e-01 6.934050920659252881e+01
2.266543434899997322e+00 7.037348374626290592e+01
2.260727323101284769e-01 7.140645828593326883e+01
2.122717844626695882e-01 7.243943282560363173e+01
2.674022477017928168e+00 7.347240736527402305e+01
0.000000000000000000e+00 7.450538190494437174e+01
4.615629359207535032e+00 7.553835644461477727e+01
2.859706930986817941e+00 7.657133098428514018e+01
3.339549063125829331e+00 7.760430552395550308e+01
1.193042781211974157e+00 7.863728006362588019e+01
3.811631156405355547e+00 7.967025460329625730e+01
8.096327092919940682e+00 8.070322914296662020e+01
3.978816089729861005e+00 8.173620368263698310e+01
6.934887528513878685e+00 8.276917822230737443e+01
3.599026424251391632e+00 8.380215276197773733e+01
8.635738971130280106e+00 8.483512730164810023e+01
1.212073513890629339e+00 8.586810184131849155e+01
4.314689376729626602e+00 8.690107638098886866e+01
2.652698746187437173e+00 8.793405092065921735e+01
3.444815469336187874e+00 8.896702546032960868e+01
3.531878911658711928e+00 8.999999999999998579e+01
