7.874780747699245964e+00 1.020408163265310031e-01
8.129286279323910236e+00 2.040816326530586755e-01
7.227029183527504230e+00 3.061224489795896786e-01
5.258169716519299541e+00 4.081632653061206817e-01
5.018327854172735414e+00 5.102040816326516293e-01
6.943191215026086383e+00 6.122448979591825768e-01
8.605250190776821739e+00 7.142857142857101937e-01
8.697553884996777285e+00 8.163265306122411413e-01
6.470182792918333092e+00 9.183673469387720889e-01
4.579503736996821672e+00 1.020408163265299706e+00
6.307201054240532123e+00 1.122448979591836427e+00
6.326896495762938777e+00 1.224489795918367374e+00
5.770835815026906346e+00 1.326530612244897434e+00
6.491203471915995671e+00 1.428571428571425939e+00
6.313099892192535201e+00 1.530612244897959329e+00
5.179770301086783491e+00 1.632653061224486946e+00
4.536550146745534029e+00 1.734693877551017893e+00
3.411967698697703000e+00 1.836734693877548841e+00
2.251674752399388080e+00 1.938775510204079788e+00
3.315041867364935335e+00 2.040816326530610958e+00
6.444462579322479456e+00 2.142857142857138797e+00
7.185884635220634031e+00 2.244897959183669744e+00
6.987476765788064093e+00 2.346938775510203357e+00
6.533820693419631453e+00 2.448979591836734304e+00
5.918593515508266734e+00 2.551020408163265252e+00
7.755178763945527187e+00 2.653061224489796199e+00
9.249444428163346998e+00 2.755102040816324038e+00
6.885050975774454685e+00 2.857142857142854986e+00
3.939084226184967452e+00 2.959183673469385933e+00
6.788845317831792237e+00 3.061224489795915993e+00
1.443852392253214489e+01 3.163265306122452714e+00
1.421839044539687968e+01 3.265306122448983661e+00
6.196995242890744215e+00 3.367346938775511500e+00
2.618833280788950280e+00 3.469387755102042448e+00
5.763636579568180984e+00 3.571428571428571175e+00
1.040395096796648389e+01 3.673469387755101234e+00
1.177456333604797578e+01 3.775510204081632182e+00
1.061282695024284628e+01 3.877551020408163129e+00
1.237020263787936081e+01 3.979591836734691856e+00
1.477386274768721464e+01 4.081632653061225469e+00
1.795353260379627613e+01 4.183673469387755972e+00
2.210096692345613434e+01 4.285714285714284699e+00
2.327921356769518368e+01 4.387755102040816091e+00
2.351753741423931032e+01 4.489795918367343930e+00
3.277317920144769658e+01 4.591836734693880651e+00
4.649627726002508155e+01 4.693877551020412042e+00
5.610168576745540747e+01 4.795918367346942546e+00
6.110594310412540153e+01 4.897959183673473937e+00
6.329604305695031741e+01 5.000000000000005329e+00
6.007457176639925933e+01 5.175432962462190645e+00
6.216957767011444247e+01 5.350865924924379513e+00
6.384945853997025722e+01 5.526298887386562164e+00
6.701031102214574275e+01 5.701731849848751921e+00
6.806242843163465750e+01 5.877164812310931907e+00
6.944928584841592567e+01 6.052597774773123440e+00
7.427170341672750453e+01 6.228030737235306091e+00
7.655091147245315142e+01 6.403463699697497624e+00
7.904926342900013481e+01 6.578896662159680275e+00
8.557604869141137272e+01 6.754329624621870032e+00
8.880886768198500647e+01 6.929762587084055347e+00
9.187071016868971185e+01 7.105195549546241551e+00
9.349298012144589620e+01 7.280628512008425091e+00
9.604870474771459499e+01 7.456061474470619288e+00
9.784399932207951167e+01 7.631494436932802827e+00
1.038049591670572198e+02 7.806927399394988143e+00
1.047077446833660588e+02 7.982360361857171682e+00
1.053375071133685026e+02 8.157793324319364103e+00
1.069220465212905538e+02 8.333226286781549419e+00
1.108979463941155643e+02 8.508659249243738287e+00
1.161558204974097066e+02 8.684092211705920050e+00
1.209294852782053766e+02 8.859525174168112471e+00
1.231660301215005404e+02 9.034958136630296011e+00
1.263322024606708567e+02 9.210391099092484879e+00
1.291144891214689494e+02 9.385824061554668418e+00
1.316354771662015253e+02 9.561257024016857287e+00
1.313565597583388467e+02 9.736689986479046155e+00
1.277409749324073402e+02 9.912122948941231471e+00
1.277755287291650887e+02 1.008755591140341146e+01
1.290179321538281840e+02 1.026298887386560388e+01
1.331845494345612622e+02 1.043842183632778564e+01
1.319583399949298155e+02 1.061385479878997629e+01
1.308312256126976649e+02 1.078928776125216160e+01
1.314712764150375506e+02 1.096472072371435402e+01
1.335064538798070544e+02 1.114015368617653223e+01
1.333968094982655543e+02 1.131558664863872465e+01
1.309066580484919484e+02 1.149101961110090819e+01
1.311142216742237849e+02 1.166645257356310061e+01
1.298686893548676267e+02 1.184188553602528060e+01
1.304529453234379162e+02 1.201731849848746947e+01
1.353325969624403911e+02 1.219275146094965478e+01
1.410681582077935445e+02 1.236798117968230670e+01
1.406676783320341428e+02 1.254177104246628005e+01
1.398448001829666225e+02 1.271571803384397725e+01
1.416844929655887313e+02 1.288997077541996461e+01
1.442477225169923543e+02 1.306467837509605090e+01
1.480739552099337288e+02 1.323964846904440229e+01
1.497252842054119810e+02 1.341511395827858877e+01
1.468445261440992056e+02 1.359117537842887735e+01
1.463796060969346797e+02 1.376756523843379654e+01
1.457595403096131577e+02 1.394474202282272479e+01
1.430521302415177729e+02 1.412228272454571432e+01
1.419307603818460564e+02 1.430043231883378851e+01
1.392490141418862493e+02 1.447911360959336946e+01
1.338893164720986988e+02 1.465829577954009544e+01
1.327842530638027938e+02 1.483806423938262498e+01
1.264596793295739872e+02 1.501794489917424080e+01
1.225304009692659264e+02 1.519813040271315963e+01
1.148120848760214159e+02 1.537781891653374267e+01
1.073412909764668939e+02 1.555709654360593319e+01
1.093440788061504776e+02 1.573610121839280396e+01
1.159035660220459221e+02 1.591489501463993150e+01
1.238205105818411766e+02 1.609322342889581847e+01
1.293376238744308182e+02 1.627108390465251375e+01
1.327094972817687903e+02 1.644867025109645198e+01
1.356821020749516151e+02 1.662585582790824645e+01
1.380074450360663718e+02 1.680237257261830308e+01
1.371839036104634886e+02 1.697860956017326828e+01
1.380354020093774352e+02 1.715432586038143015e+01
1.395083447756594524e+02 1.732936453615548089e+01
1.419009325474684999e+02 1.750415752654331669e+01
1.426275786631504445e+02 1.767870394822531921e+01
1.425080487408668830e+02 1.785319702263694808e+01
1.459761289667871722e+02 1.802761036454266375e+01
1.469169200958033912e+02 1.820192585224762283e+01
1.479361425253589459e+02 1.837631185910117892e+01
1.478525357790319674e+02 1.855084500284720406e+01
1.490913306610605389e+02 1.872642608278587062e+01
1.521685092058933435e+02 1.890277931586906845e+01
1.534774628301430539e+02 1.907971161174562624e+01
1.531357778129088274e+02 1.925755769198331535e+01
1.503677158091645936e+02 1.943605352977215261e+01
1.499927594043607257e+02 1.961474752305757008e+01
1.498535484612254152e+02 1.979435077607242022e+01
1.495449069862137890e+02 1.997478764577279620e+01
1.465861700782213859e+02 2.015501030656882619e+01
1.440505081191067234e+02 2.033534516045059348e+01
1.399480877534112722e+02 2.051548728695787815e+01
1.372848502892764486e+02 2.069534614847451337e+01
1.367613657296593601e+02 2.087485256476924178e+01
1.357551247800354588e+02 2.105403600745400894e+01
1.352856152859705787e+02 2.123262470629602205e+01
1.342299903544318056e+02 2.141020926795756196e+01
1.333465802465011052e+02 2.158678376416959566e+01
1.273292201725098352e+02 2.176190547840726452e+01
1.234215485131571768e+02 2.193563036869376504e+01
1.169767424762138148e+02 2.210811401623050898e+01
1.135280498888690204e+02 2.227947943153769472e+01
1.102606781842428774e+02 2.244969264837097001e+01
1.004776257896937892e+02 2.261919541802519262e+01
9.701813247803193008e+01 2.278816153075222672e+01
9.405214149746694829e+01 2.295669792171423751e+01
9.450134273909898752e+01 2.312489154544960712e+01
9.419184122920482594e+01 2.329275191443429804e+01
9.201369208714351089e+01 2.346028670073177835e+01
8.964300323668186365e+01 2.362769395413551621e+01
8.794600455334382616e+01 2.379490078325056146e+01
8.739676318549705059e+01 2.396196566041672327e+01
8.716200730109696337e+01 2.412884953594434734e+01
9.029067862632899732e+01 2.429555478894273790e+01
9.071039427435972868e+01 2.446213173409022090e+01
8.889648800174259691e+01 2.462851783849156817e+01
8.902884744621476898e+01 2.479477020284232225e+01
8.951592199020888074e+01 2.496074501721403038e+01
8.983040124193588838e+01 2.512653979875125287e+01
8.784419203138962473e+01 2.529212887994169989e+01
8.825030609660213088e+01 2.545756210190207725e+01
8.561861804376486873e+01 2.562282817541833424e+01
8.716456911620026915e+01 2.578793691584915138e+01
8.601883727202474006e+01 2.595293550402514882e+01
8.849281290962925084e+01 2.611780750538231644e+01
8.864992531648159968e+01 2.628261964522985039e+01
8.717144755830588565e+01 2.644732512719865269e+01
8.924710167048202436e+01 2.661197327822154790e+01
8.936146120605573628e+01 2.677657346131456251e+01
8.955776476088476556e+01 2.694116061310958088e+01
9.144749319617599781e+01 2.710576761003245139e+01
9.378238723593425163e+01 2.727040503963988982e+01
9.332170987472836998e+01 2.743507579988327905e+01
9.384840117280096194e+01 2.759987535445123541e+01
9.481906919318102211e+01 2.776488442942597601e+01
9.377935785584082851e+01 2.793017108013023631e+01
9.351645241164827382e+01 2.809581218089568466e+01
9.479961958007984890e+01 2.826177522158899080e+01
9.945980837186952783e+01 2.842795857684843241e+01
1.033248902240673885e+02 2.859428380177057960e+01
1.035302693040927977e+02 2.876094316285823993e+01
1.068671900185297119e+02 2.892811595035419003e+01
1.060285023615739419e+02 2.909637538797830558e+01
1.026849823357231486e+02 2.926547407863811401e+01
1.042949311883410388e+02 2.943609684195399723e+01
1.085219835643058843e+02 2.960853900188448762e+01
1.103287586527420956e+02 2.978273308431527511e+01
1.117057734643325659e+02 2.995871546486063153e+01
1.107980084731073163e+02 3.013613400076635429e+01
1.111982516425203755e+02 3.031494046060240066e+01
1.131258232686365233e+02 3.049467248891735238e+01
1.136460847247178378e+02 3.067551680303369466e+01
1.178260861549382952e+02 3.085773205850303214e+01
1.199146995381712770e+02 3.104128704349651713e+01
1.226056856169443137e+02 3.122618978591312100e+01
1.231409796528509588e+02 3.141145156682688366e+01
1.237552641982702823e+02 3.159749760228643112e+01
1.273611595229945976e+02 3.178448537823594933e+01
1.329002307386382711e+02 3.197271431676298192e+01
1.344965304834563256e+02 3.216150997875114115e+01
1.347767105988482399e+02 3.235108524749225012e+01
1.378952460557323434e+02 3.254222811130221515e+01
1.428461500190473714e+02 3.273397966348039034e+01
1.464799366403069598e+02 3.292639586997941592e+01
1.462317058686528810e+02 3.311953945265326382e+01
1.494468957277161110e+02 3.331350002581923064e+01
1.513878938503655718e+02 3.350819164923515814e+01
1.518579750069994532e+02 3.370241725011591427e+01
1.517544281517943716e+02 3.389627496373623217e+01
1.537781443809349753e+02 3.409013267735657138e+01
1.536102592359480070e+02 3.428399039097691059e+01
1.482321582848022103e+02 3.447784810459722848e+01
1.493723895812365186e+02 3.467170581821758191e+01
1.503051148348301354e+02 3.486556353183790691e+01
1.512016509080540345e+02 3.505942124545823901e+01
1.492532101860878129e+02 3.525327895907857823e+01
1.477836375380580876e+02 3.544713667269889612e+01
1.477353246133189089e+02 3.564099438631924244e+01
1.471186941688556828e+02 3.583485209993958165e+01
1.441322396153633179e+02 3.602870981355989954e+01
1.381359461962230455e+02 3.622256752718024586e+01
1.366087754284021969e+02 3.641642524080057086e+01
1.350809649133710195e+02 3.661028295442091007e+01
1.338809304441574284e+02 3.680414066804125639e+01
1.321043251219040826e+02 3.699799838166157429e+01
1.273677271271091058e+02 3.719185609528191350e+01
1.227205043289817326e+02 3.738571380890224560e+01
1.234844411784359579e+02 3.757957152252257771e+01
1.206682291952504613e+02 3.777342923614293113e+01
1.195861450559241206e+02 3.796728694976324903e+01
1.159769449403306822e+02 3.816114466338358824e+01
1.123401509215668597e+02 3.835500237700392745e+01
1.087351509994553282e+02 3.854886009062425245e+01
1.005887357086469933e+02 3.874271780424459166e+01
9.320918724827862434e+01 3.893657551786492377e+01
8.425277917524206828e+01 3.913043323148525587e+01
8.002597666023852696e+01 3.932429094510560930e+01
7.269471057436112460e+01 3.951814865872592719e+01
6.755941963056233135e+01 3.971200637234626640e+01
5.858130236121435530e+01 3.990586408596660561e+01
5.111547308430168357e+01 4.009972179958693772e+01
4.124908248035953306e+01 4.029357951320726983e+01
3.561790847829065854e+01 4.048743722682760904e+01
4.185655036932590178e+01 4.149789769158623898e+01
6.962824190267818736e+00 4.250835815634486181e+01
4.143579529967710506e+00 4.351881862110347754e+01
2.496498263345447555e+00 4.452927908586209327e+01
4.442723299504592660e+00 4.553973955062070900e+01
2.734375771898172491e+00 4.655020001537933894e+01
2.375184525066813102e+00 4.756066048013795466e+01
1.090434926551961503e+01 4.857112094489658460e+01
3.112243660881449436e+00 4.958158140965520033e+01
7.919354866100757562e+00 5.059204187441382317e+01
5.677612931055908696e+00 5.160250233917245311e+01
4.077017809163949735e+00 5.261296280393105462e+01
2.002828271488481970e+00 5.362342326868968456e+01
2.677437661707586347e+00 5.463388373344830740e+01
5.583668690352953101e-01 5.564434419820692312e+01
1.681631792471974141e+00 5.665480466296554596e+01
1.892477485497604750e+00 5.766526512772415458e+01
4.725403703693149993e+00 5.867572559248280584e+01
2.377620940116296655e+00 5.968618605724140025e+01
2.645377338949506552e+00 6.069664652200002308e+01
3.095986003893505867e+00 6.170710698675864592e+01
2.251650105716743955e+00 6.271756745151726875e+01
4.916933749362606854e+00 6.372802791627589158e+01
6.370019481848435916e+00 6.473848838103450021e+01
2.586748352243183113e+00 6.574894884579313725e+01
7.557251554304684760e-01 6.675940931055174588e+01
4.027737428610365100e+00 6.776986977531036871e+01
2.591072560495764954e+00 6.878033024006899154e+01
3.238400056961826756e+00 6.979079070482761438e+01
3.733705095691589371e+00 7.080125116958623721e+01
3.342646468503592594e+00 7.181171163434484583e+01
5.907235296217249854e+00 7.282217209910348288e+01
3.320347483202962469e+00 7.383263256386209150e+01
3.945480687051640789e+00 7.484309302862071434e+01
4.674911239041048105e+00 7.585355349337933717e+01
4.228269906763978625e+00 7.686401395813796000e+01
5.226482424146976058e+00 7.787447442289658284e+01
5.521817789598173931e+00 7.888493488765519146e+01
6.521440822334621856e+00 7.989539535241382850e+01
7.599958018485713396e+00 8.090585581717243713e+01
5.160473022984248814e+00 8.191631628193105996e+01
3.024672604852461255e+00 8.292677674668968280e+01
1.477109616267519465e+00 8.393723721144829142e+01
2.951249466120530407e+00 8.494769767620692846e+01
2.566010056352478585e+00 8.595815814096553709e+01
5.207859985305872463e+00 8.696861860572415992e+01
1.323899714456068022e+00 8.797907907048278275e+01
3.667479381501079327e+00 8.898953953524139138e+01
6.629915820475807742e+00 9.000000000000001421e+01
