1.688000324583015299e+00 1.020408163265299900e-01
1.686423590681712881e+00 2.040816326530586755e-01
1.216847343654933411e+00 3.061224489795897341e-01
7.619131535512261300e-01 4.081632653061220695e-01
4.752955689958746621e-01 5.102040816326530726e-01
6.476021123396913381e-01 6.122448979591817997e-01
4.363671937383189481e-01 7.142857142857151898e-01
0.000000000000000000e+00 8.163265306122429177e-01
0.000000000000000000e+00 9.183673469387739763e-01
1.287557702099142443e-01 1.020408163265307255e+00
1.159296644019264022e+00 1.122448979591832652e+00
2.230411678952118670e+00 1.224489795918366042e+00
2.028638790604079922e+00 1.326530612244894769e+00
2.284786140470680404e+00 1.428571428571428159e+00
3.371256467469483820e+00 1.530612244897955776e+00
3.951650630504691009e+00 1.632653061224486724e+00
2.669263946219838868e+00 1.734693877551022334e+00
1.591867048368205140e+00 1.836734693877547731e+00
2.113414634499340750e+00 1.938775510204078678e+00
2.517198316843372918e+00 2.040816326530611846e+00
2.252601580152624905e+00 2.142857142857140573e+00
2.464074179767778094e+00 2.244897959183670633e+00
3.936007483063498569e+00 2.346938775510205133e+00
5.626579604376137134e+00 2.448979591836732972e+00
4.959473868690352560e+00 2.551020408163266140e+00
2.104378570239071600e+00 2.653061224489793979e+00
3.748958453611469510e-01 2.755102040816326259e+00
9.558644900216259899e-01 2.857142857142856318e+00
1.984311875061733232e+00 2.959183673469389486e+00
1.309049623521388428e+00 3.061224489795920434e+00
1.060414794277372508e+00 3.163265306122451381e+00
1.478678950614636278e+00 3.265306122448979220e+00
1.966267751277143816e+00 3.367346938775510168e+00
1.959521605809601441e+00 3.469387755102041115e+00
1.369665637155210725e+00 3.571428571428574283e+00
1.056610204339028858e+00 3.673469387755102122e+00
1.838320522502171039e+00 3.775510204081633070e+00
2.477464963850830593e+00 3.877551020408164018e+00
1.607568358166084899e+00 3.979591836734694077e+00
6.037908637829267899e-01 4.081632653061225469e+00
7.435350565400481448e-01 4.183673469387758637e+00
1.336837155356855433e+00 4.285714285714287364e+00
3.937753017745531103e+00 4.387755102040815203e+00
7.745185859930889372e+00 4.489795918367348371e+00
1.508926020545999336e+01 4.591836734693879762e+00
2.167013415396433018e+01 4.693877551020407601e+00
2.170920987364019084e+01 4.795918367346938993e+00
2.186204187164565127e+01 4.897959183673472161e+00
3.000354324023613017e+01 5.000000000000000888e+00
3.688283036783522562e+01 5.179094416467724393e+00
3.761627570055296133e+01 5.358188832935445234e+00
3.748980671741331605e+01 5.537283249403167851e+00
4.318688748201898164e+01 5.716377665870891356e+00
4.722276484163762689e+01 5.895472082338617525e+00
5.375310207747300240e+01 6.074566498806339254e+00
6.114200642493922544e+01 6.253660915274050325e+00
6.324715871264367451e+01 6.432755331741777383e+00
6.570724817064156298e+01 6.611849748209500888e+00
6.757186236014345582e+01 6.790944164677224393e+00
7.064760976199998765e+01 6.970038581144947010e+00
7.135015702213186728e+01 7.149132997612667850e+00
7.405691524077786880e+01 7.328227414080394908e+00
7.737515213683749948e+01 7.507321830548115749e+00
7.907583884059960155e+01 7.686416247015838366e+00
8.066107844095890300e+01 7.865510663483560094e+00
8.288692441291124169e+01 8.044605079951281823e+00
8.591041284979520753e+01 8.223699496419008881e+00
8.752154080413077963e+01 8.402793912886730610e+00
9.173966467253893597e+01 8.581888329354452338e+00
9.550094915525906458e+01 8.760982745822175843e+00
9.544156061641275812e+01 8.940077162289892243e+00
9.791282105613878173e+01 9.119171578757615748e+00
1.016739170120209081e+02 9.298265995225339253e+00
1.020687087522911867e+02 9.477360411693059206e+00
1.032361249655716477e+02 9.656454828160786263e+00
1.060426194347110140e+02 9.835549244628509769e+00
1.074466209276402822e+02 1.001464366109622972e+01
1.105580758994112642e+02 1.019373807756394967e+01
1.093606930697662420e+02 1.037283249403167318e+01
1.110820921860551636e+02 1.055192691049940024e+01
1.139676293282752511e+02 1.073102132696712019e+01
1.108462890429893548e+02 1.091011574343483481e+01
1.139286757668433552e+02 1.108921015990256009e+01
1.157450369674976969e+02 1.126830457637028360e+01
1.213740786772946336e+02 1.144739899283800533e+01
1.213417664876414221e+02 1.162649340930572883e+01
1.243261483706774868e+02 1.180558782577345411e+01
1.236101335913205048e+02 1.198468224224117051e+01
1.211956614028731991e+02 1.216382527075347397e+01
1.224530652992746269e+02 1.234284866698306793e+01
1.252611541987595274e+02 1.252076862491754028e+01
1.276559400277532887e+02 1.269824642991446240e+01
1.275841034058594801e+02 1.287578052716704846e+01
1.263334841737479053e+02 1.305391417393408560e+01
1.247461711359291314e+02 1.323273656708742152e+01
1.275045108938526539e+02 1.341200930464345475e+01
1.276214352909460104e+02 1.359166280611127675e+01
1.260309513496856368e+02 1.377150785939085509e+01
1.231958229076807214e+02 1.395184280271732291e+01
1.248480979150578491e+02 1.413223763301306946e+01
1.283677400837575533e+02 1.431301169109060467e+01
1.199893213005286583e+02 1.449396891853130853e+01
1.171594396744908977e+02 1.467525028348921978e+01
1.137502840818480649e+02 1.485667148523982917e+01
1.126819393586300748e+02 1.503839676064812991e+01
1.082392385284138641e+02 1.522019460024367632e+01
1.017027151120443733e+02 1.540220187444345612e+01
9.550241501252496334e+01 1.558411031054252760e+01
9.348123665702530616e+01 1.576598056299307515e+01
9.573696725673893582e+01 1.594762299412078121e+01
1.026004529251635944e+02 1.612897249504633734e+01
1.064251921167254125e+02 1.631005490648779244e+01
1.131327188574626206e+02 1.649082415840400273e+01
1.146218154945813836e+02 1.667130556784584883e+01
1.179153437155014927e+02 1.685159269120294567e+01
1.189701598488459382e+02 1.703161049213917266e+01
1.214191341402547124e+02 1.721152731094948507e+01
1.215708060609442640e+02 1.739137871040414751e+01
1.238700389714301195e+02 1.757121567621062397e+01
1.259861526050202656e+02 1.775109378397665694e+01
1.276620900582685749e+02 1.793089993881724453e+01
1.245135790145749723e+02 1.811068154335600155e+01
1.229290878741830539e+02 1.829038226165036463e+01
1.261077825399018195e+02 1.847011893272326688e+01
1.267066433377400188e+02 1.864978965420768020e+01
1.283788037694963577e+02 1.882938884147151626e+01
1.282064549175674699e+02 1.900963110605726314e+01
1.287465123447181838e+02 1.919073189219816555e+01
1.299423894684420020e+02 1.937326025190381174e+01
1.320500894118338806e+02 1.955744204028162514e+01
1.320384317864285322e+02 1.974246502726040831e+01
1.314725615662770224e+02 1.992910666092210192e+01
1.315339033643225548e+02 2.011753674400673120e+01
1.297747228540328308e+02 2.030654740822803461e+01
1.323967796929222800e+02 2.049504629704801673e+01
1.337403600526407956e+02 2.068295181100693370e+01
1.307438889809216676e+02 2.086941279039880826e+01
1.250392692496022704e+02 2.105462906335340989e+01
1.218926352190507316e+02 2.123859581309780609e+01
1.196146783561278397e+02 2.142104747820854982e+01
1.159592801701649591e+02 2.160222877876175218e+01
1.152345580603253552e+02 2.178212666622822624e+01
1.100154183265015178e+02 2.196075928670381217e+01
1.082539023541046674e+02 2.213826206585526180e+01
1.043547201764942969e+02 2.231497394940563694e+01
1.035523599188226029e+02 2.249087838861805722e+01
1.034042821160865770e+02 2.266626837674120409e+01
9.981963733381120107e+01 2.284126397525959717e+01
9.719687686952084960e+01 2.301587075546328975e+01
9.227841400836192065e+01 2.319007008764470612e+01
8.535102320104169848e+01 2.336365052120013530e+01
8.374130791137093865e+01 2.353666317325448176e+01
7.843834637700113888e+01 2.370924606395053402e+01
7.458104376172232719e+01 2.388123731298937358e+01
6.816707875566591213e+01 2.405266512592362815e+01
6.639234292804016491e+01 2.422343398396755987e+01
6.398551525486570313e+01 2.439378441672300113e+01
6.027468475409221327e+01 2.456387178412125749e+01
6.005810805738629199e+01 2.473380001502649606e+01
6.170084718900596954e+01 2.490355036928250243e+01
6.219055957160181691e+01 2.507324683164432955e+01
6.248171691085996571e+01 2.524292954317768434e+01
6.127689939405887998e+01 2.541258915365813209e+01
6.154537978373838314e+01 2.558218478700809229e+01
5.991786808884644699e+01 2.575168438472308807e+01
6.116516889768932685e+01 2.592112846205703391e+01
6.515138692854911540e+01 2.609052665685976180e+01
6.443368318897334746e+01 2.625991828829736008e+01
6.473588588178215275e+01 2.642929493177879863e+01
6.773400611047695463e+01 2.659867536534621024e+01
6.834297986572926220e+01 2.676805389685070224e+01
6.818200368113497234e+01 2.693741476251991784e+01
6.798909989371108509e+01 2.710685447487869482e+01
7.019716893215917253e+01 2.727663527100646945e+01
7.085676424050366506e+01 2.744665322497065318e+01
7.213961012467903799e+01 2.761721268032407650e+01
7.057290560219905728e+01 2.778819709608561439e+01
6.894901744873700977e+01 2.795985447144128955e+01
6.857569278764592013e+01 2.813186334147271950e+01
6.806686095686029603e+01 2.830435758575829297e+01
6.746030475470453780e+01 2.847728904851507536e+01
6.742696398415957049e+01 2.865056323063518917e+01
6.768925690078950197e+01 2.882438328474925271e+01
6.968087036971012083e+01 2.899852263543572661e+01
7.171863705239394449e+01 2.917323849092153054e+01
7.235152477199596888e+01 2.934820885850853500e+01
7.216177614565151544e+01 2.952370504299078036e+01
7.181215448759913045e+01 2.969957980026423527e+01
7.254708048239854179e+01 2.987609097170653172e+01
7.423874148354188662e+01 3.005297929252932221e+01
7.414013188953832412e+01 3.023030998324670193e+01
7.302373380244752354e+01 3.040814970794203731e+01
7.584098397082505016e+01 3.058659390564929126e+01
7.729953705043834589e+01 3.076577818211495341e+01
7.716780958815198233e+01 3.094549459984341411e+01
8.029236210255749029e+01 3.112639282158276899e+01
8.218029574672873139e+01 3.130845566702903682e+01
8.745256048353493838e+01 3.149163645680220824e+01
8.933118050100151208e+01 3.167637192706510163e+01
8.765352112641046745e+01 3.186202925320885626e+01
9.284121625694744750e+01 3.204895277012368382e+01
9.343805446271753112e+01 3.223653921598015870e+01
9.829339858722183010e+01 3.242478220923430143e+01
1.022640154641611332e+02 3.261368169108692427e+01
1.059390953015079617e+02 3.280418320162097956e+01
1.074926192228448940e+02 3.299656087865020737e+01
1.095678788946488993e+02 3.319057675787758654e+01
1.126132711648934475e+02 3.338729665027273086e+01
1.132039154618662309e+02 3.358483035091963842e+01
1.169970602149302437e+02 3.378352438206571406e+01
1.177950892627708726e+02 3.398400551770743050e+01
1.191923169984898010e+02 3.418516086442122770e+01
1.208867196183341548e+02 3.438635070961422713e+01
1.232999808667646704e+02 3.458768388396076432e+01
1.277522461836819616e+02 3.478710973706246534e+01
1.300797138410002844e+02 3.498408394598077109e+01
1.303916271345721043e+02 3.518178461691112346e+01
1.331569063379194517e+02 3.538094618290489990e+01
1.331994573082939723e+02 3.558010774889869765e+01
1.330002048298730983e+02 3.577926931489249540e+01
1.327672216150095892e+02 3.597843088088628605e+01
1.312149294791777550e+02 3.617759244688007669e+01
1.310497182555232314e+02 3.637675401287386734e+01
1.359080814131950774e+02 3.657591557886766509e+01
1.359045412267233814e+02 3.677507714486146284e+01
1.340048125175802909e+02 3.697423871085524638e+01
1.351482800363172601e+02 3.717340027684904413e+01
1.304814982487853570e+02 3.737256184284283478e+01
1.236192945531468155e+02 3.757172340883663253e+01
1.218788867938715015e+02 3.777088497483043028e+01
1.199072831290678209e+02 3.797004654082420672e+01
1.188648091530618274e+02 3.816920810681800447e+01
1.189458911887797825e+02 3.836836967281178801e+01
1.160128763891308665e+02 3.856753123880559997e+01
1.131753374473221214e+02 3.876669280479938351e+01
1.071115273549033873e+02 3.896585437079318126e+01
1.038302429742653459e+02 3.916501593678695770e+01
9.934413718418338135e+01 3.936417750278076255e+01
9.924969220883089349e+01 3.956333906877453899e+01
9.508347478478772530e+01 3.976250063476835095e+01
8.753646765421484588e+01 3.996166220076213449e+01
8.072760723656503501e+01 4.016082376675593224e+01
7.840819808726709539e+01 4.035998533274971578e+01
7.286220842038393641e+01 4.055914689874352774e+01
6.089488392288436103e+01 4.075830846473730418e+01
4.969530187070569838e+01 4.095747003073110193e+01
4.014884191881333209e+01 4.115663159672489257e+01
2.218704681751064811e+01 4.135579316271869033e+01
2.264806319945305546e+01 4.234853207776525608e+01
1.689029168243382228e+00 4.334127099281181472e+01
5.693400341954545141e+00 4.433400990785835916e+01
1.093273821929381384e-01 4.532674882290491780e+01
2.944942069045956234e+00 4.631948773795147645e+01
0.000000000000000000e+00 4.731222665299804930e+01
0.000000000000000000e+00 4.830496556804459374e+01
1.254861587770292886e+00 4.929770448309115238e+01
3.181323243266490408e+00 5.029044339813769682e+01
0.000000000000000000e+00 5.128318231318426967e+01
0.000000000000000000e+00 5.227592122823082832e+01
1.218943847245074652e+00 5.326866014327737986e+01
2.019133689274988708e+00 5.426139905832393140e+01
0.000000000000000000e+00 5.525413797337050426e+01
5.930255975096838661e-01 5.624687688841704869e+01
4.839898221759995067e-01 5.723961580346361444e+01
9.038802804140995406e-03 5.823235471851017309e+01
7.002418434389596769e-01 5.922509363355672463e+01
8.083678540704681836e-01 6.021783254860329038e+01
0.000000000000000000e+00 6.121057146364983481e+01
0.000000000000000000e+00 6.220331037869639346e+01
7.842341744897817213e-01 6.319604929374294500e+01
1.232536982700807471e+00 6.418878820878951785e+01
1.735388225302394449e+00 6.518152712383607650e+01
0.000000000000000000e+00 6.617426603888264935e+01
4.041366504583512875e-01 6.716700495392919379e+01
0.000000000000000000e+00 6.815974386897573822e+01
4.017458523291880468e+00 6.915248278402229687e+01
9.530555587947314722e-01 7.014522169906886973e+01
3.627710038915923571e-03 7.113796061411541416e+01
2.094736471350617801e+00 7.213069952916197281e+01
1.669764802967855510e-01 7.312343844420854566e+01
1.768120264382218920e+00 7.411617735925509010e+01
1.705911164518014500e+00 7.510891627430166295e+01
1.457479288205994816e+00 7.610165518934822160e+01
2.671426620222350223e-01 7.709439410439475182e+01
2.177932654751098873e+00 7.808713301944132468e+01
1.000000000000000000e+00 7.907987193448786911e+01
8.224461851724086670e-02 8.007261084953444197e+01
9.209859226681373912e-01 8.106534976458098640e+01
2.534942969958251524e+00 8.205808867962755926e+01
6.244065521543252784e-01 8.305082759467413211e+01
1.887213880827129042e+00 8.404356650972067655e+01
8.001060396259163099e-01 8.503630542476724941e+01
1.147159366694892713e+00 8.602904433981379384e+01
2.023046577092886267e+00 8.702178325486033827e+01
1.944930160622337478e+00 8.801452216990691113e+01
1.110873413004851429e+00 8.900726108495345557e+01
1.884477150432417147e+00 9.000000000000002842e+01
