1.529398293637086681e+00 1.020408163265271034e-01
1.618414880754178498e+00 2.040816326530618952e-01
3.181732771363917411e+00 3.061224489795902337e-01
4.289289071331751302e+00 4.081632653061229021e-01
3.181269168484206489e+00 5.102040816326521844e-01
1.930452268891830636e+00 6.122448979591826879e-01
7.085552688244833863e-01 7.142857142857153008e-01
5.046452948852857279e-02 8.163265306122423626e-01
3.916607223532518334e-01 9.183673469387728661e-01
7.622829172058084302e-01 1.020408163265305479e+00
8.181024593535726197e-01 1.122448979591835982e+00
9.231738439925221140e-01 1.224489795918368706e+00
7.053321536313745810e-01 1.326530612244895879e+00
2.318577615567676276e-01 1.428571428571426383e+00
0.000000000000000000e+00 1.530612244897959107e+00
1.455252480705961082e-01 1.632653061224488278e+00
7.797109613989967603e-01 1.734693877551022112e+00
7.865555330573519299e-01 1.836734693877549285e+00
6.207536683366328134e-01 1.938775510204078456e+00
1.245025019164671676e+00 2.040816326530614511e+00
1.657064130644918531e+00 2.142857142857139685e+00
8.951028393981322884e-01 2.244897959183672409e+00
6.222028627874541806e-01 2.346938775510205133e+00
2.243864506986773311e+00 2.448979591836732084e+00
2.437556183736703019e+00 2.551020408163264808e+00
2.323285108251303743e+00 2.653061224489795311e+00
2.510688871524409560e+00 2.755102040816325815e+00
1.459080033379262176e+00 2.857142857142858539e+00
2.671557735284619262e-01 2.959183673469385489e+00
3.870111306245244132e-01 3.061224489795918213e+00
1.071436001214712386e+00 3.163265306122448717e+00
2.167959520294506781e+00 3.265306122448977888e+00
2.707769855937606884e+00 3.367346938775508391e+00
3.098353847288642271e+00 3.469387755102038895e+00
4.192253413885686619e+00 3.571428571428568066e+00
4.748622985868534485e+00 3.673469387755098570e+00
3.879687257687581159e+00 3.775510204081629073e+00
2.560998986925556942e+00 3.877551020408164018e+00
9.860982126056954122e-01 3.979591836734690968e+00
9.928819079489881183e-01 4.081632653061224580e+00
7.066500870993883687e+00 4.183673469387755972e+00
1.333376726384832978e+01 4.285714285714282035e+00
1.970131975196884966e+01 4.387755102040816979e+00
2.506922135153951103e+01 4.489795918367343930e+00
2.771475429624642572e+01 4.591836734693874433e+00
3.173995453223044194e+01 4.693877551020406713e+00
3.411568952456629944e+01 4.795918367346936328e+00
3.570257850963439239e+01 4.897959183673466832e+00
3.813893032705471597e+01 4.999999999999997335e+00
4.996474811866688270e+01 5.177777196873476484e+00
4.894219015541300166e+01 5.355554393746951192e+00
5.159416144709204843e+01 5.533331590620431228e+00
5.718296324310514223e+01 5.711108787493901495e+00
6.239246726407610311e+01 5.888885984367385973e+00
6.500041962119398420e+01 6.066663181240864233e+00
6.680626981769587758e+01 6.244440378114337165e+00
7.158325461959539382e+01 6.422217574987813649e+00
7.412379328639003973e+01 6.599994771861287468e+00
7.349822686303193109e+01 6.777771968734771946e+00
7.760475455809142886e+01 6.955549165608250206e+00
7.902936188738202361e+01 7.133326362481721361e+00
7.851358141627648024e+01 7.311103559355199621e+00
7.964771767622360699e+01 7.488880756228675217e+00
8.466249964164595099e+01 7.666657953102151701e+00
8.745873702763830693e+01 7.844435149975627297e+00
8.990828702552398966e+01 8.022212346849109110e+00
8.924407237779770696e+01 8.199989543722585594e+00
9.200930895211963900e+01 8.377766740596062078e+00
9.726637686465829802e+01 8.555543937469540339e+00
9.935327344506350755e+01 8.733321134343013270e+00
1.017144882647491073e+02 8.911098331216489754e+00
1.073355649348414431e+02 9.088875528089971567e+00
1.150611249967486032e+02 9.266652724963442722e+00
1.194521483143037983e+02 9.444429921836920983e+00
1.188239545513636699e+02 9.622207118710399243e+00
1.147968432031480148e+02 9.799984315583877503e+00
1.157338769247040915e+02 9.977761512457352211e+00
1.165092473847295338e+02 1.015553870933082692e+01
1.176747628055413912e+02 1.033331590620430873e+01
1.159514303247825637e+02 1.051109310307778166e+01
1.154093322362517426e+02 1.068887029995126348e+01
1.164712319781157959e+02 1.086664749682473641e+01
1.147198217634862658e+02 1.104442469369821467e+01
1.151161045336108373e+02 1.122220189057168938e+01
1.191197010693479683e+02 1.139997908744517119e+01
1.207698714410437049e+02 1.157775628431864590e+01
1.221945422326919442e+02 1.175566402773240426e+01
1.241881188227360298e+02 1.193320819429444057e+01
1.276278265702650003e+02 1.211090096749824063e+01
1.291129613847426754e+02 1.228849216769802233e+01
1.313764141523724618e+02 1.246604314468081753e+01
1.320827700297954550e+02 1.264355741206911077e+01
1.303713365704974763e+02 1.282100618744107123e+01
1.307444879442358854e+02 1.299846530713094950e+01
1.276615203339250399e+02 1.317595728505201080e+01
1.284633685438890893e+02 1.335358323298690308e+01
1.292359495678097687e+02 1.353124545864058348e+01
1.284207151097902511e+02 1.370924399808537331e+01
1.255143268575755826e+02 1.388777268642729723e+01
1.228535951678358060e+02 1.406670259328053874e+01
1.215471247652051119e+02 1.424650265639224855e+01
1.210615044501133752e+02 1.442669577908834810e+01
1.184053550503758316e+02 1.460750471175940746e+01
1.129774097398412351e+02 1.478854898562452291e+01
1.057368150420076205e+02 1.496975250167119142e+01
1.011170790600837819e+02 1.515119820645891480e+01
9.750868501923319798e+01 1.533280103871851097e+01
9.873374863544000846e+01 1.551469111186493777e+01
1.051599385300437461e+02 1.569668707870061652e+01
1.090024353671556696e+02 1.587866365934413793e+01
1.129622124913487653e+02 1.606057232463952289e+01
1.184133449724612177e+02 1.624246078634758916e+01
1.203929830619666035e+02 1.642414350472538587e+01
1.246469820947591671e+02 1.660566522519211219e+01
1.285218713562443327e+02 1.678706803545343362e+01
1.279176239405777267e+02 1.696825389542684093e+01
1.279778218981712996e+02 1.714924812598999537e+01
1.268788281122106127e+02 1.733010842266318718e+01
1.282838520083617482e+02 1.751090345638546708e+01
1.298949154274829993e+02 1.769254327699042051e+01
1.296021056670928147e+02 1.787579825715314996e+01
1.304330003939741403e+02 1.806231643915327467e+01
1.309490717884820867e+02 1.825033992302752850e+01
1.303484615027796565e+02 1.844022244400558819e+01
1.294579425679942801e+02 1.863045720844363018e+01
1.298559090306306416e+02 1.882069360489895260e+01
1.297939372509851523e+02 1.901145927791798584e+01
1.282992201328777355e+02 1.920214202593526664e+01
1.287490274531454020e+02 1.939246867256186135e+01
1.297753162875230544e+02 1.958299962777358161e+01
1.267642775694429673e+02 1.977346263359165945e+01
1.275292431975661600e+02 1.996375908344827010e+01
1.312760681360055628e+02 2.015404774412925804e+01
1.325324044906701602e+02 2.034367798685092410e+01
1.320031342829262826e+02 2.053204239668053077e+01
1.306447946398972988e+02 2.071832685241695415e+01
1.242498089901321521e+02 2.090297814031741908e+01
1.206808949666914828e+02 2.108524771891073968e+01
1.175006045660807246e+02 2.126614100587012857e+01
1.129640910273671182e+02 2.144543915010912727e+01
1.104036988855016830e+02 2.162365130045776240e+01
1.073470337636613294e+02 2.180071285669012582e+01
1.037608387715072666e+02 2.197682610568565664e+01
1.019044514501386089e+02 2.215195910861180906e+01
9.974274421070796848e+01 2.232666172466039711e+01
1.009302168745196155e+02 2.250110283176911352e+01
1.029909032594054565e+02 2.267517033267826321e+01
1.029618283899977484e+02 2.284893665890440673e+01
1.025011804580069139e+02 2.302222701523207249e+01
9.958924340014824850e+01 2.319514222810697746e+01
9.574033732567193056e+01 2.336769783584967897e+01
9.507513663159416240e+01 2.353998759797610418e+01
8.988182449332418855e+01 2.371215622396976030e+01
8.477555473756159188e+01 2.388416731942628957e+01
8.169331868803686802e+01 2.405604690974144333e+01
7.894009771384686758e+01 2.422765844265355284e+01
7.780340849467148701e+01 2.439900861245601504e+01
7.745672739189248546e+01 2.457002087902595733e+01
7.805584372109733238e+01 2.474073265580556935e+01
7.727038772121871091e+01 2.491125553096913947e+01
7.673355603504045064e+01 2.508147968324136201e+01
7.684397581033441327e+01 2.525146700946104517e+01
7.780014128441656851e+01 2.542136805188930282e+01
7.882740836965699316e+01 2.559113365185063316e+01
7.799501581347522006e+01 2.576080298380793465e+01
7.634708135992194400e+01 2.593042458931056515e+01
7.775153629470791827e+01 2.610001121339907115e+01
7.832955541238862907e+01 2.626955644112385002e+01
7.654669524914133660e+01 2.643909024181536083e+01
7.823094474338306270e+01 2.660861768476355138e+01
7.748165516837931932e+01 2.677813453868166604e+01
7.803648467232774522e+01 2.694764347721464404e+01
7.843690851464009484e+01 2.711714147961525256e+01
7.735451702883473502e+01 2.728663338030523278e+01
7.557702418074588024e+01 2.745613541942211810e+01
7.371181530891183797e+01 2.762565661078872381e+01
7.327567766237950764e+01 2.779524020665907713e+01
7.324965159239648926e+01 2.796487203094000407e+01
7.335848105741828817e+01 2.813453751223450183e+01
7.338644929940774375e+01 2.830438772007269321e+01
7.476677282685569992e+01 2.847454487045035876e+01
7.435375584660788206e+01 2.864530993508877188e+01
7.439642227366560689e+01 2.881682035579283507e+01
7.370814044573413071e+01 2.898963339510243742e+01
7.074683563779423423e+01 2.916413910011654664e+01
6.992320475609272989e+01 2.934022786812932537e+01
6.973444549247375335e+01 2.951760352182797220e+01
6.679868724145013914e+01 2.969618111305041808e+01
6.690930262017586472e+01 2.987678526392791056e+01
6.748659058091577378e+01 3.005907935258676034e+01
6.791004552017035678e+01 3.024345800073672663e+01
6.923406999233078807e+01 3.043001973779784208e+01
7.185149481003040250e+01 3.061791619735193493e+01
7.278369787885016251e+01 3.080723757745246161e+01
8.030369294228708554e+01 3.099803647814248109e+01
8.150772408298516325e+01 3.118986125805481180e+01
8.592795228749425007e+01 3.138237743869630236e+01
9.067239623757974698e+01 3.157635111921582194e+01
9.230394433714133129e+01 3.177169764707590360e+01
9.612474662635602840e+01 3.196823650662555494e+01
9.714659799726896949e+01 3.216563457710689988e+01
9.821398169884422202e+01 3.236351442750422791e+01
9.677888569913226036e+01 3.256255186234837140e+01
9.767205355378310117e+01 3.276295494685002296e+01
9.947668044402502119e+01 3.296529957255287258e+01
1.031130065945077092e+02 3.316821341811129287e+01
1.036740904192044610e+02 3.337152040251832830e+01
1.052733475754177164e+02 3.357507005245317799e+01
1.098347758328843042e+02 3.377917815374031818e+01
1.155659277446040818e+02 3.398378659282241898e+01
1.171668271937125780e+02 3.418887657945623459e+01
1.193672821483447422e+02 3.439461318742134921e+01
1.252317186733314003e+02 3.460080127978195463e+01
1.289645740623237771e+02 3.480753014103897414e+01
1.370739344442995389e+02 3.501458592841721895e+01
1.387614148145959803e+02 3.522105058923263954e+01
1.375665809360033336e+02 3.542751477248133796e+01
1.354490356763616035e+02 3.563397895573002927e+01
1.350209893520312505e+02 3.584044313897872058e+01
1.360857684506291889e+02 3.604690732222741900e+01
1.366414149049566902e+02 3.625337150547610321e+01
1.400630486696459513e+02 3.645983568872482294e+01
1.396363251327400690e+02 3.666629987197350005e+01
1.366714494504713286e+02 3.687276405522220557e+01
1.329297968892041695e+02 3.707922823847090399e+01
1.337807468726039986e+02 3.728569242171958820e+01
1.328474379461611079e+02 3.749215660496830083e+01
1.295175213662343481e+02 3.769862078821699214e+01
1.287692484513655131e+02 3.790508497146569056e+01
1.277467590640591482e+02 3.811154915471438187e+01
1.207193886428721612e+02 3.831801333796307318e+01
1.187662231573699501e+02 3.852447752121178581e+01
1.149987136374779197e+02 3.873094170446047002e+01
1.139667108788995193e+02 3.893740588770916844e+01
1.098550885068132743e+02 3.914387007095786686e+01
1.061530578633633155e+02 3.935033425420654396e+01
1.064508709918934102e+02 3.955679843745525659e+01
1.030286780025883502e+02 3.976326262070394790e+01
9.811945203339686827e+01 3.996972680395263211e+01
9.176417544742389509e+01 4.017619098720133053e+01
8.840179100043296501e+01 4.038265517045002184e+01
8.007466333462494390e+01 4.058911935369873447e+01
7.467229961825810847e+01 4.079558353694742578e+01
6.997491792823200285e+01 4.100204772019611710e+01
6.435888644567324945e+01 4.120851190344482262e+01
5.510347638148742533e+01 4.141497608669349972e+01
4.073497031405221946e+01 4.162144026994221946e+01
3.119352620304525203e+01 4.182790445319090367e+01
3.291960725220661743e+01 4.281100844394210725e+01
8.810696966097934180e+00 4.379411243469330373e+01
7.380911447471145692e-01 4.477721642544451441e+01
2.653080330017690613e+00 4.576032041619573221e+01
1.866603776140686843e+00 4.674342440694692868e+01
1.017078809170323950e-01 4.772652839769812516e+01
1.347826789618579824e+00 4.870963238844935006e+01
1.564945391107121608e+00 4.969273637920053943e+01
1.378878324772646158e+00 5.067584036995175012e+01
0.000000000000000000e+00 5.165894436070296081e+01
0.000000000000000000e+00 5.264204835145416439e+01
8.264946276728437624e-01 5.362515234220536797e+01
6.330425845301267396e-01 5.460825633295658577e+01
2.346626583527210652e+00 5.559136032370778224e+01
0.000000000000000000e+00 5.657446431445899293e+01
3.099372314787331439e-01 5.755756830521019651e+01
4.475960586442290223e-01 5.854067229596140010e+01
4.433919170074392291e+00 5.952377628671261078e+01
1.827504242913868815e+00 6.050688027746382147e+01
1.514513264320573649e+00 6.148998426821502505e+01
2.273406715706327130e+00 6.247308825896622864e+01
3.195043169380818782e+00 6.345619224971743932e+01
1.874834611493126635e-01 6.443929624046865001e+01
1.337222964269865200e-01 6.542240023121983938e+01
1.851167825833039959e+00 6.640550422197105718e+01
2.125454108744823767e+00 6.738860821272227497e+01
5.881662602989988498e-02 6.837171220347346434e+01
6.518882460773138821e-01 6.935481619422466792e+01
8.329962706825095875e-01 7.033792018497588572e+01
1.428144231756505178e-01 7.132102417572707509e+01
2.618953257508757737e+00 7.230412816647829288e+01
8.196060819691817212e-01 7.328723215722949647e+01
3.726435582277985770e+00 7.427033614798068584e+01
7.645504621638504750e-01 7.525344013873191784e+01
2.633975160176917019e+00 7.623654412948310721e+01
1.519169681967097674e+00 7.721964812023432501e+01
1.837307604364496916e+00 7.820275211098552859e+01
2.576575154732370976e+00 7.918585610173673217e+01
3.085328549679577481e+00 8.016896009248793575e+01
3.276533533807477472e+00 8.115206408323913934e+01
1.145345776745276378e+00 8.213516807399035713e+01
1.420127481604995356e+00 8.311827206474154650e+01
2.568273780593576472e+00 8.410137605549276429e+01
4.639459948264768041e-01 8.508448004624398209e+01
1.574894878545880506e+00 8.606758403699517146e+01
6.719608676678645587e-01 8.705068802774637504e+01
1.536690984526814852e+00 8.803379201849759284e+01
7.744356012339581596e+00 8.901689600924879642e+01
3.344149707755377676e+00 9.000000000000000000e+01
