2.405913786190696957e+00 1.020408163265330709e-01
1.476754070656531193e+00 2.040816326530627833e-01
1.360980798378479184e+00 3.061224489795958403e-01
1.396859016972650691e+00 4.081632653061255667e-01
1.473044998892164781e+00 5.102040816326562922e-01
1.842755116494015022e+00 6.122448979591860185e-01
1.227672533223369555e+00 7.142857142857134134e-01
2.876968674101192391e-01 8.163265306122431397e-01
1.508464228954466968e+00 9.183673469387785282e-01
2.911596372765907770e+00 1.020408163265308144e+00
3.112933401411112300e+00 1.122448979591838869e+00
3.487100501619408099e+00 1.224489795918368484e+00
3.044991328479596415e+00 1.326530612244901652e+00
1.033341045560408844e+00 1.428571428571429047e+00
1.858516369350086406e-01 1.530612244897962215e+00
5.850708149058512220e-01 1.632653061224489610e+00
7.451682675096613639e-01 1.734693877551024999e+00
1.247188519514913496e+00 1.836734693877549063e+00
1.992778506155742146e+00 1.938775510204084451e+00
1.522179490138392932e+00 2.040816326530611846e+00
4.449745106320624477e-01 2.142857142857145014e+00
2.219192096379055457e+00 2.244897959183672409e+00
5.118180664869859342e+00 2.346938775510207797e+00
4.187839356312135664e+00 2.448979591836735192e+00
1.207818965457079008e+00 2.551020408163266140e+00
9.112704687004008486e-01 2.653061224489797976e+00
1.715004603073195133e+00 2.755102040816328923e+00
1.340699832098944499e+00 2.857142857142858539e+00
5.844348377063262046e-01 2.959183673469391707e+00
5.125454951048982188e-01 3.061224489795921322e+00
3.103421290267842081e-01 3.163265306122454490e+00
1.235575701651845826e+00 3.265306122448980997e+00
2.754267026142881214e+00 3.367346938775511944e+00
3.471124498323419072e+00 3.469387755102039339e+00
3.947983208306121483e+00 3.571428571428572507e+00
2.442189909428090555e+00 3.673469387755102122e+00
4.463616340720269471e-01 3.775510204081633070e+00
5.085206131688448927e-01 3.877551020408162685e+00
2.852022795854142867e+00 3.979591836734698074e+00
4.584464750896224849e+00 4.081632653061228133e+00
8.646115367038852639e+00 4.183673469387758637e+00
1.269459383252495499e+01 4.285714285714288252e+00
1.592097971547809721e+01 4.387755102040816091e+00
1.961046506761814001e+01 4.489795918367349259e+00
2.611569196057298470e+01 4.591836734693881539e+00
3.281556626228686468e+01 4.693877551020410266e+00
3.845526174662469998e+01 4.795918367346939881e+00
4.228525849281678006e+01 4.897959183673473049e+00
4.689007814206105706e+01 5.000000000000002665e+00
4.732900418549326815e+01 5.184024592756319549e+00
5.720762294668522685e+01 5.368049185512633770e+00
5.967805425964264288e+01 5.552073778268958648e+00
6.411216339093772376e+01 5.736098371025268428e+00
6.468012932068586451e+01 5.920122963781585312e+00
6.794228156446004618e+01 6.104147556537904862e+00
6.765122858680551587e+01 6.288172149294224411e+00
7.088478438076492694e+01 6.472196742050541296e+00
7.531194294145846868e+01 6.656221334806858181e+00
7.746625243665376104e+01 6.840245927563174178e+00
8.571722873054105207e+01 7.024270520319489286e+00
9.264486990149497103e+01 7.208295113075811500e+00
9.724874840961328459e+01 7.392319705832127497e+00
9.860078341815940917e+01 7.576344298588445270e+00
9.597797283510070088e+01 7.760368891344764819e+00
9.883070139035824297e+01 7.944393484101080816e+00
1.002426571021104564e+02 8.128418076857393260e+00
1.066408427011542841e+02 8.312442669613711033e+00
1.107948721992172239e+02 8.496467262370027029e+00
1.139975437709929764e+02 8.680491855126346579e+00
1.148348423392093309e+02 8.864516447882664352e+00
1.152383764744475911e+02 9.048541040638983901e+00
1.136587937799419876e+02 9.232565633395296345e+00
1.176026776487800589e+02 9.416590226151612342e+00
1.178835751162495171e+02 9.600614818907931891e+00
1.143716714748122882e+02 9.784639411664247888e+00
1.150733882644174741e+02 9.968664004420567437e+00
1.160976806478151389e+02 1.015268859717688521e+01
1.176009120611521723e+02 1.033671318993320476e+01
1.182567458722112832e+02 1.052073778268951543e+01
1.200857804653179812e+02 1.070476237544583142e+01
1.168005737164776292e+02 1.088878696820215097e+01
1.181200510680566254e+02 1.107281156095846875e+01
1.215656668405461858e+02 1.125683615371478830e+01
1.237159654533889750e+02 1.144086074647110784e+01
1.242793257695106206e+02 1.162488533922741851e+01
1.207627993620433813e+02 1.180890993198373806e+01
1.213021790888393099e+02 1.199322175446927119e+01
1.206321248963057542e+02 1.217795507506839670e+01
1.225251369466843840e+02 1.236176720544027674e+01
1.242861433938900007e+02 1.254507811593069633e+01
1.275009026444838298e+02 1.272813656841885610e+01
1.273440016396747012e+02 1.291096011642037666e+01
1.288716483415559821e+02 1.309366455365121240e+01
1.295374972249189511e+02 1.327634794218702297e+01
1.301550946315878434e+02 1.345899832881309166e+01
1.333049738117403820e+02 1.364177415864366338e+01
1.309856030196823724e+02 1.382505226611188931e+01
1.291662207397662598e+02 1.400867610221278525e+01
1.296038182808766237e+02 1.419301009018862203e+01
1.308086739595071890e+02 1.437773223132619549e+01
1.304419832410680726e+02 1.456299755237300531e+01
1.244222166758261068e+02 1.474874152688349938e+01
1.185972526114134098e+02 1.493490177209035252e+01
1.149542248415674521e+02 1.512127787526831568e+01
1.116285341086172451e+02 1.530791896514399042e+01
1.100841339810612283e+02 1.549457276098801373e+01
1.109676041679845326e+02 1.568135717956718622e+01
1.130695504084171858e+02 1.586802053186470474e+01
1.164984377016433541e+02 1.605466311870226548e+01
1.226038303215368046e+02 1.624114830753610050e+01
1.223075285346063339e+02 1.642746778927077500e+01
1.287664576212996224e+02 1.661377999720874854e+01
1.320141040827094514e+02 1.679988259361561376e+01
1.347236526595309840e+02 1.698591114097284205e+01
1.372482158531205414e+02 1.717185416746264082e+01
1.387221230347420828e+02 1.735760717755576010e+01
1.381007527061626945e+02 1.754330239855882212e+01
1.334651057103186247e+02 1.772885740675842925e+01
1.326772540003937024e+02 1.791494464712420154e+01
1.331572976120199598e+02 1.810199656172877880e+01
1.346351275453330061e+02 1.829103506399590984e+01
1.375383989215729912e+02 1.848184001361135032e+01
1.397779667833037536e+02 1.867384382584028302e+01
1.399493594703024542e+02 1.886841650849297736e+01
1.421285626972643286e+02 1.906425232038518303e+01
1.430314667147140142e+02 1.926112086551196256e+01
1.419519628086251544e+02 1.945898225431868056e+01
1.410901820820558044e+02 1.965625022134068445e+01
1.409905130997933611e+02 1.985301645883476951e+01
1.390301740974186089e+02 2.004901428597483815e+01
1.417175380932015969e+02 2.024438728456066983e+01
1.410168246214890360e+02 2.043915983652769697e+01
1.410022508055454296e+02 2.063347937645187358e+01
1.391803367012952890e+02 2.082703881169649307e+01
1.374209290182608072e+02 2.101913138198565179e+01
1.351849402068077950e+02 2.120872432326369506e+01
1.322411897077702179e+02 2.139610202808831829e+01
1.319321463384383719e+02 2.158097301688941982e+01
1.303236095166853659e+02 2.176411780881837643e+01
1.262874173701694929e+02 2.194613441825308442e+01
1.240473594406519737e+02 2.212757125308587902e+01
1.234730528401869378e+02 2.230852254196131668e+01
1.220378719158120333e+02 2.248901990620674951e+01
1.206776916426583881e+02 2.266899789723519376e+01
1.195289179626707323e+02 2.284841524101789290e+01
1.163680903045233634e+02 2.302736803905005658e+01
1.128200056102347446e+02 2.320596177653295555e+01
1.126297092982207886e+02 2.338413743013510526e+01
1.089047569924327377e+02 2.356201763358720314e+01
1.061007028857427059e+02 2.373966332769487408e+01
1.035194304760512551e+02 2.391692063727924733e+01
1.028038556862576627e+02 2.409389062852979535e+01
9.734334247204007795e+01 2.427052388004723937e+01
9.359229058138298285e+01 2.444697313965676244e+01
9.137910701709323291e+01 2.462308386773011293e+01
8.742518611405029105e+01 2.479887655144100478e+01
8.674249727539223898e+01 2.497437785102878038e+01
8.482114775700802056e+01 2.514956880335304845e+01
8.848634416789464296e+01 2.532459008460944005e+01
8.952979268816073954e+01 2.549936637100112691e+01
8.895794056462347044e+01 2.567396300445594903e+01
8.784720771479494772e+01 2.584843601639840216e+01
8.786142833365745730e+01 2.602279142654251842e+01
8.994968286343882369e+01 2.619707837178719245e+01
8.943594411362080621e+01 2.637134838210881327e+01
8.863319308607795222e+01 2.654563030422632508e+01
8.702035604604778030e+01 2.671992772003751426e+01
8.631686017811793477e+01 2.689422857432428415e+01
8.458059244464128312e+01 2.706852364049212412e+01
8.083910151003823330e+01 2.724281596148310669e+01
8.009166374825535684e+01 2.741724731946152005e+01
7.948470393353299812e+01 2.759188068646253456e+01
8.156027886435056473e+01 2.776700301796198289e+01
8.154671897915872592e+01 2.794266343934940622e+01
8.373039492753805746e+01 2.811893861837251052e+01
8.554498863972592915e+01 2.829601501619197634e+01
8.633151564522334809e+01 2.847365719612888313e+01
8.726980405485996073e+01 2.865207739873224213e+01
8.460159926938786157e+01 2.883111421124241858e+01
8.528378626336271395e+01 2.901094885418637048e+01
8.671597796974434402e+01 2.919144097977319063e+01
8.287329399659169837e+01 2.937275705018137373e+01
8.255583673406141543e+01 2.955487460583918846e+01
8.311542385512109377e+01 2.973774097308020714e+01
8.323509130138363332e+01 2.992133864469287730e+01
8.562821522040532329e+01 3.010585732297928629e+01
8.732619994150154241e+01 3.029122636951912639e+01
8.680887095910767925e+01 3.047775090384384811e+01
8.479334976005551994e+01 3.066539359387487096e+01
8.650457794013873070e+01 3.085453809978207929e+01
8.750738006069022390e+01 3.104491213522389259e+01
9.044271876418417833e+01 3.123709760671980007e+01
9.519955516711922883e+01 3.143086215843545617e+01
9.809578879358144832e+01 3.162566966088656528e+01
1.001930292263501201e+02 3.182179813438305516e+01
1.000456072167387020e+02 3.201851941473874064e+01
1.010315520027919831e+02 3.221656595215745966e+01
1.034787378799261717e+02 3.241571227381661657e+01
1.081108447726963675e+02 3.261629069797090352e+01
1.128955861693230815e+02 3.281815295970346824e+01
1.162518105358031022e+02 3.302151569125206976e+01
1.201452862555866545e+02 3.322545168284254657e+01
1.227095814159907405e+02 3.343019194139836259e+01
1.234438581400317645e+02 3.363608389934834975e+01
1.230449041780677533e+02 3.384268500255939216e+01
1.263874435546640456e+02 3.405130077608924211e+01
1.308956981564774935e+02 3.426046559817758208e+01
1.315456446862418431e+02 3.447001813769049505e+01
1.296099175714021214e+02 3.468043744316990029e+01
1.320969467391558396e+02 3.489165335859782857e+01
1.311484627753360428e+02 3.510370999988580820e+01
1.307198061649999090e+02 3.531685420119873697e+01
1.355978021969433485e+02 3.553089874683751503e+01
1.405610389951702075e+02 3.574581600827347927e+01
1.422300616552979875e+02 3.596151425582162631e+01
1.447911948580521369e+02 3.617759074667521446e+01
1.454765929609978912e+02 3.639273899166433068e+01
1.434126376379138890e+02 3.660560841128571496e+01
1.431512882363791448e+02 3.681847783090709214e+01
1.439847751377370173e+02 3.703134725052846932e+01
1.464103444181885152e+02 3.724421667014985360e+01
1.458329410729230347e+02 3.745708608977123077e+01
1.470066725180749074e+02 3.766995550939261506e+01
1.474194558771530126e+02 3.788282492901399223e+01
1.463673051946760211e+02 3.809569434863537651e+01
1.421385483994603192e+02 3.830856376825675369e+01
1.347164024561134283e+02 3.852143318787813797e+01
1.329674195566437334e+02 3.873430260749950804e+01
1.331797912436868785e+02 3.894717202712089232e+01
1.303382217182518730e+02 3.916004144674226239e+01
1.309917541403778216e+02 3.937291086636363957e+01
1.291359677592871833e+02 3.958578028598502385e+01
1.272581997022737568e+02 3.979864970560640103e+01
1.254546291953200097e+02 4.001151912522777820e+01
1.243626724415223350e+02 4.022438854484915538e+01
1.134003470829890858e+02 4.043725796447053966e+01
1.041511389211240015e+02 4.065012738409190263e+01
9.708308671644260812e+01 4.086299680371327980e+01
9.154920652128437553e+01 4.107586622333466408e+01
8.722917765135460400e+01 4.128873564295604126e+01
8.066718714504389709e+01 4.150160506257741844e+01
7.205236306192774975e+01 4.171447448219880982e+01
6.634482038669571580e+01 4.192734390182018700e+01
6.150352789795370967e+01 4.214021332144156418e+01
5.328538989631459799e+01 4.235308274106294135e+01
4.284270329054213988e+01 4.256595216068432563e+01
3.339154442383730270e+01 4.277882158030569570e+01
1.992669405205895572e+01 4.299169099992708709e+01
2.423228760369325130e+01 4.395104424482653371e+01
6.597558254169564762e+00 4.491039748972598034e+01
3.112034448380020191e+00 4.586975073462542696e+01
3.937767777102526345e+00 4.682910397952488069e+01
4.875855650642353378e-01 4.778845722442432020e+01
6.190618382555765464e+00 4.874781046932377393e+01
5.628104274760469261e-01 4.970716371422320634e+01
3.202994227010860090e-02 5.066651695912266007e+01
5.286219888372614140e-01 5.162587020402209959e+01
1.678038582846687277e+00 5.258522344892155331e+01
2.383922236385961568e+00 5.354457669382099994e+01
6.141528804308987732e-01 5.450392993872045366e+01
8.510089723763485381e-01 5.546328318361989318e+01
6.188599154208986874e-01 5.642263642851935401e+01
6.708058335434695652e-01 5.738198967341880063e+01
3.693891311946711498e-01 5.834134291831823305e+01
1.871312190299439404e+00 5.930069616321769388e+01
1.193345054314704612e+00 6.026004940811712629e+01
3.843971411453305009e+00 6.121940265301660133e+01
8.250102610890767130e-01 6.217875589791603375e+01
1.893254917698452555e+00 6.313810914281548037e+01
2.443672275416148842e+00 6.409746238771492699e+01
1.593258816199408567e+00 6.505681563261437361e+01
1.700577983810928950e+00 6.601616887751382023e+01
1.208047849177887656e+00 6.697552212241328107e+01
2.434552628955848785e+00 6.793487536731271348e+01
2.816440906245357478e+00 6.889422861221217431e+01
1.688789682055108932e+00 6.985358185711162093e+01
3.679054929189971013e-01 7.081293510201106756e+01
5.144439496236450360e+00 7.177228834691049997e+01
5.199806847272043342e+00 7.273164159180994659e+01
6.850067140572737578e-01 7.369099483670942163e+01
1.240598028761062066e+00 7.465034808160883983e+01
1.853733371675048147e+00 7.560970132650831488e+01
1.956368876715259830e+00 7.656905457140774729e+01
4.007729396867398819e+00 7.752840781630720812e+01
6.776561674296697202e-01 7.848776106120664053e+01
8.476178409392459701e-01 7.944711430610610137e+01
2.381235391738357965e+00 8.040646755100554799e+01
6.162261078011876947e+00 8.136582079590499461e+01
5.965303506557839697e-01 8.232517404080445544e+01
6.285421245451274785e+00 8.328452728570388786e+01
1.402552753867512880e+00 8.424388053060334869e+01
5.958821562256495952e+00 8.520323377550278110e+01
4.977891827838079486e+00 8.616258702040224193e+01
8.149784769275573382e+00 8.712194026530167434e+01
6.886838241795046223e+00 8.808129351020113518e+01
9.144819532603052359e-01 8.904064675510058180e+01
3.963332656414127797e+00 9.000000000000002842e+01
