1.525460900340395831e+00 1.020408163265349305e-01
2.841439903458566008e+00 2.040816326530664471e-01
2.612156702845965128e+00 3.061224489795937309e-01
1.514860080283682464e+00 4.081632653061231242e-01
1.519235173588054266e+00 5.102040816326537387e-01
2.315684507028070271e+00 6.122448979591874618e-01
2.253060233182554661e+00 7.142857142857147457e-01
1.473375536939566022e+00 8.163265306122496900e-01
1.098304875935214309e+00 9.183673469387769739e-01
1.549849402697332401e+00 1.020408163265308588e+00
1.922717086269855047e+00 1.122448979591841312e+00
1.708228131818144035e+00 1.224489795918370705e+00
1.958374993204163417e+00 1.326530612244900098e+00
2.914028841002778147e+00 1.428571428571432822e+00
3.586180660926499453e+00 1.530612244897964436e+00
4.074064883678409466e+00 1.632653061224491609e+00
3.594294892141316033e+00 1.734693877551021002e+00
3.308179766723159165e+00 1.836734693877553726e+00
3.639047941495958227e+00 1.938775510204085339e+00
3.645976287020005202e+00 2.040816326530614511e+00
3.496406859587864346e+00 2.142857142857147235e+00
2.561204857053883011e+00 2.244897959183676406e+00
1.364198305276721257e+00 2.346938775510206021e+00
1.875588279595754804e+00 2.448979591836738745e+00
3.736889269022742877e+00 2.551020408163264808e+00
3.889811752312328341e+00 2.653061224489797532e+00
2.349249216022341713e+00 2.755102040816327147e+00
1.523298799002501092e+00 2.857142857142862091e+00
1.212824074680611153e+00 2.959183673469388154e+00
7.562975883918786613e-01 3.061224489795920878e+00
2.227067375553446471e+00 3.163265306122450049e+00
4.228106160870804153e+00 3.265306122448979664e+00
3.287628940521674537e+00 3.367346938775514609e+00
2.063649692297567562e+00 3.469387755102042004e+00
3.080122978231671027e+00 3.571428571428571175e+00
4.766635195919292300e+00 3.673469387755103899e+00
6.386040402250870329e+00 3.775510204081635290e+00
7.464020760198391002e+00 3.877551020408164462e+00
7.996798696564747289e+00 3.979591836734691856e+00
1.065812116824211664e+01 4.081632653061224580e+00
1.665855157439294487e+01 4.183673469387755972e+00
2.298998874759423572e+01 4.285714285714285587e+00
2.897901413265007875e+01 4.387755102040818755e+00
3.684523877600648945e+01 4.489795918367348371e+00
4.370409019562487174e+01 4.591836734693877986e+00
4.966069744320256518e+01 4.693877551020412930e+00
5.529358819753241505e+01 4.795918367346939881e+00
5.795309187253909045e+01 4.897959183673473937e+00
6.150785345560175443e+01 5.000000000000002665e+00
6.262726118740329184e+01 5.190708978610040880e+00
6.417307517281371076e+01 5.381417957220079984e+00
6.356346428034073881e+01 5.572126935830117311e+00
7.351015249942324203e+01 5.762835914440156415e+00
8.151888680374685237e+01 5.953544893050194631e+00
8.603546250935491457e+01 6.144253871660236399e+00
8.444635717451780010e+01 6.334962850270278167e+00
8.637859896996980069e+01 6.525671828880316383e+00
9.014011982741618567e+01 6.716380807490356375e+00
9.425192111371565318e+01 6.907089786100392814e+00
9.385706815558593519e+01 7.097798764710432806e+00
9.464640302864960120e+01 7.288507743320468357e+00
9.545568580199540065e+01 7.479216721930511902e+00
9.427223766822318396e+01 7.669925700540551006e+00
9.571962814864978952e+01 7.860634679150591886e+00
9.824939429863135842e+01 8.051343657760627437e+00
1.092880060801220736e+02 8.242052636370665653e+00
1.121477908728239044e+02 8.432761614980707421e+00
1.196124075794512436e+02 8.623470593590747413e+00
1.221053057427099304e+02 8.814179572200785628e+00
1.258447784469671973e+02 9.004888550810827397e+00
1.250838827130749991e+02 9.195597529420860283e+00
1.265378365530282423e+02 9.386306508030902052e+00
1.253903666069576985e+02 9.577015486640940267e+00
1.276689611493946330e+02 9.767724465250982036e+00
1.290101196717224639e+02 9.958433443861023804e+00
1.274334842432087100e+02 1.014914242247106202e+01
1.254678030473984478e+02 1.033985140108109668e+01
1.222709636387425576e+02 1.053056037969113490e+01
1.222447528584843184e+02 1.072126935830117844e+01
1.211505377189362633e+02 1.091197833691121843e+01
1.229259360503850473e+02 1.110268731552125665e+01
1.251154466438499782e+02 1.129339629413129487e+01
1.279057500340900901e+02 1.148410527274132775e+01
1.281126708656437643e+02 1.167481425135137485e+01
1.345729272622180304e+02 1.186552322996141129e+01
1.334315795604537982e+02 1.205623220857144773e+01
1.333939117209177141e+02 1.224677899744934706e+01
1.341009859274585665e+02 1.243714900890101660e+01
1.326736037111464555e+02 1.262752184440861392e+01
1.255402369153838720e+02 1.281809706577755748e+01
1.203791300220147775e+02 1.300892924685862795e+01
1.213029135950698816e+02 1.320044064155646524e+01
1.244615087325697260e+02 1.339264699350533760e+01
1.246137215292352778e+02 1.358566007135662801e+01
1.292523515626695314e+02 1.377946149762436789e+01
1.343166929987625622e+02 1.397410271529568604e+01
1.349857112853026422e+02 1.416926899389831007e+01
1.341149498112246192e+02 1.436504163486042174e+01
1.297694086138730256e+02 1.456103882063779409e+01
1.244240435156695668e+02 1.475707960287051534e+01
1.194945680939283505e+02 1.495296510556438818e+01
1.125162817540675917e+02 1.514870912865071162e+01
1.053781781778513675e+02 1.534401282879457540e+01
1.029232695565888065e+02 1.553922233354136040e+01
1.061231390150753953e+02 1.573442805414033074e+01
1.090348752725919468e+02 1.592964224330934542e+01
1.080852099609870862e+02 1.612472003607832605e+01
1.092897505638457858e+02 1.631967952988976478e+01
1.121228859129557378e+02 1.651451235585640731e+01
1.190048839568375456e+02 1.670900548851286871e+01
1.210659893052311560e+02 1.690339316847873263e+01
1.215521317009228710e+02 1.709737931340085382e+01
1.242477133565617464e+02 1.729125493636003341e+01
1.259902194024182478e+02 1.748487277270269757e+01
1.273275605701711868e+02 1.767867045435385975e+01
1.265793366599808394e+02 1.787369597311822034e+01
1.271819181060507589e+02 1.807104490780616857e+01
1.280660888321152697e+02 1.826984208674340593e+01
1.283129121363422485e+02 1.847122234899552851e+01
1.286782085642652191e+02 1.867418002441744207e+01
1.296159403115331088e+02 1.887866289082163007e+01
1.327817282394132690e+02 1.908462799178699854e+01
1.305329570523098255e+02 1.929088986389433558e+01
1.298682989361099089e+02 1.949654086338600223e+01
1.323727437621565741e+02 1.970123792443334310e+01
1.342621162916856861e+02 1.990536807343658054e+01
1.324207897045980928e+02 2.010845450590770511e+01
1.361619276150124733e+02 2.031044929318145620e+01
1.385065607077704612e+02 2.051119003017881326e+01
1.342389149431902524e+02 2.071009865819626938e+01
1.329645082244541356e+02 2.090699647564233388e+01
1.350414320329574593e+02 2.110227094830354844e+01
1.354046917534575130e+02 2.129577643532466169e+01
1.322687415916984435e+02 2.148780267673988220e+01
1.327253291364132224e+02 2.167866117681459670e+01
1.309573980033230782e+02 2.186865295636124884e+01
1.317890463992115428e+02 2.205819131587982085e+01
1.304266797013293626e+02 2.224724861750987515e+01
1.269747763818822506e+02 2.243596467762613500e+01
1.266013751057393932e+02 2.262429951814586815e+01
1.269557025937565555e+02 2.281230258928225041e+01
1.272916468255751568e+02 2.299988950711212254e+01
1.276342110231650793e+02 2.318720333506374942e+01
1.265190029195888428e+02 2.337401058451055036e+01
1.276142208154938231e+02 2.356040153535940007e+01
1.319162768236506906e+02 2.374631382089425813e+01
1.361820617327993830e+02 2.393166351001767822e+01
1.371872206541540891e+02 2.411664416382867060e+01
1.421514054237717914e+02 2.430107600162900283e+01
1.429153031521412913e+02 2.448501900632946970e+01
1.418563704375773398e+02 2.466857220786986460e+01
1.431393141906662549e+02 2.485164503287960258e+01
1.447569542914130807e+02 2.503446095726193121e+01
1.449949697689300478e+02 2.521693957248766083e+01
1.405724530391814255e+02 2.539925678781211715e+01
1.385066484475810284e+02 2.558143320506112772e+01
1.377446507135947797e+02 2.576355198200604235e+01
1.313345176506087171e+02 2.594564012554137733e+01
1.227231076645599614e+02 2.612770474190260472e+01
1.204921646568222116e+02 2.630973224650740505e+01
1.186469446868236446e+02 2.649174681176281965e+01
1.162761573979732219e+02 2.667376821132501874e+01
1.139988063445328805e+02 2.685579345567903431e+01
1.124837853366684612e+02 2.703782125265538383e+01
1.070542917273110533e+02 2.721986532575451534e+01
1.054254251226666526e+02 2.740191133695299186e+01
1.023412889310242804e+02 2.758397131973298499e+01
9.864532461201329738e+01 2.776604044919227476e+01
9.929710233113833340e+01 2.794820258755387243e+01
9.786403100566701596e+01 2.813062765586142433e+01
9.512202030098012528e+01 2.831355126236013220e+01
9.425074310029602032e+01 2.849705756751085062e+01
9.655976154508131515e+01 2.868162632758464525e+01
9.780451835423353657e+01 2.886781527051045160e+01
9.739436575411315289e+01 2.905549448010853197e+01
9.489140229338670451e+01 2.924526508728835239e+01
9.390389298306327248e+01 2.943707436901871333e+01
9.221245814497629567e+01 2.963102769592885721e+01
9.183434587429239571e+01 2.982764646134747366e+01
9.144387367623980367e+01 3.002757221679986444e+01
9.161601766430794669e+01 3.023009623690041536e+01
8.979538000311657697e+01 3.043403699284204578e+01
8.995280536677287841e+01 3.063974577486531814e+01
8.895306173905089508e+01 3.084722138756582765e+01
8.720682078815170257e+01 3.105616741884057319e+01
8.091337474664582885e+01 3.126640340488614100e+01
7.841174795762316307e+01 3.147757848114950363e+01
7.656847190035701090e+01 3.168958121729821897e+01
7.508439225117830063e+01 3.190206999334891336e+01
7.760127456708275417e+01 3.211536147873673741e+01
7.985720390406353886e+01 3.232914971045946118e+01
8.108207380189156765e+01 3.254356533168396481e+01
8.331897053550757448e+01 3.275925664533267678e+01
8.229921549511119849e+01 3.297601544218046854e+01
8.302469339647552715e+01 3.319339600848250882e+01
8.262916021538167399e+01 3.341155037512424286e+01
8.183761693409057614e+01 3.363021513758944536e+01
8.309595516143727423e+01 3.384960084588678342e+01
8.583626758712294702e+01 3.406966058869144121e+01
8.940668738198429821e+01 3.429012941924868585e+01
9.155044708352497196e+01 3.451133543600806775e+01
9.377217882098048563e+01 3.473309338640689248e+01
9.648232562409685897e+01 3.495570266544087445e+01
9.785565203860102201e+01 3.517919245514819693e+01
9.856254513088445890e+01 3.540329880118290617e+01
1.019801930158316310e+02 3.562791814811640023e+01
9.946660309478500039e+01 3.585234044857865854e+01
1.046605084196349509e+02 3.607647838525294048e+01
1.116873927177016270e+02 3.629966874025878099e+01
1.144220483580353402e+02 3.652285909526463570e+01
1.178898880956187583e+02 3.674604945027046199e+01
1.205387741089218423e+02 3.696923980527631670e+01
1.259472743931954142e+02 3.719243016028215010e+01
1.264004326112160896e+02 3.741562051528800481e+01
1.254846754194689993e+02 3.763881087029385242e+01
1.288354224902805925e+02 3.786200122529969292e+01
1.319722808689648446e+02 3.808519158030554763e+01
1.326101786616151514e+02 3.830838193531138103e+01
1.356421240267625876e+02 3.853157229031723574e+01
1.385848002681030664e+02 3.875476264532306914e+01
1.402267176682403829e+02 3.897795300032893095e+01
1.401865280450517730e+02 3.920114335533476435e+01
1.428467132609761450e+02 3.942433371034061196e+01
1.408339441268723249e+02 3.964752406534645246e+01
1.404484547165949948e+02 3.987071442035230717e+01
1.422698670976210735e+02 4.009390477535814767e+01
1.385441244348594978e+02 4.031709513036399528e+01
1.393529921959979276e+02 4.054028548536984289e+01
1.386650304692820725e+02 4.076347584037567628e+01
1.348036093469355308e+02 4.098666619538153100e+01
1.273739113595168391e+02 4.120985655038736439e+01
1.265929395901264911e+02 4.143304690539323332e+01
1.233571682987627582e+02 4.165623726039906671e+01
1.221943399210214949e+02 4.187942761540492143e+01
1.221924809016192910e+02 4.210261797041074772e+01
1.173475012339614807e+02 4.232580832541660243e+01
1.131316228508675295e+02 4.254899868042244293e+01
1.060724493727471724e+02 4.277218903542829054e+01
1.026340165697641709e+02 4.299537939043414525e+01
1.002549698470793516e+02 4.321856974543998575e+01
9.212890892247538943e+01 4.344176010044583336e+01
8.926340368286282967e+01 4.366495045545166676e+01
8.418227251522792187e+01 4.388814081045752147e+01
7.688052261887500549e+01 4.411133116546334776e+01
6.489332790615395652e+01 4.433452152046921668e+01
5.649374226578813563e+01 4.455771187547504297e+01
4.188422163245260776e+01 4.478090223048090479e+01
2.758020459205392072e+01 4.500409258548673819e+01
3.070820106383825632e+01 4.592237641027271877e+01
9.473788260607475920e+00 4.684066023505871357e+01
4.947729392085824074e+00 4.775894405984469415e+01
8.716260060454354974e-01 4.867722788463068184e+01
9.128005780316070794e-01 4.959551170941665532e+01
5.769835376510159541e+00 5.051379553420263591e+01
3.477897573451205204e-01 5.143207935898863781e+01
2.484076354487308791e+00 5.235036318377461839e+01
5.122177393005278745e+00 5.326864700856059898e+01
2.068671233411790933e+00 5.418693083334659377e+01
2.338137777453539456e+00 5.510521465813256725e+01
1.040998131580492592e+00 5.602349848291856205e+01
1.303855044733336754e+01 5.694178230770453553e+01
1.702455659742092564e+00 5.786006613249053032e+01
8.169233580826085195e-01 5.877834995727651801e+01
3.811018936215996300e-01 5.969663378206249149e+01
5.930470747126135311e-01 6.061491760684849339e+01
1.363255851942093422e+00 6.153320143163446687e+01
3.455769375748099392e+00 6.245148525642045456e+01
3.273374396959484844e+00 6.336976908120644225e+01
5.633043455462678040e+00 6.428805290599242994e+01
6.594457031398425428e+00 6.520633673077838921e+01
2.823687064490760790e+00 6.612462055556440532e+01
4.350683147293339381e+00 6.704290438035039301e+01
5.515778184927805583e+00 6.796118820513638070e+01
3.770874002025021987e+00 6.887947202992235418e+01
4.521455896260121676e+00 6.979775585470834187e+01
7.806121311047138356e+00 7.071603967949431535e+01
7.300313210252716623e+00 7.163432350428030304e+01
3.025844166305394545e+00 7.255260732906629073e+01
4.272562535168104247e+00 7.347089115385226421e+01
4.598076161456733146e+00 7.438917497863825190e+01
1.841112483059602845e+00 7.530745880342425380e+01
2.002895519638774324e+00 7.622574262821022728e+01
3.541425854271516904e+00 7.714402645299622918e+01
6.623668626684821703e+00 7.806231027778220266e+01
1.306747702198753691e+00 7.898059410256820456e+01
3.307750600102735916e+00 7.989887792735417804e+01
7.465584420402358035e+00 8.081716175214016573e+01
5.004589186154621672e+00 8.173544557692615342e+01
5.392957105493393577e+00 8.265372940171212690e+01
8.471512111223114871e+00 8.357201322649811459e+01
6.379008397012624343e+00 8.449029705128410228e+01
5.453995545340188933e-01 8.540858087607008997e+01
3.423500884943663003e+00 8.632686470085604924e+01
3.314015295610326373e-01 8.724514852564205114e+01
3.357763371055600743e+00 8.816343235042805304e+01
2.235751316748798345e+00 8.908171617521401231e+01
5.471188760755238079e+00 9.000000000000000000e+01
