8.903622010693189592e-01 1.020408163265285745e-01
7.664524396234377868e-01 2.040816326530605629e-01
4.692145795639847128e-01 3.061224489795925652e-01
4.432860253705677156e-01 4.081632653061191829e-01
7.750649844119203991e-01 5.102040816326565142e-01
6.914774473880085370e-01 6.122448979591831320e-01
2.649723469823503375e-01 7.142857142857150787e-01
3.809096607884948638e-01 8.163265306122470255e-01
1.101379504364731199e+00 9.183673469387756416e-01
1.307170243472143056e+00 1.020408163265305701e+00
9.649746194029518165e-01 1.122448979591837759e+00
1.732380535327147530e+00 1.224489795918366264e+00
3.755807278310641983e+00 1.326530612244896323e+00
3.753546749532159055e+00 1.428571428571428381e+00
1.364664392471626408e+00 1.530612244897954888e+00
5.251660073111875660e-01 1.632653061224490276e+00
2.052123020969419454e+00 1.734693877551018781e+00
2.391902844281941221e+00 1.836734693877550839e+00
1.548664026252306369e+00 1.938775510204082897e+00
1.783617475863820800e+00 2.040816326530609626e+00
1.191617253390461428e+00 2.142857142857141461e+00
7.788199219112641458e-01 2.244897959183673297e+00
2.870900796803876887e+00 2.346938775510203801e+00
4.387993782675575716e+00 2.448979591836733860e+00
3.811886627448794584e+00 2.551020408163263919e+00
3.127158853055591159e+00 2.653061224489797976e+00
4.583377211763217218e+00 2.755102040816328035e+00
5.552292905594738315e+00 2.857142857142854542e+00
4.248127081624823553e+00 2.959183673469388598e+00
3.112101242291086312e+00 3.061224489795918657e+00
2.295895580503778177e+00 3.163265306122447384e+00
8.455308200784741324e-01 3.265306122448979220e+00
5.462816734024469323e-01 3.367346938775507503e+00
9.211990741679959571e-01 3.469387755102041559e+00
2.573553638207297656e-01 3.571428571428570287e+00
1.219917694729144020e-01 3.673469387755102122e+00
1.417135846932531251e+00 3.775510204081633958e+00
5.049322500638487199e+00 3.877551020408164018e+00
8.307863370245925694e+00 3.979591836734692745e+00
8.936315558240103485e+00 4.081632653061224580e+00
1.090488627575618175e+01 4.183673469387756860e+00
1.727819457600044828e+01 4.285714285714285587e+00
2.333879873763507362e+01 4.387755102040813426e+00
2.856564202457911961e+01 4.489795918367347483e+00
3.405212506669855799e+01 4.591836734693879762e+00
3.820020055966114825e+01 4.693877551020409378e+00
4.127071121870415027e+01 4.795918367346938105e+00
4.602938756288040167e+01 4.897959183673470385e+00
4.991638635085408282e+01 5.000000000000000000e+00
4.980570623537797559e+01 5.192790898906927133e+00
5.009995114444707554e+01 5.385581797813856930e+00
5.637248410188433922e+01 5.578372696720782287e+00
6.150243562402985020e+01 5.771163595627712972e+00
6.452857966679088975e+01 5.963954494534638329e+00
6.771611554026908664e+01 6.156745393441573455e+00
7.529588912308982174e+01 6.349536292348500588e+00
8.110239840330110894e+01 6.542327191255429497e+00
8.401849284776240268e+01 6.735118090162354854e+00
8.437860003063332215e+01 6.927908989069290868e+00
8.896634652395418641e+01 7.120699887976213560e+00
9.030387210910221540e+01 7.313490786883146022e+00
9.052326137042479104e+01 7.506281685790073155e+00
9.045506802719654615e+01 7.699072584697002952e+00
9.174255751422293770e+01 7.891863483603930085e+00
9.373647110772195390e+01 8.084654382510862547e+00
9.704057561117178921e+01 8.277445281417787015e+00
1.007316616633465998e+02 8.470236180324720365e+00
1.000352385823897237e+02 8.663027079231644834e+00
1.004823922366034452e+02 8.855817978138578184e+00
1.009809562089793928e+02 9.048608877045502652e+00
1.060210793985379638e+02 9.241399775952434226e+00
1.063753032839871935e+02 9.434190674859362247e+00
1.079304739589572648e+02 9.626981573766290268e+00
1.127197076459422647e+02 9.819772472673218289e+00
1.131675203549387732e+02 1.001256337158014986e+01
1.168755690777304324e+02 1.020535427048707255e+01
1.154797348216193740e+02 1.039814516939400590e+01
1.180796422588324788e+02 1.059093606830093393e+01
1.188511746507487317e+02 1.078372696720786195e+01
1.189078344422647433e+02 1.097651786611478819e+01
1.193291406912048700e+02 1.116930876502172154e+01
1.177427655568398990e+02 1.136209966392864956e+01
1.219079096706739591e+02 1.155489056283557758e+01
1.258164504099982537e+02 1.174768146174250205e+01
1.239600897381762508e+02 1.194047236064943363e+01
1.225218937469507949e+02 1.213328932928090609e+01
1.210792049234160572e+02 1.232579209481498417e+01
1.217043063980273416e+02 1.251832009705715620e+01
1.222968235242942541e+02 1.271158320848312329e+01
1.216298615410422315e+02 1.290525753001791642e+01
1.202526450660552655e+02 1.309971884436153111e+01
1.202924575070010320e+02 1.329498676305244942e+01
1.203852635664576525e+02 1.349073364456808477e+01
1.220613701516098217e+02 1.368734242100561538e+01
1.179454448984783994e+02 1.388443667044432495e+01
1.162954215870257713e+02 1.408216927711871413e+01
1.113058281304528236e+02 1.428027496913611571e+01
1.090118722471291619e+02 1.447884154088622388e+01
1.033332456595064173e+02 1.467764390574025768e+01
9.983952511527176910e+01 1.487668484524059487e+01
9.450867640748374754e+01 1.507576009907097081e+01
8.755588922893537074e+01 1.527500585492565399e+01
8.861159636811974849e+01 1.547422107283809467e+01
9.547539620548761263e+01 1.567349123662118693e+01
1.004056074385191408e+02 1.587276187227092628e+01
1.104215337457145552e+02 1.607188134819099545e+01
1.107030865469086933e+02 1.627091358201075977e+01
1.131641129847855325e+02 1.646972381808190278e+01
1.138388458051150565e+02 1.666851549780363939e+01
1.132585945593072978e+02 1.686715787321440274e+01
1.141400147960657705e+02 1.706589080549389692e+01
1.160582996698959164e+02 1.726470050163468528e+01
1.151295590078376847e+02 1.746347452657515831e+01
1.192746987575061439e+02 1.766240037807404306e+01
1.208201239632062851e+02 1.786129499229055284e+01
1.248438033143400929e+02 1.806018833545349622e+01
1.257032505033442646e+02 1.825929504942319781e+01
1.263147250564377799e+02 1.845939538241501765e+01
1.279393392959294431e+02 1.866156073306221685e+01
1.287773263864619651e+02 1.886570465137294406e+01
1.270668710128568080e+02 1.907215911268050235e+01
1.278310132687605858e+02 1.928185828116198763e+01
1.288433756092739202e+02 1.949276575812363888e+01
1.328023586944492536e+02 1.970456414474252682e+01
1.341366690334864700e+02 1.991555517500455252e+01
1.361654951880065028e+02 2.012486621380122287e+01
1.367556293271098866e+02 2.033269361383339202e+01
1.345290374284769541e+02 2.053794486712392597e+01
1.284664746082343925e+02 2.074117946957283110e+01
1.283097100244504816e+02 2.094202807076143813e+01
1.254122155962315475e+02 2.114097877894795730e+01
1.264924774085130537e+02 2.133824819487438162e+01
1.237052046786540700e+02 2.153384896019768036e+01
1.219695125512825911e+02 2.172834766076059410e+01
1.224309700617709069e+02 2.192202381773327957e+01
1.252043689904174784e+02 2.211516262842893710e+01
1.279793781336132810e+02 2.230773558871475259e+01
1.274783483375355218e+02 2.249979277470178829e+01
1.259888223339376054e+02 2.269127509473781501e+01
1.227616623750694487e+02 2.288224423808051000e+01
1.210688854923108124e+02 2.307268917740580605e+01
1.203326913828953195e+02 2.326259637304343642e+01
1.210619528472815318e+02 2.345201932950591228e+01
1.198496472009899634e+02 2.364098523452023670e+01
1.210986039431908239e+02 2.382944707772351123e+01
1.232081166439335362e+02 2.401758100986698707e+01
1.288582193551311548e+02 2.420521190648785748e+01
1.293324113982738766e+02 2.439249886354880914e+01
1.281749059264000152e+02 2.457936306453360231e+01
1.318102370978278088e+02 2.476599963665468707e+01
1.347483053672215192e+02 2.495244875104350157e+01
1.344790713515324114e+02 2.513875603804796555e+01
1.365202308878340602e+02 2.532490618940203220e+01
1.351921793596633563e+02 2.551097000909561885e+01
1.302362517429352522e+02 2.569691226006441553e+01
1.290177773576520792e+02 2.588275357660552345e+01
1.290012774554386397e+02 2.606853358333928128e+01
1.266636892889364958e+02 2.625422932858623781e+01
1.243890188340276524e+02 2.643988595965463873e+01
1.230826506167553447e+02 2.662551337749581037e+01
1.194014426378455767e+02 2.681113175827517736e+01
1.151419151271423260e+02 2.699674585630618040e+01
1.129955824732257383e+02 2.718235896851551558e+01
1.112289943519761550e+02 2.736797845789612893e+01
1.086069877298879902e+02 2.755360685340322036e+01
1.048907992982319115e+02 2.773945488210158317e+01
9.991102343202804548e+01 2.792575595784464682e+01
9.740779382210870097e+01 2.811274540326274618e+01
9.551728938730188645e+01 2.830060066063644442e+01
9.474918281088319816e+01 2.848946053116186050e+01
9.542611950869779491e+01 2.867952453780932842e+01
9.450886792372752154e+01 2.887059907163763128e+01
9.284109128138865685e+01 2.906285433438899091e+01
9.046282875808357460e+01 2.925648654419455141e+01
8.756184854221170610e+01 2.945108986520330063e+01
8.595613355750612072e+01 2.964710150016214385e+01
8.322545177968166286e+01 2.984379360187395491e+01
8.076050205398112780e+01 3.004196365424406423e+01
7.615719948338289669e+01 3.024144975953833736e+01
7.356351405164394919e+01 3.044348563723860224e+01
7.277347798065343909e+01 3.064734157979259166e+01
6.813288910497739437e+01 3.085426461303073609e+01
6.882866698612400569e+01 3.106328518521518589e+01
7.063118851135506304e+01 3.127440022187209578e+01
7.183689504221175071e+01 3.148756098815321636e+01
7.121801657814370401e+01 3.170204878393210635e+01
7.115383355725407455e+01 3.191741702388993929e+01
7.163303959955024425e+01 3.213398123763985836e+01
7.243614523767237756e+01 3.235124830317217004e+01
7.264511931774042353e+01 3.256906072608106228e+01
7.348716325662104509e+01 3.278785419869009132e+01
7.279700001210456151e+01 3.300772394895999184e+01
6.962055910137060266e+01 3.322815801823398374e+01
7.503412500366155768e+01 3.344926015382728224e+01
7.577255220782289769e+01 3.367187093972971468e+01
7.262126658867944684e+01 3.389625481954598030e+01
7.151919750311608936e+01 3.412100633773007274e+01
7.126572075064377998e+01 3.434576584982127656e+01
7.233858822086034479e+01 3.457100658826392703e+01
7.275236748223368011e+01 3.479660676896863691e+01
7.756914306481139931e+01 3.502276641223980391e+01
7.842301716604514183e+01 3.524948912276762769e+01
8.001926888016443229e+01 3.547683853623911432e+01
8.721047224239526940e+01 3.570482949129710448e+01
8.956186061840072909e+01 3.593347980574522182e+01
9.229943041240643709e+01 3.616278074059894010e+01
9.991863690586924918e+01 3.639284036000042732e+01
1.049636317060278827e+02 3.662331252658002967e+01
1.122862468576762467e+02 3.685436491750265020e+01
1.152468615737155631e+02 3.708445326881484760e+01
1.167148388175482552e+02 3.731379180975305587e+01
1.190704252731561468e+02 3.754313035069127125e+01
1.211157479175249847e+02 3.777246889162947951e+01
1.206822091233790104e+02 3.800180743256769489e+01
1.180253238115357988e+02 3.823114597350590316e+01
1.188584556678237476e+02 3.846048451444413274e+01
1.176820316778495226e+02 3.868982305538234101e+01
1.162194735589923624e+02 3.891916159632056349e+01
1.179709057436981681e+02 3.914850013725877886e+01
1.173856231980114586e+02 3.937783867819699424e+01
1.191171682145392907e+02 3.960717721913520251e+01
1.197241595517775039e+02 3.983651576007341788e+01
1.177349919823168989e+02 4.006585430101162615e+01
1.217934000995987844e+02 4.029519284194984863e+01
1.241393268025474867e+02 4.052453138288806400e+01
1.281224866626458834e+02 4.075386992382628648e+01
1.295577937336754815e+02 4.098320846476449475e+01
1.290583302260838821e+02 4.121254700570271012e+01
1.319025317154795687e+02 4.144188554664091839e+01
1.321564460049752654e+02 4.167122408757912666e+01
1.321709418096407944e+02 4.190056262851733493e+01
1.304350462995924715e+02 4.212990116945556451e+01
1.286931949660830412e+02 4.235923971039377989e+01
1.243638980959477465e+02 4.258857825133200947e+01
1.221382134344375174e+02 4.281791679227021064e+01
1.184051729121853356e+02 4.304725533320842601e+01
1.149125199191047102e+02 4.327659387414663428e+01
1.047423197005122120e+02 4.350593241508484965e+01
9.614907887653374985e+01 4.373527095602305792e+01
9.381134928971609099e+01 4.396460949696128750e+01
8.825582803999941461e+01 4.419394803789950288e+01
8.369705856454875459e+01 4.442328657883772536e+01
7.444869409388321913e+01 4.465262511977593363e+01
6.656147424185070349e+01 4.488196366071414900e+01
5.975341803576483812e+01 4.511130220165235727e+01
5.103292611434751791e+01 4.534064074259057264e+01
3.818541769955557896e+01 4.556997928352878091e+01
2.593853468418412334e+01 4.579931782446700339e+01
2.444417866548906204e+01 4.670137256274318815e+01
5.718363965411890959e+00 4.760342730101936581e+01
9.622022020288063970e+00 4.850548203929556479e+01
7.130313163814367527e+00 4.940753677757172824e+01
3.663251281562871053e+00 5.030959151584792721e+01
9.637091760734979307e-01 5.121164625412409777e+01
3.660655911774199467e+00 5.211370099240029674e+01
1.409774359350477013e+00 5.301575573067646729e+01
1.012496050662843539e+00 5.391781046895265916e+01
3.422462553959006448e-01 5.481986520722882972e+01
2.640704141486382106e+00 5.572191994550502159e+01
6.438809159549315986e+00 5.662397468378121346e+01
8.998020273235582067e+00 5.752602942205739822e+01
2.912682477754494847e+00 5.842808416033357588e+01
1.729261781295610145e+00 5.933013889860975354e+01
3.662567556146085312e+00 6.023219363688595251e+01
4.241628492764425218e+00 6.113424837516211596e+01
1.707422737004592017e+00 6.203630311343831494e+01
9.822640193546121168e+00 6.293835785171449970e+01
3.235604869386899729e+00 6.384041258999067736e+01
6.624723558643250243e+00 6.474246732826686923e+01
3.119036965443208409e+00 6.564452206654304689e+01
3.547933035538564539e+00 6.654657680481922455e+01
1.762894936751422392e+00 6.744863154309541642e+01
2.105852920632557357e+00 6.835068628137159408e+01
3.735088822061060299e+00 6.925274101964780016e+01
5.798511246627855442e+00 7.015479575792396361e+01
1.106804160427527828e+00 7.105685049620014127e+01
2.746592664440329123e+00 7.195890523447633313e+01
1.032612492894707357e+00 7.286095997275252500e+01
1.877432263404209767e+00 7.376301471102868845e+01
4.140571519531816236e+00 7.466506944930489453e+01
3.810545945527681333e+00 7.556712418758107219e+01
2.543869546333015208e+00 7.646917892585726406e+01
6.407871022568434327e+00 7.737123366413342751e+01
4.865691661781816890e+00 7.827328840240961938e+01
3.553577084064586167e+00 7.917534314068581125e+01
4.281542850281846668e+00 8.007739787896198891e+01
4.551269840161346281e+00 8.097945261723816657e+01
5.840034101322236992e+00 8.188150735551435844e+01
7.321434713709654041e+00 8.278356209379053610e+01
5.937803364698910791e+00 8.368561683206672797e+01
5.560921475557300653e+00 8.458767157034290562e+01
2.383204500811814341e+00 8.548972630861911171e+01
4.474838074277555755e+00 8.639178104689526094e+01
8.991368691137782004e-03 8.729383578517143860e+01
8.738587128572656848e-01 8.819589052344764468e+01
3.637220004037958088e+00 8.909794526172382234e+01
5.143141946432823630e+00 9.000000000000000000e+01
