9.931660497646421781e-01 1.020408163265296292e-01
1.470755118203195266e-01 2.040816326530625890e-01
2.381672936807333052e+00 3.061224489795955628e-01
4.545673787217252126e+00 4.081632653061235683e-01
3.510060603784922240e+00 5.102040816326556261e-01
1.967809902306950409e+00 6.122448979591861296e-01
1.774342902199125493e+00 7.142857142857157449e-01
1.975215193711857165e+00 8.163265306122462484e-01
2.730528138824336537e+00 9.183673469387791943e-01
2.935473454117309977e+00 1.020408163265303925e+00
2.313866308279454387e+00 1.122448979591836871e+00
4.139022482016426530e+00 1.224489795918366486e+00
6.286291850688113136e+00 1.326530612244902763e+00
6.489298539707538005e+00 1.428571428571429935e+00
7.975411650548723586e+00 1.530612244897962881e+00
1.058263952314412215e+01 1.632653061224487612e+00
1.100908023801433799e+01 1.734693877551023000e+00
9.528016958491647870e+00 1.836734693877555946e+00
9.409792079769495388e+00 1.938775510204083119e+00
9.291586151757440959e+00 2.040816326530613622e+00
8.159449875689517739e+00 2.142857142857140573e+00
6.931572926117558708e+00 2.244897959183673741e+00
5.482679723312029907e+00 2.346938775510206909e+00
4.457633465610237877e+00 2.448979591836737413e+00
6.306656668450790981e+00 2.551020408163267028e+00
8.372361273908266455e+00 2.653061224489797532e+00
7.777464160507063795e+00 2.755102040816328035e+00
5.088831280030468918e+00 2.857142857142861203e+00
3.636256837305968492e+00 2.959183673469393483e+00
4.160641823105972747e+00 3.061224489795923986e+00
3.011763893430517314e+00 3.163265306122450937e+00
9.944504242094558411e-01 3.265306122448981441e+00
1.620387701741979214e+00 3.367346938775514609e+00
3.715797150454144493e+00 3.469387755102044224e+00
4.836204274147341664e+00 3.571428571428577392e+00
4.299300334767746534e+00 3.673469387755104343e+00
3.638600728379274063e+00 3.775510204081634846e+00
2.688527821937578999e+00 3.877551020408165350e+00
3.733223295447822387e+00 3.979591836734698518e+00
1.009676798183855162e+01 4.081632653061228133e+00
1.864038194698712658e+01 4.183673469387758637e+00
2.390009931966417867e+01 4.285714285714289140e+00
2.798852021210127461e+01 4.387755102040818755e+00
3.325339837052559488e+01 4.489795918367351923e+00
4.133997266663912740e+01 4.591836734693878874e+00
4.524320789319089897e+01 4.693877551020412042e+00
4.838394255186810966e+01 4.795918367346942546e+00
5.754413321279833582e+01 4.897959183673473049e+00
6.696948707880817153e+01 5.000000000000002665e+00
5.667374136942238039e+01 5.200565245053619279e+00
6.011898530106068250e+01 5.401130490107234117e+00
6.615935994981511215e+01 5.601695735160845402e+00
7.072271677153911185e+01 5.802260980214469122e+00
7.371718907572655155e+01 6.002826225268085736e+00
8.123477765994907429e+01 6.203391470321695245e+00
8.719450125038304122e+01 6.403956715375315412e+00
9.377489068488057455e+01 6.604521960428929361e+00
9.788742000059885129e+01 6.805087205482541535e+00
1.034391405859059034e+02 7.005652450536158149e+00
1.022788355975128241e+02 7.206217695589772987e+00
1.009372256588538903e+02 7.406782940643394042e+00
9.976601822245307005e+01 7.607348185697007992e+00
1.011985013332528212e+02 7.807913430750620165e+00
1.015995427378683758e+02 8.008478675804235891e+00
1.021020501208020193e+02 8.209043920857851617e+00
1.021913239916117959e+02 8.409609165911465567e+00
1.051326798581117998e+02 8.610174410965081293e+00
1.069949003643955479e+02 8.810739656018697019e+00
1.117491256577336571e+02 9.011304901072314522e+00
1.120375090966591927e+02 9.211870146125928471e+00
1.144200606806420666e+02 9.412435391179545974e+00
1.201561882422201535e+02 9.613000636233163476e+00
1.223666475366373021e+02 9.813565881286777426e+00
1.274962124665438381e+02 1.001413112634038782e+01
1.319981384707496375e+02 1.021469637139400177e+01
1.371413230909110723e+02 1.041526161644762638e+01
1.481383010454925397e+02 1.061582686150123855e+01
1.448133749534716799e+02 1.081639210655485428e+01
1.477131587628107638e+02 1.101695735160846823e+01
1.467764889524925707e+02 1.121752259666208396e+01
1.429525954262331027e+02 1.141808784171570146e+01
1.440245937899309467e+02 1.161865308676931541e+01
1.412566249426046738e+02 1.182122731838398977e+01
1.331336458197440038e+02 1.202352423851262664e+01
1.294127468188801231e+02 1.222448297180168986e+01
1.304798924697833229e+02 1.242446843543034340e+01
1.286756525218874856e+02 1.262364720285066255e+01
1.266865379973204284e+02 1.282225258310846172e+01
1.262288858379183694e+02 1.302066234424672686e+01
1.258712388284142634e+02 1.321884596391975464e+01
1.212170306380041467e+02 1.341690186529281092e+01
1.213021815032729904e+02 1.361500288423329863e+01
1.238238360922225780e+02 1.381337334272037864e+01
1.241701627278456215e+02 1.401220133387192845e+01
1.223667620444138748e+02 1.421166159686358910e+01
1.178515858245892360e+02 1.441192531442382929e+01
1.130676272308895562e+02 1.461287496710659184e+01
1.061591188084912005e+02 1.481444656857495801e+01
1.000407553701326151e+02 1.501660908368257807e+01
9.541425319275971617e+01 1.521922831810995902e+01
9.491170308734677974e+01 1.542209807766473872e+01
9.932776028100403209e+01 1.562497365618704137e+01
1.080304652975985675e+02 1.582773367722245439e+01
1.122999353520225299e+02 1.602994497245573413e+01
1.137390979141432439e+02 1.623182942379170868e+01
1.150920562813412431e+02 1.643314892034903707e+01
1.177541466348577330e+02 1.663428996006669891e+01
1.190464771513537414e+02 1.683527893429620903e+01
1.203615895013815305e+02 1.703619785402608855e+01
1.220508279929184425e+02 1.723706698986343255e+01
1.217922776016445852e+02 1.743780464585072920e+01
1.242546571354469762e+02 1.763861101139993792e+01
1.269577476076511857e+02 1.783999292974346673e+01
1.271217509700993844e+02 1.804285680337661546e+01
1.269568698888806324e+02 1.824699392805707987e+01
1.286111804269886818e+02 1.845242999087887625e+01
1.290720096204155141e+02 1.865968906675827199e+01
1.287525983946718782e+02 1.886803900806327761e+01
1.276959485756774910e+02 1.907800068635689783e+01
1.285891276011852256e+02 1.928849081958215095e+01
1.301314236663165786e+02 1.949910638307627408e+01
1.337225532012254234e+02 1.970939132690755002e+01
1.337225532012254234e+02 1.991896070768750704e+01
1.345530629759321926e+02 2.012741716837953376e+01
1.353765785498146386e+02 2.033481420868245593e+01
1.361441866679095369e+02 2.054093331092147068e+01
1.352512389663405372e+02 2.074576222245540080e+01
1.350784139581930674e+02 2.094901115527317970e+01
1.343221200255295003e+02 2.115103674574090675e+01
1.298960853718360227e+02 2.135184090702775705e+01
1.300446451241336092e+02 2.155129151490577044e+01
1.266701053747464130e+02 2.174928928015518892e+01
1.262890731650969940e+02 2.194607974558887165e+01
1.260878817051917054e+02 2.214189911973052460e+01
1.239197408533799916e+02 2.233678301391669052e+01
1.224330494920409791e+02 2.253089156090175749e+01
1.245200970578650583e+02 2.272430870718109475e+01
1.260012207581206667e+02 2.291717521994335627e+01
1.280419833887162042e+02 2.310948858359150293e+01
1.294870990348891553e+02 2.330122933662732621e+01
1.318939803108563069e+02 2.349254676972105216e+01
1.327408722406324273e+02 2.368355423312481278e+01
1.291126259656597597e+02 2.387429639354771993e+01
1.279757833880576783e+02 2.406484828198923154e+01
1.322675667402392321e+02 2.425522736891802111e+01
1.370983598460818200e+02 2.444545123519116459e+01
1.396926973859267207e+02 2.463549338060293792e+01
1.388639010225370782e+02 2.482540811094045807e+01
1.396199518302781826e+02 2.501513949870716047e+01
1.408364191020468468e+02 2.520467025569920239e+01
1.413776739208341269e+02 2.539400191413430008e+01
1.422757943676431012e+02 2.558302816731897522e+01
1.409501211660246724e+02 2.577174381194626207e+01
1.419827919093848436e+02 2.596028621928507718e+01
1.450556685317473864e+02 2.614869667075290138e+01
1.453304794632303754e+02 2.633700397948707561e+01
1.446364153476347383e+02 2.652521932524267001e+01
1.410297283390067378e+02 2.671340629837107628e+01
1.349906424728729064e+02 2.690162335350282419e+01
1.258439211561574638e+02 2.708996896814974420e+01
1.235496623135007184e+02 2.727847970030204294e+01
1.208274741883112142e+02 2.746708826163927952e+01
1.190123382532705563e+02 2.765584693882116341e+01
1.157311377478682033e+02 2.784492299857696196e+01
1.141684201369189395e+02 2.803457496810253957e+01
1.089669737148772413e+02 2.822498382372390324e+01
1.030864865562678858e+02 2.841628830763501057e+01
1.012473422405899868e+02 2.860848296897042076e+01
1.004324885208942959e+02 2.880179233979252729e+01
1.018741677665725121e+02 2.899645065705579938e+01
1.012622260903307136e+02 2.919270220258800563e+01
1.016294972256784774e+02 2.939078016312007335e+01
1.053456876700508786e+02 2.959066008154487193e+01
1.033647344695085479e+02 2.979203971307293486e+01
9.980471605838651783e+01 2.999479006487068844e+01
9.598659712359780372e+01 3.019837144608109725e+01
9.224566381598890530e+01 3.040302022646251601e+01
9.215538902969555579e+01 3.060894613988654811e+01
8.872645394782733774e+01 3.081599500712958672e+01
8.749073346217747371e+01 3.102597254419449868e+01
8.649376441555391182e+01 3.123878682621023017e+01
8.520133664868829726e+01 3.145395566330076065e+01
8.499531878399186269e+01 3.167036969456498596e+01
8.144562430940612785e+01 3.188761533013699534e+01
8.067884373211774118e+01 3.210673223944522903e+01
8.026611981561589459e+01 3.232711056344994915e+01
8.143327560972693391e+01 3.254932403477624092e+01
8.301848323037501132e+01 3.277265256064132615e+01
8.063562884372380779e+01 3.299691291974157537e+01
8.155018433466972283e+01 3.322188534077691457e+01
8.145397604197746944e+01 3.344739041358492670e+01
8.182555715806303454e+01 3.367342687564713799e+01
8.247794979082958378e+01 3.389998811670915302e+01
8.124336473404684966e+01 3.412704873138914508e+01
8.189959108527060039e+01 3.435464653738628016e+01
8.626507805586069821e+01 3.458269123888224783e+01
8.736871602990859742e+01 3.481107560987824456e+01
9.256939956672205483e+01 3.503974382754887529e+01
9.061079827811744281e+01 3.526873074898934135e+01
9.227160045231927654e+01 3.549811285109219483e+01
9.479826169433044925e+01 3.572799902879346234e+01
9.701249265262373456e+01 3.595851201706745570e+01
1.032847471799657768e+02 3.618965830311658749e+01
1.077337825771779478e+02 3.642135772514131276e+01
1.100983161838153279e+02 3.665362035676383101e+01
1.153956680561841353e+02 3.688607220924254904e+01
1.206315050381852245e+02 3.711801806761108935e+01
1.237364094632436604e+02 3.734996392597960835e+01
1.274898851685135241e+02 3.758190978434814866e+01
1.286644547233933622e+02 3.781385564271666766e+01
1.252486441516972775e+02 3.804580150108520797e+01
1.256701651945215019e+02 3.827774735945374829e+01
1.231749587516298590e+02 3.850969321782227439e+01
1.280058784232535913e+02 3.874163907619079339e+01
1.329457842925079945e+02 3.897358493455932660e+01
1.350470076344917061e+02 3.920553079292786691e+01
1.378127765536003153e+02 3.943747665129640012e+01
1.399548906083555551e+02 3.966942250966491912e+01
1.387851160431580979e+02 3.990136836803343812e+01
1.413940715876151728e+02 4.013331422640197133e+01
1.397189554750162017e+02 4.036526008477051164e+01
1.419163144427849943e+02 4.059720594313903064e+01
1.418421563260871778e+02 4.082915180150754964e+01
1.426821185720850167e+02 4.106109765987608284e+01
1.431597060485161137e+02 4.129304351824462316e+01
1.451186158997273594e+02 4.152498937661316347e+01
1.463633924271547642e+02 4.175693523498167536e+01
1.477126586208419781e+02 4.198888109335020857e+01
1.467455389800043690e+02 4.222082695171874178e+01
1.436025851072470800e+02 4.245277281008727499e+01
1.452501784195409584e+02 4.268471866845580109e+01
1.429563405140431769e+02 4.291666452682433430e+01
1.370612378955743793e+02 4.314861038519286041e+01
1.310322225915103900e+02 4.338055624356139361e+01
1.262100431414252881e+02 4.361250210192992682e+01
1.218042436775839974e+02 4.384444796029845293e+01
1.167452202576496916e+02 4.407639381866696482e+01
1.167078269507518797e+02 4.430833967703550513e+01
1.128169988894321989e+02 4.454028553540404545e+01
1.090433330107628507e+02 4.477223139377257866e+01
1.024533793625793123e+02 4.500417725214109765e+01
9.006569551340102464e+01 4.523612311050961665e+01
8.588089222958763003e+01 4.546806896887815697e+01
7.511874623184102973e+01 4.570001482724669728e+01
6.618532080198052370e+01 4.593196068561521628e+01
5.223378083307806463e+01 4.616390654398374238e+01
4.121883823303808470e+01 4.639585240235228270e+01
2.104272214286821097e+01 4.662779826072081590e+01
2.814158050816268641e+01 4.751294523499181821e+01
1.902217974672269918e+01 4.839809220926282762e+01
9.907212340254989869e+00 4.928323918353383704e+01
7.876388384914080554e+00 5.016838615780483934e+01
1.226390510135060197e+01 5.105353313207584165e+01
1.833514986469651475e+01 5.193868010634684396e+01
8.182562591702250643e+00 5.282382708061783916e+01
9.401341382945485492e+00 5.370897405488884147e+01
9.932684138716673772e+00 5.459412102915985088e+01
1.892775882582165003e+00 5.547926800343084608e+01
1.151626728317713599e+01 5.636441497770185549e+01
7.909360033824210490e+00 5.724956195197286490e+01
8.839834782953239767e+00 5.813470892624386721e+01
5.823869213380135079e+00 5.901985590051487662e+01
8.810780449767813494e+00 5.990500287478587182e+01
1.009320982936363009e+01 6.079014984905688834e+01
1.253804124676956988e+01 6.167529682332788354e+01
4.729188173037054632e+00 6.256044379759887875e+01
6.212546981556533510e+00 6.344559077186987395e+01
9.483180008936079375e+00 6.433073774614086915e+01
1.068632146735299671e+01 6.521588472041187856e+01
5.458405808969580164e+00 6.610103169468288797e+01
8.681566479227148747e+00 6.698617866895389739e+01
6.027335661638888453e+00 6.787132564322489259e+01
4.444986243223048916e+00 6.875647261749590200e+01
7.189085381469253910e+00 6.964161959176689720e+01
6.560355602196114688e+00 7.052676656603790661e+01
1.692743509072704988e+00 7.141191354030891603e+01
6.814103972112722118e+00 7.229706051457991123e+01
3.927971537431872662e+00 7.318220748885092064e+01
6.598552922615667171e+00 7.406735446312191584e+01
9.109840906205441513e+00 7.495250143739292525e+01
6.770024836566301829e+00 7.583764841166393467e+01
3.464845358057095037e+00 7.672279538593492987e+01
5.027129370917306161e+00 7.760794236020592507e+01
1.200761113439527961e+01 7.849308933447693448e+01
2.804107259164353216e+00 7.937823630874794389e+01
9.020712483810973126e+00 8.026338328301892489e+01
1.322541187935786411e+01 8.114853025728996272e+01
8.323535768918679523e+00 8.203367723156094371e+01
9.547430803148325040e+00 8.291882420583195312e+01
5.870053059526914474e+00 8.380397118010293411e+01
1.484840638742052654e+01 8.468911815437395774e+01
3.899874412272010815e+00 8.557426512864495294e+01
5.617215928078088893e+00 8.645941210291596235e+01
4.033709041768066328e+00 8.734455907718697176e+01
3.286357013523149018e+00 8.822970605145795275e+01
4.168194428716875954e+00 8.911485302572899059e+01
6.875200885462980693e+00 8.999999999999997158e+01
