8.306449418448010880e-01 1.020408163265294488e-01
4.538419670381534377e-01 2.040816326530588976e-01
1.783482480616030152e-01 3.061224489795916770e-01
0.000000000000000000e+00 4.081632653061211258e-01
1.549768468670917054e-01 5.102040816326505190e-01
4.144310480680966080e-01 6.122448979591774698e-01
3.982920364061131036e-01 7.142857142857126362e-01
1.158445490215986307e-01 8.163265306122420295e-01
0.000000000000000000e+00 9.183673469387714228e-01
0.000000000000000000e+00 1.020408163265304147e+00
0.000000000000000000e+00 1.122448979591833540e+00
2.753075530413976457e-01 1.224489795918362933e+00
3.964449994123080967e-01 1.326530612244889884e+00
1.562615678596076252e-01 1.428571428571425050e+00
1.213083530518188104e-02 1.530612244897954444e+00
2.781297908990219489e-02 1.632653061224483837e+00
2.033079992137512837e-01 1.734693877551013230e+00
3.178291224666439652e-01 1.836734693877545954e+00
1.653273885262796505e-01 1.938775510204081121e+00
2.343809651258380589e-01 2.040816326530607405e+00
6.951431210095881941e-01 2.142857142857140129e+00
7.769864258552661163e-01 2.244897959183667080e+00
2.932309837880380243e-01 2.346938775510202468e+00
3.071158194009597150e-02 2.448979591836726311e+00
1.948412713290978981e-01 2.551020408163261699e+00
1.991580843789478028e-01 2.653061224489791314e+00
1.632161101099975642e-02 2.755102040816321818e+00
0.000000000000000000e+00 2.857142857142853654e+00
0.000000000000000000e+00 2.959183673469383269e+00
0.000000000000000000e+00 3.061224489795912884e+00
5.433069607296784342e-01 3.163265306122443388e+00
1.061377651098751818e+00 3.265306122448975223e+00
1.003182978775768674e+00 3.367346938775504839e+00
1.263604282674930746e+00 3.469387755102037563e+00
1.280711775673681441e+00 3.571428571428567178e+00
1.527215537725080896e+00 3.673469387755096793e+00
2.195803059672687851e+00 3.775510204081629517e+00
2.574450189189808391e+00 3.877551020408159133e+00
2.063027231589916077e+00 3.979591836734690968e+00
3.259340898307147683e+00 4.081632653061218363e+00
5.414531823059126836e+00 4.183673469387753308e+00
1.131518450455118696e+01 4.285714285714282923e+00
1.889045437744165667e+01 4.387755102040813426e+00
2.702146624562561428e+01 4.489795918367342153e+00
3.471975177819284397e+01 4.591836734693875322e+00
4.113492512136870971e+01 4.693877551020407601e+00
4.710183507674919667e+01 4.795918367346938105e+00
5.087280370604197088e+01 4.897959183673464167e+00
5.163199195767836613e+01 4.999999999999997335e+00
5.863592816533927277e+01 5.203279474507461089e+00
6.112956341554163231e+01 5.406558949014930171e+00
6.608357139721704243e+01 5.609838423522387707e+00
7.173815633302285732e+01 5.813117898029860342e+00
7.675242793457000801e+01 6.016397372537323207e+00
8.388254927123989546e+01 6.219676847044789625e+00
8.828119118415665412e+01 6.422956321552253378e+00
8.581092596846352194e+01 6.626235796059720684e+00
8.494683992731505384e+01 6.829515270567183549e+00
8.024551192240849673e+01 7.032794745074653520e+00
7.726752537820473776e+01 7.236074219582111056e+00
7.859448657746403910e+01 7.439353694089582802e+00
7.701438027741760095e+01 7.642633168597043891e+00
7.819886164099278858e+01 7.845912643104510309e+00
8.485453311309196067e+01 8.049192117611976727e+00
8.873219883125290153e+01 8.252471592119441368e+00
9.023146278023881450e+01 8.455751066626906010e+00
9.553195543542130963e+01 8.659030541134374204e+00
1.020847645197500810e+02 8.862310015641831740e+00
1.084254957388419598e+02 9.065589490149299934e+00
1.110269877144882713e+02 9.268868964656764575e+00
1.131067665968738254e+02 9.472148439164232769e+00
1.155643699694954734e+02 9.675427913671695634e+00
1.140400227723336997e+02 9.878707388179162052e+00
1.139208858136807265e+02 1.008198686268662314e+01
1.099619290925046329e+02 1.028526633719409489e+01
1.101412294539059502e+02 1.048854581170155598e+01
1.109373172479848790e+02 1.069182528620902062e+01
1.110781475939245979e+02 1.089510476071648526e+01
1.134849597105247199e+02 1.109838423522395345e+01
1.181266917002434127e+02 1.130166370973141099e+01
1.163004681763703445e+02 1.150665686298129131e+01
1.208216599065760448e+02 1.171040863061916681e+01
1.251084012821409175e+02 1.191230352603244569e+01
1.275921920757283488e+02 1.211274348068499762e+01
1.313147733082002446e+02 1.231262356221176901e+01
1.305368335996614064e+02 1.251200856480144807e+01
1.300576854652569807e+02 1.271123031977296236e+01
1.273856270211618380e+02 1.291042622248082594e+01
1.257372894971630899e+02 1.310953991265244056e+01
1.260627392566115077e+02 1.330855771170171309e+01
1.264261662461771607e+02 1.350746980963540267e+01
1.259656503613511092e+02 1.370661756897196426e+01
1.251615142321115144e+02 1.390614558001753309e+01
1.229412671752295267e+02 1.410604291753830353e+01
1.157434066069139078e+02 1.430642015413512169e+01
1.121257057011507072e+02 1.450737129349116117e+01
1.051770331323231176e+02 1.470889000014948067e+01
9.898518180959457879e+01 1.491112205294084347e+01
8.921661572897471615e+01 1.511374720460078436e+01
8.206018309989141812e+01 1.531681901140105495e+01
7.992952331051041881e+01 1.552015017926552787e+01
8.600481279602472284e+01 1.572377713136852506e+01
9.231418167739175829e+01 1.592751714875131697e+01
9.643859225927781154e+01 1.613129499421794932e+01
9.995007471554734479e+01 1.633508932541772296e+01
1.048539594123391794e+02 1.653869373059491110e+01
1.074369217083198578e+02 1.674223248403550102e+01
1.052867442839316539e+02 1.694560966518917766e+01
1.058802881420800617e+02 1.714876381516906534e+01
1.089020668655091839e+02 1.735173148900056006e+01
1.118914659822120257e+02 1.755462438208071063e+01
1.116383476513143194e+02 1.775906605421347706e+01
1.124941284139256936e+02 1.796651226109974075e+01
1.124750242307364232e+02 1.817696617844948648e+01
1.149682806761243796e+02 1.839140991820357129e+01
1.209219513123670708e+02 1.860833791770776102e+01
1.218108387551229441e+02 1.882642968011133533e+01
1.239857863686117838e+02 1.904402838795749631e+01
1.227849880859102569e+02 1.926102804574751914e+01
1.206988489559010134e+02 1.947765842199482123e+01
1.166431520536457782e+02 1.969395827194393789e+01
1.216792952805139976e+02 1.990975951690009182e+01
1.220440812048980348e+02 2.012522395334518421e+01
1.199229030177594240e+02 2.033921784921588838e+01
1.222109320847161200e+02 2.055140438468709618e+01
1.214207686818383678e+02 2.076136217706985931e+01
1.185779620237075136e+02 2.096920070242909873e+01
1.159802514184880238e+02 2.117455480752144936e+01
1.121205369922559356e+02 2.137780534522473275e+01
1.112347631823964775e+02 2.157934238694650375e+01
1.116310745096553205e+02 2.177981426112700447e+01
1.137308731222972824e+02 2.197945052159897728e+01
1.123409099896347811e+02 2.217838116724998088e+01
1.123733986173654955e+02 2.237663666329110157e+01
1.132270656314804427e+02 2.257425545752980867e+01
1.110780200383944560e+02 2.277111243536371887e+01
1.137544054120946981e+02 2.296728453514878865e+01
1.149555806468928125e+02 2.316291373112746399e+01
1.111079555873188269e+02 2.335789086563132244e+01
1.086321396744031489e+02 2.355229456929112786e+01
1.072360058262414526e+02 2.374626082667865035e+01
1.042861698069856971e+02 2.393971144387608163e+01
1.067417677100866058e+02 2.413274570061864921e+01
1.077432176446912990e+02 2.432541460117927912e+01
1.118208096602241000e+02 2.451769043872682019e+01
1.132684156710399606e+02 2.470976103147168956e+01
1.141331687592463027e+02 2.490163380388414183e+01
1.202073092860164252e+02 2.509339894954496586e+01
1.212785654316143678e+02 2.528510332355237722e+01
1.239970782392912838e+02 2.547670591391255712e+01
1.264047088773153718e+02 2.566826039800460535e+01
1.267097735943541892e+02 2.585977958699919199e+01
1.282024775712174005e+02 2.605118910576317148e+01
1.306059100228221439e+02 2.624251500019379080e+01
1.341793571439808943e+02 2.643373105522858779e+01
1.312384645912420922e+02 2.662487753772713717e+01
1.266899692189486331e+02 2.681602464697941812e+01
1.225634945379722325e+02 2.700722731270860422e+01
1.168002438948766155e+02 2.719855662915799499e+01
1.139285536826097456e+02 2.738996459386780202e+01
1.069399971768158508e+02 2.758149297371811315e+01
1.057640625712467113e+02 2.777349701238398083e+01
1.037876912675015717e+02 2.796615005814599897e+01
1.048909293998036674e+02 2.815948678445491993e+01
1.018011515521328363e+02 2.835383266709519745e+01
9.767353827839583857e+01 2.854896154077490777e+01
9.409805193492860553e+01 2.874513901305013519e+01
8.919263681401318422e+01 2.894236173628425135e+01
8.693463126424016707e+01 2.914075245508118428e+01
8.447842672265034025e+01 2.934048327379311871e+01
8.423690226067454034e+01 2.954143471599777371e+01
8.184182648850887176e+01 2.974373665237776265e+01
8.066449634175116046e+01 2.994743846080660177e+01
8.117257281401644775e+01 3.015266942565486730e+01
8.090084742651556837e+01 3.035985193832580009e+01
7.882740007488487777e+01 3.056921755848527411e+01
7.677617929908574013e+01 3.078002100265118202e+01
7.446367147225393524e+01 3.099198182844205007e+01
7.029460090857099885e+01 3.120491704670214617e+01
6.892071016601779831e+01 3.141901034006211901e+01
6.855386384818554291e+01 3.163404160461167081e+01
6.816245293594923282e+01 3.185027294490776129e+01
6.874245139816902395e+01 3.206745273954192044e+01
6.787882371577093465e+01 3.228573350343549464e+01
7.060238851291076401e+01 3.250570426487619358e+01
6.996051210190857716e+01 3.272886181986896759e+01
7.001203223959576860e+01 3.295450713423081623e+01
7.072170401765234260e+01 3.318130685573617455e+01
6.926849889771592927e+01 3.340957200976838237e+01
6.801852418325361782e+01 3.363976197277049351e+01
6.471240876071684056e+01 3.387134005446242924e+01
6.318809499260586904e+01 3.410344757730536713e+01
6.444684899190781380e+01 3.433573430103071900e+01
6.617187056382107357e+01 3.456814917313726454e+01
6.453108643113289133e+01 3.480074458029830708e+01
6.404001849251726242e+01 3.503345570347397597e+01
6.584049456831742475e+01 3.526625677826930172e+01
6.867597056286248858e+01 3.549919601908020894e+01
6.604234675858700143e+01 3.573213776211774473e+01
7.331855354394423330e+01 3.596510509336939521e+01
7.626494563184498077e+01 3.619805519529171534e+01
8.170739188903975503e+01 3.643101753474846305e+01
8.197433957747365696e+01 3.666393585719115578e+01
9.255267331108053952e+01 3.689705017075072391e+01
9.767400855054307840e+01 3.713051986966389251e+01
9.865320077382344266e+01 3.736398956857708953e+01
1.000921569621523730e+02 3.759745926749026523e+01
1.042521571888465388e+02 3.783092896640345515e+01
1.021083070394474674e+02 3.806439866531664507e+01
1.043093965373542176e+02 3.829786836422983498e+01
1.065161483650725813e+02 3.853133806314301069e+01
1.107071400317482102e+02 3.876480776205620771e+01
1.104871590668222439e+02 3.899827746096938341e+01
1.123223939046553284e+02 3.923174715988258043e+01
1.161401056658700384e+02 3.946521685879575614e+01
1.184917206637858840e+02 3.969868655770894605e+01
1.249691055513163178e+02 3.993215625662215018e+01
1.273410532785535025e+02 4.016562595553532589e+01
1.312850918433587992e+02 4.039909565444850870e+01
1.344623801819345204e+02 4.063256535336167730e+01
1.356498939511404558e+02 4.086603505227487432e+01
1.353926584102704282e+02 4.109950475118807134e+01
1.335364720383406052e+02 4.133297445010124704e+01
1.313150259040247079e+02 4.156644414901442985e+01
1.331845793126330193e+02 4.179991384792762688e+01
1.333691733326187148e+02 4.203338354684080258e+01
1.307054213466108479e+02 4.226685324575399960e+01
1.266560599810124899e+02 4.250032294466718241e+01
1.277440781861203334e+02 4.273379264358036522e+01
1.237198681686692794e+02 4.296726234249356224e+01
1.202512045311218571e+02 4.320073204140674505e+01
1.184958008859346705e+02 4.343420174031992786e+01
1.213841330145708213e+02 4.366767143923312489e+01
1.225190695251958601e+02 4.390114113814630059e+01
1.223371362469636949e+02 4.413461083705949051e+01
1.200132898337965770e+02 4.436808053597267332e+01
1.191462082563619447e+02 4.460155023488586323e+01
1.155323661474323274e+02 4.483501993379906025e+01
1.093315757762844243e+02 4.506848963271225017e+01
1.115570587341081534e+02 4.530195933162542588e+01
1.105557361871114637e+02 4.553542903053862290e+01
1.058400035646141788e+02 4.576889872945179860e+01
9.805964476603330127e+01 4.600236842836499562e+01
9.098960855834191364e+01 4.623583812727818554e+01
7.712769543100608871e+01 4.646930782619136124e+01
6.092743797443124265e+01 4.670277752510456537e+01
4.266565155043223001e+01 4.693624722401774108e+01
2.998138346127831610e+01 4.716971692293091678e+01
3.486686282688623351e+01 4.804380433266701544e+01
1.151610031586099758e+01 4.891789174240312832e+01
1.542100738814887961e+00 4.979197915213923409e+01
4.184581063737255135e+00 5.066606656187532565e+01
1.101842630998643296e-01 5.154015397161144563e+01
1.721120777755993370e+00 5.241424138134754429e+01
2.097606821677010291e+00 5.328832879108364295e+01
5.478300797706879166e+00 5.416241620081975583e+01
5.305324773869181110e-01 5.503650361055585449e+01
2.035469668873272298e+00 5.591059102029195316e+01
6.124521877325386221e+00 5.678467843002807314e+01
2.169538088184138402e+00 5.765876583976417180e+01
1.774250152016541904e+00 5.853285324950027046e+01
7.116052861850209466e-01 5.940694065923637623e+01
2.308602951136869752e+00 6.028102806897248200e+01
1.023395374769837801e-01 6.115511547870858777e+01
1.266669204333856491e-01 6.202920288844469354e+01
5.047814511118294822e-01 6.290329029818079221e+01
2.214702411818903371e+00 6.377737770791688376e+01
1.038423214512218529e+00 6.465146511765298953e+01
5.340479747842967750e-01 6.552555252738909530e+01
3.067867378371433418e+00 6.639963993712520107e+01
4.436712013584216407e+00 6.727372734686130684e+01
1.469808015367650711e+00 6.814781475659741261e+01
1.871257035545768943e+00 6.902190216633351838e+01
1.254797193672288813e+00 6.989598957606960994e+01
2.340258234957311778e+00 7.077007698580572992e+01
2.056330734624285839e+00 7.164416439554182148e+01
2.543773479435006646e+00 7.251825180527791304e+01
1.026975290416459075e+00 7.339233921501404723e+01
1.090977524483297767e+00 7.426642662475013879e+01
5.762789726683505975e+00 7.514051403448624455e+01
6.371981591643207654e-01 7.601460144422235032e+01
8.608975158889002444e+00 7.688868885395845609e+01
2.778568785666723606e+00 7.776277626369454765e+01
4.344112943659932391e+00 7.863686367343066763e+01
1.849949116778816460e+00 7.951095108316675919e+01
5.486591343240132534e-01 8.038503849290285075e+01
5.150603794746592357e+00 8.125912590263897073e+01
5.312393593388046398e+00 8.213321331237507650e+01
5.736161145178186871e+00 8.300730072211118227e+01
2.149996480965961521e+00 8.388138813184730225e+01
4.121443576971596023e+00 8.475547554158337960e+01
3.071398457178133867e-01 8.562956295131948536e+01
1.338603487637300082e+00 8.650365036105560534e+01
5.943030652840747052e+00 8.737773777079169690e+01
7.309909303717715412e-01 8.825182518052780267e+01
2.204895271213528907e-01 8.912591259026390844e+01
8.427039911895155555e+00 9.000000000000001421e+01
