9.883537385181973001e-02 1.020408163265340978e-01
1.757149628955631648e+00 2.040816326530592861e-01
3.078491785644222212e+00 3.061224489795933978e-01
2.588923286686793279e+00 4.081632653061241234e-01
2.371246376318363325e+00 5.102040816326527395e-01
1.769438808273220864e+00 6.122448979591834650e-01
5.379529990891447344e-01 7.142857142857141906e-01
1.054212710008739284e+00 8.163265306122449161e-01
2.254782005200684836e+00 9.183673469387768629e-01
3.904177915727998549e+00 1.020408163265306367e+00
5.708995094805406900e+00 1.122448979591838203e+00
6.568189882468789875e+00 1.224489795918368928e+00
9.161411163780613265e+00 1.326530612244897434e+00
1.345942018267465912e+01 1.428571428571428159e+00
1.398403973035596692e+01 1.530612244897958885e+00
1.229927691938774714e+01 1.632653061224491831e+00
5.508247151081464565e+00 1.734693877551021668e+00
1.255164014879827761e+00 1.836734693877551061e+00
1.279935999460070750e+00 1.938775510204080899e+00
1.018280502006336352e+00 2.040816326530613622e+00
4.650942539617399341e+00 2.142857142857142350e+00
7.597865167095216421e+00 2.244897959183672853e+00
8.136580803944568174e+00 2.346938775510206909e+00
6.898237449025335088e+00 2.448979591836734304e+00
3.725921386601055652e+00 2.551020408163266140e+00
2.066639114455197657e+00 2.653061224489791314e+00
1.415627966775559798e+00 2.755102040816325371e+00
1.235470205677245747e+00 2.857142857142858094e+00
2.139013386532873984e+00 2.959183673469386822e+00
3.227489233720127082e+00 3.061224489795917769e+00
3.042200330312524681e+00 3.163265306122449605e+00
1.773533232126013104e+00 3.265306122448977000e+00
1.416468097230235923e+00 3.367346938775511056e+00
3.358158470999006440e+00 3.469387755102041559e+00
4.230981090634328368e+00 3.571428571428572063e+00
1.921703778032040955e+00 3.673469387755100790e+00
2.504691981208512219e-02 3.775510204081631294e+00
3.415151600578156255e-01 3.877551020408160021e+00
3.715559182696429041e-01 3.979591836734696297e+00
3.090472583904483983e+00 4.081632653061219251e+00
7.454245567491034841e+00 4.183673469387755084e+00
1.771550457246488008e+01 4.285714285714280258e+00
2.781734442088455239e+01 4.387755102040816091e+00
3.529109123394015057e+01 4.489795918367344818e+00
4.290836586182845025e+01 4.591836734693880651e+00
4.800858567608005245e+01 4.693877551020404049e+00
5.081077696495402307e+01 4.795918367346939881e+00
5.078209233323273253e+01 4.897959183673465056e+00
5.091942079796126563e+01 4.999999999999999112e+00
5.214028280049586783e+01 5.204820119670532819e+00
5.446781197666951613e+01 5.409640239341067414e+00
6.230974883803229858e+01 5.614460359011609114e+00
6.448710023637673316e+01 5.819280478682145485e+00
7.150993989237208837e+01 6.024100598352678304e+00
7.544221317507692959e+01 6.228920718023220005e+00
7.853543891192002491e+01 6.433740837693756376e+00
8.521813573210089032e+01 6.638560957364289195e+00
9.200580150953193481e+01 6.843381077034825566e+00
9.588618220496829281e+01 7.048201196705366378e+00
9.826434814122409023e+01 7.253021316375896532e+00
1.025014047070408196e+02 7.457841436046435568e+00
1.023640532939491408e+02 7.662661555716976380e+00
1.020090213857418746e+02 7.867481675387507423e+00
1.030083139606465181e+02 8.072301795058045570e+00
1.047050876297121107e+02 8.277121914728581942e+00
1.070595496760285954e+02 8.481942034399116537e+00
1.076745234803007634e+02 8.686762154069656461e+00
1.063484102205071622e+02 8.891582273740194609e+00
1.102398064548604424e+02 9.096402393410734533e+00
1.135472402348599843e+02 9.301222513081263799e+00
1.167777199662601078e+02 9.506042632751807275e+00
1.169938391038483871e+02 9.710862752422341870e+00
1.191648605159530234e+02 9.915682872092876465e+00
1.201856836861562385e+02 1.012050299176341284e+01
1.169834285591355325e+02 1.032532311143395631e+01
1.176031721876103830e+02 1.053014323110448558e+01
1.146154017586624718e+02 1.073496335077502195e+01
1.191998520943508026e+02 1.093978347044556187e+01
1.206497996257786127e+02 1.114460359011609647e+01
1.183622823019691879e+02 1.134942370978663106e+01
1.231399872068109858e+02 1.155424382945717809e+01
1.236894246356565361e+02 1.175954582225651990e+01
1.221014519356044019e+02 1.196634973147534353e+01
1.258923520168002312e+02 1.217129905272246759e+01
1.262419961848118106e+02 1.237546590571411365e+01
1.317538097587790560e+02 1.257892306790621006e+01
1.344688336760166578e+02 1.278212059766475051e+01
1.362903576131251668e+02 1.298514475885228947e+01
1.399032465332683444e+02 1.318799295879951927e+01
1.406742705315874673e+02 1.339065713784918898e+01
1.391827737653337351e+02 1.359314958909989457e+01
1.373398909310557201e+02 1.379568087898000428e+01
1.345773590782748954e+02 1.399874343589574721e+01
1.308452609001525957e+02 1.420224859921906457e+01
1.260270314455834040e+02 1.440673116471714721e+01
1.266152813183597630e+02 1.461183656163782274e+01
1.259014938019051471e+02 1.481761103453655792e+01
1.164541849765810753e+02 1.502408039975089693e+01
1.072203039633562298e+02 1.523113628953550958e+01
1.024674857744318786e+02 1.543894504269071177e+01
1.044461603536649790e+02 1.564724176702809899e+01
1.084960631456976756e+02 1.585600054063127473e+01
1.121401676897676225e+02 1.606497864276010290e+01
1.118465558720350259e+02 1.627388566959811200e+01
1.102004372236801117e+02 1.648271797944403616e+01
1.092798239675497882e+02 1.669138776995335860e+01
1.065973203587724072e+02 1.689997366617383179e+01
1.098668695293233100e+02 1.710849622420279204e+01
1.091502291055400207e+02 1.731685052243639333e+01
1.089090081030102937e+02 1.752531945615999831e+01
1.069292680748926045e+02 1.773508261636751016e+01
1.079859629228657951e+02 1.794743776070411556e+01
1.087799414285362190e+02 1.816245456814704440e+01
1.103977944770451529e+02 1.837996905531194969e+01
1.121794833736657750e+02 1.859952996098056843e+01
1.086003725839551919e+02 1.882047788796732490e+01
1.087683630796198315e+02 1.904162452119240356e+01
1.103042779550326600e+02 1.926263192670040425e+01
1.110273047240811195e+02 1.948331138249692529e+01
1.158639581231231261e+02 1.970345657883145662e+01
1.182959406971911136e+02 1.992311841172781683e+01
1.190664680367738413e+02 2.014220594783091656e+01
1.208820898577040168e+02 2.036041675849982013e+01
1.215373094665080913e+02 2.057747036293976350e+01
1.211550314335690217e+02 2.079285833855957222e+01
1.199345750989338200e+02 2.100622433384031496e+01
1.216812446224419659e+02 2.121780252440572312e+01
1.213498678551769814e+02 2.142720323944713812e+01
1.208999145549708345e+02 2.163459053379926900e+01
1.188195025539628773e+02 2.183982405269249938e+01
1.184127434845045030e+02 2.204354035278050006e+01
1.168633179117360186e+02 2.224646246660320870e+01
1.173123000323459451e+02 2.244862275084536662e+01
1.194236121075894914e+02 2.265001365049055337e+01
1.224378853025652774e+02 2.285078767683755174e+01
1.208630604811419289e+02 2.305096448083127569e+01
1.199918083896819923e+02 2.325063120956370710e+01
1.188273326164280235e+02 2.344978364104764879e+01
1.225646717870294395e+02 2.364859882889497911e+01
1.260089294010484480e+02 2.384695560645461754e+01
1.244944602145187105e+02 2.404501703117328404e+01
1.252435413294959829e+02 2.424279317915042853e+01
1.263532592373703665e+02 2.444025376872368582e+01
1.222206735880235584e+02 2.463746049448959852e+01
1.227506240754980382e+02 2.483442360566996143e+01
1.237295687138598623e+02 2.503113649675283625e+01
1.250365069435156755e+02 2.522763535328599005e+01
1.301678368420979837e+02 2.542392403281291990e+01
1.323210302308448547e+02 2.562003210820913779e+01
1.299703249165392549e+02 2.581599750991204445e+01
1.327809690036646373e+02 2.601179380545016429e+01
1.331604856166116519e+02 2.620735839053987348e+01
1.310303888953661726e+02 2.640280024727896091e+01
1.339081590031081248e+02 2.659817548920728569e+01
1.320302478166398998e+02 2.679350516601618892e+01
1.347355711452205185e+02 2.698900035062673908e+01
1.369638055692572891e+02 2.718462254793325172e+01
1.397000670445376329e+02 2.738039350301066932e+01
1.408670892321844121e+02 2.757627003297189816e+01
1.415485174846913026e+02 2.777218758412456978e+01
1.371581081374677069e+02 2.796823711178044292e+01
1.321175670163538030e+02 2.816448819230403444e+01
1.292611984544421944e+02 2.836102690680896643e+01
1.264672290120939948e+02 2.855789019035650966e+01
1.197842477068350604e+02 2.875546426283464996e+01
1.162290031431585362e+02 2.895405596302008178e+01
1.136050053891885341e+02 2.915402802347540145e+01
1.066665108015819783e+02 2.935517055396572061e+01
1.019657861563749464e+02 2.955775493289542766e+01
9.771213295987190861e+01 2.976118177840127998e+01
9.304016532554443586e+01 2.996571488719960286e+01
9.057633926416205838e+01 3.017242055117030830e+01
8.288754824517634745e+01 3.038129233897308268e+01
8.176537324133965967e+01 3.059289500708462484e+01
8.220702523196010247e+01 3.080707311699097772e+01
7.905616371688556399e+01 3.102382630765336913e+01
7.796250633622206294e+01 3.124281994230647541e+01
8.046762251541505861e+01 3.146419043264667792e+01
7.896360631017586229e+01 3.168746620429663707e+01
7.790163990797937288e+01 3.191359248510206825e+01
7.427642666743663824e+01 3.214154123348159686e+01
7.062830081440934293e+01 3.237209716436947105e+01
7.270716129333723643e+01 3.260415703354654227e+01
6.740486672701592852e+01 3.283772894704159739e+01
6.405778243827583651e+01 3.307320162272418429e+01
6.459289497941587399e+01 3.331069137460152518e+01
6.527569699106339840e+01 3.354938114214120048e+01
6.437726108300624617e+01 3.378863597935022511e+01
6.527773214126740697e+01 3.402866363117761495e+01
6.346329083683771444e+01 3.426924741347812642e+01
6.489159009471310924e+01 3.451023811966682331e+01
6.817932231534211951e+01 3.475123374931006026e+01
6.815495458890092095e+01 3.499278984381467694e+01
6.415522425578997456e+01 3.523457573395535292e+01
6.438366898758962975e+01 3.547695768385038662e+01
6.648348392868335566e+01 3.571947929382675113e+01
6.676047492919603599e+01 3.596197677169419649e+01
6.878479773118218077e+01 3.620402131519693256e+01
7.092556679807394460e+01 3.644571784017507809e+01
7.664081325799875799e+01 3.668689667552269640e+01
7.543271020790771786e+01 3.692767261111384869e+01
7.844660276722537162e+01 3.716793575461625920e+01
8.069454824955522554e+01 3.740772392450888617e+01
8.579073129816188725e+01 3.764711182393056532e+01
9.176328502142261812e+01 3.788612618751225369e+01
9.423609372944072504e+01 3.812476200559627415e+01
9.852333159607478308e+01 3.836311338214797217e+01
1.092719833333645880e+02 3.860122669310099042e+01
1.126642635162391173e+02 3.883917140347183050e+01
1.174335681608838229e+02 3.907677537959602887e+01
1.227903972254794951e+02 3.931437935572022013e+01
1.253803505315092650e+02 3.955198333184443982e+01
1.253793637556496066e+02 3.978958730796863819e+01
1.239150646435735155e+02 4.002719128409283655e+01
1.250952716447828834e+02 4.026479526021704203e+01
1.313027497058986626e+02 4.050239923634123329e+01
1.284015069293949978e+02 4.074000321246543876e+01
1.297148796298016293e+02 4.097760718858965845e+01
1.341476797223025983e+02 4.121521116471384971e+01
1.360879370110624791e+02 4.145281514083804097e+01
1.376640456837751003e+02 4.169041911696226066e+01
1.367127626634252806e+02 4.192802309308645192e+01
1.372737601540405592e+02 4.216562706921065740e+01
1.388842716821966974e+02 4.240323104533486998e+01
1.406291859029201134e+02 4.264083502145906834e+01
1.384637646898574133e+02 4.287843899758325961e+01
1.354345451170912611e+02 4.311604297370747929e+01
1.332489604563174623e+02 4.335364694983167766e+01
1.350890641056929269e+02 4.359125092595587603e+01
1.372740932500878159e+02 4.382885490208008150e+01
1.377474127121708136e+02 4.406645887820427276e+01
1.361353368828842747e+02 4.430406285432847824e+01
1.355106339504426956e+02 4.454166683045269082e+01
1.325748854948593305e+02 4.477927080657688919e+01
1.323962881990782137e+02 4.501687478270108045e+01
1.279350989437230481e+02 4.525447875882529303e+01
1.234179268381562764e+02 4.549208273494949140e+01
1.188410508153674670e+02 4.572968671107368266e+01
1.138209124565280064e+02 4.596729068719790234e+01
1.125863938263965593e+02 4.620489466332210071e+01
1.018068306311966751e+02 4.644249863944629197e+01
9.752551864738040877e+01 4.668010261557049745e+01
9.126048015019168247e+01 4.691770659169469582e+01
7.528122019437253698e+01 4.715531056781889419e+01
5.899306160659300247e+01 4.739291454394311387e+01
5.001418285684658116e+01 4.763051852006730513e+01
3.352314409365114756e+01 4.786812249619150350e+01
1.774307127999123423e+01 4.810572647231571608e+01
1.740009833691029684e+01 4.896071164635009865e+01
9.381953867754941001e+00 4.981569682038445279e+01
1.011692668256843142e+01 5.067068199441882115e+01
3.517529131657181285e+00 5.152566716845321082e+01
8.502561441257292074e+00 5.238065234248757207e+01
4.858960261229833932e+00 5.323563751652194753e+01
7.129046444363181578e+00 5.409062269055632299e+01
2.040732224146154294e+00 5.494560786459069845e+01
5.371551763748579233e+00 5.580059303862506681e+01
7.728257087529176950e+00 5.665557821265943517e+01
3.799114521502996222e+00 5.751056338669381773e+01
1.555420594126652567e+00 5.836554856072818609e+01
4.552018611695757500e+00 5.922053373476255445e+01
4.260164278378073099e+00 6.007551890879693701e+01
2.054394773481464931e+00 6.093050408283131958e+01
8.964627682555674326e+00 6.178548925686567372e+01
5.604564994476347595e-01 6.264047443090005629e+01
6.121995425944757763e+00 6.349545960493442465e+01
3.872527020743491644e+00 6.435044477896879300e+01
7.554505256223844611e+00 6.520542995300317557e+01
7.373160786823333090e+00 6.606041512703754393e+01
3.932633937088878984e+00 6.691540030107191228e+01
2.453807944816975173e+00 6.777038547510629485e+01
5.295754826015188321e+00 6.862537064914067741e+01
1.245815954872042219e+00 6.948035582317503156e+01
4.497351189521162418e+00 7.033534099720941413e+01
2.672025156932616774e+00 7.119032617124378248e+01
6.908566814815664259e-01 7.204531134527815084e+01
3.525065695186656800e+00 7.290029651931253341e+01
8.374257098678613787e+00 7.375528169334691597e+01
6.753561986897921088e+00 7.461026686738127012e+01
3.371241459964156473e+00 7.546525204141565268e+01
3.779368248181267820e+00 7.632023721545003525e+01
6.395873287369971294e+00 7.717522238948438940e+01
1.021895420412622890e+01 7.803020756351878617e+01
9.180055600475274247e+00 7.888519273755315453e+01
7.216118643320825754e+00 7.974017791158750867e+01
1.500490174212513850e+00 8.059516308562189124e+01
5.715172920949109781e+00 8.145014825965625960e+01
8.786850486638535074e+00 8.230513343369064216e+01
1.151524843716736513e+01 8.316011860772502473e+01
6.120465431595912165e+00 8.401510378175939309e+01
2.664632653925512518e+00 8.487008895579374723e+01
3.013150600049591343e+00 8.572507412982812980e+01
7.931360902014536585e+00 8.658005930386251237e+01
7.226761004054861992e+00 8.743504447789686651e+01
2.700499963376800761e+00 8.829002965193124908e+01
4.384576853153977716e+00 8.914501482596563164e+01
5.405679976244923246e+00 8.999999999999998579e+01
