0.000000000000000000e+00 1.020408163265308782e-01
0.000000000000000000e+00 2.040816326530596747e-01
0.000000000000000000e+00 3.061224489795926207e-01
0.000000000000000000e+00 4.081632653061247895e-01
7.557931271462520195e-01 5.102040816326556261e-01
3.406701264088153547e+00 6.122448979591844642e-01
4.285467107937956932e+00 7.142857142857153008e-01
1.993756778170619803e+00 8.163265306122474696e-01
4.599352518190113481e-01 9.183673469387783062e-01
1.621249359692854553e-01 1.020408163265305035e+00
2.957055708098213845e-03 1.122448979591837981e+00
0.000000000000000000e+00 1.224489795918368928e+00
0.000000000000000000e+00 1.326530612244898988e+00
0.000000000000000000e+00 1.428571428571426383e+00
0.000000000000000000e+00 1.530612244897958663e+00
1.598796133533461727e+00 1.632653061224489610e+00
3.592959729536033375e+00 1.734693877551018337e+00
5.513674925046565534e+00 1.836734693877551283e+00
8.589233506654821326e+00 1.938775510204083563e+00
9.122944874325650488e+00 2.040816326530614511e+00
7.192472263552994960e+00 2.142857142857143238e+00
4.989055968754972703e+00 2.244897959183674185e+00
2.951098578233727121e+00 2.346938775510206465e+00
1.596056781790686330e+00 2.448979591836735192e+00
1.647739882303250081e+00 2.551020408163266140e+00
2.117049868379390798e+00 2.653061224489797088e+00
2.621323368996264502e+00 2.755102040816331588e+00
2.561628004662977354e+00 2.857142857142860315e+00
1.428461565294799840e+00 2.959183673469389042e+00
6.161402644787419280e-01 3.061224489795917769e+00
1.534811125691916578e+00 3.163265306122448717e+00
1.067057631019761921e+00 3.265306122448979664e+00
0.000000000000000000e+00 3.367346938775511944e+00
0.000000000000000000e+00 3.469387755102040671e+00
1.953414748658989675e+00 3.571428571428571619e+00
3.619026813441384771e+00 3.673469387755106119e+00
2.874602553946192351e+00 3.775510204081633514e+00
1.456867683836488681e+00 3.877551020408165794e+00
6.192412427516341467e+00 3.979591836734694521e+00
1.503413863734073175e+01 4.081632653061223692e+00
2.281242524116419546e+01 4.183673469387756860e+00
2.927262984695962444e+01 4.285714285714290916e+00
3.312055585916033351e+01 4.387755102040819644e+00
3.831958414185160677e+01 4.489795918367348371e+00
4.547361089489723440e+01 4.591836734693877098e+00
4.555516571192337238e+01 4.693877551020411154e+00
4.414390842474936960e+01 4.795918367346938993e+00
4.744927002188681087e+01 4.897959183673471273e+00
5.076899297852729376e+01 5.000000000000000000e+00
5.731547568575398088e+01 5.203307767855387844e+00
6.137907491564143925e+01 5.406615535710782794e+00
6.404226384292914531e+01 5.609923303566174191e+00
6.925152668507857356e+01 5.813231071421562923e+00
6.724313079442644892e+01 6.016538839276957873e+00
7.076585263901627343e+01 6.219846607132345717e+00
7.187535683862688529e+01 6.423154374987737114e+00
7.162729188500844657e+01 6.626462142843132064e+00
6.768094229385154392e+01 6.829769910698518132e+00
6.734906892147715496e+01 7.033077678553908640e+00
6.535068530938511344e+01 7.236385446409297373e+00
6.668269429911102009e+01 7.439693214264694987e+00
7.363311416905476392e+01 7.643000982120081055e+00
7.290532967558826272e+01 7.846308749975472452e+00
7.612103982813690095e+01 8.049616517830866513e+00
7.900927499474708782e+01 8.252924285686253469e+00
8.196387430046412703e+01 8.456232053541640425e+00
8.702412267638607091e+01 8.659539821397036263e+00
8.916961583354280663e+01 8.862847589252428548e+00
9.079098401234919891e+01 9.066155357107817281e+00
9.440298450220002735e+01 9.269463124963202461e+00
9.799734648389750191e+01 9.472770892818594746e+00
1.000813674425872222e+02 9.676078660673988807e+00
1.030241772023858715e+02 9.879386428529375763e+00
1.063159283885529049e+02 1.008269419638476982e+01
1.079856739753340520e+02 1.028600196424015678e+01
1.099956857882413317e+02 1.048930973209554907e+01
1.115694733156457943e+02 1.069261749995094490e+01
1.138146236465215111e+02 1.089592526780633186e+01
1.150284272876757257e+02 1.109923303566172237e+01
1.157574436307035342e+02 1.130254080351711643e+01
1.230277673298334946e+02 1.150669382785046935e+01
1.236041758543423015e+02 1.171230926121788762e+01
1.220861517179428546e+02 1.191631556981485041e+01
1.241320962160025374e+02 1.211955067732096758e+01
1.272606046964342710e+02 1.232206063893247006e+01
1.286537399567192494e+02 1.252429345190384780e+01
1.286949996667054563e+02 1.272646257272525183e+01
1.256266250732024332e+02 1.292856614946440175e+01
1.257063085010378245e+02 1.313066976952582721e+01
1.240971164722572979e+02 1.333286262387236754e+01
1.250329779464888844e+02 1.353530320863091774e+01
1.273624427422369081e+02 1.373802028863212499e+01
1.270523018283269465e+02 1.394143571512340429e+01
1.262101406797528966e+02 1.414539780321235796e+01
1.219392893494378427e+02 1.435024797098861349e+01
1.140133814209258531e+02 1.455552403451045684e+01
1.058829869475148797e+02 1.476149162344145083e+01
9.705114459558834028e+01 1.496766555692741463e+01
9.171167239564304907e+01 1.517408325019310844e+01
9.190417313575660785e+01 1.538077946723765166e+01
1.019737343159837906e+02 1.558744523604139864e+01
1.044616277446614845e+02 1.579446980076630069e+01
1.065526635622659342e+02 1.600157924010774479e+01
1.028784153344926438e+02 1.620911868378476584e+01
1.015701791648189953e+02 1.641698356579620111e+01
1.038957358752431333e+02 1.662495568473670815e+01
1.014518411342709072e+02 1.683291868985132567e+01
9.937000968052483074e+01 1.704087301500955220e+01
1.025344652887484358e+02 1.724960803563258338e+01
1.052516963568438797e+02 1.746008865496033025e+01
1.020161924225805592e+02 1.767280931762572038e+01
1.016150699004717950e+02 1.788705788194049973e+01
1.032400022227639909e+02 1.810386217678455267e+01
1.041721132393938944e+02 1.832197587519972615e+01
1.062917512039521597e+02 1.854156108230952071e+01
1.058783638900412711e+02 1.876176494862642841e+01
1.050169313566347995e+02 1.898124188405125778e+01
1.050546040916310204e+02 1.920007570201311609e+01
1.089249336975960460e+02 1.941876103000522846e+01
1.103272002771726079e+02 1.963652170108515094e+01
1.103641322242620646e+02 1.985327992837783029e+01
1.110026950303686135e+02 2.006952791816349801e+01
1.120113050159494037e+02 2.028436831837003140e+01
1.122401457751816878e+02 2.049805580813877270e+01
1.104918956235679559e+02 2.071055651251460006e+01
1.096080927990906844e+02 2.092154361242870664e+01
1.098748868252959596e+02 2.113066139244520869e+01
1.109795578891443597e+02 2.133787657136276295e+01
1.077337640120248636e+02 2.154335923339183623e+01
1.065275937836571245e+02 2.174709165652990706e+01
1.021114832235345631e+02 2.194979334369629598e+01
1.020581848614603615e+02 2.215135228026492342e+01
1.026711123608096727e+02 2.235241892976770828e+01
1.019397512961461132e+02 2.255272684214335754e+01
1.014831400720654528e+02 2.275216828134298552e+01
1.022348514123081031e+02 2.295094419052979973e+01
9.926419495375822066e+01 2.314914806048390261e+01
9.904597408764813338e+01 2.334706179826802597e+01
9.905962245477901718e+01 2.354452872882136560e+01
9.917722359065324156e+01 2.374164812527157054e+01
1.009378738926999119e+02 2.393827200172153979e+01
1.027415604552237340e+02 2.413460864261496397e+01
1.068571562155970298e+02 2.433058178559167928e+01
1.069950297821013407e+02 2.452632510203443417e+01
1.087186898752202495e+02 2.472186648056956315e+01
1.104772066893369384e+02 2.491719514136174851e+01
1.101421558967381884e+02 2.511239811459490667e+01
1.134756282904897375e+02 2.530745070836726995e+01
1.169336146637940033e+02 2.550239726468070600e+01
1.163705449230485414e+02 2.569729319826527814e+01
1.161914511858945360e+02 2.589208786956395514e+01
1.148468164947547479e+02 2.608677431574687233e+01
1.161019812787177443e+02 2.628137840890786947e+01
1.171459720991146014e+02 2.647592911613277522e+01
1.202779664823373906e+02 2.667046387914754391e+01
1.213980834011701120e+02 2.686499304398882870e+01
1.231128278281342006e+02 2.705955124865376504e+01
1.231391894459969052e+02 2.725426704639993503e+01
1.243685394428895847e+02 2.744938685242973264e+01
1.241254005879960687e+02 2.764520346993687738e+01
1.216863533914013118e+02 2.784191010084650486e+01
1.153438335469171534e+02 2.803952803524989790e+01
1.113243611329488374e+02 2.823812990222677399e+01
1.100626725737167249e+02 2.843751670577978174e+01
1.080003259523187324e+02 2.863744725929156942e+01
1.019890212728933676e+02 2.883770633984457632e+01
9.666610050163866674e+01 2.903851246022824029e+01
9.498814651584369528e+01 2.924038039618729101e+01
9.085297173869138021e+01 2.944398936110344778e+01
8.780379714389165713e+01 2.964993460111821832e+01
8.369275153197867212e+01 2.985854929150174897e+01
8.104860201457633195e+01 3.006983916686453639e+01
7.785685283285447156e+01 3.028380199708620069e+01
7.709663017090935000e+01 3.050022566829072446e+01
7.534772151945780649e+01 3.071909007845643558e+01
6.918566498363142614e+01 3.093974208445953877e+01
6.713384355184079766e+01 3.116253030651759204e+01
6.567795551741158988e+01 3.138853872332451544e+01
6.370462646398181050e+01 3.161650172657604685e+01
6.516638908103388417e+01 3.184584892875766116e+01
6.437017243552872969e+01 3.207735031344587640e+01
6.457587587549319608e+01 3.230969167023540933e+01
6.014088014903090595e+01 3.254259537823615034e+01
6.258503462370604353e+01 3.277632560610774703e+01
6.171906472589719073e+01 3.301123293916803902e+01
6.146442624552840073e+01 3.324788311632636351e+01
5.867978958760019736e+01 3.348648090832782032e+01
5.914797024516438029e+01 3.372732414084494934e+01
5.536807347060803863e+01 3.397049662974077933e+01
5.394357898339435309e+01 3.421537383871572047e+01
4.915875508613525113e+01 3.446051408074031031e+01
4.837504391898726652e+01 3.470533478736396660e+01
4.924545698699161989e+01 3.494985424515856209e+01
4.852426421080568275e+01 3.519397685315111346e+01
4.977060104399623697e+01 3.543740253599135315e+01
5.177366061210346970e+01 3.568021638439217469e+01
5.236314389104391864e+01 3.592219179324563072e+01
5.554199081445480601e+01 3.616312177108785875e+01
5.775430203005145557e+01 3.640314142854991530e+01
6.279867113430052683e+01 3.664237839355679682e+01
6.443769344222685902e+01 3.688089933284842914e+01
6.876749836675644190e+01 3.711875970927822266e+01
7.473055981830957251e+01 3.735618747679082929e+01
7.717007202668186494e+01 3.759333213296720544e+01
8.260876065474388952e+01 3.783026552918229157e+01
8.404853463307948402e+01 3.806716192661321685e+01
9.028144286157588283e+01 3.830404536237436020e+01
9.642586361572882936e+01 3.854106988411147228e+01
1.015918464172418112e+02 3.877833774509419840e+01
1.046785540360324234e+02 3.901585781815093412e+01
1.096675612341191055e+02 3.925369822197447434e+01
1.109028249326432700e+02 3.949178416096597033e+01
1.093139400130242507e+02 3.973006629344190799e+01
1.097023845395857080e+02 3.996846358838678270e+01
1.136136854849681015e+02 4.020681116612716721e+01
1.145354147009702501e+02 4.044520358929467108e+01
1.159460609822254753e+02 4.068356501014884685e+01
1.161063516798360240e+02 4.092195951275567722e+01
1.185166503277236387e+02 4.116058511451409174e+01
1.216065220373330504e+02 4.140108126625476359e+01
1.237332743550379632e+02 4.164166731548180422e+01
1.232451830487792961e+02 4.188225336470880933e+01
1.238808279028362875e+02 4.212283941393582154e+01
1.231811863541624206e+02 4.236342546316286217e+01
1.229494676551179566e+02 4.260401151238986017e+01
1.205177243841815766e+02 4.284459756161687238e+01
1.216422245767838461e+02 4.308518361084390591e+01
1.232955688235280149e+02 4.332576966007091102e+01
1.257948619825643419e+02 4.356635570929791612e+01
1.235868340309087046e+02 4.380694175852494965e+01
1.247817458403352759e+02 4.404752780775195475e+01
1.275618543556543472e+02 4.428811385697896696e+01
1.296391619155491810e+02 4.452869990620600049e+01
1.286402353528095261e+02 4.476928595543300560e+01
1.268983145459394137e+02 4.500987200466001781e+01
1.237728383467345736e+02 4.525045805388704423e+01
1.266987418542774861e+02 4.549104410311405644e+01
1.222995131814929977e+02 4.573163015234106865e+01
1.222227801224973831e+02 4.597221620156808797e+01
1.171423688068617821e+02 4.621280225079510728e+01
1.068524945993736992e+02 4.645338830002211949e+01
1.023304975765629763e+02 4.669397434924913881e+01
9.455189610601060224e+01 4.693456039847615813e+01
8.963968067846876409e+01 4.717514644770316323e+01
7.599664374948366685e+01 4.741573249693018255e+01
6.383704101413022869e+01 4.765631854615719476e+01
5.083363113419967760e+01 4.789690459538420697e+01
4.776995419634285867e+01 4.813749064461122629e+01
4.815705226551789053e+01 4.899182757023141477e+01
1.129089241232172469e+01 4.984616449585158904e+01
6.378130769904384323e+00 5.070050142147177041e+01
8.990086062611453599e+00 5.155483834709195889e+01
6.506456490031447437e+00 5.240917527271211895e+01
4.533746255188532359e+00 5.326351219833230033e+01
9.786505967169237152e+00 5.411784912395248170e+01
8.767404692692979395e+00 5.497218604957265597e+01
5.080140717661874028e+00 5.582652297519283735e+01
8.523161007452706883e+00 5.668085990081302583e+01
1.887151992286117519e+00 5.753519682643319300e+01
2.134451139185371993e+00 5.838953375205337437e+01
1.291387116600643203e+01 5.924387067767354154e+01
6.856939790118827815e+00 6.009820760329372291e+01
2.638533703387167861e+00 6.095254452891391850e+01
7.060253270410688842e+00 6.180688145453409277e+01
2.702767612188467616e+00 6.266121838015426704e+01
6.915398193935914151e+00 6.351555530577444131e+01
4.771498798449252732e+00 6.436989223139461558e+01
3.226598069617402587e+00 6.522422915701480406e+01
8.708311933202642408e+00 6.607856608263499254e+01
1.906634274703357335e+00 6.693290300825515260e+01
1.000225985959807851e+01 6.778723993387532687e+01
7.885359468431491159e+00 6.864157685949551535e+01
3.020770002594222348e+00 6.949591378511568962e+01
2.729433088182407818e+00 7.035025071073586389e+01
3.753421300399743199e+00 7.120458763635605237e+01
4.302212593161983456e+00 7.205892456197624085e+01
6.013945267625047109e+00 7.291326148759641512e+01
7.834788203795354455e+00 7.376759841321658939e+01
2.642766365438526499e+00 7.462193533883677787e+01
6.053303814704975139e+00 7.547627226445693793e+01
5.872741570475026762e+00 7.633060919007712641e+01
6.113836852380735820e+00 7.718494611569730068e+01
8.547610414030767600e+00 7.803928304131748916e+01
4.574675852313450974e+00 7.889361996693766343e+01
1.660185416922866031e+00 7.974795689255785192e+01
7.114278342437113878e+00 8.060229381817801197e+01
3.681824359976642036e+00 8.145663074379820046e+01
4.843687580462418651e+00 8.231096766941837473e+01
3.908007424391117368e+00 8.316530459503856321e+01
6.303247060794534562e+00 8.401964152065873748e+01
7.609025780750117818e+00 8.487397844627891175e+01
3.896839039067300003e+00 8.572831537189910023e+01
3.127129074607759129e+00 8.658265229751927450e+01
8.234994712548953544e+00 8.743698922313944877e+01
1.408954859987205710e+00 8.829132614875962304e+01
5.203368290472349500e+00 8.914566307437979731e+01
8.926926680011760595e+00 8.999999999999997158e+01
