7.627781649979636924e-01 1.020408163265325435e-01
3.716629983020425243e-02 2.040816326530650870e-01
5.127416559850814792e-01 3.061224489795908443e-01
9.883170121399444952e-01 4.081632653061213478e-01
1.387933883038825922e+00 5.102040816326559591e-01
1.920953090074640102e+00 6.122448979591851304e-01
1.200389888778032210e+00 7.142857142857143016e-01
6.674230396231044526e-01 8.163265306122448051e-01
1.730886950367011456e+00 9.183673469387773070e-01
3.923163509772834345e+00 1.020408163265306367e+00
3.920453678628984306e+00 1.122448979591837537e+00
1.522329546901860287e+00 1.224489795918368040e+00
2.861234704360873793e-01 1.326530612244902541e+00
1.699662447644369578e+00 1.428571428571429713e+00
3.517419350059704630e+00 1.530612244897958885e+00
3.472520096616595886e+00 1.632653061224491386e+00
1.901341910438633098e+00 1.734693877551020558e+00
9.731420715826075707e-01 1.836734693877555058e+00
1.286648523187519322e+00 1.938775510204082231e+00
3.381067819867663804e+00 2.040816326530614955e+00
4.184514520137651239e+00 2.142857142857146346e+00
2.836392267415364543e+00 2.244897959183676850e+00
2.984696684280950585e+00 2.346938775510203801e+00
2.859762418740547485e+00 2.448979591836732972e+00
1.227849324728900626e+00 2.551020408163267472e+00
3.211350441616029894e+00 2.653061224489800196e+00
6.467661648422714293e+00 2.755102040816329367e+00
5.274799169585596914e+00 2.857142857142856318e+00
4.374754610590276371e+00 2.959183673469389042e+00
3.269782866955112333e+00 3.061224489795923542e+00
1.258462090219229390e+00 3.163265306122450493e+00
1.027793562835150221e+00 3.265306122448981885e+00
1.048927524857697247e+00 3.367346938775512388e+00
1.280682684411627248e+00 3.469387755102046889e+00
3.165356726828946421e+00 3.571428571428576060e+00
3.207271227347340936e+00 3.673469387755105231e+00
3.008091040214880607e+00 3.775510204081637955e+00
3.956333093587864447e+00 3.877551020408164906e+00
3.359611324136281940e+00 3.979591836734694077e+00
1.436913816197732841e+00 4.081632653061226357e+00
4.887699845450563796e-01 4.183673469387758637e+00
1.941301059984011257e+00 4.285714285714290028e+00
1.332748774649252255e+01 4.387755102040822308e+00
2.389273784450118043e+01 4.489795918367349259e+00
3.353883231167256440e+01 4.591836734693884203e+00
4.208894217631951307e+01 4.693877551020411154e+00
4.260906060711619148e+01 4.795918367346938105e+00
4.383691405813762287e+01 4.897959183673470385e+00
4.687526773046177908e+01 5.000000000000001776e+00
5.474854998506302195e+01 5.209940726350681395e+00
5.619078312669651609e+01 5.419881452701363678e+00
6.379693507663881746e+01 5.629822179052045072e+00
6.501818527722618057e+01 5.839762905402723803e+00
6.624569367590004276e+01 6.049703631753406974e+00
7.495088532417524618e+01 6.259644358104083928e+00
7.858247943358541932e+01 6.469585084454768875e+00
7.925858192227501320e+01 6.679525810805449382e+00
7.920559243705598362e+01 6.889466537156129000e+00
8.194449497953108619e+01 7.099407263506812171e+00
8.183060375162071409e+01 7.309347989857494454e+00
8.058134219783991625e+01 7.519288716208174073e+00
8.601007171792700490e+01 7.729229442558851915e+00
8.253496749805827903e+01 7.939170168909528869e+00
8.485755277582562428e+01 8.149110895260216481e+00
8.664673272371368284e+01 8.359051621610895211e+00
8.736023251084523622e+01 8.568992347961573941e+00
8.988100232759440189e+01 8.778933074312259777e+00
9.206352260654334430e+01 8.988873800662936731e+00
9.175652227866356725e+01 9.198814527013619013e+00
8.976636133128657491e+01 9.408755253364295967e+00
8.988125167469632970e+01 9.618695979714972921e+00
9.635214796125421799e+01 9.828636706065656981e+00
9.759138656988487526e+01 1.003857743241633926e+01
9.726762938706508521e+01 1.024851815876701622e+01
9.688712213695593789e+01 1.045845888511770383e+01
9.829067259161143966e+01 1.066839961146838434e+01
9.868002546163005206e+01 1.087834033781906129e+01
9.898754542707276016e+01 1.108828106416973824e+01
9.851185041527882902e+01 1.129822179052041697e+01
1.024786943052799160e+02 1.150816251687110281e+01
1.052644636405598391e+02 1.171810324322177976e+01
1.054457174536164672e+02 1.192824511837655521e+01
1.054186935319442142e+02 1.213804794327611525e+01
1.061873129049306925e+02 1.234762638920489763e+01
1.075454851212345062e+02 1.255706837413928412e+01
1.102808144160038637e+02 1.276635622520963054e+01
1.145668411588015090e+02 1.297543210350329090e+01
1.172113351625568924e+02 1.318445827385381008e+01
1.162463529704907330e+02 1.339345158933375046e+01
1.139081917243928785e+02 1.360263137778347797e+01
1.161444582833234733e+02 1.381213816089345237e+01
1.108059392459246055e+02 1.402185910280263670e+01
1.105568582180346908e+02 1.423210983177346201e+01
1.081114136925156544e+02 1.444291327027340621e+01
1.036226291526079706e+02 1.465450094135947623e+01
9.769106961624758867e+01 1.486674565218319266e+01
8.611391533544524179e+01 1.507982346736532087e+01
8.054552681701912320e+01 1.529342942910135861e+01
7.905200412288587586e+01 1.550741023986695311e+01
8.325766781544398043e+01 1.572180295982103182e+01
8.848393917909565687e+01 1.593617908172364928e+01
9.161473189363402980e+01 1.615059880895923072e+01
9.259689328759692728e+01 1.636483376548221003e+01
9.479613899646605546e+01 1.657892394765951849e+01
9.365076604771883240e+01 1.679287382400452344e+01
9.393950431451153804e+01 1.700670322537227008e+01
9.302560217498051998e+01 1.722050620665390497e+01
9.226970521804078373e+01 1.743412845706670566e+01
9.279180564856798696e+01 1.764867971845395545e+01
9.191727396513358883e+01 1.786507608907228928e+01
9.493813428831298040e+01 1.808458692202756168e+01
9.892214765290995615e+01 1.830642767608411958e+01
9.938716746086014098e+01 1.852975076138591248e+01
1.022855160284925660e+02 1.875317347864807260e+01
1.031686852746982908e+02 1.897696801854123549e+01
1.041901962446534924e+02 1.920104168005019574e+01
1.056829213219207872e+02 1.942585593491075002e+01
1.077225900728146257e+02 1.965071133355625932e+01
1.092042192462776597e+02 1.987470276630111243e+01
1.068250400627173065e+02 2.009757402292586548e+01
1.059213220887996556e+02 2.031866409993322264e+01
1.043249594446761108e+02 2.053796376174398119e+01
1.035760009306871865e+02 2.075534420400555291e+01
1.023253010934477203e+02 2.097094690491667279e+01
1.013156381280084446e+02 2.118449455007041848e+01
9.984390903987535637e+01 2.139644724118475239e+01
9.909846709412047971e+01 2.160694511818650199e+01
9.746212895373686536e+01 2.181627759797169830e+01
9.551673241126856340e+01 2.202468729971633365e+01
9.715494060967935752e+01 2.223247186453957625e+01
9.898605747187085058e+01 2.243997241302908918e+01
1.007392220187933560e+02 2.264712407147598583e+01
1.010694921368473445e+02 2.285396102349876202e+01
1.020754627844863336e+02 2.306026119384004858e+01
1.030913862857440506e+02 2.326609378104515002e+01
1.025111511054982856e+02 2.347155628242774839e+01
1.031108038387174872e+02 2.367649166128577320e+01
1.030515400469620744e+02 2.388108096121346335e+01
1.027338441686267601e+02 2.408509852865770284e+01
1.046650015643295006e+02 2.428869921082128513e+01
1.021885450663719723e+02 2.449188122717325200e+01
1.013528805420694283e+02 2.469465020527468369e+01
1.029739897850599704e+02 2.489706764523609195e+01
1.041248102043857386e+02 2.509913846048534936e+01
1.055062718603629719e+02 2.530097435124033467e+01
1.076197310971922576e+02 2.550255910900227718e+01
1.123946580043556622e+02 2.570405936485403231e+01
1.125478503770437726e+02 2.590550073213129423e+01
1.144938459753899451e+02 2.610689034806067355e+01
1.134502801147612843e+02 2.630821484354380146e+01
1.158600022939281899e+02 2.650946883567955581e+01
1.170133654832077212e+02 2.671065366903331295e+01
1.136536246074342245e+02 2.691181907670356566e+01
1.096653350004829122e+02 2.711298329347560809e+01
1.064400584757730144e+02 2.731414095291354016e+01
1.071463870563711680e+02 2.751542618145885655e+01
1.077042899524222435e+02 2.771694494580039247e+01
1.065785834637552369e+02 2.791879478018399396e+01
1.063900606875610322e+02 2.812116880183013023e+01
1.063773559162035838e+02 2.832417529018486846e+01
1.038261335904032023e+02 2.852800728106471695e+01
1.018730519901541385e+02 2.873293323992032100e+01
1.012381845412338208e+02 2.893919570701388011e+01
1.001229073444564932e+02 2.914675610389913629e+01
1.017915801458613601e+02 2.935597129274650996e+01
1.000426907044205649e+02 2.956713876384490902e+01
9.845898601152575225e+01 2.977999974093236091e+01
1.020432265648506700e+02 2.999525140244584520e+01
9.982063347207369475e+01 3.021226996702849732e+01
9.513365822637861413e+01 3.043091835833359227e+01
8.986211089108297756e+01 3.065178190099565825e+01
9.121591474534608324e+01 3.087478501023849731e+01
8.886647452908793809e+01 3.109999563684075952e+01
8.954201178153412854e+01 3.132709997875704033e+01
8.635082096102946991e+01 3.155663222575136473e+01
8.225877338572090025e+01 3.178857301567956739e+01
7.797135145379522214e+01 3.202297226178103529e+01
7.601631934725149620e+01 3.226002756055272158e+01
7.030391124827492888e+01 3.249960616568950655e+01
6.558142103437435821e+01 3.274095242290159291e+01
6.250214186905036229e+01 3.298453738464682061e+01
6.037360729029880702e+01 3.322975736771188338e+01
6.010843299974985854e+01 3.347543911795094118e+01
5.844820682014665181e+01 3.372146183157225607e+01
5.558089751392357414e+01 3.396773729469736480e+01
5.463055579363511072e+01 3.421424123540219142e+01
5.473750001354952133e+01 3.446109983322504888e+01
5.346177295631959936e+01 3.470832399634780785e+01
4.982351365148874578e+01 3.495594238371323570e+01
4.886416634967451245e+01 3.520410987941420444e+01
4.990779395946751151e+01 3.545284670366528701e+01
5.127494953817404166e+01 3.570203271378129983e+01
4.780692995963831038e+01 3.595174536295688483e+01
5.089107035249391942e+01 3.620193179747225543e+01
4.783374740214763676e+01 3.645256353164553786e+01
4.379511954562774889e+01 3.670366840506007122e+01
4.504110873169451423e+01 3.695499885673712726e+01
4.726589198567506145e+01 3.720638848518586173e+01
5.029853516337475128e+01 3.745751245637417526e+01
5.182062987727670844e+01 3.770848450875880076e+01
5.344684903302112389e+01 3.795886761632792883e+01
5.529378765184326028e+01 3.820870512991503176e+01
5.806127575849450295e+01 3.845786002495162847e+01
6.326646974904688392e+01 3.870626438430615934e+01
6.745720148813056483e+01 3.895384673033463230e+01
6.953489727245799656e+01 3.920097675481970612e+01
7.055141918126975042e+01 3.944754862215720692e+01
7.798417606558700754e+01 3.969374392069533286e+01
8.108875797460338219e+01 3.993946033974642518e+01
8.834977476348174719e+01 4.018486854902068472e+01
9.156204173884984243e+01 4.043028240222983527e+01
9.847495362052984547e+01 4.067597278802946192e+01
1.021231665083788727e+02 4.092208412815806895e+01
1.052724640613673301e+02 4.116868992612720746e+01
1.096213475641450543e+02 4.141580189107734356e+01
1.123104860976356605e+02 4.166332047359143331e+01
1.103252408383128085e+02 4.191003485427528119e+01
1.092513383283020403e+02 4.215616793926034944e+01
1.096948375880055693e+02 4.240230102424542480e+01
1.102758519102559518e+02 4.264843410923052147e+01
1.158385934437086462e+02 4.289456719421558972e+01
1.179586371111082030e+02 4.314070027920066508e+01
1.226193722406176647e+02 4.338683336418576175e+01
1.232014349259220154e+02 4.363296644917083000e+01
1.271375526035304517e+02 4.387909953415590536e+01
1.254543474733336694e+02 4.412523261914098782e+01
1.264017454915815506e+02 4.437136570412607028e+01
1.243318844054492587e+02 4.461749878911113854e+01
1.238478518744102672e+02 4.486363187409622100e+01
1.225127539512642159e+02 4.510976495908130346e+01
1.235737819065001020e+02 4.535589804406637882e+01
1.223681834556225425e+02 4.560203112905146838e+01
1.216991059659681866e+02 4.584816421403655085e+01
1.216940180540557037e+02 4.609429729902162620e+01
1.199065199593506321e+02 4.634043038400670156e+01
1.178835445805780608e+02 4.658656346899179823e+01
1.141376954412757243e+02 4.683269655397688069e+01
1.083681911008985281e+02 4.707882963896194894e+01
1.032373254009576300e+02 4.732496272394704562e+01
9.950920866887067007e+01 4.757109580893212097e+01
9.396112483744921917e+01 4.781722889391718923e+01
8.812819921481866459e+01 4.806336197890227879e+01
8.440144465679746588e+01 4.830949506388735415e+01
8.107927516937894552e+01 4.855562814887243661e+01
6.659527373227695080e+01 4.880176123385751197e+01
5.429354639652644465e+01 4.904789431884260864e+01
4.242285613992681448e+01 4.929402740382766979e+01
2.519073833954411867e+01 4.954016048881275225e+01
2.346526910796395882e+01 5.036587149924514506e+01
1.377275375183411121e+01 5.119158250967753787e+01
7.338040133229493556e+00 5.201729352010993779e+01
7.742471824751248732e+00 5.284300453054232349e+01
9.874779967993468688e+00 5.366871554097471630e+01
1.278060378441604783e+01 5.449442655140710912e+01
5.899235730602040206e+00 5.532013756183949482e+01
2.224114153318329734e+00 5.614584857227189474e+01
2.930753626139614099e+00 5.697155958270428044e+01
4.973068137179771919e-01 5.779727059313668036e+01
5.343160780613630756e+00 5.862298160356908738e+01
5.918624299056736149e+00 5.944869261400146598e+01
2.694006486360220443e+00 6.027440362443387301e+01
4.330034840917582173e+00 6.110011463486624450e+01
2.027972389701353961e+00 6.192582564529864442e+01
5.119794309604912996e+00 6.275153665573103012e+01
4.838489190469640988e+00 6.357724766616343004e+01
4.987651273978432442e+00 6.440295867659582996e+01
4.742315520673348495e+00 6.522866968702821566e+01
6.882842822260651694e+00 6.605438069746061558e+01
9.826966509380503645e-01 6.688009170789300128e+01
6.071549827811963951e+00 6.770580271832540120e+01
5.262334402562530045e+00 6.853151372875780112e+01
8.438617064688924696e-01 6.935722473919020103e+01
7.571619298344383964e+00 7.018293574962257253e+01
7.092481532745301465e+00 7.100864676005494402e+01
8.368723959472845308e+00 7.183435777048735815e+01
1.411367331353624266e+01 7.266006878091975807e+01
4.523521609071863736e+00 7.348577979135214377e+01
3.197723743700316756e+00 7.431149080178454369e+01
1.167804242916413493e+00 7.513720181221694361e+01
4.672492387303615047e+00 7.596291282264932931e+01
6.067669371272520706e+00 7.678862383308171502e+01
3.001374988280563372e+00 7.761433484351411494e+01
2.482594496262174655e+00 7.844004585394650064e+01
6.924089908925700421e+00 7.926575686437888635e+01
2.662926443364767692e+00 8.009146787481128626e+01
1.529371539350388165e+00 8.091717888524368618e+01
3.693624012563061942e+00 8.174288989567607189e+01
6.091855821908756852e+00 8.256860090610847180e+01
7.204466602445566359e+00 8.339431191654087172e+01
4.565548817859499842e+00 8.422002292697325743e+01
2.991036369066827127e+00 8.504573393740564313e+01
3.446028771933163704e+00 8.587144494783802884e+01
2.571268381767941147e+00 8.669715595827042875e+01
8.019113605814432333e+00 8.752286696870280025e+01
6.533242168501896430e+00 8.834857797913522859e+01
2.311286984923308196e+00 8.917428898956761429e+01
4.330866486820884376e+00 9.000000000000000000e+01
