7.881047459585410753e-01 1.020408163265318774e-01
2.599341444838763060e+00 2.040816326530637548e-01
3.914825835423201728e+00 3.061224489795934534e-01
3.821393734252200414e+00 4.081632653061219584e-01
3.027386945017209285e+00 5.102040816326516293e-01
1.848523056877987347e+00 6.122448979591856855e-01
9.099741171459783118e-01 7.142857142857154118e-01
3.982442120536384134e-01 8.163265306122439169e-01
0.000000000000000000e+00 9.183673469387791943e-01
0.000000000000000000e+00 1.020408163265305479e+00
0.000000000000000000e+00 1.122448979591837315e+00
0.000000000000000000e+00 1.224489795918365820e+00
0.000000000000000000e+00 1.326530612244900986e+00
1.595713281428538799e-02 1.428571428571429491e+00
3.382438836289702322e-01 1.530612244897961327e+00
4.082910747346389368e-01 1.632653061224493163e+00
1.689892844035179587e-01 1.734693877551024999e+00
4.706853375856977495e-01 1.836734693877551283e+00
1.352235468016086850e+00 1.938775510204085339e+00
1.468181985606848539e+00 2.040816326530617175e+00
7.014759503040494115e-01 2.142857142857144570e+00
1.520015061173651816e+00 2.244897959183672853e+00
4.621849046768845781e+00 2.346938775510204689e+00
6.821394419798876285e+00 2.448979591836736525e+00
7.476645130861079735e+00 2.551020408163268360e+00
7.136216497476891796e+00 2.653061224489794867e+00
6.009782566820249805e+00 2.755102040816328923e+00
5.540798006984734236e+00 2.857142857142858539e+00
7.269261858455649872e+00 2.959183673469390374e+00
7.552302668904750327e+00 3.061224489795922210e+00
5.290783558570429257e+00 3.163265306122448717e+00
4.139295050638826190e+00 3.265306122448980553e+00
4.460470115089514742e+00 3.367346938775508836e+00
5.288471558736238975e+00 3.469387755102044224e+00
3.657185451848428581e+00 3.571428571428570731e+00
2.302897397784631650e+00 3.673469387755102566e+00
2.322375407056833652e+00 3.775510204081629073e+00
2.364804475643681236e+00 3.877551020408166682e+00
5.920189722309719293e+00 3.979591836734693189e+00
1.461127752377974787e+01 4.081632653061225469e+00
1.945991562156453725e+01 4.183673469387757748e+00
2.272358292094584797e+01 4.285714285714290028e+00
2.745821431688239400e+01 4.387755102040818755e+00
3.360761264563927142e+01 4.489795918367351923e+00
4.165699992723169487e+01 4.591836734693882427e+00
4.443350105227138869e+01 4.693877551020414707e+00
4.562367480294052058e+01 4.795918367346946987e+00
5.075819498189872547e+01 4.897959183673476602e+00
5.517000364034576876e+01 5.000000000000005329e+00
6.218611301832375204e+01 5.210928795144815773e+00
6.542650784689278964e+01 5.421857590289624440e+00
7.028762759238506419e+01 5.632786385434441101e+00
7.690753215283899635e+01 5.843715180579247992e+00
7.815902244902089535e+01 6.054643975724058436e+00
7.553761258590787975e+01 6.265572770868869767e+00
6.930870758267498388e+01 6.476501566013685540e+00
6.463477335774072685e+01 6.687430361158495984e+00
7.134945941302903805e+01 6.898359156303305539e+00
7.166660138084202458e+01 7.109287951448117759e+00
7.352004423646822318e+01 7.320216746592931756e+00
7.580960815820122889e+01 7.531145541737737759e+00
7.791519225524548631e+01 7.742074336882547314e+00
8.531401628361523137e+01 7.953003132027357758e+00
8.996347888313482599e+01 8.163931927172173530e+00
8.926889286746978769e+01 8.374860722316981310e+00
9.440655543712723841e+01 8.585789517461794418e+00
1.007387309957794059e+02 8.796718312606602197e+00
1.029247671784915781e+02 9.007647107751420634e+00
1.075069924508251660e+02 9.218575902896228413e+00
1.097513073624259476e+02 9.429504698041037969e+00
1.115514382677959873e+02 9.640433493185845748e+00
1.079611857898831886e+02 9.851362288330665962e+00
1.027563002659890685e+02 1.006229108347547196e+01
1.029093842786275985e+02 1.027321987862027974e+01
1.010421462351792457e+02 1.048414867376509108e+01
9.956375525207802468e+01 1.069507746890990774e+01
1.023934791012318044e+02 1.090600626405471374e+01
1.071824786228328747e+02 1.111693505919952507e+01
1.088298131583341757e+02 1.132786385434433463e+01
1.108470961995499380e+02 1.153879264948915306e+01
1.136275382977983668e+02 1.174972144463396084e+01
1.182704790892325803e+02 1.196168202708085815e+01
1.222443764775502189e+02 1.217276281621066758e+01
1.236819010232949978e+02 1.238306123747653231e+01
1.205807285849155051e+02 1.259277057338700345e+01
1.189388808615533151e+02 1.280235724585072887e+01
1.180912951194364524e+02 1.301180029767920665e+01
1.177619956759584738e+02 1.322109731835901414e+01
1.187079949337117029e+02 1.343023552854929115e+01
1.226513406659309453e+02 1.363921587643133826e+01
1.238994419610512949e+02 1.384827367114435859e+01
1.258870561342270804e+02 1.405757009171215266e+01
1.254406092959949461e+02 1.426749584283804850e+01
1.232180634877949501e+02 1.447802858157220030e+01
1.175278921033433619e+02 1.468952413920731281e+01
1.113127079266669313e+02 1.490163885512632547e+01
1.029234232858782718e+02 1.511396210722373468e+01
9.309578031482996607e+01 1.532668235463252593e+01
9.916935360306763414e+01 1.553947694571045091e+01
1.093066109727434139e+02 1.575240208678536291e+01
1.155229502505930270e+02 1.596543289315034642e+01
1.170129263722827631e+02 1.617836221900346771e+01
1.173471255334878691e+02 1.639137239045079752e+01
1.176611598100912488e+02 1.660434916893833446e+01
1.167588644431961455e+02 1.681722528627447844e+01
1.148405035052993810e+02 1.703003519852161673e+01
1.157165901411969742e+02 1.724276619036297475e+01
1.142634765295237003e+02 1.745686273956395240e+01
1.130922084357037960e+02 1.767264558425175025e+01
1.131425491936159631e+02 1.789103426247393003e+01
1.132708583148633608e+02 1.811222687222743488e+01
1.136793764168443488e+02 1.833640444244048595e+01
1.133635864982696120e+02 1.856385483596602626e+01
1.140952444721164056e+02 1.879275121221667888e+01
1.153767860266352585e+02 1.902213409566585156e+01
1.146855909775869264e+02 1.925156094523481443e+01
1.174181230069229400e+02 1.948092591905076176e+01
1.201366324678848230e+02 1.970977268193789200e+01
1.181949076008025941e+02 1.993829529192304051e+01
1.195292068079024972e+02 2.016582506672706998e+01
1.159830733425958158e+02 2.039227502595350927e+01
1.163294685312013996e+02 2.061659776652783194e+01
1.138412410188069970e+02 2.083876861642634992e+01
1.130323272432512027e+02 2.105815292478691703e+01
1.086818235541021238e+02 2.127478841860396841e+01
1.071487532730209438e+02 2.148894442348084510e+01
1.078045031098252196e+02 2.170102491536592737e+01
1.085622069794581392e+02 2.191164442054718364e+01
1.075432610387781409e+02 2.212103890458533328e+01
1.048457974255926217e+02 2.232956711789576332e+01
1.029261314007356134e+02 2.253753165787509971e+01
1.009497893187814839e+02 2.274488432284678652e+01
1.029111052990881632e+02 2.295169725265584049e+01
1.029281232727080777e+02 2.315790069920506511e+01
1.038994796903555056e+02 2.336351672230496490e+01
1.038172226750563851e+02 2.356844921868039933e+01
1.036840384576946548e+02 2.377274974083476877e+01
1.054343201243340786e+02 2.397640253062881044e+01
1.070375617684289153e+02 2.417966661156476960e+01
1.086625552139931443e+02 2.438255377678310509e+01
1.077098874730088198e+02 2.458503488093120382e+01
1.100245915725169255e+02 2.478726864245246730e+01
1.113104353230644108e+02 2.498925966675604116e+01
1.120763667535565986e+02 2.519107198672852377e+01
1.122025926583966395e+02 2.539277857635673286e+01
1.138733191216854124e+02 2.559434362149177389e+01
1.140946100516294024e+02 2.579582908111645878e+01
1.137796826408788604e+02 2.599719749307584493e+01
1.135176189064178089e+02 2.619850620454951695e+01
1.123024691278639580e+02 2.639973596329615901e+01
1.114758160119484103e+02 2.660089801266719434e+01
1.109341331425696922e+02 2.680196448539489040e+01
1.095832885727047454e+02 2.700294492966703785e+01
1.119017760716470207e+02 2.720383802124766959e+01
1.138689386454167618e+02 2.740475429798069484e+01
1.145338824857412447e+02 2.760615731425335184e+01
1.168346301349801024e+02 2.780849237321095302e+01
1.163950803118421931e+02 2.801177671383607048e+01
1.141637155721008838e+02 2.821616135744218923e+01
1.140453882885663148e+02 2.842173894489971531e+01
1.137072318320729778e+02 2.862822770564857677e+01
1.147719670262520566e+02 2.883579783056575963e+01
1.150615219924518016e+02 2.904438907894058985e+01
1.089998754687392761e+02 2.925427417064831559e+01
1.038500286283887419e+02 2.946562150762078858e+01
1.020941695387294317e+02 2.967855541181387480e+01
1.037332138954604090e+02 2.989345709566423182e+01
1.047778163954228461e+02 3.011033971198530423e+01
1.064259833451711046e+02 3.032946043697565131e+01
1.115135356171523000e+02 3.055016243713129853e+01
1.125902902478895697e+02 3.077208494612705891e+01
1.122301661290404979e+02 3.099475977500753743e+01
1.091266478901579404e+02 3.121842484587911315e+01
1.068545210279988567e+02 3.144333629127277163e+01
1.013423764326054481e+02 3.167055697527712965e+01
9.871977970637597366e+01 3.189978534003211053e+01
9.011740192775316416e+01 3.213053066269736746e+01
8.595813938154431355e+01 3.236284368100157849e+01
7.894930561601145769e+01 3.259723396819173047e+01
7.477201092389397274e+01 3.283399927177300270e+01
7.200696118777158006e+01 3.307351209134777292e+01
6.943095465541628641e+01 3.331435332552852202e+01
7.041356119263009816e+01 3.355617373878721565e+01
6.898694601235308710e+01 3.379921864720993341e+01
6.665914717828822234e+01 3.404357779595130751e+01
6.486749317365075740e+01 3.428930453622042762e+01
6.091931208110411688e+01 3.453633431705290491e+01
5.881573596813522897e+01 3.478441063412788026e+01
6.056552019718206026e+01 3.503354658278952627e+01
5.991700872334882888e+01 3.528360205815560136e+01
5.769193778991193255e+01 3.553435592413844546e+01
5.782684835670361423e+01 3.578558347787863880e+01
5.337535520310147064e+01 3.603715729836278570e+01
5.175290083782510919e+01 3.628884353531928042e+01
4.961578017504500338e+01 3.654056356982123788e+01
5.120591936775715425e+01 3.679219213283707290e+01
5.061862505835961912e+01 3.704377611157348582e+01
5.035530361573631097e+01 3.729518189348947743e+01
5.282896217212744716e+01 3.754642821776888439e+01
5.488900192041968040e+01 3.779729298549909089e+01
5.650916177583375344e+01 3.804776802898563659e+01
6.004234479132718860e+01 3.829792162119908028e+01
6.215907166422835672e+01 3.854785749890037749e+01
6.221093172155028839e+01 3.879782515698806122e+01
6.547404622131600149e+01 3.904801715683163366e+01
6.751102981729273722e+01 3.929858123446671669e+01
7.046785568355599594e+01 3.954958773764704461e+01
7.462960854446004078e+01 3.980112284748258134e+01
7.737820502785169197e+01 4.005327793902922906e+01
8.489686990028208413e+01 4.030620268455616895e+01
8.873203258701052221e+01 4.055986854334595648e+01
9.436430362504819414e+01 4.081392260083246981e+01
9.953672279521620680e+01 4.106822087984806302e+01
1.019204860779392163e+02 4.132274847295700226e+01
1.088520233316545500e+02 4.157762651695438905e+01
1.170055144906612128e+02 4.183273668040587268e+01
1.215003738484273867e+02 4.208720350714236957e+01
1.247464320344408435e+02 4.234167033387885226e+01
1.263726360619693025e+02 4.259613716061534916e+01
1.265570287461042227e+02 4.285060398735184606e+01
1.283177319176129743e+02 4.310507081408832875e+01
1.283328707558132749e+02 4.335953764082483275e+01
1.295698614838581761e+02 4.361400446756132254e+01
1.296952609034669592e+02 4.386847129429780523e+01
1.310683539654005187e+02 4.412293812103429502e+01
1.366354516597713200e+02 4.437740494777080613e+01
1.373929799119269717e+02 4.463187177450728882e+01
1.430112360899143482e+02 4.488633860124377151e+01
1.438694319503515828e+02 4.514080542798026841e+01
1.421423971077233830e+02 4.539527225471676530e+01
1.378895981033610667e+02 4.564973908145324089e+01
1.367066975542003036e+02 4.590420590818974489e+01
1.381894377984406788e+02 4.615867273492624179e+01
1.362531050856135266e+02 4.641313956166272447e+01
1.294343509421385932e+02 4.666760638839922137e+01
1.243840695002901526e+02 4.692207321513572538e+01
1.197582027832080342e+02 4.717654004187220096e+01
1.145589140248069242e+02 4.743100686860870496e+01
1.110595772177977096e+02 4.768547369534520897e+01
1.095850402201595131e+02 4.793994052208168455e+01
1.067192494558624958e+02 4.819440734881817434e+01
1.058056454436853926e+02 4.844887417555467124e+01
9.873434952793469677e+01 4.870334100229116814e+01
9.549538749242699964e+01 4.895780782902764372e+01
8.531692439723137511e+01 4.921227465576414062e+01
6.759203909804419652e+01 4.946674148250064462e+01
5.333978313941000238e+01 4.972120830923714152e+01
4.325152416321809312e+01 4.997567513597363842e+01
4.014272562455208515e+01 5.079249809238233837e+01
1.503670412456497729e+01 5.160932104879104543e+01
3.100196374767548058e+00 5.242614400519974538e+01
5.024858976551275447e+00 5.324296696160843112e+01
8.991739890545424885e+00 5.405978991801714528e+01
6.145948638446725454e+00 5.487661287442585234e+01
9.431275986004148848e+00 5.569343583083454519e+01
1.117055360059997682e+01 5.651025878724324514e+01
1.002476733256514319e+00 5.732708174365195219e+01
1.142426311557446716e+01 5.814390470006065925e+01
7.605297123395339476e+00 5.896072765646933078e+01
4.224113567121756674e+00 5.977755061287804494e+01
8.019058759890278054e+00 6.059437356928675911e+01
7.614297516272917399e+00 6.141119652569545906e+01
1.290032269812935084e+01 6.222801948210416612e+01
9.114301390799608882e+00 6.304484243851285896e+01
1.148019333916059992e+01 6.386166539492156602e+01
6.518738152126191565e+00 6.467848835133025887e+01
8.033669942477953185e+00 6.549531130773897303e+01
7.979985918302364034e+00 6.631213426414767298e+01
7.894278422197409384e+00 6.712895722055637293e+01
4.344715986421416432e+00 6.794578017696507288e+01
1.083369020859449527e+01 6.876260313337377283e+01
4.958528730815161545e+00 6.957942608978247279e+01
9.212944541734685799e+00 7.039624904619117274e+01
6.897021532439109315e+00 7.121307200259987269e+01
2.496274495681046091e+00 7.202989495900857264e+01
4.686203732925079635e+00 7.284671791541727259e+01
6.084326409240500055e+00 7.366354087182597254e+01
3.912210416976749094e+00 7.448036382823467250e+01
1.954935183762944062e+00 7.529718678464337245e+01
4.006517361140413236e+00 7.611400974105208661e+01
6.281317984507109209e+00 7.693083269746080077e+01
7.798866251376687764e+00 7.774765565386948651e+01
6.692741569715726868e+00 7.856447861027818647e+01
7.882182774368337697e+00 7.938130156668690063e+01
5.106969080375362680e+00 8.019812452309558637e+01
8.489888913305604135e+00 8.101494747950428632e+01
8.426351377337519821e+00 8.183177043591298627e+01
1.411248737754434224e+01 8.264859339232171465e+01
7.746703542249159469e+00 8.346541634873041460e+01
4.419781784834489358e+00 8.428223930513908613e+01
2.508792371573894009e+00 8.509906226154780029e+01
6.790286442872637274e+00 8.591588521795650024e+01
8.229148866908461812e+00 8.673270817436520019e+01
1.286766853202619565e+01 8.754953113077388593e+01
7.048995311092776106e+00 8.836635408718260010e+01
8.553959393153554913e+00 8.918317704359131426e+01
6.420146542062898476e+00 9.000000000000000000e+01
