9.984560902930326165e-01 1.020408163265324603e-01
5.382961576039662077e-01 2.040816326530616176e-01
7.504840550096503193e-02 3.061224489795933423e-01
4.816871585857667171e-01 4.081632653061224580e-01
5.972881253499293663e-01 5.102040816326575134e-01
1.111366418634348457e-01 6.122448979591866847e-01
0.000000000000000000e+00 7.142857142857158559e-01
1.675081343478576346e-01 8.163265306122475806e-01
3.625957127067798713e-01 9.183673469387741983e-01
6.157908477476379261e-01 1.020408163265305923e+00
6.447186314715063205e-01 1.122448979591840867e+00
9.186485991956690189e-02 1.224489795918372481e+00
4.435063610493446551e-01 1.326530612244898988e+00
6.874652213726183403e-01 1.428571428571430602e+00
1.764115784590108316e+00 1.530612244897959773e+00
2.174521448994542805e+00 1.632653061224491386e+00
2.710232506229816707e+00 1.734693877551020558e+00
4.766388902350188417e+00 1.836734693877553060e+00
4.218387370707375794e+00 1.938775510204084673e+00
2.724947431776286066e+00 2.040816326530613622e+00
3.413908768745562927e+00 2.142857142857142794e+00
6.019817859010910155e+00 2.244897959183674629e+00
6.470408104214746103e+00 2.346938775510201136e+00
2.396212147752751154e+00 2.448979591836732972e+00
2.229060894797965653e-01 2.551020408163267916e+00
7.973889673882987861e-01 2.653061224489794423e+00
1.102805046354256469e+00 2.755102040816328923e+00
4.351234431358940391e+00 2.857142857142858094e+00
8.567922625002269754e+00 2.959183673469384601e+00
5.243215355052416093e+00 3.061224489795919101e+00
1.741203791545925306e+00 3.163265306122454046e+00
6.408635945138598800e-01 3.265306122448983217e+00
1.776158424108587042e-01 3.367346938775512388e+00
0.000000000000000000e+00 3.469387755102041559e+00
1.601479752485973074e-01 3.571428571428573395e+00
1.136331794708653309e+00 3.673469387755105231e+00
4.103537816298384655e+00 3.775510204081634402e+00
7.347813296100259350e+00 3.877551020408163573e+00
1.099617885835781905e+01 3.979591836734695853e+00
1.491519080535818631e+01 4.081632653061224580e+00
1.577205587953554122e+01 4.183673469387755972e+00
1.712860462782269266e+01 4.285714285714284699e+00
1.951240481211081956e+01 4.387755102040813426e+00
2.521152662786925802e+01 4.489795918367344818e+00
3.426867429243252872e+01 4.591836734693877098e+00
4.074850257215970828e+01 4.693877551020408490e+00
4.609140238728325301e+01 4.795918367346939881e+00
5.050519556451229164e+01 4.897959183673466832e+00
5.409840793427821382e+01 4.999999999999998224e+00
5.684313830355421260e+01 5.217522993532193176e+00
6.633912807671669043e+01 5.435045987064379247e+00
6.503333112752594047e+01 5.652568980596571535e+00
6.758957648169388222e+01 5.870091974128754941e+00
7.097315895481210646e+01 6.087614967660947229e+00
7.427719433364190138e+01 6.305137961193135965e+00
7.843344503156052383e+01 6.522660954725328253e+00
7.992534864207240730e+01 6.740183948257517876e+00
8.104116157324413905e+01 6.957706941789705724e+00
8.029888816568848142e+01 7.175229935321896235e+00
8.288062003928638433e+01 7.392752928854081418e+00
8.544089855160055436e+01 7.610275922386271041e+00
8.200542935991583704e+01 7.827798915918459777e+00
8.498099203777201183e+01 8.045321909450652953e+00
8.549572286591171633e+01 8.262844902982834583e+00
8.899499305905506219e+01 8.480367896515026871e+00
9.210239371447065082e+01 8.697890890047219159e+00
9.470125073069284838e+01 8.915413883579406118e+00
9.341712888757813005e+01 9.132936877111598406e+00
9.790940089919092770e+01 9.350459870643783589e+00
1.024460386718627518e+02 9.567982864175974100e+00
1.017194616939601701e+02 9.785505857708162836e+00
1.029722102714027301e+02 1.000302885124035512e+01
1.028543349772584463e+02 1.022055184477253675e+01
1.046824428760666876e+02 1.043807483830473259e+01
1.046553842450962293e+02 1.065559783183692133e+01
1.052243421411257458e+02 1.087312082536911007e+01
1.047303154562654299e+02 1.109064381890130235e+01
1.066195442741779686e+02 1.130886687986091665e+01
1.065271007415428386e+02 1.152867512002491068e+01
1.091802446401151911e+02 1.174591279536403476e+01
1.151510460679997010e+02 1.196030965291005899e+01
1.183371611040237070e+02 1.217277657612380715e+01
1.214584223954582569e+02 1.238406576154303096e+01
1.236261894524414373e+02 1.259478162065974516e+01
1.262181566262235037e+02 1.280538586820256342e+01
1.267147524641977725e+02 1.301594515827859944e+01
1.252693427640357129e+02 1.322666703317345416e+01
1.264517894456859324e+02 1.343747253781529238e+01
1.281210133185448967e+02 1.364873099403338053e+01
1.249274103443741097e+02 1.386040846965153861e+01
1.216701255552935663e+02 1.407279252520091539e+01
1.184592997308904359e+02 1.428584865549067828e+01
1.147942699696895517e+02 1.449938502961293452e+01
1.097586001851138064e+02 1.471327346690565641e+01
1.017936053534302232e+02 1.492758999372209061e+01
8.917095617961280141e+01 1.514214860267922624e+01
8.659457250479910329e+01 1.535700547136950789e+01
8.621879103530807242e+01 1.557200218386065416e+01
9.605344193801539632e+01 1.578708193927343117e+01
9.779488254911690603e+01 1.600222862046625849e+01
9.925388464183319570e+01 1.621731270553243220e+01
1.007035814626817398e+02 1.643246956246292712e+01
9.975605054588659470e+01 1.664749468858807901e+01
1.000590530963958571e+02 1.686254658531063910e+01
1.006534443219804587e+02 1.707753111240463539e+01
9.893753744294799901e+01 1.729258188891117953e+01
1.013397754365536656e+02 1.750787076313770640e+01
1.016147244230682958e+02 1.772485583329399361e+01
9.913950997901271478e+01 1.794356855614419999e+01
9.702515297682002426e+01 1.816464859345444793e+01
9.812421446777493372e+01 1.838875337666169685e+01
9.824117658506987993e+01 1.861548861862429760e+01
9.589341079127525802e+01 1.884489980664836040e+01
9.601911055599333622e+01 1.907465380910527486e+01
9.577993928012345748e+01 1.930424183087225032e+01
9.577906047174634807e+01 1.953375711258293634e+01
9.575206157563927434e+01 1.976282303325411505e+01
9.747170602537882189e+01 1.999099747761036383e+01
9.736568256754320316e+01 2.021775839655385454e+01
9.785695334212218199e+01 2.044267316314635963e+01
9.973645537993884602e+01 2.066549826966233283e+01
1.008388635245925116e+02 2.088621957104593463e+01
9.878825556165458011e+01 2.110485271038604083e+01
9.809552380927628690e+01 2.132173862940960873e+01
9.759249395848495112e+01 2.153711057403601359e+01
9.570065374190555474e+01 2.175109714903206992e+01
9.741088466681840430e+01 2.196392614355153228e+01
9.706914503044215792e+01 2.217553865915528633e+01
9.896462184486031788e+01 2.238603435530248476e+01
1.012761252495145925e+02 2.259532613796244505e+01
9.948507167850654298e+01 2.280347286930943085e+01
9.877991848053014223e+01 2.301070564676293628e+01
9.911320448327050769e+01 2.321739329258880247e+01
1.011364409410151097e+02 2.342370009579673962e+01
9.998040643132580385e+01 2.362968990622650978e+01
9.873496697839627245e+01 2.383537583640878665e+01
9.846543470281370958e+01 2.404080792077338913e+01
9.757683120779384467e+01 2.424600049110282640e+01
9.912814869189917033e+01 2.445099828952960763e+01
1.042052760838505918e+02 2.465574383942519887e+01
1.069364208430843632e+02 2.486032320251828764e+01
1.117707801192599391e+02 2.506467616762168404e+01
1.126119790126711848e+02 2.526884053890961468e+01
1.141820078533163212e+02 2.547278237363796194e+01
1.160393383854775635e+02 2.567650832906161895e+01
1.170665970471765149e+02 2.588003791801986608e+01
1.160011245785629370e+02 2.608340071245787328e+01
1.134041820014059283e+02 2.628659231780320482e+01
1.111717519130970544e+02 2.648965496346863091e+01
1.110632559096811036e+02 2.669262867721876376e+01
1.130156703137622003e+02 2.689557874644511060e+01
1.133163253631503125e+02 2.709855451941024995e+01
1.135520656399948507e+02 2.730156108144311844e+01
1.143851375121387832e+02 2.750463491915851932e+01
1.145783988455473406e+02 2.770799497258845179e+01
1.170051379344913016e+02 2.791189976832060893e+01
1.170326352130223455e+02 2.811657209708800309e+01
1.174113244707828869e+02 2.832227560009440026e+01
1.144988137564053119e+02 2.852922293764366657e+01
1.147646271852688216e+02 2.873777766472037598e+01
1.156834513907074324e+02 2.894810850405094982e+01
1.178163857324561405e+02 2.916017002816200687e+01
1.168274188908675200e+02 2.937413107495881803e+01
1.148456931479702092e+02 2.958978437607679979e+01
1.119915677136790180e+02 2.980772321517710566e+01
1.119135965349806270e+02 3.002830936312739851e+01
1.118633768307478249e+02 3.025156663242740507e+01
1.167066800512176883e+02 3.047709315375486483e+01
1.137357768612099846e+02 3.070528964649295744e+01
1.116161584996914655e+02 3.093522227977785377e+01
1.069119950766987444e+02 3.116693127197162738e+01
1.058230063983281042e+02 3.140057628560871450e+01
1.031982732538372289e+02 3.163681785803483137e+01
1.001219167954816101e+02 3.187556920723849174e+01
9.608895343646942422e+01 3.211711723839090382e+01
9.580423901167090150e+01 3.235963855745599460e+01
9.197996377059014605e+01 3.260377388686690381e+01
8.942226096399177493e+01 3.284938804266951706e+01
9.009006705856100439e+01 3.309604860133489979e+01
8.563438141327701203e+01 3.334366834847054406e+01
8.034983227532148931e+01 3.359237233467178640e+01
7.246504073207566421e+01 3.384238749192892470e+01
6.898857390161670367e+01 3.409403478194305137e+01
6.340413515427580649e+01 3.434747180643960718e+01
6.201049020853275806e+01 3.460276165470082788e+01
5.810871561643878636e+01 3.485947948813878838e+01
5.620871407733331893e+01 3.511692527734066260e+01
5.468216641656818666e+01 3.537462242736626195e+01
5.242318947806599994e+01 3.563198808479489088e+01
5.089846324358910579e+01 3.588910702455707735e+01
4.869889547556188347e+01 3.614595818302518637e+01
5.057798477415548177e+01 3.640254946734550856e+01
4.950682816403273989e+01 3.665880448076556064e+01
4.850468747973789618e+01 3.691463911318097502e+01
4.776776437070088122e+01 3.717002070309295902e+01
4.935206833235238832e+01 3.742492161813926543e+01
4.752909564916029694e+01 3.767934569363006148e+01
4.826408244558576399e+01 3.793328132469837044e+01
4.846860006298047807e+01 3.818676751643906897e+01
5.281098889200112012e+01 3.843984337434446275e+01
5.459071486096822667e+01 3.869266762138826010e+01
5.632660169689803098e+01 3.894526665798377962e+01
5.785508334450960888e+01 3.919775852068513444e+01
5.774184729892522938e+01 3.945016306414495943e+01
6.180556064363494784e+01 3.970251558190997798e+01
6.176023593660471533e+01 3.995480376349878071e+01
6.390804922196558380e+01 4.020700076801861655e+01
6.686321485510376306e+01 4.045907474106088841e+01
6.904985314461251278e+01 4.071096659040925658e+01
7.032462836267711737e+01 4.096263738415596833e+01
7.650027999226703912e+01 4.121413501620524755e+01
8.390198606870144715e+01 4.146557826287722293e+01
8.788350942281384448e+01 4.171710953558204693e+01
9.220938754579954377e+01 4.196889524640631919e+01
9.704492336229759530e+01 4.222105063509281564e+01
1.007980477071274237e+02 4.247356011305792833e+01
1.061317078429104583e+02 4.272634157609448380e+01
1.090828620916753380e+02 4.297932452834070460e+01
1.128873941003375876e+02 4.323247943307332974e+01
1.189514306760745370e+02 4.348419509152591189e+01
1.212834468614561274e+02 4.373591074997850114e+01
1.229577613866805592e+02 4.398762640843111171e+01
1.241519194118292404e+02 4.423934206688370097e+01
1.282139194914202278e+02 4.449105772533629732e+01
1.319574717606671186e+02 4.474277338378890079e+01
1.344990793063878982e+02 4.499448904224150425e+01
1.369202721041565098e+02 4.524620470069410771e+01
1.366129077149222155e+02 4.549792035914668986e+01
1.367122102541843276e+02 4.574963601759930043e+01
1.374204760453357324e+02 4.600135167605190389e+01
1.386080856285516631e+02 4.625306733450448604e+01
1.378007770800595893e+02 4.650478299295711793e+01
1.367077761625639596e+02 4.675649865140970718e+01
1.402451820090992669e+02 4.700821430986231064e+01
1.373945559820495816e+02 4.725992996831490700e+01
1.361711137002730538e+02 4.751164562676750336e+01
1.358484964627615170e+02 4.776336128522011393e+01
1.331229844261444271e+02 4.801507694367271029e+01
1.265793381448645789e+02 4.826679260212530664e+01
1.220046775595713484e+02 4.851850826057791011e+01
1.170555824503715172e+02 4.877022391903050647e+01
1.120681481370851600e+02 4.902193957748312414e+01
1.029437890697147253e+02 4.927365523593572050e+01
9.194463411046875478e+01 4.952537089438830975e+01
8.153395712942720763e+01 4.977708655284091321e+01
6.757932122828943022e+01 5.002880221129350957e+01
5.195309317137034100e+01 5.028051786974611304e+01
3.460852687268798888e+01 5.053223352819871650e+01
3.527069722683017972e+01 5.133769815007220672e+01
2.668161362393851377e+00 5.214316277194570404e+01
4.229135407450984374e+00 5.294862739381920136e+01
1.232331803049652841e+01 5.375409201569269158e+01
7.961384759401505917e+00 5.455955663756618890e+01
6.504070546945230902e+00 5.536502125943969332e+01
6.340475254626279700e+00 5.617048588131319065e+01
8.900900827443020802e+00 5.697595050318668086e+01
7.012971511095404509e+00 5.778141512506017108e+01
7.647190627939314922e+00 5.858687974693366129e+01
8.409416134685415045e+00 5.939234436880715862e+01
3.525302812264637264e+00 6.019780899068065594e+01
5.130693237193434619e+00 6.100327361255415326e+01
1.227643875529768458e+01 6.180873823442765769e+01
8.540865934345742261e+00 6.261420285630114080e+01
4.978283632103401857e+00 6.341966747817463812e+01
9.073287450752715699e+00 6.422513210004814255e+01
1.316263199053655164e+01 6.503059672192163987e+01
5.477803489780512791e+00 6.583606134379512298e+01
5.590329238223422870e+00 6.664152596566864872e+01
6.282622100869975412e+00 6.744699058754211762e+01
4.320153455766569728e+00 6.825245520941560073e+01
5.163074501167798758e+00 6.905791983128912648e+01
4.646518505253911080e+00 6.986338445316260959e+01
8.800024096370838933e+00 7.066884907503610691e+01
5.195310404737596421e+00 7.147431369690960423e+01
4.828460975637091757e+00 7.227977831878308734e+01
1.133812386428856911e+01 7.308524294065658466e+01
4.537004468760591713e+00 7.389070756253008199e+01
6.250942304124039950e+00 7.469617218440359352e+01
3.080050707342584015e+00 7.550163680627709084e+01
2.451747864675907440e+00 7.630710142815057395e+01
7.123154671717547792e+00 7.711256605002407127e+01
7.708761340201265355e+00 7.791803067189758281e+01
9.507441757934348203e+00 7.872349529377106592e+01
8.032382750655170156e+00 7.952895991564457745e+01
3.756947346822294698e+00 8.033442453751807477e+01
7.714546864051336605e+00 8.113988915939155788e+01
1.022943060986411012e+01 8.194535378126504099e+01
4.800123205616328548e+00 8.275081840313856674e+01
5.873814428014084044e+00 8.355628302501204985e+01
7.125421025472779668e+00 8.436174764688554717e+01
9.116617820522442628e+00 8.516721226875903028e+01
3.959922458998982542e+00 8.597267689063252760e+01
7.003058188997114186e+00 8.677814151250603913e+01
1.209288113152577182e+01 8.758360613437952225e+01
3.040929963175917461e+00 8.838907075625301957e+01
6.384325662614300789e+00 8.919453537812651689e+01
4.715646417726283346e+00 9.000000000000000000e+01
