1.092213963688808964e-01 1.020408163265305868e-01
3.635924221388591615e+00 2.040816326530591196e-01
6.510357219311874388e+00 3.061224489795931203e-01
3.934390970041482749e+00 4.081632653061230132e-01
1.635975697267103790e+00 5.102040816326515182e-01
6.472460246568415565e-01 6.122448979591800233e-01
1.031205488788635299e-01 7.142857142857160779e-01
1.286856036755201771e+00 8.163265306122425846e-01
3.191111279308749271e+00 9.183673469387745314e-01
3.368086884502559553e+00 1.020408163265305035e+00
2.272886552037533647e+00 1.122448979591833540e+00
1.259129045739218800e+00 1.224489795918367596e+00
4.259122109325053640e-01 1.326530612244897434e+00
5.944843654294885704e-01 1.428571428571427937e+00
1.263196322893682222e+00 1.530612244897956442e+00
1.357033881263034925e+00 1.632653061224488278e+00
2.774673281664715940e+00 1.734693877551018781e+00
5.460539626020686654e+00 1.836734693877550617e+00
5.554771518958427912e+00 1.938775510204079122e+00
4.797038238556466716e+00 2.040816326530610958e+00
3.489315531247843438e+00 2.142857142857141461e+00
2.321288278981898934e+00 2.244897959183673297e+00
3.783013403410714126e+00 2.346938775510198472e+00
4.604493387682627947e+00 2.448979591836730307e+00
2.538795955443676089e+00 2.551020408163264364e+00
1.263285546003429349e+00 2.653061224489796199e+00
1.485972264443376822e+00 2.755102040816324926e+00
1.678105997688657647e+00 2.857142857142855430e+00
1.524328526952483776e+00 2.959183673469384157e+00
1.180586029630802614e+00 3.061224489795914216e+00
1.771576452707421367e+00 3.163265306122448273e+00
3.054193020773937395e+00 3.265306122448977000e+00
3.029793318001120728e+00 3.367346938775507503e+00
1.731264070427539270e+00 3.469387755102041559e+00
1.601876749078962714e+00 3.571428571428570287e+00
3.357454214816911975e+00 3.673469387755096793e+00
5.870130372500266702e+00 3.775510204081630850e+00
9.448678962161675798e+00 3.877551020408162685e+00
1.098811312924993722e+01 3.979591836734693189e+00
7.686149087404207769e+00 4.081632653061225469e+00
5.519523646415764873e+00 4.183673469387748867e+00
1.270872647854427484e+01 4.285714285714282923e+00
2.058309046071636317e+01 4.387755102040815203e+00
2.840157827792737066e+01 4.489795918367349259e+00
3.548038367020764383e+01 4.591836734693876210e+00
4.156263439067082288e+01 4.693877551020408490e+00
4.983276600959428038e+01 4.795918367346937217e+00
5.347351193365155808e+01 4.897959183673469497e+00
5.382627752713727887e+01 4.999999999999998224e+00
6.542007824294290685e+01 5.213824536281482125e+00
6.797604126649670775e+01 5.427649072562966026e+00
6.622888034364582666e+01 5.641473608844456145e+00
6.556407094379306955e+01 5.855298145125937381e+00
6.911342069331503524e+01 6.069122681407421283e+00
6.998979018939994035e+01 6.282947217688901631e+00
7.067055886691331068e+01 6.496771753970383756e+00
6.998403193566814195e+01 6.710596290251873874e+00
7.277854407336161557e+01 6.924420826533355999e+00
7.256184584875003907e+01 7.138245362814839012e+00
7.006771777015464409e+01 7.352069899096321137e+00
7.173344705095045981e+01 7.565894435377805038e+00
7.304075213365827324e+01 7.779718971659292492e+00
8.269461506981613752e+01 7.993543507940776394e+00
9.130590058106854201e+01 8.207368044222256742e+00
9.202644142844079056e+01 8.421192580503738867e+00
9.802802615672895570e+01 8.635017116785222768e+00
9.790569556355312386e+01 8.848841653066706670e+00
9.762124154307780088e+01 9.062666189348194123e+00
9.793993735029796710e+01 9.276490725629674472e+00
1.035920886166397707e+02 9.490315261911160150e+00
1.008948545509468744e+02 9.704139798192642274e+00
1.031928526793649894e+02 9.917964334474131505e+00
1.066954261447579597e+02 1.013178887075561541e+01
1.064225065780238282e+02 1.034561340703709398e+01
1.066778240798499127e+02 1.055943794331857788e+01
1.079134732692672145e+02 1.077326247960006000e+01
1.091678956368288880e+02 1.098708701588154568e+01
1.116638512013128945e+02 1.120091155216303314e+01
1.126703004377575752e+02 1.141473608844451171e+01
1.153645182433838698e+02 1.162856062472599561e+01
1.200633952978524093e+02 1.184238516100747951e+01
1.195875152499124425e+02 1.205652438752743549e+01
1.225981970560467147e+02 1.227021851897797688e+01
1.237250584624454746e+02 1.248369847981909686e+01
1.209813251380263353e+02 1.269714706975119256e+01
1.222487149306267185e+02 1.291071203039856030e+01
1.227223348527307394e+02 1.312439727444638393e+01
1.256688009566180853e+02 1.333850895421863036e+01
1.274320390053430856e+02 1.355308968123655156e+01
1.262574475615970186e+02 1.376835500075187646e+01
1.235819683751720532e+02 1.398425871016941535e+01
1.182858624220419870e+02 1.420087739528856297e+01
1.149887705353821730e+02 1.441817527682882805e+01
1.093555099868363385e+02 1.463603274771169005e+01
1.001231428018773357e+02 1.485430012596544458e+01
9.280011321806115632e+01 1.507290839615087741e+01
8.596258169662856119e+01 1.529164378042361960e+01
9.235829905675264229e+01 1.551069288079941799e+01
9.699330765640235086e+01 1.572969447430882006e+01
9.965451499721426387e+01 1.594872238451811164e+01
1.084817884851239285e+02 1.616784563527966156e+01
1.098761345668131639e+02 1.638695703790659053e+01
1.099132749960231052e+02 1.660601579203961364e+01
1.091802301699659239e+02 1.682491516004592569e+01
1.102619277283462935e+02 1.704357565807750063e+01
1.085006119778580000e+02 1.726203892951998142e+01
1.054833814413008923e+02 1.748032309685607188e+01
1.064788551744983067e+02 1.769869865985008062e+01
1.106862017443540225e+02 1.791788681266898919e+01
1.082574848430287062e+02 1.813987526504287118e+01
1.060988568532516041e+02 1.836395212721994241e+01
1.076571219526791197e+02 1.859105620762810673e+01
1.101411877133216990e+02 1.881938831865397788e+01
1.097288101533649893e+02 1.904908438096508050e+01
1.085138497140917764e+02 1.927879720433634603e+01
1.064425557043739587e+02 1.950835305437761491e+01
1.066770989575127828e+02 1.973769185603095622e+01
1.063601988678845061e+02 1.996636606284785742e+01
1.091988208906907118e+02 2.019434549956937985e+01
1.082344651916847340e+02 2.042131004541531780e+01
1.057083994397722222e+02 2.064649007389805035e+01
1.068839145019399126e+02 2.086992916282666499e+01
1.007808372635925309e+02 2.109106709603327090e+01
9.733233275010111640e+01 2.130991360478959251e+01
9.661473772111268943e+01 2.152669545367310633e+01
9.331059068003980883e+01 2.174164209460781194e+01
9.331499482234981713e+01 2.195498246972319834e+01
9.070129188432882472e+01 2.216700699859269008e+01
9.031891776436421537e+01 2.237808912955333085e+01
8.928576666726023348e+01 2.258855701377892444e+01
8.827311582137937762e+01 2.279856957664067352e+01
8.698372254957185135e+01 2.300819311810649026e+01
8.879742300495742313e+01 2.321739036374406595e+01
8.473722386175721510e+01 2.342609429861921200e+01
8.430152224438046460e+01 2.363425204794865664e+01
8.594966113376460726e+01 2.384193728494816611e+01
8.679009195855738312e+01 2.404919866795662386e+01
8.794241352026439529e+01 2.425598825540779302e+01
8.635673146731350869e+01 2.446240212775167322e+01
8.955907856919786525e+01 2.466847671381528073e+01
8.751334359853049705e+01 2.487429621117296819e+01
8.822159362035932872e+01 2.507990589298523787e+01
8.750378162785762015e+01 2.528542969419144271e+01
8.569808987770836950e+01 2.549082774319899158e+01
8.516119705836507592e+01 2.569610551807424059e+01
8.603097258640288203e+01 2.590132203035100389e+01
9.115039777169465651e+01 2.610645998153683678e+01
9.196310512019869066e+01 2.631153119269203700e+01
9.412994112358853727e+01 2.651652495102385387e+01
9.596403036190957891e+01 2.672143067133725225e+01
9.611821950101536061e+01 2.692625762777349507e+01
9.838471379246999504e+01 2.713103541655581807e+01
1.010228839864948185e+02 2.733584238325867943e+01
1.030035716455770540e+02 2.754102849874688275e+01
1.044445355141573657e+02 2.774705638062882684e+01
1.052169657857212712e+02 2.795430230425149887e+01
1.078066005721330782e+02 2.816299231813005122e+01
1.073816875504565473e+02 2.837302033060979767e+01
1.065452358892583504e+02 2.858461266154056801e+01
1.071847711670999956e+02 2.879746055601270172e+01
1.071145136999002290e+02 2.901212862483104971e+01
1.065847529407319030e+02 2.922811039214641937e+01
1.095893826286153114e+02 2.944633322484005333e+01
1.082406866002498873e+02 2.966637209985258039e+01
1.085975213772389196e+02 2.988820547369412139e+01
1.113746009143053186e+02 3.011124793712637171e+01
1.100422434815667998e+02 3.033560370229823633e+01
1.077564576629572599e+02 3.056082405680525227e+01
1.051759063216786529e+02 3.078755954963779828e+01
1.038729050178010453e+02 3.101603153985170991e+01
9.923192775628774598e+01 3.124611674043173082e+01
1.013925430073144724e+02 3.147791761968928625e+01
1.000181200801110180e+02 3.171089115165273142e+01
1.007392857358707801e+02 3.194530006127626365e+01
1.023513565266487575e+02 3.218144570584233577e+01
1.018384903779962940e+02 3.242040381793995607e+01
1.046166216024127209e+02 3.266219914534837443e+01
1.026487873673219298e+02 3.290708390955522589e+01
1.033048612668194437e+02 3.315352979493999896e+01
1.000668208503377201e+02 3.340083309933669398e+01
9.489514431462207256e+01 3.364903386818557607e+01
9.042695479177200468e+01 3.389889630061929893e+01
8.461663737201673996e+01 3.415071699486436074e+01
8.575187469132183082e+01 3.440472483913470825e+01
7.793563443482199204e+01 3.466078200646083474e+01
7.350423708481856977e+01 3.491895615062945524e+01
6.932460148041437265e+01 3.517818612895255370e+01
6.397043831415080462e+01 3.543815133927945737e+01
6.317526259840285263e+01 3.569846646836059278e+01
6.037481866242112716e+01 3.595883083934050006e+01
5.849628018964550336e+01 3.621915173501781027e+01
5.787639594903440354e+01 3.647929816551707916e+01
5.520155880213457067e+01 3.673908165924875391e+01
5.408903566534426943e+01 3.699848183179243932e+01
5.181634389476084124e+01 3.725748758619432266e+01
5.097808181588035836e+01 3.751604462472016621e+01
5.466954502077454947e+01 3.777411551476369311e+01
5.358372118032829690e+01 3.803174017354252356e+01
5.200763579251892565e+01 3.828893775135170330e+01
5.579203606843979202e+01 3.854571906054984964e+01
5.512721185604807772e+01 3.880177143025141362e+01
5.325554790733074384e+01 3.905731466213456571e+01
5.301841452055916193e+01 3.931236861136118677e+01
5.708304490821628718e+01 3.956704410162633678e+01
5.681056463534849854e+01 3.982134644190418271e+01
6.179405972412837400e+01 4.007530678394209644e+01
6.522849158813107806e+01 4.032887149693969064e+01
6.998485270957736759e+01 4.058207865382706103e+01
7.287569365277575173e+01 4.083487029799869816e+01
7.452619005538852548e+01 4.108728120563302610e+01
7.545389900656357440e+01 4.133939237626587726e+01
8.038466255008404460e+01 4.159127585840681007e+01
8.482619365871545369e+01 4.184299385141046912e+01
8.521003419974651649e+01 4.209457120302562316e+01
8.617656793353488354e+01 4.234614983682276801e+01
9.179184774456456353e+01 4.259803171568712088e+01
9.434357803317521984e+01 4.285035859641808997e+01
9.515097828520865164e+01 4.310341306104105286e+01
1.033469491462280700e+02 4.335776414931282119e+01
1.088270640514139984e+02 4.361399231992678693e+01
1.111704540527471750e+02 4.387133370271367738e+01
1.166428059004998659e+02 4.412853887678056708e+01
1.222296976034874945e+02 4.438561215709072627e+01
1.251075160542011844e+02 4.464268543740090678e+01
1.301115664359664095e+02 4.489975871771105886e+01
1.315251329048303433e+02 4.515683199802124648e+01
1.315488881378911401e+02 4.541390527833141277e+01
1.332662145581113577e+02 4.567097855864159328e+01
1.346134033667352981e+02 4.592805183895176668e+01
1.358520145704010815e+02 4.618512511926193298e+01
1.377469779219732970e+02 4.644219839957212059e+01
1.357445711502261645e+02 4.669927167988227268e+01
1.322293430511764143e+02 4.695634496019246740e+01
1.308678843681045407e+02 4.721341824050261948e+01
1.242503092485344496e+02 4.747049152081280710e+01
1.210518703913810299e+02 4.772756480112297339e+01
1.149246527287800603e+02 4.798463808143313969e+01
1.144515462585600858e+02 4.824171136174331309e+01
1.114412762042080374e+02 4.849878464205347939e+01
1.091160304349664756e+02 4.875585792236365990e+01
1.053268566929267820e+02 4.901293120267382619e+01
9.830939150769799539e+01 4.927000448298402091e+01
8.818183534660570899e+01 4.952707776329417300e+01
8.012621442138012640e+01 4.978415104360434640e+01
7.386300603405574350e+01 5.004122432391451269e+01
6.386130925597639418e+01 5.029829760422469320e+01
5.108722505260811886e+01 5.055537088453488082e+01
4.208669035584036777e+01 5.081244416484504001e+01
5.050107705869955055e+01 5.161219020229717813e+01
8.796410646040365933e+00 5.241193623974933047e+01
1.169686434126363395e+01 5.321168227720147570e+01
1.594741618049874710e+01 5.401142831465360672e+01
3.901483170681331991e+00 5.481117435210575195e+01
1.122350666436509670e+01 5.561092038955789718e+01
8.577795208649822811e+00 5.641066642701004241e+01
5.975666652253323718e+00 5.721041246446217343e+01
3.624911522989293644e+00 5.801015850191430445e+01
1.027989361137584545e+01 5.880990453936646389e+01
7.329359119524035293e+00 5.960965057681860912e+01
7.056280976911236458e+00 6.040939661427074725e+01
2.981670913431508918e+00 6.120914265172288538e+01
9.080632875813442695e+00 6.200888868917503771e+01
6.064572816317761905e+00 6.280863472662717584e+01
6.149160741443671085e+00 6.360838076407931396e+01
3.417733161100767969e+00 6.440812680153146630e+01
9.368414705410669896e+00 6.520787283898359021e+01
9.096155820422900717e+00 6.600761887643574255e+01
9.904533318096369499e+00 6.680736491388788068e+01
6.794937775099300303e+00 6.760711095134001880e+01
3.285344583364731896e+00 6.840685698879217114e+01
7.679139053367944001e+00 6.920660302624430926e+01
9.512761550549312162e+00 7.000634906369644739e+01
5.052987436304571034e+00 7.080609510114859972e+01
1.623401315839150705e+00 7.160584113860073785e+01
2.545505331126695747e+00 7.240558717605287598e+01
4.122052934812341363e+00 7.320533321350502831e+01
6.793148031715791291e+00 7.400507925095716644e+01
7.939003830281237128e+00 7.480482528840930456e+01
2.887939357170546728e+00 7.560457132586145690e+01
2.605196691673427711e+00 7.640431736331358081e+01
2.957954399363237119e+00 7.720406340076573315e+01
5.727970872345375497e+00 7.800380943821787127e+01
5.950716138118847809e+00 7.880355547567000940e+01
1.859622748453148233e+00 7.960330151312216174e+01
5.720546234647160944e+00 8.040304755057429986e+01
5.642418495338649365e+00 8.120279358802642378e+01
2.053171736719050067e+00 8.200253962547859032e+01
5.879893215841875076e+00 8.280228566293071424e+01
5.635933667858382456e+00 8.360203170038286657e+01
3.693800466381402359e+00 8.440177773783500470e+01
5.881678063426534209e+00 8.520152377528714283e+01
2.387124925133323750e+00 8.600126981273930937e+01
1.031255465380280434e+01 8.680101585019144750e+01
9.051065976789692158e+00 8.760076188764358562e+01
3.697413349045149289e+00 8.840050792509572375e+01
8.223016490332961226e+00 8.920025396254786187e+01
7.354843786052253307e+00 9.000000000000001421e+01
