2.131270034889682474e+00 1.020408163265295182e-01
2.368522341492839689e-01 2.040816326530612290e-01
5.522852160040211400e-01 3.061224489795885129e-01
9.063315662097084502e-01 4.081632653061202376e-01
1.587277206357680992e+00 5.102040816326541828e-01
1.912103320256380634e+00 6.122448979591836871e-01
8.958412207821787598e-01 7.142857142857131914e-01
2.218326779131558624e-01 8.163265306122426956e-01
8.819664419675548039e-01 9.183673469387721999e-01
2.767152100165652939e+00 1.020408163265303925e+00
4.362158779618759752e+00 1.122448979591835538e+00
4.705556179083625779e+00 1.224489795918370705e+00
4.321896411220784273e+00 1.326530612244896767e+00
3.941831328401633971e+00 1.428571428571426383e+00
4.208037343777384365e+00 1.530612244897957996e+00
6.473548971609353941e+00 1.632653061224490942e+00
7.668980237716116477e+00 1.734693877551017005e+00
8.870318672160539819e+00 1.836734693877548619e+00
1.239881864351410456e+01 1.938775510204080232e+00
1.198334585622675519e+01 2.040816326530607405e+00
9.662746282842000767e+00 2.142857142857142350e+00
8.044458632420855793e+00 2.244897959183674185e+00
6.648450553777252026e+00 2.346938775510200248e+00
4.577156356036127249e+00 2.448979591836729863e+00
2.236213810209775943e+00 2.551020408163264808e+00
2.796303811404956985e+00 2.653061224489794423e+00
6.643740987981709090e+00 2.755102040816322706e+00
7.238698991869750188e+00 2.857142857142854542e+00
5.717249649063905537e+00 2.959183673469385045e+00
4.744976915286024166e+00 3.061224489795916881e+00
4.587222045783954982e+00 3.163265306122446496e+00
5.246149389445101008e+00 3.265306122448976112e+00
3.999682163472492391e+00 3.367346938775510168e+00
2.826919260535411205e+00 3.469387755102039783e+00
3.392650775625293935e+00 3.571428571428569398e+00
3.226906046294077512e+00 3.673469387755101234e+00
2.135797340825254853e+00 3.775510204081633070e+00
4.628982511291754864e-01 3.877551020408162685e+00
4.644893663512061899e+00 3.979591836734694521e+00
1.086830672663264608e+01 4.081632653061221916e+00
1.612716373511187484e+01 4.183673469387753308e+00
2.232191297385492135e+01 4.285714285714288252e+00
2.780599218217865598e+01 4.387755102040814315e+00
3.225234752766031221e+01 4.489795918367345706e+00
3.593783288685227717e+01 4.591836734693877098e+00
3.714401409250071850e+01 4.693877551020407601e+00
3.743185337288233683e+01 4.795918367346936328e+00
3.742409728292752646e+01 4.897959183673467720e+00
3.795812275346053610e+01 4.999999999999997335e+00
5.765953168375514792e+01 5.217752176104047734e+00
5.831157170274977375e+01 5.435504352208093692e+00
6.636490712109771550e+01 5.653256528312138762e+00
6.846227184857663417e+01 5.871008704416187385e+00
7.425133823459731275e+01 6.088760880520233343e+00
7.691217298475361019e+01 6.306513056624286406e+00
8.128351815038105599e+01 6.524265232728335917e+00
8.432220824856167951e+01 6.742017408832381875e+00
8.475454161043569457e+01 6.959769584936426945e+00
8.089874725721017512e+01 7.177521761040474679e+00
8.059473696036894808e+01 7.395273937144521526e+00
8.363550715157317939e+01 7.613026113248565707e+00
8.378169351260221731e+01 7.830778289352615218e+00
8.673720427937703903e+01 8.048530465456662952e+00
8.957333803161685637e+01 8.266282641560710687e+00
9.051750456017431645e+01 8.484034817664763750e+00
9.354400251085597517e+01 8.701786993768807932e+00
9.127063248157132591e+01 8.919539169872853890e+00
9.518464137854665807e+01 9.137291345976901624e+00
1.028024335922455066e+02 9.355043522080949359e+00
1.025354297079682908e+02 9.572795698184997093e+00
1.044568251286771527e+02 9.790547874289043051e+00
1.066063829372226763e+02 1.000830005039309079e+01
1.095316118081340591e+02 1.022605222649713852e+01
1.112246724323927936e+02 1.044380440260118093e+01
1.139911782970553276e+02 1.066155657870523399e+01
1.173497691267308625e+02 1.087930875480928172e+01
1.192362700845907852e+02 1.109706093091332946e+01
1.223022425117371341e+02 1.131481310701737186e+01
1.263146822151378785e+02 1.153256528312141960e+01
1.262197782915923625e+02 1.175369384459562738e+01
1.224500196938220284e+02 1.197309398461535324e+01
1.218203651536744445e+02 1.219068927002879121e+01
1.205037094347413529e+02 1.240709014259522647e+01
1.200426053330809424e+02 1.262291065125522138e+01
1.215921729410621595e+02 1.283839073926145069e+01
1.228777185787427157e+02 1.305371699677326092e+01
1.199539427599709569e+02 1.326886896386942638e+01
1.237995004771057950e+02 1.348388129017213899e+01
1.293676876530715845e+02 1.369880980315410568e+01
1.311667607225629979e+02 1.391416918951105330e+01
1.294143987666998612e+02 1.413029144146524274e+01
1.269096310107592558e+02 1.434754072551410786e+01
1.251591046779219312e+02 1.456563591175286376e+01
1.173764675570600957e+02 1.478483512162330626e+01
1.072141302604874511e+02 1.500492639750192225e+01
1.020195661951160275e+02 1.522556186670151490e+01
1.025052952106956070e+02 1.544666721055529734e+01
1.097657544333638953e+02 1.566816629182138954e+01
1.145834608352641624e+02 1.588989844621274017e+01
1.142264647104729960e+02 1.611168174995725622e+01
1.115039536393666282e+02 1.633353806712731426e+01
1.086873039925111328e+02 1.655539240054435979e+01
1.064027266872869575e+02 1.677710863619771331e+01
1.077103615567472872e+02 1.699862944173072421e+01
1.077246297931962573e+02 1.721989031253754021e+01
1.050409979282938053e+02 1.744135657032409625e+01
1.022714175815720239e+02 1.766457490572334166e+01
1.011671661100084521e+02 1.789022022002725620e+01
1.018964579211663875e+02 1.811889306812474487e+01
1.039258052181016723e+02 1.835127437345535029e+01
1.022013103638332865e+02 1.858551303392744103e+01
1.064755139343201336e+02 1.882138405286946536e+01
1.095261753898411854e+02 1.905711436790913993e+01
1.096066556456697612e+02 1.929223372736343478e+01
1.090119090929307220e+02 1.952698167827268350e+01
1.083175198941800375e+02 1.976072054817314338e+01
1.088945002026943314e+02 1.999377209857998849e+01
1.078241138410013065e+02 2.022514162042308428e+01
1.066161697052318402e+02 2.045502803181114970e+01
9.980727822382533532e+01 2.068236718279556641e+01
9.896400028238063840e+01 2.090735504077383666e+01
9.745864807694741216e+01 2.112981246097605847e+01
9.490805666856871881e+01 2.134980746098405646e+01
9.374671112249716032e+01 2.156764371599522789e+01
9.137084383292040002e+01 2.178363951780684715e+01
9.184907700390854757e+01 2.199830513842317714e+01
9.181482105118728043e+01 2.221199375388028230e+01
9.111052914835514116e+01 2.242496754712857054e+01
9.396578457957160424e+01 2.263747278249478256e+01
8.964703124834613845e+01 2.284967948645406466e+01
9.276309529511796370e+01 2.306145531157725515e+01
9.309702231399145944e+01 2.327277208653715235e+01
9.322709809383115953e+01 2.348352587344646025e+01
9.440233272652480423e+01 2.369372353465794134e+01
9.934156598592122123e+01 2.390336909865176196e+01
1.010692094269013808e+02 2.411251556017058917e+01
1.023382071381717822e+02 2.432121052765569402e+01
1.025513854862686145e+02 2.452961691071967110e+01
1.033320406438154890e+02 2.473775741219794000e+01
1.060033026565080263e+02 2.494569296589294893e+01
1.071096389286043404e+02 2.515349196601223625e+01
1.072358208126235581e+02 2.536110230149110123e+01
1.073637511544142882e+02 2.556862551589223642e+01
1.075163413658048626e+02 2.577604359948956514e+01
1.092430795548271050e+02 2.598338731075617503e+01
1.112848884564043459e+02 2.619066135616595759e+01
1.182175769700364611e+02 2.639789518838345472e+01
1.236847337543054834e+02 2.660509124237783851e+01
1.229814275672807895e+02 2.681226769282689304e+01
1.226977611676553153e+02 2.701943231671188173e+01
1.219214773969865320e+02 2.722662150309049878e+01
1.220285212282787626e+02 2.743387782046771051e+01
1.215513140522537299e+02 2.764127083383789341e+01
1.200776648985216468e+02 2.784922676231822081e+01
1.164363954077955015e+02 2.805816778353683105e+01
1.140183885361020089e+02 2.826843427028664379e+01
1.144200598762310221e+02 2.848022402082739646e+01
1.128295710629119952e+02 2.869372886466211270e+01
1.145517142981504577e+02 2.890920601926501732e+01
1.180071227739884989e+02 2.912727662752208246e+01
1.188992474030669086e+02 2.934792324805922803e+01
1.209872128365334731e+02 2.957172151969635365e+01
1.211071338722130406e+02 2.979889371633319683e+01
1.177955481213192428e+02 3.002933591259260382e+01
1.150572771395792984e+02 3.026312026236091413e+01
1.122523278671082494e+02 3.049874620505732636e+01
1.116501288226562991e+02 3.073613186981675227e+01
1.098805864331236108e+02 3.097573478421915283e+01
1.117256773214980967e+02 3.121789220571001167e+01
1.102376117662122113e+02 3.146239096997052087e+01
1.111873544549310111e+02 3.170872857506635967e+01
1.126766258956485984e+02 3.195627088347937317e+01
1.130737488898592886e+02 3.220418434589555545e+01
1.120847066515425468e+02 3.245252415799800616e+01
1.113518546731918519e+02 3.270169671684848822e+01
1.078008596885985213e+02 3.295202617892666552e+01
1.093062217251320902e+02 3.320374245666167923e+01
1.085170965148951439e+02 3.345581954470138442e+01
1.075190179323787873e+02 3.370884939450893825e+01
1.065011895079853304e+02 3.396295826945181062e+01
1.036181818178321379e+02 3.421826560339133749e+01
9.586911303233195270e+01 3.447500713564347308e+01
8.915524598190636141e+01 3.473323948793280636e+01
8.480882519585125578e+01 3.499274826423066287e+01
8.629515312612056732e+01 3.525345650157863275e+01
7.949314675199430269e+01 3.551503975330439999e+01
7.880938000042665692e+01 3.577702858739307601e+01
7.251720557803972156e+01 3.603914258128088477e+01
6.540913007123808143e+01 3.630115614986737427e+01
6.303382815728622290e+01 3.656296867658686267e+01
6.050255385487213999e+01 3.682446843815212389e+01
5.633162516340485837e+01 3.708568391649978935e+01
5.467478953201635505e+01 3.734656803807065728e+01
5.600908993237558064e+01 3.760703344943213011e+01
5.556365144742500206e+01 3.786703997072914518e+01
5.409122966115089781e+01 3.812653809787404668e+01
5.681062155325977159e+01 3.838557578684837779e+01
5.913122404716671809e+01 3.864427780242206723e+01
5.793303363778272086e+01 3.890288428915317098e+01
5.793113720754499241e+01 3.916150756576124081e+01
6.050176953966460047e+01 3.942033997071137463e+01
6.189313504448738001e+01 3.967947273861722834e+01
6.373192938464694635e+01 3.993898964036703347e+01
6.763219083089798289e+01 4.019880519573713684e+01
6.908860098845158859e+01 4.045878650647372865e+01
7.121782889924506321e+01 4.071876658783563130e+01
7.369652601929371372e+01 4.097864987948579341e+01
7.670317927440467543e+01 4.123836297238960213e+01
8.092802156553806014e+01 4.149781993339321673e+01
8.322342938786367483e+01 4.175682420307450826e+01
8.697468076401250414e+01 4.201529869109243265e+01
8.953810921709593629e+01 4.227294826936088157e+01
9.149858706157257870e+01 4.252975627037629636e+01
9.666051446071683984e+01 4.278611584176246652e+01
1.014967081055766727e+02 4.304244124143841077e+01
1.066230952575572815e+02 4.329917366388070832e+01
1.121589654878804510e+02 4.355675169911306455e+01
1.162504784672041183e+02 4.381546062735739611e+01
1.192107426624932884e+02 4.407310579523434768e+01
1.245614591843263383e+02 4.432990526325149006e+01
1.268373827960001421e+02 4.458670473126861111e+01
1.320416249093997010e+02 4.484350419928575349e+01
1.337155196297817383e+02 4.510030366730288165e+01
1.359989382022650091e+02 4.535710313532002402e+01
1.366402700688862524e+02 4.561390260333715929e+01
1.381370916974339025e+02 4.587070207135428035e+01
1.409647932556995045e+02 4.612750153937141562e+01
1.409401866383844890e+02 4.638430100738855799e+01
1.402156816387549725e+02 4.664110047540569326e+01
1.420313616723597647e+02 4.689789994342282142e+01
1.437536051263918466e+02 4.715469941143994959e+01
1.408340123776678183e+02 4.741149887945708485e+01
1.400305406665468411e+02 4.766829834747423433e+01
1.375018913627749271e+02 4.792509781549137671e+01
1.334067505185611253e+02 4.818189728350850487e+01
1.324827852967991078e+02 4.843869675152562593e+01
1.270687806359754290e+02 4.869549621954276830e+01
1.229934732059299733e+02 4.895229568755989646e+01
1.189414012644987224e+02 4.920909515557703173e+01
1.130962394046187001e+02 4.946589462359415990e+01
1.101841524478471683e+02 4.972269409161129516e+01
1.015975398189951164e+02 4.997949355962844464e+01
9.858574083780098363e+01 5.023629302764557281e+01
8.644887922660790025e+01 5.049309249566270097e+01
7.732964000835787033e+01 5.074989196367982203e+01
5.881038858912139489e+01 5.100669143169696440e+01
4.174366574173637900e+01 5.126349089971410677e+01
2.689878349582370731e+01 5.152029036773123494e+01
2.364502941422073334e+01 5.230559056430814735e+01
1.404592347324195600e+01 5.309089076088505976e+01
7.677033481220589373e+00 5.387619095746196507e+01
1.044624618865184473e+01 5.466149115403889169e+01
8.561341663994916473e+00 5.544679135061579700e+01
4.867064293031201139e+00 5.623209154719271652e+01
2.888923577567501511e+00 5.701739174376962183e+01
8.011578950110166630e+00 5.780269194034654845e+01
6.144262314782128698e+00 5.858799213692345376e+01
1.679019393127109683e-01 5.937329233350038038e+01
2.964728456011367808e+00 6.015859253007728569e+01
2.599397850587990888e+00 6.094389272665420521e+01
1.236016476514173412e+01 6.172919292323111051e+01
2.474027468015423725e+00 6.251449311980803003e+01
7.327206710680189694e+00 6.329979331638493534e+01
9.961507426789868447e+00 6.408509351296184775e+01
1.059115897176407906e+01 6.487039370953876016e+01
1.266069722689121591e+01 6.565569390611568679e+01
7.833952609839554881e+00 6.644099410269259920e+01
9.940194232491506909e+00 6.722629429926951161e+01
6.996252097221892896e+00 6.801159449584642402e+01
1.634902370074680178e+01 6.879689469242333644e+01
4.707995004140058448e+00 6.958219488900024885e+01
1.105073929872531480e+01 7.036749508557716126e+01
7.618477257162904692e+00 7.115279528215407367e+01
4.508454228563158139e+00 7.193809547873098609e+01
7.418311376285011249e+00 7.272339567530791271e+01
6.438091157579379775e+00 7.350869587188481091e+01
4.746226077063861126e+00 7.429399606846172333e+01
6.869656111856462744e+00 7.507929626503863574e+01
8.397579770482263228e+00 7.586459646161554815e+01
8.061936483661014563e+00 7.664989665819246056e+01
1.617992356159637524e+01 7.743519685476937298e+01
1.371938605809867795e+01 7.822049705134628539e+01
7.553368937739392663e+00 7.900579724792319780e+01
9.490143738343340019e+00 7.979109744450011021e+01
8.168417667942708960e+00 8.057639764107703684e+01
8.223273764472960323e+00 8.136169783765393504e+01
9.487836095362531807e+00 8.214699803423084745e+01
9.695613408649037979e+00 8.293229823080777408e+01
1.269166380247377290e+01 8.371759842738467228e+01
8.583511305025353977e+00 8.450289862396158469e+01
8.432817757518025203e+00 8.528819882053849710e+01
9.363244931255014336e+00 8.607349901711542373e+01
6.887410269264504059e+00 8.685879921369232193e+01
1.225822355055396251e+01 8.764409941026923434e+01
6.503577190181967005e+00 8.842939960684614675e+01
8.249505091037420357e+00 8.921469980342308759e+01
1.235684175399597429e+01 9.000000000000000000e+01
