1.036670159883631204e+00 1.020408163265337093e-01
4.972442622575464766e-01 2.040816326530617841e-01
0.000000000000000000e+00 3.061224489795931758e-01
1.004813710156190858e-02 4.081632653061235128e-01
1.924474362034937491e-01 5.102040816326549599e-01
5.247465949644232186e-01 6.122448979591830209e-01
1.466401840140581392e+00 7.142857142857144126e-01
2.569206464187878680e+00 8.163265306122446940e-01
2.189897597198104062e+00 9.183673469387760857e-01
1.484475444679206113e+00 1.020408163265306367e+00
2.094587322484875003e+00 1.122448979591837759e+00
3.925481615067724750e+00 1.224489795918365820e+00
4.663329418642844892e+00 1.326530612244899432e+00
2.515640676204669024e+00 1.428571428571429713e+00
8.727322616292254587e-01 1.530612244897958885e+00
2.087423821416066971e+00 1.632653061224489166e+00
3.930616567083359048e+00 1.734693877551022778e+00
6.053992069950669297e+00 1.836734693877548619e+00
7.407253885006951144e+00 1.938775510204082231e+00
9.139474526116305952e+00 2.040816326530610070e+00
1.143602518095630671e+01 2.142857142857143682e+00
8.058756848182653698e+00 2.244897959183674185e+00
5.047176439475546061e+00 2.346938775510205577e+00
5.271032224568855895e+00 2.448979591836733860e+00
6.141205262408476528e+00 2.551020408163267472e+00
4.211743189077122196e+00 2.653061224489795755e+00
1.057588433246431814e+00 2.755102040816329367e+00
6.653141429856410660e-01 2.857142857142854986e+00
1.315414216983219919e+00 2.959183673469388598e+00
1.110515531820099211e+00 3.061224489795916881e+00
6.075786946644146092e-01 3.163265306122448273e+00
6.284994291649989018e-01 3.265306122448980997e+00
6.449037013907041871e-01 3.367346938775512388e+00
7.119294415632954065e-01 3.469387755102040671e+00
2.177548684961242209e+00 3.571428571428574283e+00
2.499031681898793877e+00 3.673469387755099902e+00
1.165460743592188209e+00 3.775510204081633514e+00
9.532428955626480738e-01 3.877551020408164018e+00
4.029607596700145677e+00 3.979591836734695409e+00
6.956072438178700246e+00 4.081632653061225469e+00
9.927505634509422805e+00 4.183673469387759525e+00
1.495747672977115883e+01 4.285714285714285587e+00
2.459048722176364876e+01 4.387755102040816979e+00
3.349503993303108729e+01 4.489795918367347483e+00
3.676650315550389081e+01 4.591836734693881539e+00
3.884057644587336711e+01 4.693877551020409378e+00
3.946973739204116782e+01 4.795918367346940769e+00
3.947982992056683571e+01 4.897959183673471273e+00
4.461351860409739345e+01 5.000000000000000000e+00
5.903481398074817577e+01 5.219238005019239068e+00
6.689019404017807346e+01 5.438476010038476360e+00
6.846956456499155763e+01 5.657714015057710100e+00
7.045308555224984559e+01 5.876952020076953609e+00
7.055067865967303931e+01 6.096190025096187348e+00
6.637297303543236637e+01 6.315428030115421976e+00
6.782973337792482482e+01 6.534666035134661044e+00
6.924932344818182628e+01 6.753904040153893007e+00
6.793154849797926431e+01 6.973142045173132075e+00
6.680702349190089251e+01 7.192380050192370256e+00
6.914105151837954111e+01 7.411618055211606659e+00
6.790139415484367191e+01 7.630856060230840399e+00
6.943418677571102648e+01 7.850094065250081243e+00
7.148174680788558533e+01 8.069332070269314983e+00
7.055685542594245874e+01 8.288570075288557604e+00
6.956630222254958085e+01 8.507808080307793119e+00
8.020065842953680146e+01 8.727046085327028635e+00
8.496807059614565105e+01 8.946284090346265927e+00
8.911373592990470627e+01 9.165522095365503219e+00
9.296710928780157701e+01 9.384760100384740511e+00
9.746802269088323101e+01 9.603998105403977803e+00
1.040627851215125474e+02 9.823236110423213319e+00
1.034435731178010087e+02 1.004247411544245061e+01
1.025622515296767574e+02 1.026171212046168435e+01
1.093965203870904901e+02 1.048095012548091987e+01
1.096106247512157239e+02 1.070018813050016249e+01
1.102805387155791124e+02 1.091942613551939445e+01
1.131495004376198068e+02 1.113866414053863174e+01
1.161033753087769895e+02 1.135800662531207195e+01
1.185981122491908053e+02 1.157797169567828099e+01
1.225076815320200581e+02 1.179687195874356931e+01
1.244265196584865549e+02 1.201488952378173991e+01
1.249553755398646899e+02 1.223248916073251991e+01
1.240859136676787671e+02 1.244983089082801087e+01
1.228032943506588310e+02 1.266714779573798566e+01
1.199997857846829561e+02 1.288446485438887912e+01
1.165842767469033845e+02 1.310175187607300984e+01
1.173103869910314216e+02 1.331900190058136602e+01
1.135559999818847245e+02 1.353620210322525352e+01
1.138744444268813112e+02 1.375351635106397197e+01
1.108427358836415948e+02 1.397119613949304373e+01
1.073201931335445778e+02 1.418935951057513911e+01
1.080751855349368640e+02 1.440828380217780946e+01
1.067570169011717383e+02 1.462802051395395608e+01
9.819453652771510122e+01 1.484834095421927636e+01
8.726365964314763346e+01 1.506916812608412393e+01
8.391837541450708216e+01 1.529033971685020532e+01
8.737844804563083301e+01 1.551182539234063817e+01
9.174380927664358865e+01 1.573362603548797800e+01
9.626937881072294090e+01 1.595565629440670463e+01
9.889975736916791504e+01 1.617771092769618946e+01
9.792927987094184061e+01 1.639972522927549647e+01
9.897972495510867930e+01 1.662150674019797236e+01
1.007492092166634876e+02 1.684301672104455250e+01
1.002069092013547333e+02 1.706410328076977123e+01
9.801986109706116679e+01 1.728540606275500124e+01
9.817640620913282135e+01 1.750795446279840917e+01
9.313658255430573263e+01 1.773341880529376624e+01
9.280805060992490496e+01 1.796155660500915729e+01
9.114500654283796166e+01 1.819361226743254889e+01
9.178756746322565618e+01 1.842862276918830133e+01
9.129281007324371444e+01 1.866595293016395729e+01
9.013220444876016302e+01 1.890366967417632438e+01
8.936930991301257166e+01 1.914107221482621668e+01
8.877443232309511245e+01 1.937777715196385131e+01
9.079240583679073495e+01 1.961382742331381479e+01
9.202528575075950812e+01 1.984898060366190364e+01
9.441979134562190268e+01 2.008331553442376460e+01
9.680486487810969720e+01 2.031612605341035049e+01
9.732980954134661999e+01 2.054743770131598168e+01
9.653420148598466710e+01 2.077660383635627994e+01
9.697670909432848418e+01 2.100366787696759019e+01
9.803929774500006999e+01 2.122814330121584447e+01
9.732760392215901391e+01 2.144994608006574310e+01
9.740232516439210997e+01 2.166916583787785555e+01
9.577672176062502274e+01 2.188641932926229217e+01
9.561265840531318361e+01 2.210256795830967036e+01
9.435335436867021031e+01 2.231795515361717364e+01
9.417244871744424017e+01 2.253274558616170609e+01
9.263519931013500752e+01 2.274696650603937087e+01
9.117351342272638703e+01 2.296060601271365087e+01
9.052929716162272200e+01 2.317361611878481398e+01
8.956400884622912884e+01 2.338601556301648543e+01
8.957949045750579842e+01 2.359796516585747383e+01
9.132383021980993476e+01 2.380953538896670807e+01
9.156300895369871284e+01 2.402055055107798509e+01
9.275416362142090065e+01 2.423108818301008327e+01
9.138851880187191057e+01 2.444115370361043560e+01
9.153448455663068728e+01 2.465086445335510135e+01
9.330073831279047170e+01 2.486018056816293864e+01
9.245701416515159110e+01 2.506924913440263225e+01
9.544972054122770544e+01 2.527807247451760375e+01
9.697561044837227939e+01 2.548678000104817087e+01
9.632864493437161002e+01 2.569531556908864545e+01
9.630472631800839167e+01 2.590374398241038278e+01
9.671399302106648577e+01 2.611204663641533585e+01
9.742076998558356138e+01 2.632022364352528498e+01
9.908727329375109605e+01 2.652833564396755861e+01
1.016765667360764809e+02 2.673647876389237510e+01
1.025462616736424764e+02 2.694494144410820624e+01
1.030539017421943981e+02 2.715387493348547565e+01
1.051637528356187232e+02 2.736345930751980049e+01
1.053963553696836613e+02 2.757386090758231134e+01
1.059640857995717624e+02 2.778510378194612684e+01
1.078365844662630906e+02 2.799720030638793844e+01
1.078614267362895589e+02 2.821012435746623481e+01
1.071412042686082771e+02 2.842409796696833268e+01
1.069592340385134008e+02 2.863876886779852882e+01
1.069584781761158609e+02 2.885447535152306386e+01
1.061509093584734558e+02 2.907111015574857049e+01
1.069981771322565152e+02 2.928895656574696105e+01
1.059156904342059846e+02 2.950845569649488098e+01
1.068937136903358862e+02 2.972990939249778464e+01
1.059940657268050330e+02 2.995448362361935679e+01
1.046639567471309817e+02 3.018232335477329187e+01
1.031622536959312839e+02 3.041333084337576054e+01
1.033343625154524261e+02 3.064801118130936075e+01
1.039970898320000003e+02 3.088529697596044699e+01
1.048606523818738907e+02 3.112514338490062826e+01
1.067458910519721940e+02 3.136631488687483582e+01
1.072199811424631548e+02 3.160857540758046724e+01
1.102919175786608434e+02 3.185220836242017484e+01
1.112650323402727395e+02 3.209685232328767768e+01
1.082645202171582781e+02 3.234291525454457883e+01
1.053531972681967233e+02 3.259194803287449815e+01
1.046701254852256540e+02 3.284332088126407712e+01
1.053507852150787727e+02 3.309720245037358666e+01
1.065683028757154318e+02 3.335203590645139116e+01
1.033439807278550546e+02 3.360854851306713442e+01
1.027951451938242826e+02 3.386663587436515854e+01
1.014278053127144119e+02 3.412632085090885425e+01
9.699627027631161980e+01 3.438748108069552245e+01
9.176816185201693088e+01 3.465026821078762254e+01
9.006692934254773775e+01 3.491459588008015658e+01
9.049942103560414353e+01 3.517994862773460341e+01
8.932992675237183278e+01 3.544645948511660549e+01
8.885289800010428962e+01 3.571353301401562419e+01
8.647890032947343286e+01 3.598105198005282546e+01
8.342733574117272610e+01 3.624867279896022865e+01
7.790298532643073770e+01 3.651634191559720932e+01
7.267743247083758718e+01 3.678387039349733811e+01
7.069937685085936607e+01 3.705096821456687906e+01
6.824084694789915773e+01 3.731740771944884472e+01
6.536379024638162605e+01 3.758304464112327281e+01
6.352284058056505955e+01 3.784763410228656255e+01
6.341107013252281632e+01 3.811116395626606135e+01
6.207928278385137588e+01 3.837389337384328059e+01
5.857518451260499859e+01 3.863614761401973396e+01
5.970734142641962450e+01 3.889825953282966253e+01
6.140695268165170972e+01 3.916025277193360665e+01
6.378501148830393674e+01 3.942218122065945352e+01
6.525175060418968087e+01 3.968416854772654290e+01
6.215499729959235253e+01 3.994631119108438355e+01
6.480713942630114843e+01 4.020868590364329265e+01
6.695772783714987497e+01 4.047139716728798930e+01
6.690220130278588329e+01 4.073448492636553198e+01
6.790913322523070406e+01 4.099801536187506201e+01
7.154960578751175149e+01 4.126207249094225915e+01
7.393927010133998579e+01 4.152670055000403693e+01
7.571193819705754890e+01 4.179200930497578526e+01
7.832990901360012970e+01 4.205813286221341940e+01
8.086085184370016066e+01 4.232518582944452135e+01
8.412883032935985739e+01 4.259298749243589555e+01
8.554317836135788866e+01 4.286118085662515398e+01
8.597759272358615590e+01 4.312856449685226323e+01
8.749747599707090728e+01 4.339406863175155848e+01
8.929737295506616590e+01 4.365764590287636082e+01
9.033901723667055705e+01 4.391995707304869256e+01
9.351730237148474600e+01 4.418536333453985776e+01
9.547808301606222869e+01 4.445147916231206153e+01
9.646147393533345848e+01 4.471759499008424399e+01
1.017826474041268909e+02 4.498371081785645487e+01
1.024420381263054765e+02 4.524982664562865153e+01
1.089713355456870545e+02 4.551594247340085531e+01
1.154235221912474714e+02 4.578205830117306618e+01
1.232276059459331066e+02 4.604817412894524864e+01
1.274539696109783904e+02 4.631428995671743820e+01
1.313861355143003777e+02 4.658040578448963487e+01
1.304993668592018139e+02 4.684652161226183864e+01
1.343117372351847507e+02 4.711263744003404952e+01
1.323005965047218808e+02 4.737875326780624619e+01
1.318385180467901137e+02 4.764486909557844285e+01
1.325569900748490113e+02 4.791098492335063952e+01
1.332751503926762382e+02 4.817710075112283619e+01
1.318822503401066513e+02 4.844321657889503996e+01
1.298570872669545224e+02 4.870933240666723663e+01
1.260698906710517662e+02 4.897544823443944040e+01
1.199055781068309443e+02 4.924156406221163707e+01
1.140604580057978978e+02 4.950767988998383373e+01
1.118982266387245517e+02 4.977379571775603040e+01
1.072638474784690743e+02 5.003991154552823417e+01
1.007574589425668279e+02 5.030602737330043084e+01
9.707426401348877221e+01 5.057214320107263461e+01
9.083450416939112415e+01 5.083825902884483838e+01
8.056734218271053294e+01 5.110437485661702794e+01
7.109499248126749649e+01 5.137049068438923172e+01
5.929600402152316008e+01 5.163660651216141417e+01
4.516201026096931059e+01 5.190272233993361795e+01
2.792058274137561824e+01 5.216883816770581461e+01
2.682371793519549996e+01 5.294090269489548461e+01
2.030392429703125856e+01 5.371296722208516883e+01
8.129005592860043095e+00 5.448503174927485304e+01
4.649739533671998437e+00 5.525709627646452304e+01
6.469782890030861822e+00 5.602916080365420726e+01
1.142268295194047312e+01 5.680122533084388436e+01
6.899151289151705946e+00 5.757328985803356147e+01
4.222630333537335190e+00 5.834535438522321726e+01
6.403588053943572334e+00 5.911741891241292279e+01
9.151680287088087340e+00 5.988948343960258569e+01
7.855335363983646957e+00 6.066154796679226990e+01
1.789107819110770548e+00 6.143361249398194701e+01
7.236762630291266873e+00 6.220567702117161701e+01
1.075870191499182660e+01 6.297774154836130123e+01
2.729440633085844059e+00 6.374980607555098544e+01
1.027498453533819855e+01 6.452187060274066255e+01
8.100128316541770346e+00 6.529393512993033255e+01
4.563549144358139742e+00 6.606599965712001676e+01
5.774202161575805903e+00 6.683806418430968677e+01
7.055096028096645711e+00 6.761012871149935677e+01
8.051220838591456541e+00 6.838219323868902677e+01
3.957027334612569724e+00 6.915425776587872519e+01
8.976213516610185295e+00 6.992632229306839520e+01
1.119885164106614361e+01 7.069838682025806520e+01
8.113094286745697659e+00 7.147045134744774941e+01
1.609470136069792279e+00 7.224251587463743363e+01
5.551711041896469467e+00 7.301458040182710363e+01
8.995882426037454138e+00 7.378664492901677363e+01
5.029841283427720633e+00 7.455870945620645784e+01
6.619873639484095129e+00 7.533077398339614206e+01
2.026871764406076970e+00 7.610283851058581206e+01
7.994384084428312498e+00 7.687490303777548206e+01
6.869729315733613007e+00 7.764696756496516628e+01
6.559217322464778732e+00 7.841903209215485049e+01
6.321930089616259352e+00 7.919109661934452049e+01
6.285688483361525414e+00 7.996316114653420470e+01
5.368845627877607107e+00 8.073522567372387471e+01
1.085704377008134003e+01 8.150729020091355892e+01
4.916173484735839594e+00 8.227935472810322892e+01
6.138976947637731385e+00 8.305141925529289892e+01
1.458510678784759662e+01 8.382348378248258314e+01
3.529891332036697360e+00 8.459554830967226735e+01
4.580787702798091665e+00 8.536761283686195156e+01
4.681936896967951789e+00 8.613967736405162157e+01
6.853729470537089696e+00 8.691174189124130578e+01
6.022994624058778612e+00 8.768380641843097578e+01
7.925155152960342342e+00 8.845587094562066000e+01
2.407195024393546490e+00 8.922793547281031579e+01
7.056819664814284465e+00 9.000000000000001421e+01
