3.129816296926868802e+00 1.020408163265319051e-01
3.224256644283327589e+00 2.040816326530610902e-01
4.716949361953375330e+00 3.061224489795930093e-01
5.971990519842431233e+00 4.081632653061221805e-01
6.311599011058206976e+00 5.102040816326540718e-01
6.166465305472546454e+00 6.122448979591832430e-01
4.745112427752514073e+00 7.142857142857151898e-01
5.257954079692014560e+00 8.163265306122443610e-01
6.967049820311236097e+00 9.183673469387763078e-01
8.246947418751444658e+00 1.020408163265308144e+00
9.906156910406910043e+00 1.122448979591837315e+00
1.294605794219226524e+01 1.224489795918366486e+00
1.358424354946448531e+01 1.326530612244895657e+00
1.203906545227477487e+01 1.428571428571427493e+00
1.252993281635808032e+01 1.530612244897956664e+00
1.369053402531975472e+01 1.632653061224488500e+00
1.160491027771839079e+01 1.734693877551020336e+00
9.923499208593160148e+00 1.836734693877549507e+00
9.481310747063966815e+00 1.938775510204081343e+00
7.916730538453376376e+00 2.040816326530613178e+00
5.623842216554044704e+00 2.142857142857145014e+00
6.192921257242860023e+00 2.244897959183674185e+00
7.102404675752670649e+00 2.346938775510206021e+00
4.507062035996590055e+00 2.448979591836735192e+00
1.825337233301742357e+00 2.551020408163267028e+00
7.368575092972147189e+00 2.653061224489796199e+00
9.992175488768884506e+00 2.755102040816325371e+00
7.251772204695538626e+00 2.857142857142857206e+00
2.938335004019289709e+00 2.959183673469389042e+00
3.783508644990488112e-01 3.061224489795915105e+00
7.331013185300611079e-01 3.163265306122447384e+00
3.957672491270294302e+00 3.265306122448979220e+00
8.177679938352714117e+00 3.367346938775505727e+00
9.923296084061686173e+00 3.469387755102037563e+00
8.541406063449365149e+00 3.571428571428569398e+00
9.027627969067824054e+00 3.673469387755098570e+00
1.430456810079507335e+01 3.775510204081630405e+00
1.655968702631397349e+01 3.877551020408159577e+00
1.224582164965321418e+01 3.979591836734691412e+00
8.805864004438296533e+00 4.081632653061223692e+00
1.181022719567010526e+01 4.183673469387753308e+00
1.556959260337138318e+01 4.285714285714285587e+00
1.708078409270565601e+01 4.387755102040815203e+00
1.773668976324110247e+01 4.489795918367347483e+00
2.367515848056908112e+01 4.591836734693877098e+00
3.692555342578640420e+01 4.693877551020409378e+00
5.168807319421995317e+01 4.795918367346938993e+00
6.093432563713461292e+01 4.897959183673471273e+00
6.590751494775058461e+01 5.000000000000000888e+00
6.491651466732068343e+01 5.229026348136831537e+00
6.808201417272437084e+01 5.458052696273668403e+00
7.958998909550935252e+01 5.687079044410499051e+00
8.103399989512035972e+01 5.916105392547335917e+00
8.188986375003267426e+01 6.145131740684169230e+00
7.986128952548199322e+01 6.374158088821003432e+00
7.712340609677215753e+01 6.603184436957836745e+00
7.826511939855379296e+01 6.832210785094670058e+00
8.041940742753742200e+01 7.061237133231498042e+00
8.673939919104213914e+01 7.290263481368334908e+00
8.986755189465937121e+01 7.519289829505171774e+00
9.973841969803150675e+01 7.748316177642005087e+00
1.003750785669744943e+02 7.977342525778839288e+00
9.914944981735878571e+01 8.206368873915669937e+00
1.066931034011217321e+02 8.435395222052502362e+00
1.089634512250748202e+02 8.664421570189336563e+00
1.156000899776435773e+02 8.893447918326167212e+00
1.176890355033812341e+02 9.122474266463006742e+00
1.137606884476984135e+02 9.351500614599839167e+00
1.117922460080415448e+02 9.580526962736671592e+00
1.102123334520240547e+02 9.809553310873504017e+00
1.083599836024439043e+02 1.003857965901033644e+01
1.067571494940525980e+02 1.026760600714717064e+01
1.091645385991620287e+02 1.049663235528400129e+01
1.117649116764479515e+02 1.072565870342084082e+01
1.104984193602088283e+02 1.095468505155767502e+01
1.100305597972110263e+02 1.118371139969450212e+01
1.101281617323206206e+02 1.141392071753747572e+01
1.151738431883702702e+02 1.164663606682702657e+01
1.176343109190848253e+02 1.187658928077688714e+01
1.214671708412572428e+02 1.210235192992503706e+01
1.265531943592746416e+02 1.232574147404633713e+01
1.235157022710142911e+02 1.254746046683314908e+01
1.224600708838201371e+02 1.276854336700932713e+01
1.209855858172833507e+02 1.298915999191138226e+01
1.224718563013975796e+02 1.320931791999320026e+01
1.238714048871342897e+02 1.342929059685819837e+01
1.231603459589084508e+02 1.364922250766376521e+01
1.246742760903137111e+02 1.386958672387294200e+01
1.217176499345083016e+02 1.409031555747943898e+01
1.183389054921531596e+02 1.431173918304878256e+01
1.186342021383514265e+02 1.453384275870779163e+01
1.144651297449800609e+02 1.475636664586914293e+01
1.033266081262060823e+02 1.497939886006735222e+01
9.585107268670506642e+01 1.520290043639531063e+01
9.733608079515502709e+01 1.542682001046102513e+01
9.971717295240354417e+01 1.565092623562622975e+01
1.012443657916022914e+02 1.587539538382449322e+01
1.016850486153011133e+02 1.609997899781079411e+01
1.022317663669865198e+02 1.632470749922013198e+01
1.017564723284420438e+02 1.654964752658973737e+01
1.007925886571149050e+02 1.677464488291931133e+01
9.841665762993096678e+01 1.699967290164421030e+01
9.839471540749934775e+01 1.722444629173364916e+01
9.800745347490588699e+01 1.744935680943079248e+01
9.980579798604216535e+01 1.767579030995876721e+01
9.896555030829026123e+01 1.790470338939405082e+01
1.003873938890490223e+02 1.813643846380190183e+01
1.041283304726677272e+02 1.837044829001543533e+01
1.052498090088459151e+02 1.860657084931263938e+01
1.055454903396681345e+02 1.884303668730715131e+01
1.064454095497700905e+02 1.907892485769881930e+01
1.066221571659600045e+02 1.931433293770534831e+01
1.053020956834658080e+02 1.954929213708869185e+01
1.033412415911927411e+02 1.978411663671585075e+01
1.039991067423689657e+02 2.001813249105586934e+01
1.055767945958298100e+02 2.025164059911345049e+01
1.049766360671617917e+02 2.048393526785678986e+01
1.030905614244555579e+02 2.071529227786328065e+01
9.930559446597479223e+01 2.094514503324670329e+01
9.828859826736777450e+01 2.117354765322984633e+01
9.736491225089361023e+01 2.140003286924843096e+01
9.523303083442080208e+01 2.162442075552415233e+01
9.483735799983287507e+01 2.184646998021648301e+01
9.644229549840268589e+01 2.206664761394847929e+01
9.609278608340045480e+01 2.228519037176813811e+01
9.551734590960764137e+01 2.250243306026171553e+01
9.542781423344082725e+01 2.271860564269644556e+01
9.372470256547401846e+01 2.293404099012445485e+01
9.725557509276711698e+01 2.314903438783461453e+01
9.987448773635783539e+01 2.336371097317617185e+01
1.007260132377060131e+02 2.357806343034962282e+01
1.003083198613080640e+02 2.379200569096509810e+01
9.949908567141203264e+01 2.400567576424897354e+01
9.964655510032324059e+01 2.421898611358802711e+01
1.020773800682042634e+02 2.443206807342565412e+01
1.030430214538969409e+02 2.464485093486451817e+01
1.015349646978748979e+02 2.485744062008520316e+01
1.010278185081566704e+02 2.506978440120994733e+01
1.029260749446389269e+02 2.528199193160040537e+01
1.051137283321972120e+02 2.549401372052184556e+01
1.047204408674949434e+02 2.570593923205923659e+01
1.073353246867673079e+02 2.591776272304462125e+01
1.121279560719904680e+02 2.612952552700801334e+01
1.132712158659446544e+02 2.634123864447995089e+01
1.109283801394834938e+02 2.655291877979788850e+01
1.103109634231391709e+02 2.676458001483452875e+01
1.088883030841785171e+02 2.697622889668726742e+01
1.108907813132035756e+02 2.718786680537355949e+01
1.080594351038038639e+02 2.739950797016293293e+01
1.103379695101873352e+02 2.761123573462972303e+01
1.107427633019921274e+02 2.782307057618323043e+01
1.121030458313972673e+02 2.803516518970031868e+01
1.147701095742768160e+02 2.824808089069443540e+01
1.179003487454953643e+02 2.846274981826027428e+01
1.158611331194569232e+02 2.868015536069039584e+01
1.142664070912772303e+02 2.890104398432903210e+01
1.161369892029876780e+02 2.912562983206371214e+01
1.149932915409401204e+02 2.935350059362804487e+01
1.149940136715189851e+02 2.958455445823479479e+01
1.160416195568729165e+02 2.981817469927191766e+01
1.126322149109080755e+02 3.005369370592035949e+01
1.138793546416193720e+02 3.029143471590874270e+01
1.149896789371698418e+02 3.053186578605009771e+01
1.154192122503715723e+02 3.077462427821316737e+01
1.153514167585163932e+02 3.101958275131488918e+01
1.154421409255009507e+02 3.126657020221819039e+01
1.150287982547802841e+02 3.151538199115454830e+01
1.119889893092820188e+02 3.176597948239334102e+01
1.124288287666103514e+02 3.201936337741154404e+01
1.141074517629832883e+02 3.227409837018327465e+01
1.182759776951621689e+02 3.252983714880346611e+01
1.198814827521610482e+02 3.278601443489527156e+01
1.213626736279027796e+02 3.304255262215686884e+01
1.216304209427538439e+02 3.329973953807246545e+01
1.187253555963976197e+02 3.355780823588258244e+01
1.186694634128442090e+02 3.381703018452206067e+01
1.122942311135203397e+02 3.407736523183155697e+01
1.116518648318022997e+02 3.433886098843384360e+01
1.112688338342674257e+02 3.460152352722575841e+01
1.127791236101292043e+02 3.486555934975888960e+01
1.122493912294207092e+02 3.513049251943385087e+01
1.083964749952704949e+02 3.539647436937015357e+01
1.073307806610211941e+02 3.566331793699888664e+01
1.046488139759976690e+02 3.593083014166719380e+01
1.008748600075785333e+02 3.619898549009243993e+01
9.799282512463970818e+01 3.646750829375183400e+01
9.859932619892370553e+01 3.673644675045009222e+01
9.674712930816623668e+01 3.700558393736891105e+01
9.356290792864898265e+01 3.727482186515030804e+01
9.332570474824251505e+01 3.754402506719133470e+01
8.878002299475443237e+01 3.781301470281378130e+01
8.898601927725354699e+01 3.808163583213138992e+01
8.615548005062426284e+01 3.834972886989222474e+01
8.174931648670479944e+01 3.861694243664449999e+01
7.669706975518106162e+01 3.888348714160773767e+01
7.923045683674963868e+01 3.914900571077847502e+01
7.888960506923011451e+01 3.941365998140153692e+01
7.937132023784685941e+01 3.967744732932283114e+01
7.921655424311320814e+01 3.994088176110264499e+01
7.853415424221300611e+01 4.020421750795645011e+01
7.953151293460267368e+01 4.046747518343497063e+01
8.242364528235721366e+01 4.073084891298601207e+01
8.295186327794091596e+01 4.099501715082173092e+01
8.773229103812647622e+01 4.126015337804141581e+01
8.957486218467825267e+01 4.152614088128743930e+01
9.363374909493870746e+01 4.179274379506521342e+01
9.167824331318246323e+01 4.205972023100049739e+01
9.313913491709587333e+01 4.232699984795385717e+01
9.646287509490373679e+01 4.259431285654239474e+01
9.556200947005146418e+01 4.286127873221257545e+01
9.710195653420205986e+01 4.312754192086561744e+01
1.005078059791918861e+02 4.339290986767383629e+01
1.037679711621121044e+02 4.365743938486316722e+01
1.074434300531715962e+02 4.392147778416313031e+01
1.078943802882756557e+02 4.418543310624413323e+01
1.137339512560006511e+02 4.444977709107362784e+01
1.137095110754181064e+02 4.471480688199932274e+01
1.126776598511416552e+02 4.498096461618560937e+01
1.153794255172382464e+02 4.524570824729428153e+01
1.161625170954411317e+02 4.550833139664725024e+01
1.206846821236674145e+02 4.577095454600025448e+01
1.273685555228912420e+02 4.603357769535321609e+01
1.328230663914701211e+02 4.629620084470617769e+01
1.347569967478613933e+02 4.655882399405916061e+01
1.359610320885622059e+02 4.682144714341214353e+01
1.371397652129941207e+02 4.708407029276511224e+01
1.418323506289663385e+02 4.734669344211807385e+01
1.391694982943187995e+02 4.760931659147107098e+01
1.418878707064915830e+02 4.787193974082404679e+01
1.440063575766987753e+02 4.813456289017700840e+01
1.449295640412056798e+02 4.839718603952999842e+01
1.421955715751217042e+02 4.865980918888298135e+01
1.423816435044281832e+02 4.892243233823594295e+01
1.424587088194070077e+02 4.918505548758891877e+01
1.438825953255884542e+02 4.944767863694191590e+01
1.423919049903314544e+02 4.971030178629488461e+01
1.404351416454669845e+02 4.997292493564785332e+01
1.346723887706035043e+02 5.023554808500083624e+01
1.276763734600337870e+02 5.049817123435381205e+01
1.242290389546923706e+02 5.076079438370678787e+01
1.169923250525357759e+02 5.102341753305974947e+01
1.101897617261762576e+02 5.128604068241274661e+01
1.002414288688346602e+02 5.154866383176571532e+01
9.263473521353949991e+01 5.181128698111868403e+01
7.745900634022825670e+01 5.207391013047165984e+01
6.966184659898809173e+01 5.233653327982465697e+01
5.404116306332432629e+01 5.259915642917762568e+01
4.121405422380296812e+01 5.286177957853059439e+01
4.256118986892487754e+01 5.361970244427486421e+01
1.650781793965704836e+01 5.437762531001914823e+01
1.699345660646012490e+01 5.513554817576341804e+01
2.193962367318865248e+01 5.589347104150768786e+01
1.013407808983945557e+01 5.665139390725195767e+01
1.317060094025269557e+01 5.740931677299624170e+01
2.255386736344011211e+01 5.816723963874051861e+01
1.264391602813054050e+01 5.892516250448478843e+01
1.427432793765869512e+01 5.968308537022906535e+01
1.299646312370851930e+01 6.044100823597332806e+01
1.469269431411315985e+01 6.119893110171761208e+01
1.383356500330604177e+01 6.195685396746187479e+01
1.457275644602551345e+01 6.271477683320615171e+01
1.432002910312183985e+01 6.347269969895042152e+01
1.243455147528243288e+01 6.423062256469469844e+01
1.394602340913256633e+01 6.498854543043896115e+01
1.051472195339931126e+01 6.574646829618322386e+01
7.767618701133151227e+00 6.650439116192750078e+01
1.866009850791186864e+01 6.726231402767179191e+01
1.658960891527067361e+01 6.802023689341605461e+01
1.450686312658615051e+01 6.877815975916033153e+01
1.933259760064425592e+01 6.953608262490460845e+01
8.787452361766865394e+00 7.029400549064888537e+01
1.328975798329656222e+01 7.105192835639314808e+01
1.250152833965905153e+01 7.180985122213743921e+01
1.625014326135697118e+01 7.256777408788170192e+01
1.765864626950603267e+01 7.332569695362597884e+01
1.071582620329336777e+01 7.408361981937024154e+01
1.278764357927413364e+01 7.484154268511451846e+01
1.195957627630631315e+01 7.559946555085878117e+01
7.602000697653986450e+00 7.635738841660305809e+01
1.436554846275643271e+01 7.711531128234734922e+01
1.291484378818619128e+01 7.787323414809159772e+01
1.488347027765014197e+01 7.863115701383590306e+01
1.533094127448672062e+01 7.938907987958016577e+01
1.432724985911088211e+01 8.014700274532442847e+01
8.975028516422639768e+00 8.090492561106870539e+01
1.506485150229821812e+01 8.166284847681298231e+01
1.037284268562857825e+01 8.242077134255725923e+01
9.971956719424905913e+00 8.317869420830152194e+01
1.165286685248215726e+01 8.393661707404578465e+01
1.261745682694068194e+01 8.469453993979006157e+01
1.183511612147253800e+01 8.545246280553433849e+01
1.349402515254655199e+01 8.621038567127860119e+01
1.585667909146352628e+01 8.696830853702289232e+01
1.305310288603244828e+01 8.772623140276715503e+01
1.196121563943977684e+01 8.848415426851143195e+01
1.301824210163672291e+01 8.924207713425570887e+01
9.614003115531213339e+00 9.000000000000000000e+01
