0.000000000000000000e+00 1.020408163265319745e-01
3.624446405270589366e-01 2.040816326530639491e-01
8.346137803395947685e-01 3.061224489795925097e-01
8.931485599542554610e-01 4.081632653061244564e-01
7.383130791095879886e-01 5.102040816326508521e-01
4.369540037455381110e-01 6.122448979591883500e-01
1.186094147489042405e-01 7.142857142857169661e-01
0.000000000000000000e+00 8.163265306122455822e-01
0.000000000000000000e+00 9.183673469387787502e-01
2.005500911972695616e-02 1.020408163265307255e+00
4.668078754469625058e-01 1.122448979591839313e+00
1.469357057951070189e+00 1.224489795918367818e+00
2.836559618175781949e+00 1.326530612244899876e+00
4.455847880648841297e+00 1.428571428571429713e+00
2.831497457352631031e+00 1.530612244897958218e+00
1.836275328160336395e-01 1.632653061224493607e+00
1.328854594939338496e-01 1.734693877551022112e+00
4.549215023191561375e-02 1.836734693877554170e+00
5.564876684608184298e-01 1.938775510204082675e+00
1.364787606115888341e+00 2.040816326530612290e+00
1.158804613433487285e+00 2.142857142857144126e+00
3.677414942562107769e-01 2.244897959183672853e+00
0.000000000000000000e+00 2.346938775510204689e+00
0.000000000000000000e+00 2.448979591836736525e+00
0.000000000000000000e+00 2.551020408163266140e+00
0.000000000000000000e+00 2.653061224489794867e+00
0.000000000000000000e+00 2.755102040816328923e+00
0.000000000000000000e+00 2.857142857142860759e+00
0.000000000000000000e+00 2.959183673469387266e+00
0.000000000000000000e+00 3.061224489795920434e+00
0.000000000000000000e+00 3.163265306122449161e+00
0.000000000000000000e+00 3.265306122448980997e+00
0.000000000000000000e+00 3.367346938775509724e+00
0.000000000000000000e+00 3.469387755102041559e+00
0.000000000000000000e+00 3.571428571428571175e+00
0.000000000000000000e+00 3.673469387755102122e+00
0.000000000000000000e+00 3.775510204081633958e+00
1.040581891606059850e+00 3.877551020408163573e+00
2.016573216918381650e+00 3.979591836734694521e+00
5.920549142877987947e+00 4.081632653061224580e+00
1.159424151790676660e+01 4.183673469387756860e+00
2.048658309095496222e+01 4.285714285714289140e+00
3.236007935957383097e+01 4.387755102040817867e+00
4.206053261061320114e+01 4.489795918367350147e+00
4.892341852386796575e+01 4.591836734693879762e+00
5.318163976432490614e+01 4.693877551020408490e+00
5.138933920994096383e+01 4.795918367346943434e+00
5.025119855716943107e+01 4.897959183673472161e+00
4.926056349764404985e+01 5.000000000000004441e+00
6.464214827215160142e+01 5.223999438136934792e+00
6.911928805030456147e+01 5.447998876273866031e+00
7.491150158689228533e+01 5.671998314410791053e+00
8.462487836881564363e+01 5.895997752547722293e+00
8.366737376506918622e+01 6.119997190684646426e+00
8.192513754156159678e+01 6.343996628821579442e+00
8.402929265067704989e+01 6.567996066958510681e+00
7.925590798596495290e+01 6.791995505095435703e+00
7.282882292459269991e+01 7.015994943232365166e+00
7.470293685654559113e+01 7.239994381369291077e+00
7.986928747868893197e+01 7.463993819506230309e+00
7.478265297516598764e+01 7.687993257643158884e+00
7.810902890179760050e+01 7.911992695780087459e+00
8.511546469070886189e+01 8.135992133917012481e+00
8.641242981161241232e+01 8.359991572053946385e+00
8.756918181508595467e+01 8.583991010190871407e+00
8.752342817854452051e+01 8.807990448327803534e+00
9.162136064542671932e+01 9.031989886464732109e+00
9.202212205368830666e+01 9.255989324601657131e+00
9.625378001954719309e+01 9.479988762738591035e+00
9.794681326828172985e+01 9.703988200875517833e+00
1.042204993397505746e+02 9.927987639012448184e+00
1.091617418819812571e+02 1.015198707714937498e+01
1.125839962945318575e+02 1.037598651528630711e+01
1.104632942684668393e+02 1.059998595342323569e+01
1.146099913929972018e+02 1.082398539156016071e+01
1.104416767109749742e+02 1.105039465572248503e+01
1.072848936888076423e+02 1.127898644030317143e+01
1.071506154477923189e+02 1.150366431182620275e+01
1.025929837788016812e+02 1.172549145322521724e+01
9.918069926497750544e+01 1.194592103035648556e+01
1.008871952671846515e+02 1.216552199671061985e+01
1.069378266020923434e+02 1.238478944400205251e+01
1.138327456073109687e+02 1.260381720935994210e+01
1.148713775594115418e+02 1.282260272040269555e+01
1.178413992863920470e+02 1.304116537914110907e+01
1.230237432507841788e+02 1.325961713270442743e+01
1.228030231471203848e+02 1.347812823791723957e+01
1.260175971995415267e+02 1.369709063213201716e+01
1.230305483687872652e+02 1.391645539315570801e+01
1.175431465043474475e+02 1.413674580530841496e+01
1.129525333972954826e+02 1.435772424369953271e+01
1.012149384154965759e+02 1.457944421224072684e+01
8.659612745488291807e+01 1.480181006331026339e+01
7.695974643132920789e+01 1.502470339447194547e+01
7.611941391406831769e+01 1.524822865868153343e+01
8.245834047077518392e+01 1.547205744378837622e+01
9.138678411886331787e+01 1.569633490846900159e+01
9.437391911952705925e+01 1.592105836959212084e+01
9.442142327320154038e+01 1.614610283231947463e+01
9.441402025450378233e+01 1.637150274648778137e+01
9.289220176057250455e+01 1.659726287720146232e+01
8.863858883454791737e+01 1.682311531151392714e+01
8.827202584365387850e+01 1.704969795962663071e+01
8.757445280010992406e+01 1.727803802709541969e+01
8.451344568750789676e+01 1.750940652218732296e+01
8.317573219587703193e+01 1.774523631259139123e+01
8.920621309140044275e+01 1.798471679441573912e+01
9.108247127573946500e+01 1.822858911541496241e+01
9.164342985107631989e+01 1.847398702353088851e+01
9.503485783956689659e+01 1.871883077979135734e+01
9.443028187605172263e+01 1.896288801924113798e+01
9.281801077598380800e+01 1.920609767909574472e+01
9.398000493816272183e+01 1.944833740836374503e+01
9.545223295446412237e+01 1.968975334127340915e+01
9.663678123757848937e+01 1.993036384339568201e+01
9.665584063736152132e+01 2.016969316726875761e+01
9.519093616351491960e+01 2.040790006440685644e+01
9.312723533619440275e+01 2.064441729970669215e+01
8.989228603546163754e+01 2.087934190043997162e+01
8.784045760002763359e+01 2.111192870754729611e+01
8.763996465836854100e+01 2.134214905527043271e+01
8.399231544552517903e+01 2.156967481607017589e+01
8.007796853297530504e+01 2.179451943374465017e+01
8.084952133667205487e+01 2.201691592482638171e+01
7.960218772308216728e+01 2.223696709632326218e+01
8.003962871433355986e+01 2.245534113090929651e+01
8.314339327368327304e+01 2.267271912111059251e+01
8.262271285125486031e+01 2.288953997471412194e+01
8.326013012016595383e+01 2.310585551876051014e+01
8.520537826647900204e+01 2.332172005858176078e+01
8.209198432176285110e+01 2.353717733068952001e+01
8.039404669545116633e+01 2.375228268785334862e+01
8.117190497982140585e+01 2.396709544883110254e+01
8.416804558939708159e+01 2.418154966518126159e+01
8.560242392999147398e+01 2.439574444067102377e+01
8.770892923810178843e+01 2.460963261706465133e+01
8.994847060850092646e+01 2.482331267842477018e+01
8.937065188173686181e+01 2.503678663657590064e+01
9.062700019905321369e+01 2.525007874785708850e+01
9.038455274288190822e+01 2.546324895728830029e+01
9.440435128458689462e+01 2.567631566134082632e+01
9.286968629632400507e+01 2.588932187163953103e+01
9.508537445394902932e+01 2.610229557343324203e+01
9.665788691481266426e+01 2.631523711095260865e+01
9.693270164336379935e+01 2.652815858135216942e+01
9.707030813073782838e+01 2.674106230709924148e+01
9.806742405160738940e+01 2.695395690518695631e+01
9.915735293066886413e+01 2.716685023238458996e+01
9.945230219553903339e+01 2.737975929686417231e+01
9.905998583024458526e+01 2.759271245119781213e+01
1.024929924425343586e+02 2.780575019026439776e+01
9.865978987203729389e+01 2.801893039883271541e+01
1.004032532701276068e+02 2.823280528025626523e+01
1.014457682104512486e+02 2.844878018382058826e+01
1.014623599630577502e+02 2.866830386494787675e+01
9.598114391740956819e+01 2.889225444452950242e+01
9.805616190444023061e+01 2.912045678659487535e+01
1.016607289513944892e+02 2.935205986167873249e+01
1.016192152647898723e+02 2.958615512314013785e+01
1.003071659675285616e+02 2.982327533048957946e+01
1.009773150624633615e+02 3.006349820867394129e+01
1.017363393356526444e+02 3.030593303423003704e+01
1.050904103215775791e+02 3.055067820213806229e+01
1.053999778494933679e+02 3.079767528264853382e+01
1.047799463580369093e+02 3.104622584304273758e+01
1.089682614064864907e+02 3.129590993079729699e+01
1.095879502084422370e+02 3.154702935118872631e+01
1.076756544076119440e+02 3.179946995244414509e+01
1.061140076349326904e+02 3.205373471607737201e+01
1.022912438558426231e+02 3.230925663753353660e+01
1.050980432915891498e+02 3.256651511812703603e+01
1.048273015462884530e+02 3.282479657226900827e+01
1.050745150855798613e+02 3.308471053716326082e+01
1.058064548924297128e+02 3.334539101892242030e+01
1.047827484445345050e+02 3.360723192578626595e+01
1.089338280996662291e+02 3.387034952401664611e+01
1.112883533340672670e+02 3.413496110730057609e+01
1.148810905275946084e+02 3.440106207058418164e+01
1.156829768900530695e+02 3.466864492134622111e+01
1.170019368569844715e+02 3.493752433189508366e+01
1.181671252667585748e+02 3.520713761354559779e+01
1.158530729828659105e+02 3.547713714945462016e+01
1.092631657719837648e+02 3.574715851234295627e+01
1.070163385474356090e+02 3.601691865116477942e+01
1.050910635831569948e+02 3.628621868322223776e+01
1.036379921037148080e+02 3.655498176839579827e+01
9.516685257583763757e+01 3.682325083221470408e+01
9.215400277509422722e+01 3.709113051917349679e+01
9.123327975361331710e+01 3.735875020451820205e+01
8.738608441193190401e+01 3.762633156262909040e+01
8.003038718266444107e+01 3.789411498256152555e+01
7.659427522048535764e+01 3.816227778749721722e+01
7.231617513846278200e+01 3.843096971956246932e+01
6.565350327559757204e+01 3.870021759492085067e+01
6.356290859193889276e+01 3.896996835635955136e+01
6.225102920199437762e+01 3.924000090783280115e+01
5.885340652091780811e+01 3.951022779886278613e+01
5.665704283855363599e+01 3.978057101910673765e+01
5.932451722929081939e+01 4.005099187626165502e+01
6.035556302803551176e+01 4.032149510938001669e+01
6.420281311142203151e+01 4.059213318187446617e+01
6.325496359618865228e+01 4.086299505300902979e+01
6.465094796722078740e+01 4.113422945972094880e+01
6.751545591590101481e+01 4.140616422010213427e+01
6.794194309574453428e+01 4.167922255684690214e+01
6.964087077513195823e+01 4.195356881480022793e+01
7.390590538696064016e+01 4.222927683244333252e+01
7.672085179891507778e+01 4.250624192892993136e+01
7.816293895482645837e+01 4.278393819937230802e+01
7.740766199589583607e+01 4.306191181522190448e+01
8.018747105018243815e+01 4.333899726493201854e+01
8.219540432036863820e+01 4.361315995853556160e+01
8.378473661977635345e+01 4.388343910419718696e+01
8.525712552952927581e+01 4.415036241426895458e+01
8.755137528175166040e+01 4.441487400033619792e+01
9.516450630570166425e+01 4.468128659595947738e+01
9.791716034746343666e+01 4.494769919158274263e+01
1.041280652884589699e+02 4.521411178720600077e+01
1.107371901152132381e+02 4.548052438282928023e+01
1.127801816440272091e+02 4.574693697845255258e+01
1.122572427349410873e+02 4.601334957407581783e+01
1.141793432327167892e+02 4.627976216969907597e+01
1.166421204386876838e+02 4.654617476532236253e+01
1.249370552554911171e+02 4.681258736094564199e+01
1.290104241236821565e+02 4.707899995656890013e+01
1.297734664091830439e+02 4.734541255219216538e+01
1.348007069072302784e+02 4.761182514781544484e+01
1.377870752050941974e+02 4.787823774343871719e+01
1.328989395554266650e+02 4.814465033906197533e+01
1.361183626770397552e+02 4.841106293468524058e+01
1.368539550405179170e+02 4.867747553030851293e+01
1.384682409937921648e+02 4.894388812593179949e+01
1.387218869135869568e+02 4.921030072155508606e+01
1.428322103848982465e+02 4.947671331717834420e+01
1.386666563190949546e+02 4.974312591280160945e+01
1.336404037422319107e+02 5.000953850842488180e+01
1.315655908026825784e+02 5.027595110404816126e+01
1.299686605836820945e+02 5.054236369967141940e+01
1.262620925309594213e+02 5.080877629529469175e+01
1.122560255814237991e+02 5.107518889091797121e+01
1.059967829224915477e+02 5.134160148654125067e+01
9.909529442968006663e+01 5.160801408216450881e+01
8.590315273824630538e+01 5.187442667778776695e+01
7.821067270679664318e+01 5.214083927341104641e+01
6.998612668417932525e+01 5.240725186903432586e+01
5.167233607765420800e+01 5.267366446465757690e+01
4.052880788630298525e+01 5.294007706028084925e+01
2.812722156619091507e+01 5.320648965590412871e+01
2.685910046482511504e+01 5.395737762211015820e+01
4.978960434551525260e+00 5.470826558831620190e+01
2.451461072849360878e+00 5.545915355452223139e+01
8.724650461818745928e-01 5.621004152072828219e+01
2.941083066668235269e+00 5.696092948693431168e+01
6.986783154353337633e-02 5.771181745314034828e+01
1.595637088167703999e-01 5.846270541934640619e+01
8.806768453575498645e-01 5.921359338555243568e+01
2.433825205073029685e-01 5.996448135175847227e+01
2.029407129382510888e+00 6.071536931796451597e+01
2.123073757450307575e+00 6.146625728417055257e+01
3.639990321595174994e+00 6.221714525037658206e+01
3.975152075928330975e-01 6.296803321658261865e+01
3.293139726087400021e+00 6.371892118278866946e+01
7.992685310026483858e-01 6.446980914899471315e+01
8.246035975393802842e-01 6.522069711520073554e+01
1.171159919605625532e+01 6.597158508140677213e+01
3.055397949698601678e+00 6.672247304761280873e+01
3.684371681647235164e+00 6.747336101381885953e+01
2.058914259804964786e+00 6.822424898002491034e+01
4.352288599475822473e+00 6.897513694623094693e+01
5.286406914005864266e+00 6.972602491243698353e+01
4.613756584893826229e+00 7.047691287864302012e+01
2.829010071856943309e+00 7.122780084484905672e+01
0.000000000000000000e+00 7.197868881105509331e+01
4.514222746263432673e-01 7.272957677726112991e+01
1.985993763297212666e+00 7.348046474346716650e+01
1.148457856189183612e+00 7.423135270967318888e+01
2.161946836926481375e+00 7.498224067587923969e+01
2.023408791909874882e+00 7.573312864208529049e+01
7.007981153556183784e+00 7.648401660829132709e+01
2.442661315827207691e+00 7.723490457449734947e+01
1.774120720925793648e-01 7.798579254070340028e+01
5.102066865376066573e+00 7.873668050690943687e+01
3.321450667951385771e+00 7.948756847311547347e+01
5.124178085993543741e-01 8.023845643932151006e+01
2.644590135692925337e+00 8.098934440552754666e+01
3.333021437963102906e-01 8.174023237173358325e+01
4.719435458251492577e+00 8.249112033793961984e+01
1.248901934913645206e+00 8.324200830414565644e+01
0.000000000000000000e+00 8.399289627035169303e+01
8.034226069311933838e-01 8.474378423655774384e+01
2.121256055323491374e+00 8.549467220276376622e+01
1.592620290497379854e+00 8.624556016896980282e+01
4.486091917641488180e-01 8.699644813517585362e+01
2.665745374777126031e+00 8.774733610138190443e+01
4.368778875721091026e+00 8.849822406758791260e+01
2.290741800148947127e-01 8.924911203379396341e+01
2.382870689349564586e+00 9.000000000000000000e+01
