0.000000000000000000e+00 1.020408163265295320e-01
0.000000000000000000e+00 2.040816326530625058e-01
0.000000000000000000e+00 3.061224489795920656e-01
0.000000000000000000e+00 4.081632653061215699e-01
0.000000000000000000e+00 5.102040816326510742e-01
0.000000000000000000e+00 6.122448979591840201e-01
0.000000000000000000e+00 7.142857142857135244e-01
0.000000000000000000e+00 8.163265306122449161e-01
0.000000000000000000e+00 9.183673469387760857e-01
8.161933423178183156e-02 1.020408163265305701e+00
1.401011895107167282e+00 1.122448979591837093e+00
3.337840348881118580e+00 1.224489795918364710e+00
2.071968874257251070e+00 1.326530612244901430e+00
1.866794099533363172e-01 1.428571428571427271e+00
6.431910137139836003e-02 1.530612244897958663e+00
1.624834492967630953e-02 1.632653061224491609e+00
1.999012322520050677e-01 1.734693877551019225e+00
8.661235660879584852e-02 1.836734693877548841e+00
6.812976080644049803e-01 1.938775510204081787e+00
1.266989394889204368e+00 2.040816326530613178e+00
1.243001260935642671e+00 2.142857142857142794e+00
9.339753443310636616e-01 2.244897959183675962e+00
6.324013617030731504e-01 2.346938775510207353e+00
4.859486335582727246e-02 2.448979591836735192e+00
4.598290278454146285e-01 2.551020408163268360e+00
4.950856080825665750e-01 2.653061224489797976e+00
8.341060769315432610e-01 2.755102040816327591e+00
2.277022634541429280e+00 2.857142857142862535e+00
3.201878828534388433e+00 2.959183673469390374e+00
2.130699928419980349e+00 3.061224489795919990e+00
8.809065099358690532e-01 3.163265306122453158e+00
5.064288609089189208e-01 3.265306122448982773e+00
4.675645897980617027e-01 3.367346938775514165e+00
3.940844708622520676e-01 3.469387755102043336e+00
1.661906127090286706e-02 3.571428571428574728e+00
2.880867914089069726e-01 3.673469387755104343e+00
6.830417001266242405e-01 3.775510204081633958e+00
5.132041798694292334e-01 3.877551020408168903e+00
9.523679201065383959e-02 3.979591836734698518e+00
4.143311675416095241e+00 4.081632653061228133e+00
7.729762335228240744e+00 4.183673469387761301e+00
1.271318091540428163e+01 4.285714285714289140e+00
1.753363678341963450e+01 4.387755102040818755e+00
2.419100992553219598e+01 4.489795918367351923e+00
3.213976307839740088e+01 4.591836734693883315e+00
3.606247740299138371e+01 4.693877551020412930e+00
3.732644640235281486e+01 4.795918367346944322e+00
3.843071779949945466e+01 4.897959183673475714e+00
3.911699378072036382e+01 5.000000000000003553e+00
6.011685521121587783e+01 5.224060293389638510e+00
6.149248481680567835e+01 5.448120586779275243e+00
6.280509159428180510e+01 5.672180880168906647e+00
6.384528701421774599e+01 5.896241173558546933e+00
6.599525861447476416e+01 6.120301466948178337e+00
7.095588808564666294e+01 6.344361760337818623e+00
7.172931180477223734e+01 6.568422053727450027e+00
7.410413567001587865e+01 6.792482347117090313e+00
7.256511213466019683e+01 7.016542640506721717e+00
7.075381336519342312e+01 7.240602933896360227e+00
7.217087797504709101e+01 7.464663227285993408e+00
7.090151649054983807e+01 7.688723520675633694e+00
6.903498861890834348e+01 7.912783814065265098e+00
7.145397917101979601e+01 8.136844107454903607e+00
7.394551119951520946e+01 8.360904400844535900e+00
7.597107456869557041e+01 8.584964694234175298e+00
7.571437958376290567e+01 8.809024987623807590e+00
8.063856995557098628e+01 9.033085281013441659e+00
8.198074501099674194e+01 9.257145574403079280e+00
8.571099667433753666e+01 9.481205867792709796e+00
8.512849997685103176e+01 9.705266161182350970e+00
8.640851467229161642e+01 9.929326454571983263e+00
8.779578323733942113e+01 1.015338674796162266e+01
9.015170832914496657e+01 1.037744704135125495e+01
9.212840054866755679e+01 1.060150733474089435e+01
9.832131213278911730e+01 1.082556762813052842e+01
1.042222355009548522e+02 1.104962792152016604e+01
1.057818024513610027e+02 1.127368821490979833e+01
1.098427756328042761e+02 1.149774850829943773e+01
1.101692656109502764e+02 1.172180880168907002e+01
1.124398775100893602e+02 1.194733726956389042e+01
1.120503101297045276e+02 1.217172516769526958e+01
1.167119936317159983e+02 1.239545596090198742e+01
1.130997059314110800e+02 1.261882741006668951e+01
1.111428808595740207e+02 1.284187177728995266e+01
1.128747481785709113e+02 1.306469903524112652e+01
1.100244021595336363e+02 1.328738863495508582e+01
1.116485348701487084e+02 1.350992016583780142e+01
1.149690500002731852e+02 1.373227566573392089e+01
1.125502331938952949e+02 1.395451848894019875e+01
1.104614224580370347e+02 1.417726768009679361e+01
1.072760905096677391e+02 1.440079000412127996e+01
9.842057051304689708e+01 1.462525542966790404e+01
8.639073155226547840e+01 1.485038679036362197e+01
7.831308650241746250e+01 1.507649132235361833e+01
7.923631478063902023e+01 1.530337816742543389e+01
8.734530584824143773e+01 1.553080980421182744e+01
9.196472803617214709e+01 1.575893756586993533e+01
9.673766819737537048e+01 1.598752587329185282e+01
9.498345450180524097e+01 1.621650997087003532e+01
9.274339336908374776e+01 1.644572970743788787e+01
9.089708902639858934e+01 1.667507891603938219e+01
8.963663571576169886e+01 1.690460401238769350e+01
8.776961348458276291e+01 1.713517879012218970e+01
8.792249732331721646e+01 1.736863918536765539e+01
8.459188551607837780e+01 1.760458981347215257e+01
8.886241936709826916e+01 1.784459111787560204e+01
8.899162576241985789e+01 1.808812292443998970e+01
9.001783232256796907e+01 1.833474842469859922e+01
8.878446710410064213e+01 1.858223124860525033e+01
8.705111973896255506e+01 1.883007351080155445e+01
8.584787486008633550e+01 1.907794574342663196e+01
8.712493056529449120e+01 1.932574729785374856e+01
8.730231117629391235e+01 1.957297741206767938e+01
8.759027690517876863e+01 1.981933744320544477e+01
8.817201173454462548e+01 2.006464914690088364e+01
9.040316706279227787e+01 2.030836382298386411e+01
8.874020903408037952e+01 2.054900100369869165e+01
8.505612605041240215e+01 2.078639434424384547e+01
8.290917761526570473e+01 2.101995733272667977e+01
7.684040459373214560e+01 2.125001024005352690e+01
7.899330067955156665e+01 2.147705556403322902e+01
7.447525428214861165e+01 2.170181846121310798e+01
7.342972363319985618e+01 2.192500816222030835e+01
7.245988903662970415e+01 2.214724767640963421e+01
7.403043739757038111e+01 2.236909130569164006e+01
7.705687739741583187e+01 2.259048871063955488e+01
7.420679104176699070e+01 2.281155110089171245e+01
7.634926814374594528e+01 2.303223160913729473e+01
7.698432409240449203e+01 2.325248742130651536e+01
7.763622534137181219e+01 2.347233306956950116e+01
7.995364746971642944e+01 2.369172617416147375e+01
8.045570704589933086e+01 2.391063795144092907e+01
8.208656587365432244e+01 2.412914572653976109e+01
8.434502062064625250e+01 2.434726722951720390e+01
8.656994875782069698e+01 2.456506523447242785e+01
8.656649777313485572e+01 2.478266412392235551e+01
8.603888675517391960e+01 2.500012976307315427e+01
8.511503186994421810e+01 2.521745490717297500e+01
8.598813715766733878e+01 2.543469101988670644e+01
8.599810513765480380e+01 2.565183400498705169e+01
8.671634868268232310e+01 2.586882997017403341e+01
8.915873723781676574e+01 2.608568845814984627e+01
8.954885937575043897e+01 2.630242761310178778e+01
9.129019831371216753e+01 2.651909624445806202e+01
9.273070532407591315e+01 2.673584391523062109e+01
9.122926708815467123e+01 2.695278751486583602e+01
8.951806753979273878e+01 2.717017466520964675e+01
9.005915615470210867e+01 2.738824634591073703e+01
8.863352104168923518e+01 2.760715400642979844e+01
9.163256216117339648e+01 2.782672522761380307e+01
9.216419318422853735e+01 2.804703194516338272e+01
9.377807280168035220e+01 2.826770261628947267e+01
9.326601509724210359e+01 2.848879064600706101e+01
9.264709953698080369e+01 2.871056578348551014e+01
9.167598151197196898e+01 2.893321209065568311e+01
8.920223257197571343e+01 2.915743851399584941e+01
8.804121330259455647e+01 2.938342257728746887e+01
9.143367960145107531e+01 2.961167160768416551e+01
9.094653955324832850e+01 2.984256553845569826e+01
9.031006718079171947e+01 3.007606385162791440e+01
9.056197644450587347e+01 3.031205226781539253e+01
8.997311865815851206e+01 3.055043982948099313e+01
8.924520934577678588e+01 3.079097588057936008e+01
8.737899648585835166e+01 3.103368804597798558e+01
8.488882549720878501e+01 3.127813587763610670e+01
8.660688676840338474e+01 3.152436775009220682e+01
8.959642255700124736e+01 3.177357905997383014e+01
9.054476294207353249e+01 3.202657910916685324e+01
9.304317475064937071e+01 3.228391881553437770e+01
9.387829237586797149e+01 3.254400066136194880e+01
9.321576688648332265e+01 3.280516960353166667e+01
9.386722447015340265e+01 3.306822658075283528e+01
9.380304447787952427e+01 3.333306538838687061e+01
9.582921927739062085e+01 3.360026460693768513e+01
1.009371265962201107e+02 3.386976616820169994e+01
1.017139247705417233e+02 3.414138602323099292e+01
1.018871162052087271e+02 3.441388857493651443e+01
1.017891080207155881e+02 3.468700953207220294e+01
9.973608893842128964e+01 3.496070101973988642e+01
9.758783149468997919e+01 3.523517885500642421e+01
9.711169561702365627e+01 3.551032220830057895e+01
9.378782026652135073e+01 3.578593013522498012e+01
9.227727637733090660e+01 3.606175137136135334e+01
9.278131213395961652e+01 3.633740886011787552e+01
9.360073266627233579e+01 3.661262098264866438e+01
9.432561758313353550e+01 3.688725977786025112e+01
9.009140527270547238e+01 3.716143599507503836e+01
9.065189447601514416e+01 3.743541508869097356e+01
9.330772592377897467e+01 3.770934389435377909e+01
9.072970931263131433e+01 3.798331589605868430e+01
8.581719840460424109e+01 3.825740582889203267e+01
8.213681548227090445e+01 3.853172349601479141e+01
7.950897469771301473e+01 3.880633718868968174e+01
7.471263325227332075e+01 3.908135642839413038e+01
7.429749155732930888e+01 3.935687077149661661e+01
6.729948461749872024e+01 3.963288061054186073e+01
6.688911087538411948e+01 3.990930057628048644e+01
6.228866191500488014e+01 4.018601053280438862e+01
6.212646149684567121e+01 4.046284597124160598e+01
6.201466695248781491e+01 4.073963257405578986e+01
6.296009095954461543e+01 4.101629936817874977e+01
6.601931090002480573e+01 4.129270543999086840e+01
7.037998530808383180e+01 4.156801200900314086e+01
6.677355010681482383e+01 4.184202448712782996e+01
6.609746844975967406e+01 4.211473517833520930e+01
6.728321138621417674e+01 4.238648238242704736e+01
6.628472347627526062e+01 4.265753691385354784e+01
6.588304082070948198e+01 4.292815213990549239e+01
7.015503430141319541e+01 4.319850329649841569e+01
7.000511693345487174e+01 4.346891473107672255e+01
7.055436830134732418e+01 4.373944917218139494e+01
7.181970849904512022e+01 4.401008785618670061e+01
7.480860034721318641e+01 4.428150390876461984e+01
7.463364163370850690e+01 4.455354494729743919e+01
7.701598627677618936e+01 4.482627320357869394e+01
7.913358891115568383e+01 4.509918124498162229e+01
8.518792215209985841e+01 4.537208928638455063e+01
8.808081342467630748e+01 4.564499732778747898e+01
9.622562943216041731e+01 4.591790536919043575e+01
9.621360114105554828e+01 4.619081341059336410e+01
1.064420989959387782e+02 4.646372145199630666e+01
1.104410665830021401e+02 4.673662949339923500e+01
1.111928044773436284e+02 4.700953753480216335e+01
1.108093499776820323e+02 4.728244557620509170e+01
1.129989806149925471e+02 4.755535361760802004e+01
1.156121295578393244e+02 4.782826165901096260e+01
1.197474939834909691e+02 4.810116970041387674e+01
1.279200889703290756e+02 4.837407774181681930e+01
1.351157550055817467e+02 4.864698578321974765e+01
1.330039360272738236e+02 4.891989382462269020e+01
1.298645098361607495e+02 4.919280186602563276e+01
1.232802188294771639e+02 4.946570990742856111e+01
1.255780975425266064e+02 4.973861794883148946e+01
1.295745322557145585e+02 5.001152599023441780e+01
1.280815443184102946e+02 5.028443403163734615e+01
1.282599053935961138e+02 5.055734207304028871e+01
1.258395740837829067e+02 5.083025011444323127e+01
1.214302098707800610e+02 5.110315815584617383e+01
1.118981615672554994e+02 5.137606619724910217e+01
1.075943052347530084e+02 5.164897423865203052e+01
9.914529884273645166e+01 5.192188228005497308e+01
8.993448610151723699e+01 5.219479032145790143e+01
8.028363415948697934e+01 5.246769836286082977e+01
7.021847637055202540e+01 5.274060640426377233e+01
5.723098996629597224e+01 5.301351444566671489e+01
4.676231681664943807e+01 5.328642248706964324e+01
3.247365119740933181e+01 5.355933052847258580e+01
1.728448882654475582e+01 5.383223856987551414e+01
1.727550259962116286e+01 5.457035615008214080e+01
1.820439413607380263e+00 5.530847373028875325e+01
1.413719686724505209e+00 5.604659131049538701e+01
6.528539866467923503e+00 5.678470889070200656e+01
1.782511166427830807e+00 5.752282647090864032e+01
2.821027878790191679e+00 5.826094405111526697e+01
2.766676106804364377e+00 5.899906163132187231e+01
3.210621521445278681e+00 5.973717921152849897e+01
3.822044699195499717e+00 6.047529679173512562e+01
6.745394563777225294e-02 6.121341437194173807e+01
1.404285744094678989e+00 6.195153195214836472e+01
9.150493841769804515e-01 6.268964953235500559e+01
1.575055656476706645e+00 6.342776711256161803e+01
4.224704147597463030e-03 6.416588469276824469e+01
1.732778132179388475e+00 6.490400227297485003e+01
2.281822730749806460e+00 6.564211985318148379e+01
3.656518855846028426e+00 6.638023743338810334e+01
1.642913011496375475e+00 6.711835501359470868e+01
2.385834289665291319e+00 6.785647259380134244e+01
2.305667397940229790e+00 6.859459017400794778e+01
5.599435637555641443e-02 6.933270775421459575e+01
1.161493743647343813e+00 7.007082533442121530e+01
4.287466408923251038e+00 7.080894291462783485e+01
2.622216441054386227e+00 7.154706049483444019e+01
2.467615803651926232e+00 7.228517807504107395e+01
1.971762867462217184e+00 7.302329565524769350e+01
5.075597240975425528e+00 7.376141323545432726e+01
2.301252439256922244e+00 7.449953081566096103e+01
9.457605803522622923e-01 7.523764839586756636e+01
1.052911916365856584e-02 7.597576597607418591e+01
5.137490199483502051e-01 7.671388355628081968e+01
1.859923055725501317e+00 7.745200113648743923e+01
1.694547555487176949e+00 7.819011871669404456e+01
5.559732316992485046e-01 7.892823629690067833e+01
2.573978081985043964e+00 7.966635387710729788e+01
1.345157007809941518e+00 8.040447145731391743e+01
2.138862786910518565e+00 8.114258903752053698e+01
9.530267822215703344e-01 8.188070661772715653e+01
6.367456766818114788e-01 8.261882419793379029e+01
2.792069060411986214e+00 8.335694177814040984e+01
2.811242803407987711e+00 8.409505935834704360e+01
1.539509079657639834e+00 8.483317693855366315e+01
2.221220206370599470e+00 8.557129451876029691e+01
1.834628290191605338e+00 8.630941209896690225e+01
4.849192347775212575e+00 8.704752967917353601e+01
1.939051920587246070e+00 8.778564725938015556e+01
1.394941133772348851e-01 8.852376483958678932e+01
1.355340584283654781e+00 8.926188241979340887e+01
4.147898344446087293e+00 9.000000000000002842e+01
