0.000000000000000000e+00 1.020408163265308504e-01
0.000000000000000000e+00 2.040816326530602576e-01
0.000000000000000000e+00 3.061224489795911219e-01
0.000000000000000000e+00 4.081632653061205152e-01
0.000000000000000000e+00 5.102040816326532946e-01
0.000000000000000000e+00 6.122448979591841312e-01
0.000000000000000000e+00 7.142857142857135244e-01
0.000000000000000000e+00 8.163265306122463594e-01
0.000000000000000000e+00 9.183673469387738653e-01
0.000000000000000000e+00 1.020408163265304813e+00
0.000000000000000000e+00 1.122448979591836205e+00
0.000000000000000000e+00 1.224489795918368928e+00
0.000000000000000000e+00 1.326530612244898322e+00
0.000000000000000000e+00 1.428571428571425717e+00
0.000000000000000000e+00 1.530612244897958441e+00
0.000000000000000000e+00 1.632653061224489388e+00
0.000000000000000000e+00 1.734693877551018781e+00
0.000000000000000000e+00 1.836734693877551505e+00
0.000000000000000000e+00 1.938775510204078900e+00
0.000000000000000000e+00 2.040816326530611846e+00
0.000000000000000000e+00 2.142857142857142794e+00
0.000000000000000000e+00 2.244897959183672409e+00
0.000000000000000000e+00 2.346938775510203357e+00
6.390342555501822286e-01 2.448979591836734748e+00
1.602865575730526349e+00 2.551020408163265696e+00
1.217000865638320661e+00 2.653061224489798420e+00
3.743105548316103537e-01 2.755102040816325815e+00
1.969957591200886260e-01 2.857142857142858539e+00
8.043519776296163826e-02 2.959183673469385933e+00
0.000000000000000000e+00 3.061224489795918657e+00
0.000000000000000000e+00 3.163265306122448273e+00
0.000000000000000000e+00 3.265306122448980997e+00
0.000000000000000000e+00 3.367346938775513721e+00
0.000000000000000000e+00 3.469387755102041115e+00
0.000000000000000000e+00 3.571428571428573839e+00
1.110568144260099643e+00 3.673469387755104787e+00
4.454641084517902527e+00 3.775510204081634402e+00
7.685378910121904106e+00 3.877551020408160021e+00
1.031216530685287580e+01 3.979591836734694965e+00
1.351686233193717257e+01 4.081632653061224580e+00
2.180482145086324408e+01 4.183673469387755084e+00
2.824002678601629057e+01 4.285714285714284699e+00
2.656450364490532579e+01 4.387755102040814315e+00
2.475833584276719179e+01 4.489795918367344818e+00
2.477747336270626022e+01 4.591836734693877986e+00
2.871654064296801323e+01 4.693877551020405825e+00
3.632998140572347268e+01 4.795918367346938993e+00
4.251926610454521693e+01 4.897959183673468608e+00
4.637682344213710905e+01 5.000000000000001776e+00
5.770689325552169890e+01 5.224486714920230312e+00
5.543366890323022744e+01 5.448973429840449967e+00
7.130106970754577844e+01 5.673460144760682056e+00
7.334927315505666456e+01 5.897946859680908815e+00
6.451627971687850049e+01 6.122433574601130246e+00
5.783691748677932765e+01 6.346920289521362335e+00
5.521593939427728515e+01 6.571407004441589095e+00
5.341782836267094581e+01 6.795893719361813190e+00
5.099319054306696586e+01 7.020380434282037285e+00
5.165831189781348343e+01 7.244867149202260492e+00
5.307599182417729367e+01 7.469353864122490805e+00
5.366762279608419561e+01 7.693840579042717565e+00
5.508220498589064107e+01 7.918327293962940772e+00
5.531137743855687461e+01 8.142814008883171084e+00
5.907182706823972040e+01 8.367300723803397844e+00
6.592894086969567979e+01 8.591787438723624604e+00
7.384266470186453546e+01 8.816274153643846034e+00
8.187015215667241819e+01 9.040760868564071018e+00
8.618051530506446056e+01 9.265247583484299554e+00
9.454946791242056747e+01 9.489734298404524537e+00
1.011918085766708089e+02 9.714221013324749521e+00
1.022237864986484794e+02 9.938707728244981610e+00
1.000068489121056814e+02 1.016319444316520659e+01
9.927121979867344237e+01 1.038768115808543158e+01
9.892999575233942267e+01 1.061216787300565301e+01
9.665996503579988541e+01 1.083665458792588154e+01
9.707091315849044122e+01 1.106114130284611008e+01
1.036872928666749800e+02 1.128562801776633506e+01
1.044512335716771076e+02 1.151011473268655649e+01
1.084659933650843016e+02 1.173438988410848438e+01
1.105910252209999953e+02 1.195866664916814059e+01
1.099902934012030187e+02 1.218355849226148990e+01
1.140573071755308234e+02 1.240898839484875360e+01
1.120481038933003362e+02 1.263520460265070078e+01
1.083959392405020168e+02 1.286178651060854783e+01
1.031613643925349919e+02 1.308905957116328622e+01
1.047163043892364698e+02 1.331680045861779682e+01
1.039454977705031382e+02 1.354502280312767937e+01
1.022044920091708065e+02 1.377379192523872398e+01
9.702064713706531052e+01 1.400293506799087773e+01
9.296674214894819954e+01 1.423235810400125878e+01
9.137618896337440333e+01 1.446206771448011175e+01
7.959668133069578744e+01 1.469204102500784259e+01
7.330346073909514359e+01 1.492203991544059782e+01
7.553533865757725607e+01 1.515220035802945553e+01
8.857496615603901091e+01 1.538229432849691847e+01
8.664688034582833609e+01 1.561244098706289130e+01
8.646433474690240928e+01 1.584253268261183756e+01
8.790097100482172721e+01 1.607261109613524042e+01
8.696658758915089038e+01 1.630267658960119448e+01
8.558105772369512465e+01 1.653257713857340150e+01
8.684237615015339884e+01 1.676247098963686000e+01
8.291288324781019980e+01 1.699220984839880089e+01
7.567566347512945413e+01 1.722178043847637952e+01
7.337976195493212117e+01 1.745120698251966473e+01
7.419809273906749070e+01 1.768067990567450209e+01
7.799539504698356041e+01 1.791142604934215754e+01
8.167107732106765638e+01 1.814558048638245324e+01
8.366748734140311683e+01 1.838294968137169150e+01
8.325786181016528076e+01 1.862501189152160919e+01
8.285547927616212860e+01 1.887010598896408453e+01
8.705700052311186710e+01 1.911555036151707299e+01
8.834569030210077756e+01 1.936007643896317632e+01
8.900951043781800820e+01 1.960344259618334917e+01
8.816972813679072374e+01 1.984485958190356314e+01
8.781983095737724909e+01 2.008405222015387182e+01
8.367849321839237575e+01 2.032011131849358065e+01
7.540460029293582522e+01 2.055283624592003378e+01
7.457805316843641208e+01 2.078323990364614815e+01
7.538907956162231017e+01 2.101155022635655456e+01
7.300072705817416363e+01 2.123763246113266945e+01
6.970793744222147836e+01 2.146161894349415888e+01
6.921240749197016839e+01 2.168377024744274451e+01
6.778021618885900068e+01 2.190483217705028807e+01
7.053812331584595086e+01 2.212523761470416162e+01
7.192494015330136392e+01 2.234524422779686148e+01
7.035114983363654062e+01 2.256473178112748457e+01
6.947365068963391366e+01 2.278382626528252786e+01
6.979407829348332371e+01 2.300249373982349255e+01
6.823555584550625497e+01 2.322083586969663571e+01
6.571215537937517581e+01 2.343883215720148883e+01
6.484269451924662064e+01 2.365662488968105492e+01
6.493241861461532949e+01 2.387419027267321781e+01
6.580403331682343548e+01 2.409159105001787538e+01
6.517474727654168021e+01 2.430885955243376628e+01
6.621569774669833919e+01 2.452590746918677667e+01
6.647543368907011541e+01 2.474280289674251065e+01
6.955538284694954143e+01 2.495952360021463790e+01
6.908818559643283663e+01 2.517610486511000545e+01
6.825776997934548262e+01 2.539257570203013614e+01
7.053030622850877762e+01 2.560885899493788997e+01
7.024061370429768658e+01 2.582500978895497923e+01
7.106564375448688509e+01 2.604110642248278396e+01
7.317429378375578608e+01 2.625735387956054012e+01
7.341888225824968117e+01 2.647397577706703231e+01
7.499182972299372807e+01 2.669112035957810036e+01
7.619040241793547352e+01 2.690895586034321951e+01
7.644577839400193398e+01 2.712772628318698764e+01
7.852459845507053160e+01 2.734747047541912224e+01
7.735186727054480116e+01 2.756842295755936334e+01
7.549699613893842809e+01 2.779055648834584247e+01
7.753417499074703301e+01 2.801381988263400302e+01
7.802926484258408379e+01 2.823789470417994352e+01
7.595216380848799531e+01 2.846285628659169475e+01
7.637743523963365533e+01 2.868856850125089863e+01
7.439073319783888394e+01 2.891543188862377178e+01
7.449509305621067767e+01 2.914348082567598652e+01
7.772785703088621290e+01 2.937298152605164603e+01
8.132428364612324856e+01 2.960431480533706150e+01
8.544852416726040190e+01 2.983756660399603788e+01
8.621977064832427118e+01 3.007277177534258072e+01
8.703212828362619291e+01 3.030999123811725582e+01
8.408374101911253717e+01 3.054919067437690927e+01
8.624350987350057096e+01 3.078985499416384641e+01
8.537190559763088515e+01 3.103265824368384784e+01
8.382253202764459843e+01 3.127728588616511729e+01
8.283830799352556085e+01 3.152426433823930552e+01
8.105525495193732866e+01 3.177252657417813708e+01
8.026400990162917992e+01 3.202288879731613491e+01
8.145646317301165595e+01 3.227702959936314642e+01
8.142906490562548072e+01 3.253519742631480938e+01
8.133600302116599323e+01 3.279502747982004962e+01
7.996131962802760995e+01 3.305583486997112885e+01
7.703579172781988404e+01 3.331792297151087467e+01
7.718563268527215371e+01 3.358156036325404159e+01
7.599994569091317942e+01 3.384696100830285559e+01
8.138419113256178150e+01 3.411418283682324670e+01
8.539806218939469318e+01 3.438328554274664128e+01
8.451575544447828747e+01 3.465413988668165501e+01
8.400189526985940347e+01 3.492632784239275168e+01
8.765269055912793306e+01 3.519968295441817219e+01
8.722159105314507599e+01 3.547381731735750066e+01
8.399911362452844799e+01 3.574855939555782669e+01
8.363256716752482589e+01 3.602387291620659937e+01
8.296883477389371819e+01 3.629969044060089089e+01
8.538373717871077417e+01 3.657592743921379252e+01
8.576744647035241087e+01 3.685268766994686018e+01
8.559800610871215554e+01 3.713009501725694861e+01
8.637310288954994064e+01 3.740823054261723968e+01
8.888877823622475205e+01 3.768716360540810939e+01
9.134603515689305198e+01 3.796687697569060305e+01
8.629330083052940381e+01 3.824738107905941575e+01
8.248666507047562391e+01 3.852872768663137037e+01
7.525291207709302910e+01 3.881094023600280707e+01
7.311035194964517814e+01 3.909404855074699014e+01
6.722728433451464980e+01 3.937809145347194573e+01
6.854476646501503012e+01 3.966300917484014832e+01
6.830129589115236399e+01 3.994868130752666957e+01
6.366805838991871269e+01 4.023491970319245326e+01
6.250878870870665338e+01 4.052159418693656789e+01
6.090809098062352689e+01 4.080859583093989329e+01
6.046760805570433917e+01 4.109545301196639855e+01
6.290573399480567929e+01 4.138151784837148028e+01
6.278443368099424049e+01 4.166534434320454494e+01
5.959728141864202655e+01 4.194664987057979744e+01
5.846384163400447420e+01 4.222559946313152324e+01
6.156297797354213230e+01 4.250216981042886033e+01
6.210485072234437354e+01 4.277658912857978635e+01
6.663140891872109250e+01 4.304918371453330650e+01
6.342694519334222747e+01 4.332004108640560247e+01
6.667708971492564274e+01 4.358945507926362239e+01
6.996505759313232886e+01 4.385825014008990053e+01
6.967181949777608452e+01 4.412675252299793272e+01
7.222291863967751624e+01 4.439504236815570692e+01
7.779249088454221805e+01 4.466311530597055679e+01
7.685710658156577324e+01 4.493146976582813323e+01
7.713757035955897834e+01 4.520025208405501616e+01
7.893695801338652984e+01 4.546908138696714730e+01
8.127819398401737772e+01 4.573791068987925712e+01
8.179076340863424832e+01 4.600673999279137405e+01
8.420864615132657605e+01 4.627556929570350519e+01
8.411700203934928766e+01 4.654439859861562923e+01
8.369794506331278683e+01 4.681322790152774616e+01
8.996834522012794366e+01 4.708205720443987019e+01
9.359058442766333030e+01 4.735088650735198001e+01
9.378303602576424680e+01 4.761971581026410405e+01
9.567499329949008313e+01 4.788854511317621387e+01
9.974042292186680925e+01 4.815737441608833080e+01
1.078087399825008958e+02 4.842620371900044063e+01
1.126299659983824739e+02 4.869503302191256466e+01
1.150902401219309468e+02 4.896386232482469580e+01
1.176112567229197765e+02 4.923269162773682694e+01
1.203594617572846914e+02 4.950152093064894387e+01
1.167142643774562032e+02 4.977035023356105370e+01
1.119407513034830686e+02 5.003917953647317773e+01
1.082652361205761764e+02 5.030800883938528756e+01
1.094465720842212448e+02 5.057683814229742580e+01
1.047000812755494508e+02 5.084566744520954273e+01
1.077745363059649435e+02 5.111449674812166677e+01
9.911294587759235242e+01 5.138332605103377659e+01
9.329963980529795720e+01 5.165215535394589352e+01
8.607109615097249389e+01 5.192098465685801756e+01
8.382039901965923434e+01 5.218981395977013449e+01
7.259454321944612332e+01 5.245864326268225142e+01
6.123423540675528898e+01 5.272747256559437545e+01
5.901546702369227404e+01 5.299630186850649238e+01
4.848353498757924740e+01 5.326513117141861642e+01
2.992191490983525171e+01 5.353396047433074756e+01
1.285602010946769802e+01 5.380278977724285738e+01
9.362390256250625598e+00 5.454150835321748758e+01
3.029935237370343870e+00 5.528022692919213910e+01
8.312649811829744273e-01 5.601894550516676929e+01
1.176468237489440405e+00 5.675766408114139949e+01
1.678167359672101955e-01 5.749638265711602969e+01
0.000000000000000000e+00 5.823510123309067410e+01
6.270260359947463780e-01 5.897381980906531140e+01
4.154451572481684257e-02 5.971253838503994160e+01
0.000000000000000000e+00 6.045125696101459312e+01
1.155655635335017806e-02 6.118997553698922331e+01
4.368886807528136740e-01 6.192869411296385351e+01
1.700873340369116471e-01 6.266741268893848371e+01
0.000000000000000000e+00 6.340613126491312812e+01
2.987550342698351569e-02 6.414484984088775832e+01
5.762286374867358063e-01 6.488356841686238852e+01
7.024492178940275333e-02 6.562228699283703293e+01
7.394241725259995124e-02 6.636100556881166312e+01
0.000000000000000000e+00 6.709972414478629332e+01
0.000000000000000000e+00 6.783844272076092352e+01
2.661546827075655236e-02 6.857716129673556793e+01
0.000000000000000000e+00 6.931587987271019813e+01
1.725662099694524221e+00 7.005459844868485675e+01
0.000000000000000000e+00 7.079331702465947274e+01
4.157502452431458551e-01 7.153203560063411715e+01
3.280677551491036348e-01 7.227075417660873313e+01
0.000000000000000000e+00 7.300947275258337754e+01
1.447536835883417826e-02 7.374819132855802195e+01
1.900039175225785859e-01 7.448690990453265215e+01
7.631976884659081861e-01 7.522562848050731077e+01
1.914355910562011709e-01 7.596434705648192676e+01
0.000000000000000000e+00 7.670306563245657117e+01
5.640550734431682978e-01 7.744178420843118715e+01
0.000000000000000000e+00 7.818050278440583156e+01
0.000000000000000000e+00 7.891922136038047597e+01
2.392847140001014061e+00 7.965793993635510617e+01
9.282779111170498254e-01 8.039665851232972216e+01
6.981347984816550778e-02 8.113537708830438078e+01
6.779574021322229971e-01 8.187409566427901098e+01
1.470673795658171690e-01 8.261281424025364117e+01
0.000000000000000000e+00 8.335153281622828558e+01
2.289896810783356718e-01 8.409025139220290157e+01
4.069381870321999162e-01 8.482896996817754598e+01
9.673334216155558829e-02 8.556768854415219039e+01
0.000000000000000000e+00 8.630640712012682059e+01
0.000000000000000000e+00 8.704512569610145079e+01
2.044702204475547624e+00 8.778384427207608098e+01
1.284862185364488596e+00 8.852256284805073960e+01
7.276939325228113375e-01 8.926128142402535559e+01
1.227313761980988183e+00 9.000000000000000000e+01
