0.000000000000000000e+00 1.020408163265304757e-01
0.000000000000000000e+00 2.040816326530587310e-01
0.000000000000000000e+00 3.061224489795926207e-01
0.000000000000000000e+00 4.081632653061209037e-01
0.000000000000000000e+00 5.102040816326525174e-01
0.000000000000000000e+00 6.122448979591830209e-01
1.776783561964279806e-02 7.142857142857113040e-01
1.673020742768105140e-01 8.163265306122451381e-01
5.613351878150789620e-01 9.183673469387767518e-01
1.291752966717165663e+00 1.020408163265307255e+00
1.600364612756404403e+00 1.122448979591838869e+00
7.900613390300131877e-01 1.224489795918367152e+00
0.000000000000000000e+00 1.326530612244895435e+00
0.000000000000000000e+00 1.428571428571427049e+00
0.000000000000000000e+00 1.530612244897959773e+00
0.000000000000000000e+00 1.632653061224493607e+00
1.695945947535680565e-02 1.734693877551021890e+00
1.215030998954899494e-01 1.836734693877550173e+00
7.936160879335131535e-02 1.938775510204081787e+00
8.497246435692704658e-01 2.040816326530612290e+00
1.433456656071815383e+00 2.142857142857146346e+00
7.330071160078008852e-01 2.244897959183678182e+00
1.144507315888211030e-01 2.346938775510206465e+00
0.000000000000000000e+00 2.448979591836734748e+00
0.000000000000000000e+00 2.551020408163265252e+00
1.071530339228163146e-02 2.653061224489797088e+00
6.210708502833842681e-01 2.755102040816327591e+00
1.291387055786762383e+00 2.857142857142859427e+00
1.028142586608059572e+00 2.959183673469387710e+00
5.162319595551092544e-01 3.061224489795918213e+00
2.735939975919296496e-01 3.163265306122452269e+00
0.000000000000000000e+00 3.265306122448984105e+00
0.000000000000000000e+00 3.367346938775512388e+00
0.000000000000000000e+00 3.469387755102044224e+00
0.000000000000000000e+00 3.571428571428574728e+00
6.230520439806003924e-03 3.673469387755103011e+00
3.462102866372966936e-01 3.775510204081634846e+00
8.328751843570726399e-01 3.877551020408165350e+00
6.275382297760121464e-01 3.979591836734697186e+00
1.068762271942591768e+00 4.081632653061227245e+00
8.085942475912213823e+00 4.183673469387755084e+00
1.646078805534350309e+01 4.285714285714289140e+00
2.539340502876489225e+01 4.387755102040815203e+00
3.421222527078771236e+01 4.489795918367349259e+00
3.916994053521528940e+01 4.591836734693883315e+00
4.137125773653496452e+01 4.693877551020413819e+00
4.367575525681209569e+01 4.795918367346941658e+00
4.834693348927721246e+01 4.897959183673473049e+00
5.622969139089899215e+01 5.000000000000003553e+00
6.021658261591735339e+01 5.227937725236426303e+00
6.717107242924022614e+01 5.455875450472848165e+00
7.057938089400443005e+01 5.683813175709277132e+00
6.599932003238248512e+01 5.911750900945701659e+00
6.254156199664612359e+01 6.139688626182122633e+00
6.281524079051523302e+01 6.367626351418546271e+00
6.333700323509496144e+01 6.595564076654974350e+00
6.472374031353504620e+01 6.823501801891397989e+00
6.577317046048719362e+01 7.051439527127817186e+00
6.904053672265486341e+01 7.279377252364247930e+00
7.655188879230196619e+01 7.507314977600668904e+00
7.777811653448976870e+01 7.735252702837088989e+00
7.784048986684429394e+01 7.963190428073517069e+00
8.325109128446543139e+01 8.191128153309943372e+00
8.280067801164999253e+01 8.419065878546362569e+00
8.368276639755809754e+01 8.647003603782790648e+00
8.787405950362166607e+01 8.874941329019216951e+00
8.591852981272405998e+01 9.102879054255634372e+00
9.382254858055628688e+01 9.330816779492060675e+00
1.012402602537864738e+02 9.558754504728488754e+00
1.056286468504780487e+02 9.786692229964913281e+00
1.083934955369522726e+02 1.001462995520133248e+01
1.083848794221805605e+02 1.024256768043775878e+01
1.082437239378246403e+02 1.047050540567418153e+01
1.064592727279421354e+02 1.069844313091060783e+01
1.067833767342144853e+02 1.092638085614703414e+01
1.109421509560882555e+02 1.115431858138345689e+01
1.107770972116845201e+02 1.138388377692752762e+01
1.102377756994509355e+02 1.161155317639002504e+01
1.084943696087200209e+02 1.183820501726285102e+01
1.032173078057118687e+02 1.206395096359897146e+01
1.023780189750834921e+02 1.228927534638856223e+01
9.858977319009107987e+01 1.251441543053931227e+01
9.880102572864645083e+01 1.273935698238146230e+01
9.917592509913330900e+01 1.296416906742152619e+01
1.024065982683549692e+02 1.318910026115005607e+01
1.004534812606272993e+02 1.341405627108632537e+01
1.021444152399979259e+02 1.363925481129406236e+01
1.119120673376523740e+02 1.386482002523400503e+01
1.182067401302259952e+02 1.409066862920443342e+01
1.142673913031011921e+02 1.431714821273777716e+01
1.044163351808886375e+02 1.454434315778072140e+01
8.563502358650183055e+01 1.477207940412548659e+01
7.824068618147347820e+01 1.500036536996644365e+01
7.753093015861534809e+01 1.522914722428702738e+01
8.732499979147245028e+01 1.545836737850662956e+01
9.297057853228110957e+01 1.568769314609615506e+01
9.507353847580350248e+01 1.591713010692349783e+01
9.693470280675235529e+01 1.614656500955237561e+01
9.287560206210245894e+01 1.637588549068611243e+01
9.440036006787354950e+01 1.660515578914903756e+01
8.824567897183065668e+01 1.683424989538819716e+01
8.740530081814304708e+01 1.706331817827841135e+01
8.699264378705206013e+01 1.729359901229467056e+01
8.368643657679085379e+01 1.752649179302323290e+01
8.336241153024238315e+01 1.776257785357516639e+01
8.653922558169118417e+01 1.800111184106181383e+01
8.931966883765399245e+01 1.824194298966633809e+01
9.132381888916545165e+01 1.848436674167631821e+01
8.958391734278566787e+01 1.872730591980749892e+01
8.937754538888094658e+01 1.896992522677110315e+01
9.259796348361786045e+01 1.921245679364574954e+01
9.206616935168194971e+01 1.945482528876633666e+01
9.073251362257120434e+01 1.969694665279723722e+01
9.142483207506815290e+01 1.993842855148335502e+01
9.333182662073585334e+01 2.017926257807657464e+01
9.194906666132017392e+01 2.041944442397259252e+01
8.911549495855153680e+01 2.065757381480669252e+01
8.870169277531638841e+01 2.089320598610987645e+01
8.516505422674018178e+01 2.112595018034386030e+01
8.307359864854190334e+01 2.135606640478897589e+01
7.834584243913425894e+01 2.158378986929540488e+01
7.718821886906992802e+01 2.180962100729479758e+01
7.563835460357827856e+01 2.203421185963164319e+01
7.674668424369583875e+01 2.225800212547698465e+01
7.474104946151976492e+01 2.248113707767910441e+01
7.472123932856986528e+01 2.270369058300736853e+01
7.591024047666326169e+01 2.292565447518399324e+01
7.671193833819035035e+01 2.314698900974781282e+01
7.720913023027011945e+01 2.336767656816687833e+01
7.759489610448527230e+01 2.358769411990972031e+01
7.889577755534592995e+01 2.380711358603755201e+01
8.284246240965842389e+01 2.402601860001938405e+01
8.252828452905258416e+01 2.424454641627226792e+01
8.022939405215605291e+01 2.446271361695039914e+01
8.382228248442767438e+01 2.468055179971957003e+01
8.671982042426148496e+01 2.489811194225801216e+01
8.670621695456028988e+01 2.511546058428865535e+01
8.674516951415108679e+01 2.533257703272536432e+01
8.625115262753665490e+01 2.554954717375458273e+01
8.618630590669707203e+01 2.576641761211846315e+01
8.675722296295134583e+01 2.598316840201906430e+01
8.752007910973301819e+01 2.619982783117852776e+01
8.345072697706298470e+01 2.641642554566005074e+01
8.109061410837665562e+01 2.663302842478585930e+01
8.188873779111889917e+01 2.684967277136495767e+01
8.141022727992657337e+01 2.706657041341511061e+01
7.979817414398058872e+01 2.728395986794105710e+01
7.686460084932343761e+01 2.750203369031854450e+01
7.678686220190542144e+01 2.772085471230434806e+01
7.765942348162624853e+01 2.794057790576697187e+01
7.597208421613765950e+01 2.816130889648209390e+01
7.677505593380757887e+01 2.838318267763542124e+01
7.862845017889570443e+01 2.860622353590835232e+01
7.875947784533366303e+01 2.883098426413312154e+01
7.900323323488485983e+01 2.905775458808034273e+01
8.107808516512574215e+01 2.928696491456102891e+01
8.328591983675504196e+01 2.951911453483370096e+01
8.395635334767911218e+01 2.975422299211334121e+01
8.235448829466609766e+01 2.999204124771890534e+01
8.458985437828935972e+01 3.023262534690200098e+01
8.676789308975514814e+01 3.047503951276326006e+01
8.499845432143742130e+01 3.072006226497759940e+01
8.377598964572879936e+01 3.096748283074570196e+01
8.407508554225483977e+01 3.121794880032000918e+01
8.168731494902046109e+01 3.147151213036487505e+01
8.178979162323986429e+01 3.172814637920402703e+01
8.336478881624745441e+01 3.198804693686228262e+01
8.637470954006700197e+01 3.225055122678826081e+01
8.516244076503713245e+01 3.251532796058918962e+01
8.891486918358266678e+01 3.278065907707049575e+01
9.032388245308266050e+01 3.304719216538638449e+01
9.094840146140197135e+01 3.331502813405264618e+01
8.955606618249787232e+01 3.358418929760679816e+01
9.006377638693362542e+01 3.385486092604585906e+01
9.201743938836133907e+01 3.412686757572502927e+01
9.222866249704087238e+01 3.440022281943194571e+01
9.150724905371694717e+01 3.467476459410425349e+01
8.719537059947624869e+01 3.495048552475509496e+01
8.924703596409278816e+01 3.522721889486069102e+01
8.533455901878402017e+01 3.550462300900889545e+01
9.143089524208231467e+01 3.578253133473400993e+01
9.412050415664398884e+01 3.606070912164376097e+01
9.520108105616014882e+01 3.633879693962808233e+01
9.710512818654945022e+01 3.661654723058882155e+01
9.771993346161536920e+01 3.689385550760145804e+01
9.741849571657219542e+01 3.717061157535472660e+01
1.013759844772030618e+02 3.744678223311096588e+01
1.038650259141328007e+02 3.772245277048347134e+01
1.051722676833154821e+02 3.799766564839735850e+01
1.015307270465691403e+02 3.827260567595369878e+01
9.816559251364724048e+01 3.854751722665355373e+01
9.945363316843291557e+01 3.882251514641744450e+01
9.653498971110393256e+01 3.909757277739421966e+01
9.438448063917613240e+01 3.937269280846636832e+01
9.256635065210325308e+01 3.964789802432080990e+01
9.255315307525323476e+01 3.992324295665402190e+01
9.065645014697638260e+01 4.019888422085975321e+01
8.487505376365592724e+01 4.047487265275265145e+01
7.772948050308069412e+01 4.075128460873305869e+01
7.141964353578902092e+01 4.102816143844719932e+01
6.195731135401901923e+01 4.130552985028211310e+01
6.333881424403888616e+01 4.158338973391835225e+01
6.635948569183449308e+01 4.186171231505130663e+01
6.535987584414476714e+01 4.214035123287617068e+01
6.801940359832320837e+01 4.241908267681411360e+01
6.917872702555995090e+01 4.269764209304143776e+01
6.543205563252944046e+01 4.297558998372146277e+01
6.779857833014001756e+01 4.325240633831970172e+01
6.864418138436292338e+01 4.352814547773286336e+01
7.160777283993223818e+01 4.380312144589322543e+01
6.860787989191068448e+01 4.407778835821147823e+01
6.846741553629813382e+01 4.435284412041249880e+01
7.091144299488010461e+01 4.462943999692367925e+01
7.580547659117415549e+01 4.490814508676379546e+01
7.372087872925182239e+01 4.518888449708178712e+01
7.997771098440978221e+01 4.547153493220822895e+01
7.956382156476965406e+01 4.575613627528599636e+01
7.955924239256287933e+01 4.604267052694106610e+01
8.123547722380263281e+01 4.633113442500197721e+01
8.469273802702532805e+01 4.661802254305356996e+01
8.527803448365068562e+01 4.690491066110516272e+01
8.937550032655903465e+01 4.719179877915675547e+01
9.288528000013093333e+01 4.747868689720834823e+01
9.656319359292452020e+01 4.776557501525992677e+01
1.013144134495167918e+02 4.805246313331151953e+01
1.070117172570698187e+02 4.833935125136311228e+01
1.079842633797199483e+02 4.862623936941467662e+01
1.102113854949184457e+02 4.891312748746626937e+01
1.159699247533423261e+02 4.920001560551786213e+01
1.256359808637003823e+02 4.948690372356944067e+01
1.291284857149050254e+02 4.977379184162101922e+01
1.308065218057163008e+02 5.006067995967261197e+01
1.313349827256161575e+02 5.034756807772420473e+01
1.265924243728232312e+02 5.063445619577579748e+01
1.256514217431488589e+02 5.092134431382739024e+01
1.221614607247544200e+02 5.120823243187898299e+01
1.203788577340155825e+02 5.149512054993056154e+01
1.199028662790528443e+02 5.178200866798215429e+01
1.211996591845586835e+02 5.206889678603374705e+01
1.238606166239394781e+02 5.235578490408532559e+01
1.174111032179167466e+02 5.264267302213691835e+01
9.827173785935904959e+01 5.292956114018849689e+01
9.386133700510791300e+01 5.321644925824008965e+01
8.014043427345089299e+01 5.350333737629166819e+01
6.856558217092756990e+01 5.379022549434326095e+01
5.604460842508743212e+01 5.407711361239485370e+01
4.119246927851300200e+01 5.436400173044644646e+01
1.951137288963022343e+01 5.465088984849803921e+01
2.341704854235713285e+01 5.537230025975317460e+01
1.323863144652687396e+00 5.609371067100830288e+01
5.388162750511831689e+00 5.681512108226344537e+01
2.410967431197744038e+00 5.753653149351859497e+01
9.590406848014364216e-02 5.825794190477375167e+01
1.250942537723546799e+00 5.897935231602888706e+01
2.748483016965735715e+00 5.970076272728401534e+01
3.586234209556513064e-02 6.042217313853915783e+01
3.621099521221822215e-01 6.114358354979431454e+01
0.000000000000000000e+00 6.186499396104944992e+01
1.880561743885550641e+00 6.258640437230458531e+01
2.355155247463869284e+00 6.330781478355974201e+01
3.826714614624632804e-01 6.402922519481488450e+01
4.265143864855034384e-01 6.475063560607001989e+01
1.319843914055294665e+00 6.547204601732516949e+01
9.883268297130308744e-01 6.619345642858031908e+01
2.161076677070640883e+00 6.691486683983545447e+01
1.443823996231874407e+00 6.763627725109058986e+01
8.501558317972808254e-01 6.835768766234573945e+01
1.427988392179048383e+00 6.907909807360087484e+01
1.560254988450445746e+00 6.980050848485601023e+01
0.000000000000000000e+00 7.052191889611114561e+01
0.000000000000000000e+00 7.124332930736628100e+01
1.713656246845347120e+00 7.196473971862144481e+01
1.738618645970946841e-01 7.268615012987658019e+01
0.000000000000000000e+00 7.340756054113171558e+01
1.637253914207692063e+00 7.412897095238687939e+01
2.938740816830921060e-03 7.485038136364201478e+01
4.721572580692906529e-01 7.557179177489716437e+01
1.487277533513220451e+00 7.629320218615229976e+01
1.954247511431085993e+00 7.701461259740743515e+01
2.056460174517352080e+00 7.773602300866258474e+01
0.000000000000000000e+00 7.845743341991772013e+01
7.586383658656998819e-01 7.917884383117286973e+01
7.483960435550192358e-02 7.990025424242801932e+01
0.000000000000000000e+00 8.062166465368314050e+01
1.292044010322554781e+00 8.134307506493829010e+01
9.264609220213060325e-02 8.206448547619343969e+01
1.830928383426677075e-01 8.278589588744857508e+01
9.657625037718179373e-01 8.350730629870372468e+01
0.000000000000000000e+00 8.422871670995886006e+01
0.000000000000000000e+00 8.495012712121400966e+01
0.000000000000000000e+00 8.567153753246914505e+01
9.989987916806212231e-01 8.639294794372429465e+01
1.054770213119417210e+00 8.711435835497943003e+01
2.204654227928196430e+00 8.783576876623456542e+01
0.000000000000000000e+00 8.855717917748972923e+01
2.876472209271335068e+00 8.927858958874486461e+01
5.994543459643182359e-01 9.000000000000000000e+01
