0.000000000000000000e+00 1.020408163265296292e-01
0.000000000000000000e+00 2.040816326530608404e-01
0.000000000000000000e+00 3.061224489795920656e-01
0.000000000000000000e+00 4.081632653061216809e-01
0.000000000000000000e+00 5.102040816326528505e-01
0.000000000000000000e+00 6.122448979591824658e-01
0.000000000000000000e+00 7.142857142857155228e-01
0.000000000000000000e+00 8.163265306122466924e-01
0.000000000000000000e+00 9.183673469387745314e-01
0.000000000000000000e+00 1.020408163265309476e+00
0.000000000000000000e+00 1.122448979591837315e+00
0.000000000000000000e+00 1.224489795918370261e+00
0.000000000000000000e+00 1.326530612244901430e+00
0.000000000000000000e+00 1.428571428571423940e+00
0.000000000000000000e+00 1.530612244897958885e+00
0.000000000000000000e+00 1.632653061224486724e+00
0.000000000000000000e+00 1.734693877551019670e+00
0.000000000000000000e+00 1.836734693877550839e+00
1.248129911817627891e+00 1.938775510204078678e+00
4.193417547224636444e+00 2.040816326530611846e+00
4.591403417769937434e+00 2.142857142857139685e+00
2.065737723459970532e+00 2.244897959183674629e+00
5.443955319223661160e-01 2.346938775510203801e+00
1.841620849998991949e-01 2.448979591836733416e+00
0.000000000000000000e+00 2.551020408163266584e+00
0.000000000000000000e+00 2.653061224489792647e+00
7.752979737442808328e-02 2.755102040816327591e+00
5.642314195633154617e-01 2.857142857142858983e+00
1.113589953440617730e+00 2.959183673469386822e+00
1.117128144100001608e+00 3.061224489795919990e+00
9.908385188887933737e-01 3.163265306122447829e+00
5.110651934923424733e-01 3.265306122448980997e+00
3.129186809589157292e-02 3.367346938775508836e+00
0.000000000000000000e+00 3.469387755102042004e+00
0.000000000000000000e+00 3.571428571428573395e+00
2.968651085165724055e-02 3.673469387755099458e+00
3.465570547656644795e-02 3.775510204081632626e+00
1.043192124295379969e-01 3.877551020408161797e+00
3.500979400776105810e-01 3.979591836734693189e+00
8.140003179402401923e-01 4.081632653061224580e+00
9.239766147258896556e-01 4.183673469387754196e+00
4.951389871240504448e+00 4.285714285714287364e+00
1.125730826960992736e+01 4.387755102040818755e+00
1.855047027171541174e+01 4.489795918367346594e+00
2.688560895603977841e+01 4.591836734693879762e+00
3.296546820036861192e+01 4.693877551020407601e+00
3.793284617245330992e+01 4.795918367346938993e+00
4.238663426601660689e+01 4.897959183673472161e+00
4.362775889079287595e+01 5.000000000000001776e+00
5.403280033965351237e+01 5.227060608277903420e+00
5.470335785644761017e+01 5.454121216555805951e+00
5.398892132415607392e+01 5.681181824833712923e+00
5.253628775064571244e+01 5.908242433111619007e+00
4.702872440806500975e+01 6.135303041389517098e+00
4.903957062653931587e+01 6.362363649667420518e+00
4.248743092183577374e+01 6.589424257945321273e+00
4.367649603311487994e+01 6.816484866223224692e+00
4.422259437733207932e+01 7.043545474501124559e+00
4.339146554068753403e+01 7.270606082779032420e+00
4.578081215498239231e+01 7.497666691056935839e+00
5.037631101180642190e+01 7.724727299334833930e+00
5.628157892374067472e+01 7.951787907612740014e+00
5.841469202359310486e+01 8.178848515890640769e+00
5.991256669758482190e+01 8.405909124168548630e+00
5.860950448021464609e+01 8.632969732446452937e+00
6.126903708117700376e+01 8.860030340724351916e+00
6.694104652157689372e+01 9.087090949002256224e+00
6.684604562924818083e+01 9.314151557280155203e+00
7.192867294409215617e+01 9.541212165558057734e+00
7.706612440243057449e+01 9.768272773835960265e+00
8.159661698442924660e+01 9.995333382113868126e+00
8.827650971059023277e+01 1.022239399039176888e+01
9.317881354575573027e+01 1.044945459866966964e+01
9.316720706384748496e+01 1.067651520694757394e+01
9.584609182140202677e+01 1.090357581522547648e+01
9.795812740148785736e+01 1.113063642350337901e+01
9.848647793524826000e+01 1.135848419115149710e+01
1.013215271496916046e+02 1.158599381271330131e+01
1.063549235217587068e+02 1.181260072851557119e+01
1.094646193120311892e+02 1.203881668145115746e+01
1.052392932360866808e+02 1.226486918421729300e+01
1.055027700165223195e+02 1.249074789100880167e+01
9.995843906687554181e+01 1.271656036884950858e+01
1.021840906423199158e+02 1.294245600505203697e+01
1.046283323528292328e+02 1.316840482512269617e+01
1.015712324180525314e+02 1.339457365251200471e+01
9.672509126905157473e+01 1.362120587059298593e+01
9.585677708261293617e+01 1.384817920880354158e+01
9.115389397274066141e+01 1.407584288689505847e+01
8.512355388881326235e+01 1.430406370351580669e+01
6.924038885610988814e+01 1.453310679805298911e+01
5.979791423697941610e+01 1.476284063714261130e+01
6.155120254254796919e+01 1.499308015816396988e+01
7.079951544010518205e+01 1.522385190806935462e+01
7.353956926361743740e+01 1.545501396013189499e+01
7.771049154078836807e+01 1.568654890238422794e+01
7.950077271180353478e+01 1.591817812381167307e+01
8.123799869075041613e+01 1.614974784859245815e+01
8.505209165953948514e+01 1.638112798836360540e+01
8.052266812535424378e+01 1.661236737679003994e+01
7.906603217433297459e+01 1.684397623556294477e+01
7.897907548651188847e+01 1.707804287083053651e+01
7.648131069776258073e+01 1.731511240197048096e+01
7.564072141113113901e+01 1.755520844382681389e+01
7.379908181130694800e+01 1.779829842129633022e+01
7.456803460821663521e+01 1.804323622600926669e+01
7.623829251406938567e+01 1.828894265237590133e+01
7.463871419508204497e+01 1.853558439837664196e+01
7.405115554894942420e+01 1.878321623070843316e+01
7.777536968153194152e+01 1.903126019253766543e+01
7.843601051976317251e+01 1.927897026480811604e+01
7.688603224615744125e+01 1.952622713289241574e+01
7.824624646875111011e+01 1.977212695251700225e+01
8.281786736539177696e+01 2.001589518200057682e+01
8.053044601321140306e+01 2.025710010418156770e+01
7.589573390741411174e+01 2.049509444091427213e+01
7.509511371241779898e+01 2.073011395685747260e+01
7.612412464032757953e+01 2.096223737354094396e+01
7.136524478731411136e+01 2.119228541831651569e+01
7.009903667944087147e+01 2.142090757686013802e+01
6.907400031906769300e+01 2.164867012625656884e+01
7.008048058029709182e+01 2.187561205106489126e+01
6.889425611049037457e+01 2.210163193328650522e+01
6.935865587388279607e+01 2.232678356012193888e+01
6.825377466767758960e+01 2.255115243518236667e+01
7.080091619016039317e+01 2.277485756105379267e+01
7.089545995198342609e+01 2.299798801604703158e+01
7.015659330909242897e+01 2.322068087049854057e+01
6.890111619360969542e+01 2.344288408396716505e+01
6.788833690958600187e+01 2.366474002938426224e+01
6.771897512927967000e+01 2.388627144973850847e+01
7.012390295128740547e+01 2.410756333247086758e+01
6.985725666510853671e+01 2.432864054066165238e+01
7.013061961180156345e+01 2.454956421464099492e+01
7.010058267665010590e+01 2.477029190891214938e+01
7.018847190168524719e+01 2.499077535769561820e+01
7.402404676122235117e+01 2.521105782534348094e+01
7.600485762051168592e+01 2.543120431202839882e+01
7.719719516649132629e+01 2.565124090806575907e+01
7.567769799892573701e+01 2.587117650267043700e+01
7.694422650198060865e+01 2.609104232074326291e+01
7.516753470640971102e+01 2.631089202400933402e+01
7.546897882064340024e+01 2.653080128608914379e+01
7.564097031890584333e+01 2.675089009759076220e+01
7.358296335196072846e+01 2.697112429287902557e+01
7.152518940416777582e+01 2.719171051203336020e+01
7.260329621691404611e+01 2.741260897875824298e+01
7.409913353838913963e+01 2.763409912388582512e+01
7.564490994783264455e+01 2.785605228048796533e+01
7.695893488262328219e+01 2.807860545524737717e+01
7.589081150526654085e+01 2.830166043767713546e+01
7.714337110164996147e+01 2.852561175612002131e+01
7.647673938961582962e+01 2.875094906993435018e+01
7.288715551141289950e+01 2.897821217370985636e+01
7.127048334802867657e+01 2.920777456912119163e+01
7.196180165208295421e+01 2.944003504423273654e+01
7.200254044707810408e+01 2.967556986916889628e+01
7.255817276156066953e+01 2.991379339100666357e+01
7.448447797653452085e+01 3.015415216805465803e+01
7.611115543517223614e+01 3.039696552678751829e+01
7.691884644489377365e+01 3.064252135588913006e+01
7.970644202351131469e+01 3.089020404913890872e+01
8.094645266207230350e+01 3.114008867693097216e+01
8.231183351147494420e+01 3.139276703445489858e+01
8.420276195489007875e+01 3.164864380425274959e+01
8.023376222601220320e+01 3.190662533946720458e+01
7.994598463667797716e+01 3.216637282887141680e+01
8.143106099654656305e+01 3.242827772720135471e+01
8.378874206183313333e+01 3.269201890734191807e+01
8.166676788752717187e+01 3.295814962607348519e+01
8.453764388820495412e+01 3.322706600360771034e+01
8.461056659159019944e+01 3.349861526434560233e+01
8.597276370007467960e+01 3.377259396089191057e+01
8.552990552772443777e+01 3.404797914323632568e+01
8.172321143899799267e+01 3.432497896965561068e+01
7.883047456876865056e+01 3.460334922282995507e+01
8.024408679856871629e+01 3.488307168622783649e+01
7.963378276736052896e+01 3.516368291014389769e+01
8.014390886297881877e+01 3.544482269007176711e+01
8.263087290672154950e+01 3.572601729577807816e+01
8.724097947465337199e+01 3.600684298347976409e+01
8.369300435356400669e+01 3.628691248928252833e+01
8.281588033790900738e+01 3.656616566753725550e+01
8.226388503899741522e+01 3.684484884807902461e+01
8.435516015622324915e+01 3.712333704777417154e+01
8.591549294372201473e+01 3.740180068714455075e+01
9.167834727401498185e+01 3.768040583597116466e+01
9.198172095462923892e+01 3.795929284709416152e+01
9.452000913550155303e+01 3.823850529176613122e+01
9.502940563419222997e+01 3.851804497168819807e+01
9.433543816155997774e+01 3.879787999752928584e+01
1.003894954635792089e+02 3.907795956636372381e+01
9.685064981047831623e+01 3.935832617242571274e+01
9.190236119382205970e+01 3.963897762800038294e+01
8.994809119432136413e+01 3.992021475293828559e+01
9.123586669333334953e+01 4.020226601225297003e+01
9.055105014686738230e+01 4.048533851525876770e+01
9.066172185676337847e+01 4.076971598409229358e+01
8.128276631287110376e+01 4.105570709582811872e+01
7.587946385511845904e+01 4.134324977710227955e+01
7.020995714956701761e+01 4.163199395565650462e+01
6.789091882428064650e+01 4.192150740001085296e+01
6.876661373195038607e+01 4.221182952787543030e+01
6.783320351928477976e+01 4.250232251909244496e+01
6.911592728884274095e+01 4.279220408145650367e+01
7.058815951947893552e+01 4.308039630370357997e+01
7.271919246920971602e+01 4.336579176161428251e+01
7.326385369088343680e+01 4.364785123733846461e+01
7.222862232753155354e+01 4.392797840770155204e+01
7.442153573968185754e+01 4.420931911347135923e+01
7.631653990407417609e+01 4.449217477286141076e+01
7.547659714207443926e+01 4.477601425137067537e+01
7.541690945061384355e+01 4.506016169237540225e+01
7.577677635183258076e+01 4.534410579591016699e+01
7.821460840355678101e+01 4.562713339265832246e+01
7.420718916702023193e+01 4.590968969138462796e+01
7.863588049530386570e+01 4.619224599011092636e+01
8.025710523659957119e+01 4.647480228883723896e+01
8.079356183829750648e+01 4.675735858756352314e+01
8.398738882400429873e+01 4.703991488628982154e+01
8.716485228081872094e+01 4.732247118501612704e+01
8.980932290381088023e+01 4.760502748374243964e+01
9.037795287595716331e+01 4.788758378246875225e+01
9.764914092664052703e+01 4.817014008119504354e+01
9.798988957113211029e+01 4.845269637992132772e+01
9.863536173202771806e+01 4.873525267864762611e+01
1.027965793425445327e+02 4.901780897737393872e+01
1.006350848731171226e+02 4.930036527610023711e+01
1.047358315454509068e+02 4.958292157482654972e+01
1.072983554279267793e+02 4.986547787355283390e+01
1.039092415508494014e+02 5.014803417227915361e+01
1.055104910115453691e+02 5.043059047100545911e+01
1.121419236257403327e+02 5.071314676973173619e+01
1.147871534145858874e+02 5.099570306845803458e+01
1.175599186352488914e+02 5.127825936718434718e+01
1.145435951772568615e+02 5.156081566591065979e+01
1.142830691219351706e+02 5.184337196463696529e+01
1.102419513236502837e+02 5.212592826336325658e+01
1.083663868797771670e+02 5.240848456208955497e+01
1.068934893799016805e+02 5.269104086081585336e+01
1.022533616908569059e+02 5.297359715954215886e+01
9.725426792646848639e+01 5.325615345826846436e+01
8.703861297553456211e+01 5.353870975699476276e+01
7.840762663224069229e+01 5.382126605572106115e+01
6.596605892794723047e+01 5.410382235444736665e+01
5.360890306734174260e+01 5.438637865317367215e+01
3.988902267777898913e+01 5.466893495189995633e+01
2.340916956686347561e+01 5.495149125062626183e+01
2.503159498398246896e+01 5.566676693938899945e+01
6.107709626733599961e+00 5.638204262815172996e+01
1.030006703427581494e+00 5.709731831691446757e+01
2.725123486598267863e+00 5.781259400567718387e+01
0.000000000000000000e+00 5.852786969443990728e+01
8.771692540364028901e-02 5.924314538320264489e+01
6.181589608973138417e-02 5.995842107196537540e+01
5.886727400943445598e-01 6.067369676072809170e+01
2.251367025744986261e+00 6.138897244949082932e+01
1.267239129895760374e+00 6.210424813825356694e+01
1.312996708411546809e+00 6.281952382701628324e+01
4.286237040767970075e-01 6.353479951577902085e+01
0.000000000000000000e+00 6.425007520454175847e+01
6.191262495529764598e-02 6.496535089330447477e+01
6.294539396790905794e-01 6.568062658206720528e+01
0.000000000000000000e+00 6.639590227082993579e+01
1.610197589104461535e+00 6.711117795959268051e+01
2.567814083327897734e+00 6.782645364835539681e+01
0.000000000000000000e+00 6.854172933711811311e+01
0.000000000000000000e+00 6.925700502588084362e+01
7.028201227803612117e-01 6.997228071464357413e+01
2.780542724214276173e+00 7.068755640340630464e+01
9.690701215214403419e-01 7.140283209216903515e+01
8.615473517523355440e-01 7.211810778093175145e+01
2.926129937159090977e-01 7.283338346969449617e+01
0.000000000000000000e+00 7.354865915845724089e+01
3.834693957347035997e+00 7.426393484721995719e+01
1.611656153518797596e-01 7.497921053598267349e+01
1.184839674399063458e+00 7.569448622474540400e+01
5.066825474162870435e-01 7.640976191350813451e+01
3.546538204068436340e+00 7.712503760227086502e+01
1.955980643542973851e+00 7.784031329103359553e+01
1.036281345517821861e-01 7.855558897979634025e+01
0.000000000000000000e+00 7.927086466855905655e+01
9.883965770905840387e-01 7.998614035732178706e+01
4.502803672165352822e+00 8.070141604608451757e+01
1.579298145156903477e+00 8.141669173484723387e+01
0.000000000000000000e+00 8.213196742360996438e+01
8.100179029632135652e+00 8.284724311237270911e+01
2.154785539353508417e-01 8.356251880113543962e+01
2.721500174754909462e+00 8.427779448989815592e+01
0.000000000000000000e+00 8.499307017866090064e+01
2.988125846380857986e+00 8.570834586742361694e+01
2.055569736199862163e+00 8.642362155618634745e+01
4.061771923932036010e-01 8.713889724494907796e+01
7.687736203116750378e-02 8.785417293371182268e+01
4.286196161453922210e-02 8.856944862247453898e+01
1.867282904954686851e+00 8.928472431123725528e+01
5.144475353298186846e-04 9.000000000000000000e+01
