0.000000000000000000e+00 1.020408163265316831e-01
0.000000000000000000e+00 2.040816326530599523e-01
0.000000000000000000e+00 3.061224489795916215e-01
0.000000000000000000e+00 4.081632653061232907e-01
0.000000000000000000e+00 5.102040816326515182e-01
5.376217878715854048e-02 6.122448979591850193e-01
0.000000000000000000e+00 7.142857142857167441e-01
0.000000000000000000e+00 8.163265306122450271e-01
0.000000000000000000e+00 9.183673469387767518e-01
0.000000000000000000e+00 1.020408163265308366e+00
0.000000000000000000e+00 1.122448979591836649e+00
1.440982690291063850e-01 1.224489795918368262e+00
3.505820467590279876e-01 1.326530612244894769e+00
4.612287385307416443e-01 1.428571428571428381e+00
1.727655787887508287e+00 1.530612244897959995e+00
2.934438124610465604e+00 1.632653061224490054e+00
3.763052380373522965e+00 1.734693877551019892e+00
4.564295992686639991e+00 1.836734693877551505e+00
4.812429792685515295e+00 1.938775510204081565e+00
4.810492475352128317e+00 2.040816326530611402e+00
4.160181895396672047e+00 2.142857142857145014e+00
3.990905404778718690e+00 2.244897959183671521e+00
3.626024968184375918e+00 2.346938775510205133e+00
3.454811160233042688e+00 2.448979591836736969e+00
2.722770924586483510e+00 2.551020408163265252e+00
2.607937104760394753e+00 2.653061224489797088e+00
2.884319447332963193e+00 2.755102040816328923e+00
2.772120113189795454e+00 2.857142857142857206e+00
2.528540486482334870e+00 2.959183673469389042e+00
2.216716126533655018e+00 3.061224489795922654e+00
1.474436264569391142e+00 3.163265306122450937e+00
5.154402760715015575e-01 3.265306122448982773e+00
9.374000856683192828e-02 3.367346938775514609e+00
3.878454987986822422e-01 3.469387755102042892e+00
2.156916976189102719e+00 3.571428571428574728e+00
6.970448570884752115e+00 3.673469387755103011e+00
1.215646858043573175e+01 3.775510204081632626e+00
1.433270918184612697e+01 3.877551020408166238e+00
1.506682341728177477e+01 3.979591836734698074e+00
1.602255449897271689e+01 4.081632653061226357e+00
1.810760542392205963e+01 4.183673469387757748e+00
1.928106556141145589e+01 4.285714285714285587e+00
2.134196065787953245e+01 4.387755102040816979e+00
3.291520612994136030e+01 4.489795918367348371e+00
4.173766931134932179e+01 4.591836734693876210e+00
5.037239567326549405e+01 4.693877551020407601e+00
6.012681811146050848e+01 4.795918367346938993e+00
5.878978862554325246e+01 4.897959183673469497e+00
5.433437982986886539e+01 5.000000000000000888e+00
5.019736234439158551e+01 5.228120642360352122e+00
5.388407425743671553e+01 5.456241284720698914e+00
5.159734905449956699e+01 5.684361927081048371e+00
5.258901703007111195e+01 5.912482569441402269e+00
5.220287522747047859e+01 6.140603211801748174e+00
4.934399185972896618e+01 6.368723854162097631e+00
5.406820051794354498e+01 6.596844496522452417e+00
4.895879859124485023e+01 6.824965138882802762e+00
5.399519440351803468e+01 7.053085781243153995e+00
5.988971350376000657e+01 7.281206423603503453e+00
6.286790370183610577e+01 7.509327065963852021e+00
6.269185761140720103e+01 7.737447708324204143e+00
6.680497913954106082e+01 7.965568350684555377e+00
7.011449094091142342e+01 8.193688993044901281e+00
7.071331552287311695e+01 8.421809635405251626e+00
7.068802438061543114e+01 8.649930277765603748e+00
8.245250127228823089e+01 8.878050920125950540e+00
8.779968930486776912e+01 9.106171562486302662e+00
9.664149282634542715e+01 9.334292204846651231e+00
9.749112259627649735e+01 9.562412847207005129e+00
1.009895663046208938e+02 9.790533489567355474e+00
1.047565866275180611e+02 1.001865413192770760e+01
1.085850608751513420e+02 1.024677477428805261e+01
1.156354540842545759e+02 1.047489541664840473e+01
1.140551372944900521e+02 1.070301605900875330e+01
1.168628550090487579e+02 1.093113670136910009e+01
1.212289508901561987e+02 1.115925734372945399e+01
1.225439733100644730e+02 1.138737798608979901e+01
1.208129597067310215e+02 1.161624126318174177e+01
1.291398541584838426e+02 1.184446336899890717e+01
1.269314979131286236e+02 1.207213837600591333e+01
1.242890902231144423e+02 1.229950810383735416e+01
1.191055593025978823e+02 1.252678358888120513e+01
1.169480739213705363e+02 1.275410354408267466e+01
1.179085988628474979e+02 1.298152735753552456e+01
1.193254219133411596e+02 1.320915426868977605e+01
1.224278754417717323e+02 1.343703117898625266e+01
1.149749783571383119e+02 1.366545870071795932e+01
1.161040817815699171e+02 1.389478159096096022e+01
1.095322339951820823e+02 1.412502321126420668e+01
9.432918448179505333e+01 1.435614658473905791e+01
8.751764190815011091e+01 1.458795973444945560e+01
7.669698696933050996e+01 1.482046423066444163e+01
7.448155129529726537e+01 1.505341747271350528e+01
7.823844463252156345e+01 1.528660946490213490e+01
8.498140112508568222e+01 1.551988757439444555e+01
8.677418947405490712e+01 1.575310829018614811e+01
8.901225419790101512e+01 1.598609287230259568e+01
8.877297037289091008e+01 1.621893355973885420e+01
8.502061855480243935e+01 1.645147999571239339e+01
8.056038460547937063e+01 1.668380110182739173e+01
8.252689309455492150e+01 1.691617641309974829e+01
8.549396844760275371e+01 1.714936306393045840e+01
8.243605408430481418e+01 1.738486343778691889e+01
8.399334024505930074e+01 1.762366485822805373e+01
8.834336277317586905e+01 1.786673241166207760e+01
9.260384593255189145e+01 1.811423337865369376e+01
9.178836529740108574e+01 1.836586130933821437e+01
9.546603532453733010e+01 1.861997461080061811e+01
9.566081447450376629e+01 1.887362482047631573e+01
9.172242123040454942e+01 1.912606896427709557e+01
9.325301919375378645e+01 1.937706253338089724e+01
9.230061986697903365e+01 1.962644272883603591e+01
9.074150675951200640e+01 1.987420346777614100e+01
8.739134613183313149e+01 2.011973296209235329e+01
8.842420201602864438e+01 2.036263654160837788e+01
8.678050713119300497e+01 2.060213078018124477e+01
8.521733295607384662e+01 2.083861125914720702e+01
8.272695757170517084e+01 2.107215150266990733e+01
8.501384733253487980e+01 2.130347844438871263e+01
8.376066334216484677e+01 2.153307986992948031e+01
7.970302205182014177e+01 2.176123467649454923e+01
8.479270673028194949e+01 2.198832438344219398e+01
8.654858822284285225e+01 2.221439621920280416e+01
8.612640929754081753e+01 2.243955700935265440e+01
8.493342890428944258e+01 2.266378455732304431e+01
8.491810055172152261e+01 2.288714793053400953e+01
8.548847977101128492e+01 2.310997728705731546e+01
8.785376033523924377e+01 2.333253457896136851e+01
8.682737024064537934e+01 2.355493783385338702e+01
8.942468844778494486e+01 2.377713941392402219e+01
8.856659329387159119e+01 2.399906612855846788e+01
8.670489038448425845e+01 2.422068273514092240e+01
8.429829289499807032e+01 2.444202520907365894e+01
8.299663605369393338e+01 2.466311976153204100e+01
8.363672786249391322e+01 2.488400457919982856e+01
8.379701838635702416e+01 2.510474666350912898e+01
8.172725238809206871e+01 2.532539356354088511e+01
8.360656415644018580e+01 2.554593151487497948e+01
8.182395603164088982e+01 2.576641024452494122e+01
8.025226768268858279e+01 2.598684215805403497e+01
8.140926715943953695e+01 2.620724817275344520e+01
8.119200668580774050e+01 2.642763955870539760e+01
8.269115223646304003e+01 2.664803865750914014e+01
8.253922905759425532e+01 2.686847075341541213e+01
8.491021297658626565e+01 2.708900256472330170e+01
8.487429548580908545e+01 2.730991593882656687e+01
8.504844319901107497e+01 2.753157257385348800e+01
8.041664493283677473e+01 2.775420805384271006e+01
8.081563124157806044e+01 2.797818617346449344e+01
7.925270784387474521e+01 2.820359554048328832e+01
8.004173812211273287e+01 2.843072250000463796e+01
7.957519745366329289e+01 2.865979933426379844e+01
8.085913669367081980e+01 2.889094045124517507e+01
7.919349906753650714e+01 2.912437987615129487e+01
7.959454113988776669e+01 2.936099293317790071e+01
7.946454619800219632e+01 2.960062202869809056e+01
7.911576501140558548e+01 2.984386687541287841e+01
7.745526953307221163e+01 3.009072225237895637e+01
7.698589989270887202e+01 3.034074370662013109e+01
7.529471611824239119e+01 3.059338035112915932e+01
7.629804526019704269e+01 3.084897440506404820e+01
7.747285853763318642e+01 3.110630172664814808e+01
7.587569306513721301e+01 3.136534228801030721e+01
7.553313624074226595e+01 3.162598809684610401e+01
7.530398097750739339e+01 3.188804225530549274e+01
7.176541725531474469e+01 3.215179074076269927e+01
7.694333752547254335e+01 3.241754344682603062e+01
8.354674611230070980e+01 3.268529114774613475e+01
8.787369841364352396e+01 3.295409459775739691e+01
8.903982460391890186e+01 3.322424625709425072e+01
9.123320899611776724e+01 3.349588649558101139e+01
9.337076218522128102e+01 3.376898078273968906e+01
9.301808015054608347e+01 3.404395579286268259e+01
9.687013708847200633e+01 3.432086850357595154e+01
9.711605373799122276e+01 3.459969055675543359e+01
9.823867154900108289e+01 3.488011045046880554e+01
9.717504808290827611e+01 3.516156081480221474e+01
1.013417100850445820e+02 3.544359750858536273e+01
9.890149047457147446e+01 3.572581374006554711e+01
9.761603895453487212e+01 3.600781509177622297e+01
9.732417182143345258e+01 3.628945556681914297e+01
9.754797550923855454e+01 3.657061694645726391e+01
9.765634480833530517e+01 3.685111056854076139e+01
9.943271795697108928e+01 3.713101874961329685e+01
1.003814423957369399e+02 3.741045880893283027e+01
9.890877497080920477e+01 3.768999876461167986e+01
9.798928106001184801e+01 3.796978256906574956e+01
9.770968037630194658e+01 3.825007401891429737e+01
1.042600188894889897e+02 3.853094075443446798e+01
1.024334023772377975e+02 3.881242070821625134e+01
1.049091198127067202e+02 3.909451413435422751e+01
1.073994418330761249e+02 3.937716708767923990e+01
1.097765363939896446e+02 3.966032498923691918e+01
1.093456548831220800e+02 3.994397442466937065e+01
1.093115735591557467e+02 4.022806141002168090e+01
1.059750277839786179e+02 4.051259420727497940e+01
1.063101413666021813e+02 4.079763898498033114e+01
1.016102686378299182e+02 4.108335928226257039e+01
9.795273293530020453e+01 4.136999183171778327e+01
9.327878184712018594e+01 4.165792856526671528e+01
9.405824155127497477e+01 4.194735532262648547e+01
9.256170234190274471e+01 4.223844926848412484e+01
8.947972460797620897e+01 4.253080131212110615e+01
9.125070399651279729e+01 4.282370475870408200e+01
9.308177728052342559e+01 4.311619819464404202e+01
9.112740977388801866e+01 4.340758891791458041e+01
8.610395945696600961e+01 4.369741778446091729e+01
9.029876430434973145e+01 4.398589000851941222e+01
8.993711419426753650e+01 4.427317516896835770e+01
8.542114108805344586e+01 4.455958943131476957e+01
8.486773523753538484e+01 4.484549416953549894e+01
8.861203713156074002e+01 4.513130043232371946e+01
9.164395959270099468e+01 4.541733710942389024e+01
9.042435458268863613e+01 4.570392646937169445e+01
8.969265214388073559e+01 4.599122611167527452e+01
9.159938655898797322e+01 4.627885679501523697e+01
9.496215301420278365e+01 4.656621509752348942e+01
9.588949027140122894e+01 4.685281983437312192e+01
9.820277112377598883e+01 4.713867514322892305e+01
9.951400638315051594e+01 4.742401671455980505e+01
9.986889404487337174e+01 4.770978250621725891e+01
1.037112683452121047e+02 4.799623479680238347e+01
1.043199795390574423e+02 4.828268708738752935e+01
1.059112456434486802e+02 4.856913937797265390e+01
1.071432772396768058e+02 4.885559166855777846e+01
1.100787412700735501e+02 4.914204395914290302e+01
1.162970675629506445e+02 4.942849624972802758e+01
1.182307207591476867e+02 4.971494854031316635e+01
1.202148827548493557e+02 5.000140083089828380e+01
1.235773227153064511e+02 5.028785312148339415e+01
1.228955359705469590e+02 5.057430541206853292e+01
1.270364600639532000e+02 5.086075770265367169e+01
1.285324289431802072e+02 5.114720999323878914e+01
1.298314553018174138e+02 5.143366228382389949e+01
1.260230413040956705e+02 5.172011457440905247e+01
1.243355495044117021e+02 5.200656686499416281e+01
1.148240122131109473e+02 5.229301915557928737e+01
1.132110839168447427e+02 5.257947144616441904e+01
1.088995090558713059e+02 5.286592373674955070e+01
1.100310182274654238e+02 5.315237602733466815e+01
1.085167343152778869e+02 5.343882831791979271e+01
1.054242220913111794e+02 5.372528060850491727e+01
9.453090025006906671e+01 5.401173289909005604e+01
8.219848216240785632e+01 5.429818518967518060e+01
7.312632145470442424e+01 5.458463748026028384e+01
6.274049328338790588e+01 5.487108977084542971e+01
4.927675870064869912e+01 5.515754206143056848e+01
2.656993559149597672e+01 5.544399435201568593e+01
2.465375344493447685e+01 5.614921895707659161e+01
1.254175957618294213e+01 5.685444356213748307e+01
7.739948734832970523e+00 5.755966816719838874e+01
1.465826207460047215e+00 5.826489277225929442e+01
2.264926794642955876e+00 5.897011737732019299e+01
5.551595603397633027e+00 5.967534198238110577e+01
3.896256044076710445e+00 6.038056658744202565e+01
1.431202661740859305e+00 6.108579119250291001e+01
6.352480300416548653e-01 6.179101579756382989e+01
3.202401504688393352e+00 6.249624040262472136e+01
6.725919566576066266e+00 6.320146500768562703e+01
2.085517375309592136e+00 6.390668961274653270e+01
3.695414765189241058e-01 6.461191421780745259e+01
1.982128272137296740e-03 6.531713882286832984e+01
4.338650928355625158e-01 6.602236342792923551e+01
1.290575362947575577e+00 6.672758803299014119e+01
5.545487692965280768e-01 6.743281263805104686e+01
3.686994622299367919e+00 6.813803724311195253e+01
4.462775296817715009e+00 6.884326184817285821e+01
1.259906195034941022e-02 6.954848645323377809e+01
2.493242140476699120e+00 7.025371105829466956e+01
2.632756367262118147e+00 7.095893566335557523e+01
8.345313904485095691e+00 7.166416026841648090e+01
2.554259256943948397e+00 7.236938487347738658e+01
2.953256130857628281e-01 7.307460947853829225e+01
6.697406157221621470e-01 7.377983408359921214e+01
7.344743805578910489e-01 7.448505868866010360e+01
3.131959188491227231e+00 7.519028329372100927e+01
1.277274905312010489e+00 7.589550789878190074e+01
1.687637362208010305e+00 7.660073250384282062e+01
3.748554638564747243e+00 7.730595710890372629e+01
5.984661906692154254e+00 7.801118171396463197e+01
2.762068583133828081e+00 7.871640631902552343e+01
1.779683034484225157e-01 7.942163092408642910e+01
1.944787583857375601e+00 8.012685552914732057e+01
8.307749427848873935e+00 8.083208013420824045e+01
3.875549892241936245e+00 8.153730473926913191e+01
2.366727950505660871e+00 8.224252934433005180e+01
8.673807162681747229e+00 8.294775394939094326e+01
4.100376718886667327e+00 8.365297855445186315e+01
5.082500445694367208e+00 8.435820315951275461e+01
1.476361241313324246e+00 8.506342776457367449e+01
1.000724016401612904e+00 8.576865236963456596e+01
2.246490097771955408e-01 8.647387697469548584e+01
2.826472174767364010e+00 8.717910157975637730e+01
7.248627833858583003e+00 8.788432618481729719e+01
4.438314762152616666e+00 8.858955078987818865e+01
6.263960667457786347e-01 8.929477539493910854e+01
2.686602821128726948e+00 9.000000000000000000e+01
