0.000000000000000000e+00 1.020408163265324325e-01
0.000000000000000000e+00 2.040816326530593139e-01
0.000000000000000000e+00 3.061224489795951187e-01
0.000000000000000000e+00 4.081632653061241789e-01
0.000000000000000000e+00 5.102040816326544048e-01
1.185963871426862631e-01 6.122448979591867957e-01
1.752478595919284288e-01 7.142857142857158559e-01
6.364403144142387336e-02 8.163265306122439169e-01
0.000000000000000000e+00 9.183673469387785282e-01
0.000000000000000000e+00 1.020408163265303259e+00
0.000000000000000000e+00 1.122448979591837759e+00
0.000000000000000000e+00 1.224489795918366708e+00
0.000000000000000000e+00 1.326530612244899210e+00
0.000000000000000000e+00 1.428571428571432822e+00
0.000000000000000000e+00 1.530612244897959773e+00
0.000000000000000000e+00 1.632653061224492275e+00
6.449552656817305607e-01 1.734693877551019225e+00
3.943968821559974636e+00 1.836734693877553948e+00
6.562812733462124015e+00 1.938775510204084229e+00
3.840824519087866484e+00 2.040816326530610958e+00
1.417480645026838459e+00 2.142857142857145458e+00
1.637073424907117936e+00 2.244897959183675518e+00
2.145119312114906140e+00 2.346938775510204689e+00
3.940796674397587296e+00 2.448979591836740521e+00
5.637645356505728955e+00 2.551020408163267472e+00
3.571463299415873482e+00 2.653061224489797532e+00
8.554146339629032925e-01 2.755102040816326703e+00
0.000000000000000000e+00 2.857142857142858983e+00
0.000000000000000000e+00 2.959183673469389042e+00
0.000000000000000000e+00 3.061224489795918213e+00
0.000000000000000000e+00 3.163265306122452714e+00
0.000000000000000000e+00 3.265306122448980997e+00
0.000000000000000000e+00 3.367346938775510168e+00
0.000000000000000000e+00 3.469387755102040227e+00
0.000000000000000000e+00 3.571428571428578280e+00
0.000000000000000000e+00 3.673469387755105231e+00
0.000000000000000000e+00 3.775510204081635290e+00
1.312384852766020071e-01 3.877551020408164462e+00
2.632002556875538968e+00 3.979591836734696741e+00
7.007711826103877328e+00 4.081632653061225469e+00
1.783049870740956067e+01 4.183673469387755972e+00
2.879850712373205113e+01 4.285714285714288252e+00
3.813700560580078047e+01 4.387755102040815203e+00
5.016017433661296820e+01 4.489795918367347483e+00
4.809248133593239771e+01 4.591836734693879762e+00
4.107387701119962031e+01 4.693877551020410266e+00
4.294778686413114599e+01 4.795918367346942546e+00
4.734717439066994871e+01 4.897959183673474826e+00
4.925105308253024816e+01 5.000000000000003553e+00
5.495397528248773256e+01 5.234476668066405658e+00
6.262011181818510863e+01 5.468953336132815757e+00
6.159160494122875207e+01 5.703430004199217862e+00
6.651862861293079732e+01 5.937906672265622632e+00
6.953863990616467561e+01 6.172383340332027402e+00
7.518306453861185901e+01 6.406860008398434836e+00
7.428480559580137310e+01 6.641336676464838717e+00
7.589075092606165640e+01 6.875813344531244375e+00
8.504952137891082486e+01 7.110290012597646481e+00
8.631282318126304176e+01 7.344766680664050362e+00
7.956772815537594568e+01 7.579243348730457797e+00
7.839371719799692073e+01 7.813720016796859902e+00
8.002217222824236842e+01 8.048196684863267336e+00
8.587177035251339419e+01 8.282673352929670330e+00
9.033523303529196369e+01 8.517150020996076876e+00
8.795752209680665601e+01 8.751626689062479869e+00
9.419703550635711053e+01 8.986103357128888192e+00
9.630161083878287798e+01 9.220580025195289409e+00
9.673394722203687479e+01 9.455056693261695955e+00
9.624854426140167618e+01 9.689533361328095395e+00
9.383411082509948642e+01 9.924010029394505494e+00
9.257889541772311759e+01 1.015848669746090316e+01
8.842814620683711269e+01 1.039296336552731503e+01
9.510836487375709680e+01 1.062744003359371447e+01
1.007786990031518144e+02 1.086191670166012102e+01
9.945016489781515645e+01 1.110037136087803589e+01
1.035190678380346867e+02 1.133783202090688924e+01
1.083208187569186407e+02 1.157254453017815443e+01
1.090191322745610023e+02 1.180528960812200623e+01
1.121436008489751686e+02 1.203691320501725315e+01
1.084913964986388208e+02 1.226766630033841565e+01
1.095358796474059773e+02 1.249827713403077567e+01
1.134581086027515653e+02 1.272914067217532974e+01
1.168880258765997695e+02 1.296053742639363549e+01
1.194566959567595745e+02 1.319246915955054433e+01
1.165708224700222502e+02 1.342521503428101681e+01
1.174111492783740260e+02 1.365881395641082285e+01
1.159757646705066492e+02 1.389320515942590539e+01
1.140508664984051279e+02 1.412847007426669066e+01
1.153408682783341987e+02 1.436439553812757453e+01
1.083540181333129482e+02 1.460087583665051625e+01
8.920277631222610637e+01 1.483782522738209408e+01
8.028402239837259913e+01 1.507502843154981598e+01
8.219016089358832744e+01 1.531227866946719018e+01
9.179253648644974817e+01 1.554963436528830201e+01
9.602975168102813086e+01 1.578681617481682409e+01
9.529854057547804302e+01 1.602387866862381927e+01
9.802156100408616624e+01 1.626075743464756584e+01
1.001343233876586964e+02 1.649739682532669605e+01
9.407675729935854747e+01 1.673387095501129096e+01
9.080979514507977512e+01 1.697026025976445851e+01
9.208309856586225806e+01 1.720640194301275372e+01
8.620172995347436995e+01 1.744254167616587381e+01
8.367607378306571775e+01 1.767936213732113160e+01
8.415352764329773549e+01 1.791782904644841423e+01
8.668403880949875884e+01 1.815846995739332925e+01
8.859870415751700534e+01 1.840204684280239178e+01
8.921174149352945904e+01 1.864890207511884057e+01
8.824164230992477087e+01 1.889852561018010846e+01
8.935130708988141635e+01 1.915152340539522413e+01
8.925476099129055285e+01 1.940521188467026192e+01
9.206837661527676175e+01 1.965905976268260247e+01
9.170103980793317078e+01 1.991247836524402004e+01
9.228879467946384807e+01 2.016433449650512699e+01
8.881108591665268648e+01 2.041353793334289080e+01
8.713343194816111748e+01 2.065941338275827377e+01
9.027302152302213756e+01 2.090146621074109845e+01
9.006707290023055634e+01 2.114008157433360680e+01
8.585792616080861706e+01 2.137596873517804497e+01
8.556085071436977785e+01 2.160969797476031573e+01
8.346229908291432764e+01 2.184192911042022800e+01
8.348094092127296051e+01 2.207279172388394173e+01
8.276163252945734428e+01 2.230255928522427311e+01
8.054796200757016322e+01 2.253144005625473412e+01
8.225631999956237905e+01 2.275957346130349634e+01
8.025829143865216508e+01 2.298711626136234187e+01
7.812459388155097884e+01 2.321413885527653065e+01
7.938810951329118382e+01 2.344060661697886161e+01
8.049037026855562260e+01 2.366648995356848673e+01
8.114826790867242323e+01 2.389198829827748227e+01
7.985779096583857495e+01 2.411720543377272108e+01
7.678226254463838529e+01 2.434220775706337747e+01
8.039292978194190198e+01 2.456701315757669946e+01
8.311722520159122496e+01 2.479165462579061341e+01
8.300445383763981511e+01 2.501610748346178781e+01
8.412293109780412692e+01 2.524038609521488752e+01
8.310772546955885787e+01 2.546451529087050858e+01
8.378930887605150701e+01 2.568852055479073826e+01
8.317779262718026700e+01 2.591236466211399758e+01
8.565941855307457331e+01 2.613603384902318894e+01
8.603135284202943467e+01 2.635961579758894757e+01
8.098983988028653869e+01 2.658323830511224983e+01
8.379065904503700324e+01 2.680695238545138537e+01
8.524948675216000993e+01 2.703076316242970378e+01
8.724705669895735127e+01 2.725493680583231892e+01
8.743280767284777255e+01 2.747984940582205837e+01
8.275031864538691195e+01 2.770580327665547316e+01
8.242716724215283364e+01 2.793303700809157419e+01
8.149890381927313854e+01 2.816164776374571233e+01
8.321703724123699430e+01 2.839139596841246416e+01
8.392954933112430638e+01 2.862268531044366426e+01
8.593812040506834649e+01 2.885536665276625001e+01
8.767331485297899007e+01 2.908949852045055096e+01
8.871831170530472832e+01 2.932523143928201037e+01
8.910121578990461444e+01 2.956313107440370302e+01
8.997688552218961888e+01 2.980314052249183021e+01
8.949787584160280574e+01 3.004610714174900821e+01
9.084393678174488684e+01 3.029212611411101719e+01
9.152438557350360782e+01 3.054151333154416648e+01
9.204172758529713860e+01 3.079426412251697798e+01
9.029410862845438146e+01 3.104939289900923782e+01
9.217249716702899320e+01 3.130646070064954500e+01
9.195343009608269824e+01 3.156637473327266008e+01
9.300943880929638397e+01 3.182918952139915802e+01
9.228415936363940375e+01 3.209429615540706493e+01
9.058728547650461849e+01 3.236164341120435495e+01
8.950075334702178509e+01 3.263148160187270719e+01
8.481829241400632213e+01 3.290408571877047450e+01
8.352712083129885912e+01 3.317847652557480131e+01
8.416809022101926985e+01 3.345426373329129888e+01
8.193968563576990505e+01 3.373169441527183210e+01
8.355197519215003865e+01 3.401129293720761382e+01
8.066575317820584701e+01 3.429340454877799971e+01
8.186450930136950888e+01 3.457845386241064034e+01
8.342936212297198040e+01 3.486607251430692145e+01
8.217331987250452130e+01 3.515603209168580179e+01
7.835929046525956210e+01 3.544833598557991650e+01
8.003165254994911493e+01 3.574176266509336131e+01
8.137662087497555774e+01 3.603625641575608540e+01
8.066369831247891398e+01 3.633124561814054232e+01
8.227258867259114083e+01 3.662632161858659430e+01
8.212726926478971734e+01 3.692103195286512118e+01
8.383067664711593636e+01 3.721497556267917162e+01
8.617261992650010427e+01 3.750787045988053592e+01
8.551852108792998308e+01 3.779957986634249778e+01
8.362264011514845663e+01 3.808996345967159414e+01
8.175151486145836088e+01 3.837911775832635897e+01
8.344936082122802645e+01 3.866723849632938936e+01
8.514638808476081522e+01 3.895463728792394420e+01
8.836127093340056149e+01 3.924170658725667238e+01
9.273795904801316681e+01 3.952863806572992189e+01
9.859775885893375857e+01 3.981562115275572467e+01
1.057994084755512603e+02 4.010271666228626941e+01
1.033793897393790360e+02 4.039000215598412069e+01
1.038881731480820036e+02 4.067749332992819689e+01
1.072315278009931916e+02 4.096517310456503935e+01
1.063550219781345021e+02 4.125301232405159624e+01
1.086530150879106458e+02 4.154087688774129106e+01
1.089594293107654863e+02 4.182857387238948377e+01
1.070090828035344543e+02 4.211587962320849954e+01
1.040463483183944078e+02 4.240249490356380591e+01
9.663343303338244539e+01 4.268829012847153592e+01
8.951220753759741910e+01 4.297320829531534514e+01
9.122581057245501768e+01 4.325767438955534772e+01
8.602826972225835789e+01 4.354238013933274942e+01
8.992911786051089962e+01 4.382796877567203353e+01
8.768413862089312261e+01 4.411508052938151536e+01
9.192124839055790630e+01 4.440430922095316646e+01
9.190667730250842737e+01 4.469639722010157357e+01
9.001571207079383896e+01 4.499149396729127659e+01
9.057577916324390799e+01 4.528875882923638585e+01
8.589653053755631618e+01 4.558715406027403105e+01
8.514793269918165208e+01 4.588592873872427447e+01
8.798675953162882024e+01 4.618460094297211072e+01
9.230928856130148574e+01 4.648318267014838057e+01
8.932999513114138779e+01 4.678198588535190083e+01
8.963006236785065539e+01 4.708150940141899810e+01
9.105499688179362749e+01 4.738180678523008282e+01
8.949580228194494680e+01 4.768258451482795124e+01
8.928694907416554827e+01 4.798328092147139046e+01
9.437492607161092906e+01 4.828178802197159314e+01
9.274222342182902423e+01 4.857730506833482309e+01
9.475441235606714940e+01 4.887035232267139406e+01
1.021445878570732901e+02 4.916319630007811270e+01
1.066982195918981233e+02 4.945732451395852536e+01
1.093952956420334175e+02 4.975145272783895223e+01
1.121212871623456948e+02 5.004558094171935068e+01
1.126165982170981295e+02 5.033970915559976333e+01
1.126646435310257459e+02 5.063383736948019020e+01
1.162072304082765584e+02 5.092796558336060286e+01
1.186399886918319879e+02 5.122209379724101552e+01
1.187501629886474461e+02 5.151622201112142818e+01
1.183757316755312985e+02 5.181035022500185505e+01
1.149724134429797573e+02 5.210447843888226771e+01
1.177675718594619525e+02 5.239860665276268037e+01
1.227401300123682688e+02 5.269273486664307882e+01
1.190966550934844435e+02 5.298686308052350569e+01
1.166482165455111897e+02 5.328099129440393256e+01
1.091045555205658388e+02 5.357511950828433100e+01
1.075684715572050862e+02 5.386924772216475787e+01
9.938426819588349304e+01 5.416337593604515632e+01
9.786870003514522409e+01 5.445750414992558319e+01
9.847133454267252262e+01 5.475163236380598164e+01
9.067007711267632430e+01 5.504576057768640851e+01
8.411288341291603388e+01 5.533988879156682117e+01
7.485622164742335372e+01 5.563401700544723383e+01
6.587553145316198311e+01 5.592814521932763228e+01
4.310187515233069178e+01 5.622227343320805915e+01
2.578966903780026243e+01 5.651640164708848602e+01
2.353371048914334196e+01 5.719974038898464386e+01
4.956604832315553821e+00 5.788307913088078749e+01
1.375089784957542882e+01 5.856641787277694533e+01
0.000000000000000000e+00 5.924975661467309607e+01
1.532971417506180378e-01 5.993309535656925391e+01
1.374581042617844417e+00 6.061643409846539754e+01
1.713697269584261385e+00 6.129977284036155538e+01
1.009907044335580650e+00 6.198311158225770612e+01
1.300521466892603950e+00 6.266645032415386396e+01
2.154427872412347789e+00 6.334978906605001470e+01
4.320245204802553585e-01 6.403312780794617254e+01
1.271912695289475481e+00 6.471646654984232327e+01
3.408070095145013800e-01 6.539980529173848822e+01
1.755325149152918263e+00 6.608314403363463896e+01
3.067111155289992563e+00 6.676648277553078970e+01
3.962704012175740087e-01 6.744982151742694043e+01
3.079534062366490854e+00 6.813316025932309117e+01
5.099194400198927113e+00 6.881649900121924190e+01
9.418768424025456554e-01 6.949983774311539264e+01
2.055446119849640763e+00 7.018317648501155759e+01
2.815204590978407140e+00 7.086651522690769411e+01
2.000310047179099548e+00 7.154985396880385906e+01
3.324940230066345315e+00 7.223319271069999559e+01
7.561290331688145239e-01 7.291653145259616053e+01
2.386509718693787363e+00 7.359987019449232548e+01
2.861073750948630590e+00 7.428320893638846201e+01
1.006243096033245354e+00 7.496654767828461274e+01
2.700251922570497953e+00 7.564988642018076348e+01
2.528755094595826591e+00 7.633322516207692843e+01
3.628828106057458758e+00 7.701656390397309337e+01
3.305206207757114711e+00 7.769990264586922990e+01
3.082779100410208528e+00 7.838324138776538064e+01
5.352925394682880089e+00 7.906658012966154558e+01
5.397904476542599639e+00 7.974991887155769632e+01
6.852846279520875550e-01 8.043325761345384706e+01
1.333186745469749912e+00 8.111659635535001200e+01
5.686693631015011796e-01 8.179993509724616274e+01
2.806028936956168618e+00 8.248327383914231348e+01
4.938988758890014985e-01 8.316661258103846421e+01
4.520206497324088524e+00 8.384995132293461495e+01
4.697962754658769668e+00 8.453329006483077990e+01
2.394845521353769158e+00 8.521662880672691642e+01
1.286749516675812721e+00 8.589996754862306716e+01
4.069831657736869168e+00 8.658330629051923211e+01
3.638956883049302427e+00 8.726664503241539705e+01
3.759872673540391563e+00 8.794998377431153358e+01
1.099656159939031319e+00 8.863332251620769853e+01
2.938361858555292638e+00 8.931666125810384926e+01
2.131486528252103663e-01 9.000000000000000000e+01
