0.000000000000000000e+00 1.020408163265309059e-01
0.000000000000000000e+00 2.040816326530547342e-01
0.000000000000000000e+00 3.061224489795908998e-01
0.000000000000000000e+00 4.081632653061200156e-01
0.000000000000000000e+00 5.102040816326509631e-01
0.000000000000000000e+00 6.122448979591800233e-01
0.000000000000000000e+00 7.142857142857109709e-01
0.000000000000000000e+00 8.163265306122436948e-01
0.000000000000000000e+00 9.183673469387709787e-01
0.000000000000000000e+00 1.020408163265305257e+00
0.000000000000000000e+00 1.122448979591832652e+00
0.000000000000000000e+00 1.224489795918363599e+00
0.000000000000000000e+00 1.326530612244896101e+00
0.000000000000000000e+00 1.428571428571423496e+00
0.000000000000000000e+00 1.530612244897957774e+00
0.000000000000000000e+00 1.632653061224486946e+00
0.000000000000000000e+00 1.734693877551017893e+00
0.000000000000000000e+00 1.836734693877548841e+00
0.000000000000000000e+00 1.938775510204079788e+00
0.000000000000000000e+00 2.040816326530612290e+00
1.919635976193997673e-01 2.142857142857139685e+00
6.671844596589932008e-01 2.244897959183674185e+00
1.255409118936882784e+00 2.346938775510199804e+00
1.121045457764689779e+00 2.448979591836730751e+00
3.307306024610313644e-01 2.551020408163265252e+00
0.000000000000000000e+00 2.653061224489794423e+00
0.000000000000000000e+00 2.755102040816327147e+00
0.000000000000000000e+00 2.857142857142856318e+00
0.000000000000000000e+00 2.959183673469385489e+00
0.000000000000000000e+00 3.061224489795916437e+00
0.000000000000000000e+00 3.163265306122447384e+00
0.000000000000000000e+00 3.265306122448981885e+00
0.000000000000000000e+00 3.367346938775507503e+00
0.000000000000000000e+00 3.469387755102038451e+00
0.000000000000000000e+00 3.571428571428569398e+00
3.951656850313524892e-03 3.673469387755098570e+00
6.149083057489017345e-02 3.775510204081633070e+00
1.371561600113676338e+00 3.877551020408164018e+00
6.965609404986197184e+00 3.979591836734693189e+00
1.298141056518235814e+01 4.081632653061221916e+00
2.021209123355742676e+01 4.183673469387751531e+00
2.602240527876071496e+01 4.285714285714285587e+00
3.292037340041863303e+01 4.387755102040814315e+00
4.164739646213686797e+01 4.489795918367346594e+00
3.984014106026784674e+01 4.591836734693876210e+00
3.986497451889069055e+01 4.693877551020406713e+00
3.634522419334339816e+01 4.795918367346935440e+00
3.323344304651769221e+01 4.897959183673465944e+00
3.707104132222915638e+01 4.999999999999998224e+00
5.711420431582374135e+01 5.231842736703976371e+00
5.863776262213805524e+01 5.463685473407956295e+00
6.419351017011963734e+01 5.695528210111930889e+00
6.646688908383475791e+01 5.927370946815913477e+00
6.621118489788862860e+01 6.159213683519888072e+00
6.330694492382059479e+01 6.391056420223873324e+00
6.626949705673555968e+01 6.622899156927849695e+00
6.726805147112142436e+01 6.854741893631828731e+00
7.286981988576648916e+01 7.086584630335808654e+00
6.824660826052101470e+01 7.318427367039788578e+00
7.203796717496587121e+01 7.550270103743763173e+00
7.507926161433439916e+01 7.782112840447746649e+00
7.919838257926215874e+01 8.013955577151723020e+00
8.672632871844339775e+01 8.245798313855706496e+00
8.834690603763574757e+01 8.477641050559682867e+00
8.763327187967172449e+01 8.709483787263664567e+00
8.625202613073342661e+01 8.941326523967639162e+00
8.984445553041216215e+01 9.173169260671613756e+00
8.893233918260773407e+01 9.405011997375595456e+00
8.532313181839349170e+01 9.636854734079577156e+00
8.689887656447491793e+01 9.868697470783558856e+00
9.103645412710474716e+01 1.010054020748753345e+01
8.986594623721839525e+01 1.033238294419151515e+01
9.029521988550531830e+01 1.056422568089549330e+01
9.376877765218840466e+01 1.079606841759947500e+01
9.727194589391181978e+01 1.102791115430345315e+01
1.042860499048557585e+02 1.125975389100743129e+01
1.071114044785198871e+02 1.149230492579679463e+01
1.084472371017144923e+02 1.172487796295450124e+01
1.115505148928286161e+02 1.195713374663297124e+01
1.135246398196732969e+02 1.218933624567250007e+01
1.149654998558285683e+02 1.242146311705564088e+01
1.138059188378449846e+02 1.265352718743813654e+01
1.155713370512707172e+02 1.288559834243669577e+01
1.152843891336640922e+02 1.311776347363117701e+01
1.093231419712474803e+02 1.335015481694467532e+01
1.064416048731587949e+02 1.358265412308328912e+01
1.048006149398662075e+02 1.381585037365518964e+01
1.059025362509783861e+02 1.404954062509473367e+01
1.017482965853740637e+02 1.428418105414477779e+01
8.626851467145988295e+01 1.451949464826332026e+01
7.770510010022961467e+01 1.475536188750700717e+01
8.027801672722503668e+01 1.499195989190288003e+01
8.212296280388054015e+01 1.522895077387035556e+01
8.661213742359461776e+01 1.546613332069246383e+01
9.445764276831465622e+01 1.570368323291919843e+01
9.506717668873925220e+01 1.594143111193404039e+01
9.459409271163117694e+01 1.617938844568554302e+01
9.254369257400639981e+01 1.641754983278624991e+01
9.243404598809983952e+01 1.665578434329713531e+01
9.222755899788177203e+01 1.689579388113313740e+01
9.608216509999070354e+01 1.713936619276579165e+01
9.197697129487400503e+01 1.738707346683675325e+01
9.101068974630503305e+01 1.763887236591393659e+01
9.285266606299707348e+01 1.789570594908059320e+01
9.122657268841533096e+01 1.815622654888415610e+01
9.060096531375261009e+01 1.841715316395912083e+01
8.776518556217153844e+01 1.867765358515578100e+01
8.647063914805136164e+01 1.893715126220596190e+01
8.444193168212393630e+01 1.919540809658350611e+01
8.720841658064807689e+01 1.945126508069237303e+01
8.578083565971799374e+01 1.970420102663041462e+01
8.642167639809265722e+01 1.995406688526290395e+01
8.712685715413290666e+01 2.020031178300172314e+01
8.879824402879410172e+01 2.044313495067977726e+01
8.706673188109216710e+01 2.068280808403669369e+01
8.777481652749492014e+01 2.091962258158614674e+01
8.846134558451862517e+01 2.115417242208230419e+01
8.513446014184474109e+01 2.138706662704472450e+01
8.209309010075077140e+01 2.161842725007256405e+01
8.013939996916778341e+01 2.184855651259751852e+01
7.964782480760256078e+01 2.207786545551531532e+01
7.709060805480950762e+01 2.230647675632413041e+01
7.542485099888060063e+01 2.253465448582839059e+01
7.435027508092257165e+01 2.276231581526686654e+01
7.483916355862848491e+01 2.298967772260934339e+01
7.367659006546460887e+01 2.321666689830831842e+01
7.276486285012592248e+01 2.344332539544748073e+01
7.238646901674343326e+01 2.366974498295844853e+01
7.283783205605620026e+01 2.389584313523720027e+01
7.318176067765222115e+01 2.412162281460086177e+01
7.790674174539050512e+01 2.434716161491751762e+01
7.566722835240022960e+01 2.457243981845516601e+01
7.271320870610769305e+01 2.479748225653737137e+01
7.259814597373473077e+01 2.502239936312177804e+01
7.379037362993274485e+01 2.524713905564033922e+01
7.542953568523478225e+01 2.547176790332839857e+01
7.669586115217876454e+01 2.569626691966843168e+01
7.881147596411761924e+01 2.592068369860260191e+01
7.906084557261085877e+01 2.614501999223701034e+01
8.061255104158598783e+01 2.636930803055367534e+01
8.064346736698456652e+01 2.659360696464867146e+01
8.095399330776646707e+01 2.681795930261552030e+01
8.208648201840038894e+01 2.704274073765106579e+01
8.006534124728321444e+01 2.726876511108799406e+01
8.224113793223810376e+01 2.749662148332789258e+01
8.056889440649351286e+01 2.772635408711923333e+01
8.026187407284047026e+01 2.795763140373012590e+01
8.171243939604578088e+01 2.819030546077024724e+01
7.993901050815711073e+01 2.842432715560871515e+01
7.917684909832144058e+01 2.865967996532736350e+01
7.641129827029980959e+01 2.889638536473736963e+01
7.481460502001579016e+01 2.913465592013181293e+01
7.612407495393021861e+01 2.937425148137720754e+01
7.694613968859587771e+01 2.961613018572536049e+01
7.553766245001499158e+01 2.986098464364189198e+01
7.457482194871516867e+01 3.010944314675334965e+01
7.385693034804069157e+01 3.036163352351740485e+01
7.491354042907626365e+01 3.061727232701282730e+01
7.536454403042965566e+01 3.087609314698095631e+01
7.549453085643575889e+01 3.113822548195276596e+01
7.514431093301759290e+01 3.140292324341858432e+01
7.586536284829784904e+01 3.166944411808602666e+01
7.386869120213576423e+01 3.193729391688482622e+01
7.660575037440530366e+01 3.220634047627316932e+01
7.622567749048650398e+01 3.247722639662232069e+01
7.858531858201556020e+01 3.274945835580624731e+01
7.592582523970030195e+01 3.302261801100670624e+01
7.502736839360736099e+01 3.329710727038838769e+01
7.258175801713849751e+01 3.357322177481486136e+01
7.077124824578849882e+01 3.385130114265126622e+01
7.369410344605475416e+01 3.413165267901172228e+01
7.325830147901986322e+01 3.441463076503708152e+01
7.194918620030688317e+01 3.470024508982127998e+01
7.150657320625992952e+01 3.498818555195870061e+01
7.466665436246651666e+01 3.527763887482521454e+01
7.106027843537634681e+01 3.556755681031482652e+01
7.620895372330421935e+01 3.585760415625443187e+01
7.468419398236780182e+01 3.614750902409653577e+01
7.378217705551794836e+01 3.643692681525471500e+01
7.452507134270884137e+01 3.672548782761859343e+01
7.675186664125082814e+01 3.701300015666129184e+01
8.105212525937605506e+01 3.729943259529166255e+01
8.531942879230194876e+01 3.758502028911660631e+01
8.649933680625164811e+01 3.787029030591723000e+01
9.034956185326613820e+01 3.815550443258418767e+01
9.281414333382566895e+01 3.844094897033411229e+01
9.760357873007846763e+01 3.872666605352587510e+01
9.792184434751391109e+01 3.901273070909452656e+01
9.674378908204108996e+01 3.929914758411742071e+01
1.013646631809922241e+02 3.958602967231150416e+01
1.035408365375573680e+02 3.987335366909502454e+01
1.045167893407626565e+02 4.016154371706430481e+01
1.009812504255940269e+02 4.045100921846572106e+01
1.000429109131228671e+02 4.074176007396708599e+01
1.009802841649103726e+02 4.103383802341168973e+01
9.714306485564618754e+01 4.132737977552336872e+01
1.016383056654001109e+02 4.162255313665431089e+01
9.561395163545334697e+01 4.191961256395980939e+01
9.090647728105206227e+01 4.221866138510194588e+01
8.674148169749051362e+01 4.251951528752967846e+01
8.402568581006761406e+01 4.282152356534803772e+01
8.110333266982172518e+01 4.312373505923018513e+01
8.310117002504040329e+01 4.342559567801963993e+01
8.189132858437869800e+01 4.372677380985626883e+01
8.208892223272215460e+01 4.402718874942939919e+01
8.376571092442881650e+01 4.432696753420671598e+01
8.468506337750157797e+01 4.462639593692563267e+01
8.252467079426104135e+01 4.492560347031049162e+01
8.241890256442874829e+01 4.522468707582336833e+01
8.395605750750011964e+01 4.552355148371844251e+01
8.249978146768273746e+01 4.582270702878095392e+01
8.389016183937332016e+01 4.612231725377699121e+01
8.452278824586417727e+01 4.642209194704823005e+01
8.554145041820700612e+01 4.672171176556852146e+01
8.491367273098246926e+01 4.702092984367092754e+01
8.552176847758698841e+01 4.731949643262731797e+01
8.848731908091058074e+01 4.761662233218346785e+01
9.245073039994902331e+01 4.791132850757381334e+01
9.762581042320317692e+01 4.820414932768957783e+01
9.708987063122081906e+01 4.849587790969512469e+01
9.284258388916056504e+01 4.878617812415993171e+01
9.631985070067847232e+01 4.907631253860019171e+01
9.453952360863650028e+01 4.936644695304044461e+01
9.814581919152278999e+01 4.965658136748070461e+01
9.827869563236993145e+01 4.994671578192095751e+01
9.638313364102710068e+01 5.023685019636121751e+01
9.916731308218145102e+01 5.052698461080147041e+01
1.021249631688716590e+02 5.081711902524174462e+01
9.914542257382422008e+01 5.110725343968200463e+01
9.859034776471476391e+01 5.139738785412227884e+01
1.077173896686081207e+02 5.168752226856253884e+01
1.104545963557920487e+02 5.197765668300279174e+01
1.080848405592893755e+02 5.226779109744304463e+01
1.048645623872332351e+02 5.255792551188330464e+01
1.068262248823253486e+02 5.284805992632356464e+01
1.038943965390359665e+02 5.313819434076383885e+01
1.037425214702564489e+02 5.342832875520409885e+01
9.725978387486821930e+01 5.371846316964437307e+01
9.322655691744903095e+01 5.400859758408462596e+01
9.132469679604953683e+01 5.429873199852487886e+01
8.625504720460999408e+01 5.458886641296513886e+01
8.119341189506707224e+01 5.487900082740539887e+01
7.041004773762442426e+01 5.516913524184565176e+01
5.934469387326996781e+01 5.545926965628591176e+01
5.513482368869983219e+01 5.574940407072617177e+01
4.394763304244509783e+01 5.603953848516643177e+01
2.937931637934659790e+01 5.632967289960669888e+01
1.217359391336091257e+01 5.661980731404695177e+01
1.584982707908817368e+01 5.730103573620927193e+01
6.598052382065101584e-01 5.798226415837157788e+01
2.220749919187596788e-01 5.866349258053388382e+01
6.526903793872136372e-01 5.934472100269618267e+01
4.715276170829005298e-02 6.002594942485848861e+01
4.095192854477534006e+00 6.070717784702080877e+01
0.000000000000000000e+00 6.138840626918311472e+01
7.511346267033618129e-02 6.206963469134542777e+01
5.007413304953272970e+00 6.275086311350773371e+01
3.943553076191333773e+00 6.343209153567003256e+01
1.040619028513562139e+00 6.411331995783233140e+01
5.296230763532115970e-01 6.479454837999463734e+01
4.712943592604528220e-01 6.547577680215695750e+01
5.366662111083775333e-01 6.615700522431926345e+01
0.000000000000000000e+00 6.683823364648158361e+01
2.571560594267878752e+00 6.751946206864387534e+01
5.648957389478083402e-02 6.820069049080619550e+01
0.000000000000000000e+00 6.888191891296850144e+01
7.087837000910740537e-01 6.956314733513079318e+01
1.572212137194395898e-01 7.024437575729311334e+01
0.000000000000000000e+00 7.092560417945541928e+01
5.077525187779689808e-02 7.160683260161771102e+01
9.002619367342685752e-01 7.228806102378003118e+01
6.009359833382884375e+00 7.296928944594233712e+01
9.896228585760536989e-01 7.365051786810464307e+01
1.116198265001250522e+00 7.433174629026694902e+01
0.000000000000000000e+00 7.501297471242926918e+01
2.455967119821195865e+00 7.569420313459156091e+01
0.000000000000000000e+00 7.637543155675388107e+01
0.000000000000000000e+00 7.705665997891617280e+01
9.969486068291644187e-02 7.773788840107849296e+01
4.896362702624848851e+00 7.841911682324078470e+01
1.985601118776930907e+00 7.910034524540309064e+01
0.000000000000000000e+00 7.978157366756542501e+01
0.000000000000000000e+00 8.046280208972771675e+01
2.576140300338833455e+00 8.114403051189003691e+01
3.102564269663855345e+00 8.182525893405232864e+01
1.837202267197653782e+00 8.250648735621463459e+01
2.590971144647158386e-01 8.318771577837694053e+01
1.788960071296467724e+00 8.386894420053924648e+01
3.124048816773790094e+00 8.455017262270155243e+01
8.295238575050234431e-01 8.523140104486385837e+01
0.000000000000000000e+00 8.591262946702616432e+01
0.000000000000000000e+00 8.659385788918845606e+01
2.583974095257663972e-01 8.727508631135077621e+01
1.195905761831688618e+00 8.795631473351309637e+01
0.000000000000000000e+00 8.863754315567540232e+01
7.094041345779984464e-01 8.931877157783770826e+01
0.000000000000000000e+00 9.000000000000000000e+01
