0.000000000000000000e+00 1.020408163265316970e-01
0.000000000000000000e+00 2.040816326530619507e-01
0.000000000000000000e+00 3.061224489795916770e-01
0.000000000000000000e+00 4.081632653061199600e-01
0.000000000000000000e+00 5.102040816326516293e-01
2.184457974934850832e-01 6.122448979591799123e-01
8.381654091873032009e-01 7.142857142857116370e-01
1.099272046001857461e+00 8.163265306122433618e-01
4.849476394632147858e-01 9.183673469387750865e-01
2.421390524221566642e-01 1.020408163265306811e+00
1.043280197411469379e+00 1.122448979591835094e+00
1.342237975440769393e+00 1.224489795918366708e+00
1.808629992947643927e+00 1.326530612244894991e+00
1.883591749206360522e+00 1.428571428571424828e+00
1.129775923207059218e+00 1.530612244897958441e+00
9.667871188888542688e-01 1.632653061224486724e+00
1.450221978715602322e+00 1.734693877551018337e+00
1.939236739254929009e+00 1.836734693877548175e+00
1.389161910753112794e+00 1.938775510204083785e+00
6.908114276300385548e-01 2.040816326530610070e+00
1.292587470086268731e+00 2.142857142857141906e+00
2.955600212890316936e+00 2.244897959183668412e+00
3.084398904888573156e+00 2.346938775510203801e+00
1.236996286965946767e+00 2.448979591836733416e+00
3.327863014721765267e-01 2.551020408163261699e+00
1.421184099009549007e+00 2.653061224489793535e+00
2.100651362629899488e+00 2.755102040816325371e+00
1.060799249284966050e+00 2.857142857142857206e+00
0.000000000000000000e+00 2.959183673469385489e+00
0.000000000000000000e+00 3.061224489795917325e+00
0.000000000000000000e+00 3.163265306122449161e+00
0.000000000000000000e+00 3.265306122448979220e+00
0.000000000000000000e+00 3.367346938775508836e+00
0.000000000000000000e+00 3.469387755102040671e+00
2.503498254805622270e-02 3.571428571428568954e+00
3.601603644591482301e+00 3.673469387755100790e+00
7.700079321632305351e+00 3.775510204081632626e+00
7.700152547361568622e+00 3.877551020408164462e+00
7.297763211461921529e+00 3.979591836734692745e+00
1.614135182803689617e+01 4.081632653061224580e+00
2.563024895474940124e+01 4.183673469387755972e+00
2.731986570675655202e+01 4.285714285714284699e+00
2.666849808652962039e+01 4.387755102040813426e+00
3.173373957269436119e+01 4.489795918367347483e+00
4.242985358261944384e+01 4.591836734693877098e+00
4.698307615002457283e+01 4.693877551020411154e+00
4.224150618458705964e+01 4.795918367346940769e+00
4.363289540605408945e+01 4.897959183673474826e+00
4.960080875223243169e+01 5.000000000000000888e+00
5.854007616040946260e+01 5.232001417247263753e+00
6.527293323726236451e+01 5.464002834494529282e+00
6.276595321929450932e+01 5.696004251741790370e+00
6.771240377605300864e+01 5.928005668989055899e+00
6.380906062082532060e+01 6.160007086236320539e+00
6.500343052895910034e+01 6.392008503483587845e+00
5.944819738756727645e+01 6.624009920730847156e+00
6.137328035635145795e+01 6.856011337978116238e+00
6.090631062249791228e+01 7.088012755225378214e+00
6.808821210114228961e+01 7.320014172472644631e+00
7.237581134939662775e+01 7.552015589719907496e+00
7.241054857724769533e+01 7.784017006967169472e+00
7.469809873183260152e+01 8.016018424214435001e+00
7.533565770526465144e+01 8.248019841461696089e+00
7.926148032230356932e+01 8.480021258708966059e+00
8.289889289607430101e+01 8.712022675956225370e+00
8.732680398696273016e+01 8.944024093203495340e+00
8.886738063206853155e+01 9.176025510450756428e+00
8.881743740137207510e+01 9.408026927698024622e+00
9.178327296943038505e+01 9.640028344945285710e+00
9.246627561885703983e+01 9.872029762192550351e+00
9.801178985246038167e+01 1.010403117943981322e+01
9.530389869098503652e+01 1.033603259668708318e+01
9.213822911590251863e+01 1.056803401393434427e+01
8.745116688945368821e+01 1.080003543118160358e+01
9.046399470662311160e+01 1.103203684842887355e+01
9.301151413877089169e+01 1.126403826567613820e+01
9.400257251126855351e+01 1.149603968292339928e+01
9.226419139789028634e+01 1.172804110017066215e+01
9.203405271855297087e+01 1.196012505763545164e+01
9.226296071608302896e+01 1.219244795047555385e+01
9.183998462738748003e+01 1.242466131134977658e+01
8.889016401535542400e+01 1.265676825808609429e+01
9.286427979978952862e+01 1.288868408764388640e+01
9.746105647330692534e+01 1.312041342367328411e+01
1.017699390139584636e+02 1.335172238332357608e+01
1.014210265090537604e+02 1.358253266266785175e+01
9.625381736782250641e+01 1.381304552080289838e+01
8.241694843070307286e+01 1.404369648967999495e+01
7.325961219251817624e+01 1.427507542453267675e+01
6.539490283798050996e+01 1.450727547388859051e+01
6.816764495909536947e+01 1.474042070861479559e+01
7.367380607991930219e+01 1.497421308597616374e+01
7.845172678882164519e+01 1.520860232785643618e+01
8.349575886190001484e+01 1.544338349328272031e+01
8.567364145621371563e+01 1.567839358582036269e+01
8.851520056556501004e+01 1.591359522184840714e+01
8.598674431629490300e+01 1.614875134381770749e+01
8.492951442196712719e+01 1.638442966477325768e+01
8.653260275225710529e+01 1.662190950498570885e+01
8.593922040945270169e+01 1.686266783157886096e+01
8.551982341462395709e+01 1.710688846699355636e+01
8.305131133094040763e+01 1.735472575462082645e+01
8.331817211228262465e+01 1.760549778031651869e+01
8.165596262030743446e+01 1.785750790793797549e+01
8.055251559988239762e+01 1.810970921050399696e+01
7.738050873807627283e+01 1.836192769370622813e+01
7.244684723161977047e+01 1.861427659755838349e+01
7.324757437212124955e+01 1.886611198342692930e+01
7.165829491613995117e+01 1.911700113421600733e+01
6.940275085052580550e+01 1.936664927097572786e+01
6.893152794856399623e+01 1.961460635237975225e+01
7.191634300314471773e+01 1.986052222790234723e+01
6.989350292169802970e+01 2.010382277581597421e+01
7.090853012801171928e+01 2.034448463806659291e+01
7.073707515208849372e+01 2.058249525842694894e+01
6.822554650270457444e+01 2.081821027486686759e+01
6.956639829555723509e+01 2.105189571158957662e+01
6.907569748136717180e+01 2.128406129795599000e+01
7.144608504107600311e+01 2.151493261264510082e+01
7.142746848138710902e+01 2.174483372613481436e+01
7.133847297162854773e+01 2.197367332300440523e+01
7.391137237869449450e+01 2.220183750012964197e+01
7.112919266362325743e+01 2.242960278379575811e+01
6.944506960273621132e+01 2.265689736023625400e+01
6.870693827861440184e+01 2.288370323185302979e+01
6.914656865742149705e+01 2.311001391519661752e+01
6.726786398259811506e+01 2.333584976273359857e+01
6.595108148970351181e+01 2.356124188260518793e+01
6.619039230412707298e+01 2.378627788725304981e+01
6.695632276653417136e+01 2.401106520527340393e+01
6.867151204554805588e+01 2.423560484679583382e+01
6.875788602836956898e+01 2.445998515728967604e+01
6.833149905991712103e+01 2.468416937911467457e+01
6.911353123581520208e+01 2.490821038365112727e+01
7.101480483952568079e+01 2.513210293757463631e+01
7.012834243697585634e+01 2.535584815526443236e+01
7.000323202240814169e+01 2.557945121549309775e+01
7.041779280476634995e+01 2.580292705692215804e+01
6.762729592435862003e+01 2.602627635980327980e+01
6.869192593206126674e+01 2.624953564037480191e+01
7.183892577847733207e+01 2.647273450568625464e+01
6.841118669801096530e+01 2.669590703939732990e+01
6.869679643879621267e+01 2.691916764905440118e+01
6.959890771746091787e+01 2.714297189171819724e+01
6.803245009243840968e+01 2.736764060491615780e+01
6.836101244706783575e+01 2.759365284477634006e+01
6.698711256874453568e+01 2.782113218818433964e+01
6.860336825666510663e+01 2.805054807802655503e+01
6.894282835600945702e+01 2.828218399142126671e+01
6.935654426408939344e+01 2.851642238193145928e+01
6.903105728268856467e+01 2.875360778049142141e+01
6.724576259834714165e+01 2.899372967140945789e+01
6.752388741358156210e+01 2.923696266858396697e+01
6.794469124807656613e+01 2.948278266786573809e+01
6.764796090361916470e+01 2.973083016871747830e+01
6.534816929379168471e+01 2.998112051136514822e+01
6.291676342342648098e+01 3.023328588839156694e+01
6.241272856370128608e+01 3.048730422323128053e+01
6.325763483681080857e+01 3.074307171232504388e+01
6.650983227934959530e+01 3.100049680938565899e+01
6.778513415807481124e+01 3.125982175151779785e+01
6.740163934665294221e+01 3.152153962271717802e+01
6.932514936706218123e+01 3.178618391505745677e+01
6.828196377679313400e+01 3.205369277668305017e+01
6.903014644408867184e+01 3.232288860290273647e+01
6.642302191923832311e+01 3.259315994003345196e+01
6.900636664148548505e+01 3.286509274817392168e+01
6.692082218482637757e+01 3.313884230221781735e+01
6.925835212430111199e+01 3.341452642790795835e+01
6.919721904618172914e+01 3.369225639687620344e+01
7.043723776777497392e+01 3.397208329351303036e+01
6.906844167272302570e+01 3.425437745530005174e+01
7.372971026273661721e+01 3.453914370912659848e+01
7.442272554254478223e+01 3.482627959673491347e+01
7.126194858705767388e+01 3.511559599526053432e+01
7.067143738657313179e+01 3.540607086572760664e+01
7.207169538683949384e+01 3.569720430767593911e+01
7.076816594509638492e+01 3.598852743533409182e+01
7.305664891918843296e+01 3.627964474954949026e+01
7.573093321275013068e+01 3.657047439249799226e+01
8.294797216412787577e+01 3.686087012486430581e+01
8.297825255327970240e+01 3.715081546970993287e+01
8.072697958554630304e+01 3.744040959816731373e+01
7.991171377662899999e+01 3.772981332838482871e+01
7.728063589572273884e+01 3.801914599937056494e+01
7.904048490833862672e+01 3.830873098477223948e+01
8.539779266978732153e+01 3.859860858427456520e+01
8.606331535208751404e+01 3.888905493922771939e+01
8.869072737574578014e+01 3.918028739422675244e+01
9.106792423158553618e+01 3.947248513856088437e+01
8.931017557075476532e+01 3.976561785394171267e+01
9.105871035883828313e+01 4.005965944064258366e+01
9.029222367472196709e+01 4.035448481631888029e+01
9.084759976534530779e+01 4.064995903430547486e+01
9.619735205393685362e+01 4.094596982067230329e+01
9.966142871711392104e+01 4.124243724238259290e+01
1.035442454666539192e+02 4.153908145545849351e+01
9.842685235946068190e+01 4.183560631688489906e+01
9.586662160124576815e+01 4.213174386730801046e+01
9.194546695547887794e+01 4.242703403718654442e+01
8.914604235762494966e+01 4.272143562605715061e+01
8.828944667084149955e+01 4.301552549840020845e+01
8.236882006400104217e+01 4.331130298397143008e+01
8.281199596586824896e+01 4.360882339866319768e+01
8.039079616279775564e+01 4.390740365635407727e+01
7.880156889844279533e+01 4.420644464906217053e+01
7.305486304314375445e+01 4.450540823295374082e+01
7.120894689387620247e+01 4.480392293883381427e+01
7.241343718019085429e+01 4.510173679265690794e+01
7.061429417699523015e+01 4.539886054031330076e+01
7.107925427184297007e+01 4.569522997381054807e+01
7.258684385955695006e+01 4.599096863785312195e+01
7.284512578827286688e+01 4.628613027487219256e+01
7.069066527361339070e+01 4.658077568724983308e+01
6.852940264850184349e+01 4.687518164519389074e+01
7.097052670831652676e+01 4.716978150288680638e+01
7.308812282416788264e+01 4.746523586143429441e+01
7.593544390855514337e+01 4.776225382655363916e+01
7.790585565764908438e+01 4.806157959281637915e+01
7.775355452903937703e+01 4.836273805661651437e+01
8.284591935248053574e+01 4.866212013772899780e+01
8.207114064568484935e+01 4.895965517592680527e+01
8.519182490736038460e+01 4.925878263388022305e+01
8.605157571916623738e+01 4.955791009183363371e+01
8.945743651396048790e+01 4.985703754978703728e+01
9.429081897685560421e+01 5.015616500774045505e+01
9.789941478981143064e+01 5.045529246569384441e+01
1.011881480770603190e+02 5.075441992364726929e+01
1.030735244203618635e+02 5.105354738160066574e+01
1.043095870385822366e+02 5.135267483955406931e+01
1.119674863392508115e+02 5.165180229750748708e+01
1.128606250043265078e+02 5.195092975546088354e+01
1.064684871933905441e+02 5.225005721341430132e+01
1.065012840988616745e+02 5.254918467136770488e+01
1.056661941214182292e+02 5.284831212932110844e+01
1.047883324027676224e+02 5.314743958727453332e+01
9.757391218283979129e+01 5.344656704522792978e+01
9.375231235801271623e+01 5.374569450318134756e+01
8.990887851454084512e+01 5.404482196113476533e+01
8.588075542797552941e+01 5.434394941908815468e+01
8.106433778282764990e+01 5.464307687704157956e+01
7.544264856415040299e+01 5.494220433499498313e+01
7.103996199718967830e+01 5.524133179294837959e+01
5.943590177579370959e+01 5.554045925090180447e+01
5.367849786330095441e+01 5.583958670885520092e+01
4.605337227397912159e+01 5.613871416680861870e+01
3.102531861206955810e+01 5.643784162476202226e+01
6.804595020921660797e+00 5.673696908271541872e+01
1.081392332379449606e+01 5.741580644837429048e+01
3.036910212568486145e+00 5.809464381403316224e+01
0.000000000000000000e+00 5.877348117969204111e+01
0.000000000000000000e+00 5.945231854535090577e+01
7.979560532547793628e-01 6.013115591100976332e+01
0.000000000000000000e+00 6.080999327666862797e+01
8.818490323139263065e-01 6.148883064232750684e+01
1.363057897648246808e+00 6.216766800798636439e+01
4.372422353764615188e+00 6.284650537364522904e+01
2.134367388762859363e+00 6.352534273930412212e+01
6.552037721168718631e-01 6.420418010496298677e+01
2.328435339816507188e+00 6.488301747062185143e+01
7.628916982542932601e-02 6.556185483628073030e+01
1.666769056490160938e+00 6.624069220193959495e+01
2.835041387514820599e+00 6.691952956759847382e+01
6.328509746282345860e-01 6.759836693325732426e+01
3.150431876650372498e+00 6.827720429891618892e+01
1.004080251528699508e+00 6.895604166457506778e+01
4.630030034687706575e-01 6.963487903023394665e+01
0.000000000000000000e+00 7.031371639589281131e+01
6.829226511507866526e-01 7.099255376155167596e+01
4.785240610178273513e-02 7.167139112721054062e+01
6.533472725184310548e-01 7.235022849286940527e+01
0.000000000000000000e+00 7.302906585852829835e+01
3.804078591601842141e-01 7.370790322418713458e+01
1.317716782358455390e-03 7.438674058984601345e+01
0.000000000000000000e+00 7.506557795550489232e+01
6.470177024762459039e-01 7.574441532116375697e+01
6.443301645762651297e-01 7.642325268682263584e+01
3.418964109657489203e+00 7.710209005248150049e+01
3.112484543446870644e-01 7.778092741814036515e+01
5.921072633820074760e-01 7.845976478379922980e+01
0.000000000000000000e+00 7.913860214945812288e+01
6.027187260712247863e-01 7.981743951511695911e+01
0.000000000000000000e+00 8.049627688077583798e+01
3.557604679244604995e+00 8.117511424643470264e+01
1.600779022520806491e-02 8.185395161209358150e+01
0.000000000000000000e+00 8.253278897775243195e+01
2.768430475867027951e+00 8.321162634341131081e+01
1.031326876502703271e+00 8.389046370907020389e+01
4.798443271253994419e-02 8.456930107472905433e+01
2.384906574885452102e+00 8.524813844038793320e+01
3.314661407197432297e+00 8.592697580604679786e+01
3.943278251268877987e+00 8.660581317170567672e+01
6.481075906655739960e-01 8.728465053736454138e+01
2.755867243206466810e-01 8.796348790302340603e+01
5.892379568998113992e-01 8.864232526868227069e+01
1.315368933582842015e+00 8.932116263434113534e+01
2.621652774173259814e-01 9.000000000000002842e+01
