9.381488898731382697e-01 1.020408163265289769e-01
4.832109819750035062e-01 2.040816326530634495e-01
7.039386064212460603e-02 3.061224489795923986e-01
1.146422524493646122e+00 4.081632653061235128e-01
2.355289107008347482e+00 5.102040816326546269e-01
2.330354638372563070e+00 6.122448979591835760e-01
2.038694689969973162e+00 7.142857142857146346e-01
1.383097173643504263e+00 8.163265306122435838e-01
4.103065228939052900e-01 9.183673469387801935e-01
0.000000000000000000e+00 1.020408163265307033e+00
0.000000000000000000e+00 1.122448979591838203e+00
2.140690363994993684e-01 1.224489795918369373e+00
1.021268891889566488e+00 1.326530612244898322e+00
2.442924335061176677e+00 1.428571428571429491e+00
4.532527042888723656e+00 1.530612244897961771e+00
4.953997591427922842e+00 1.632653061224494939e+00
1.968637900470965763e+00 1.734693877551020558e+00
2.012296331001073302e-02 1.836734693877551727e+00
7.403089684909267554e-01 1.938775510204082009e+00
7.543880866351324599e-01 2.040816326530613178e+00
3.982129833753533799e-02 2.142857142857144126e+00
1.331237423180892283e-02 2.244897959183673297e+00
2.265568589032245672e+00 2.346938775510204245e+00
4.208840722427259706e+00 2.448979591836735192e+00
3.292932314953486816e+00 2.551020408163269693e+00
1.623441066129665433e+00 2.653061224489796643e+00
4.167395040661860950e-01 2.755102040816327591e+00
1.357930634488282162e-01 2.857142857142858539e+00
1.156473606225238093e+00 2.959183673469389486e+00
2.165405012703601528e+00 3.061224489795918657e+00
1.981198412448110124e+00 3.163265306122447829e+00
1.409543917053381668e+00 3.265306122448982329e+00
1.194828709377061760e+00 3.367346938775513276e+00
1.029400869981156985e+00 3.469387755102038895e+00
8.607853849401861934e-01 3.571428571428573395e+00
3.547921943707645909e-01 3.673469387755104343e+00
0.000000000000000000e+00 3.775510204081633514e+00
0.000000000000000000e+00 3.877551020408162685e+00
0.000000000000000000e+00 3.979591836734693633e+00
3.598449923277433626e-01 4.081632653061224580e+00
8.850684322855625341e-01 4.183673469387756860e+00
1.044384419460599744e+01 4.285714285714288252e+00
2.036882108363085919e+01 4.387755102040816979e+00
2.681830530734873008e+01 4.489795918367348371e+00
3.423892287136647639e+01 4.591836734693877098e+00
3.645013660465409089e+01 4.693877551020408490e+00
3.405263059996551078e+01 4.795918367346937217e+00
3.545617113117474162e+01 4.897959183673471273e+00
3.966604433107041672e+01 5.000000000000002665e+00
5.838583928774652776e+01 5.236309664726224611e+00
6.029417301604023294e+01 5.472619329452446557e+00
6.456649192184130470e+01 5.708928994178664951e+00
7.031677647204247705e+01 5.945238658904883344e+00
7.347531343317267272e+01 6.181548323631099073e+00
8.144977612237700271e+01 6.417857988357326349e+00
7.741409234512801163e+01 6.654167653083544742e+00
8.036621146975389252e+01 6.890477317809764912e+00
7.975970136535835309e+01 7.126786982535984194e+00
7.958923402319443596e+01 7.363096647262208805e+00
7.455602407313259050e+01 7.599406311988429863e+00
7.023721030779087471e+01 7.835715976714642039e+00
7.967429320335277509e+01 8.072025641440870203e+00
8.322812907354375511e+01 8.308335306167089485e+00
8.582007055686236185e+01 8.544644970893308766e+00
9.100735053703100164e+01 8.780954635619526272e+00
9.238832357596999145e+01 9.017264300345754435e+00
9.726555094113192013e+01 9.253573965071971941e+00
9.862715478111665846e+01 9.489883629798189446e+00
1.047833476840665554e+02 9.726193294524406951e+00
1.009716627935101201e+02 9.962502959250635115e+00
9.936666299078426334e+01 1.019881262397685262e+01
1.022190842432439268e+02 1.043512228870307190e+01
1.047192531770045179e+02 1.067143195342929829e+01
1.089568132335373178e+02 1.090774161815551579e+01
1.064455458669490753e+02 1.114405128288173863e+01
1.095321495591281007e+02 1.138036094760795436e+01
1.113440223786092389e+02 1.161728680674753988e+01
1.203549910031153729e+02 1.185657781524993304e+01
1.176154188400084593e+02 1.209336422812543788e+01
1.193853499173060300e+02 1.232813877967156557e+01
1.250291131553699415e+02 1.256200233040270398e+01
1.237191160107590804e+02 1.279516968835918078e+01
1.172353214887454698e+02 1.302803810712530819e+01
1.156182937824264059e+02 1.326067950415317043e+01
1.200653127337941015e+02 1.349310855597907377e+01
1.239247592657359434e+02 1.372574128668460958e+01
1.253563637281247480e+02 1.395865652018348158e+01
1.221981380923542702e+02 1.419205440715309408e+01
1.200461938233198964e+02 1.442587277209420904e+01
1.146568513297729197e+02 1.466024504507786830e+01
1.020180198576429973e+02 1.489502186847801468e+01
8.519079479779995268e+01 1.513027212768829344e+01
8.518873124637201499e+01 1.536600962936107351e+01
8.977689330051809691e+01 1.560219031167262216e+01
1.022365442997909071e+02 1.583872461839996149e+01
1.097831072400302617e+02 1.607554269711306816e+01
1.110681670611358669e+02 1.631250283192533601e+01
1.110747404705293206e+02 1.654940683414090685e+01
1.105277693560558134e+02 1.678619679076113513e+01
1.042033888182958492e+02 1.702286041416061479e+01
1.026320573034422949e+02 1.725948762132783543e+01
9.686078522455905215e+01 1.749717273868255418e+01
9.392267643843700853e+01 1.773751727796742017e+01
9.419989205079691885e+01 1.798156283833981206e+01
9.608548497443430847e+01 1.822982124767168699e+01
1.004260844517498157e+02 1.848139719239697243e+01
1.040957534658021473e+02 1.873602896928647255e+01
9.869983152899554568e+01 1.899157931907732433e+01
9.981334448216421151e+01 1.924683269563941224e+01
9.687940665925681571e+01 1.950197405751211122e+01
9.651238893614903702e+01 1.975739894391220020e+01
9.292376137061741304e+01 2.001233669455170272e+01
9.525562625103418668e+01 2.026565338941145455e+01
9.050981930517733076e+01 2.051653505632395280e+01
8.859926984671557193e+01 2.076429133394968929e+01
8.538101129019094060e+01 2.100891569383001922e+01
8.425194057069242604e+01 2.125073248682990013e+01
8.295665302352250592e+01 2.149007555197731989e+01
8.301246193632719894e+01 2.172738857513316546e+01
8.101713172624978654e+01 2.196330037896956000e+01
8.196189105179462331e+01 2.219836991548884342e+01
8.284199356031564321e+01 2.243252062972334215e+01
8.385705363862702200e+01 2.266574459863977609e+01
8.430192912017369622e+01 2.289813042394078124e+01
8.390150748504316880e+01 2.312962643867775014e+01
8.517461455456387398e+01 2.336020492256048442e+01
8.574992117636156763e+01 2.358980563687831022e+01
8.453782971612116626e+01 2.381843852621505420e+01
8.208520043229160024e+01 2.404633949552947669e+01
8.295798270473328273e+01 2.427362768503506985e+01
8.038270414499085348e+01 2.450047303297583667e+01
7.997602964224614652e+01 2.472700459971681752e+01
8.279381856461664313e+01 2.495339868622176027e+01
8.027315649747272630e+01 2.517967242212780832e+01
8.104851687127209914e+01 2.540582659271581534e+01
8.291144251574124269e+01 2.563185826026295544e+01
8.017044913035886111e+01 2.585777192861519325e+01
8.277114480052544820e+01 2.608357489348597724e+01
7.924682951900418004e+01 2.630927324853738369e+01
8.076039386103978757e+01 2.653488860076696199e+01
8.237925733181451449e+01 2.676044963304740776e+01
8.435869761790037558e+01 2.698598836799546774e+01
8.160062905409968437e+01 2.721152715557480306e+01
8.234251252763021967e+01 2.743709559428518929e+01
8.123073660785175321e+01 2.766305259451906196e+01
7.990437270766753386e+01 2.789000196803134557e+01
8.244991556394734289e+01 2.811846080958217797e+01
8.052418025983899952e+01 2.834844565765179780e+01
7.967724424360176272e+01 2.858011594630096042e+01
8.008730050309870308e+01 2.881365621174460756e+01
7.939943669274371985e+01 2.904899980652417923e+01
7.926395363026526297e+01 2.928691692408742497e+01
7.902609787782508022e+01 2.952735547049704579e+01
7.946265975605817289e+01 2.977106347387923435e+01
7.722287524841911477e+01 3.001838680125730718e+01
8.131051813071958634e+01 3.026922152306130442e+01
7.985899244587874080e+01 3.052297370569009871e+01
8.021042328752669448e+01 3.077973305602399634e+01
7.889393835267409827e+01 3.103892477647604764e+01
7.751164363141332103e+01 3.130036642367385014e+01
7.931634714516044937e+01 3.156414796658356536e+01
8.128203255642355884e+01 3.183006127246381212e+01
8.257609537036540814e+01 3.209723528624616051e+01
8.340343336141673092e+01 3.236573391531391763e+01
8.542562205498428796e+01 3.263572162838767099e+01
8.530195676147424422e+01 3.290768332401840723e+01
8.776118829162534496e+01 3.318190585359613465e+01
9.046965504616576936e+01 3.345761672175936496e+01
8.781659316365382040e+01 3.373483427544022106e+01
8.823381656609517165e+01 3.401399056945248844e+01
8.740282957344150816e+01 3.429553905941001091e+01
8.844993978067017792e+01 3.457984636502576592e+01
8.592129332021926302e+01 3.486674066464610178e+01
8.469387009308488246e+01 3.515596756141478352e+01
8.604771904245923508e+01 3.544665451962811886e+01
8.927361568267309622e+01 3.573836370228514880e+01
8.726621898327441329e+01 3.603059060931617807e+01
8.633997180896804480e+01 3.632304590058480898e+01
9.030732172907737265e+01 3.661558624276904794e+01
9.394221582057805620e+01 3.690814786950915760e+01
9.287095097107841468e+01 3.720066743894058447e+01
9.288226474700948643e+01 3.749308090591243570e+01
1.015907867906718707e+02 3.778529415777364164e+01
1.090831273816714599e+02 3.807718743929406457e+01
1.109060738519408602e+02 3.836867657649667507e+01
1.092901116789632283e+02 3.865972831426202561e+01
1.056047418633795303e+02 3.895043953973224404e+01
1.064042758078658011e+02 3.924094653569908786e+01
1.039686389317947715e+02 3.953137630828132387e+01
9.996346698054986746e+01 3.982169745143649919e+01
9.813311730480782558e+01 4.011190855193692073e+01
9.866142417185507441e+01 4.040198064697120373e+01
1.029176018211220622e+02 4.069190196732866127e+01
1.119173508324302446e+02 4.098168160613929700e+01
1.131634561931851550e+02 4.127137318694970958e+01
1.123535250028056538e+02 4.156109724524010574e+01
1.136305254890725820e+02 4.185109975498200896e+01
1.129596527218568127e+02 4.214160317895498054e+01
1.116175726154850452e+02 4.243267813977085012e+01
1.086300960382040870e+02 4.272419485882618773e+01
1.067774637817227585e+02 4.301576106522668397e+01
1.037650078133895306e+02 4.330679865034976217e+01
1.019298045262581383e+02 4.359685156273963713e+01
9.504115504779457524e+01 4.388618359476407704e+01
9.992847521627099638e+01 4.417677493760997720e+01
1.004932068175569242e+02 4.446946992826143941e+01
9.964680973383481444e+01 4.476451612777096045e+01
9.615450364730980937e+01 4.506185850956421746e+01
9.619437698218258959e+01 4.536137739092586685e+01
9.552434655319794388e+01 4.566295967437406489e+01
9.700815200919090842e+01 4.596625482388134287e+01
9.652751890898629483e+01 4.627084999889390815e+01
9.920987768743438551e+01 4.657637016371877081e+01
1.043682933713125749e+02 4.688268665697793125e+01
1.030497755159227609e+02 4.718986146028621675e+01
1.022801024405089834e+02 4.749815479488255221e+01
9.867756542572057299e+01 4.780775744684450501e+01
9.631038685012025269e+01 4.811901765853220070e+01
1.002514167255349804e+02 4.843230711389858811e+01
1.001407929903718497e+02 4.874812329215530582e+01
1.010122544306060632e+02 4.906488025769213834e+01
1.041106601283010207e+02 4.938279601406773622e+01
1.076942203930789930e+02 4.970227949721599003e+01
1.112658731851586538e+02 5.002176298036424384e+01
1.094002878189507442e+02 5.034124646351247634e+01
1.164201356662678393e+02 5.066072994666074436e+01
1.147660836569550327e+02 5.098021342980899107e+01
1.168878350866755653e+02 5.129969691295724488e+01
1.151849727403721175e+02 5.161918039610549158e+01
1.114559816946733690e+02 5.193866387925373829e+01
1.151095795222307032e+02 5.225814736240201341e+01
1.142395515055280697e+02 5.257763084555023170e+01
1.180756151594226822e+02 5.289711432869851393e+01
1.210675601868392732e+02 5.321659781184675353e+01
1.211127481515229789e+02 5.353608129499500023e+01
1.221587888112203899e+02 5.385556477814324694e+01
1.173472176912821539e+02 5.417504826129148654e+01
1.139020845715059664e+02 5.449453174443975456e+01
1.128480919620533456e+02 5.481401522758798706e+01
1.105359396314670590e+02 5.513349871073625508e+01
1.050015546372268318e+02 5.545298219388448757e+01
9.607386768620327189e+01 5.577246567703274849e+01
8.755919915044297852e+01 5.609194916018099519e+01
8.158869099891074939e+01 5.641143264332924190e+01
7.140310239734850484e+01 5.673091612647750992e+01
5.660613794868884696e+01 5.705039960962574241e+01
4.019371636778966916e+01 5.736988309277400333e+01
1.634452766207745000e+01 5.768936657592225004e+01
7.228281820462225227e+00 5.834876725804627284e+01
7.208870091168585681e+00 5.900816794017030986e+01
1.362689907290849156e+00 5.966756862229434688e+01
4.601679155898242612e+00 6.032696930441839100e+01
5.346841295543526940e+00 6.098636998654244223e+01
7.900906094129318546e+00 6.164577066866646504e+01
6.166942329721440963e+00 6.230517135079050206e+01
6.027942891319736596e+00 6.296457203291454618e+01
1.389842232086992091e+00 6.362397271503854768e+01
4.697924446877557614e+00 6.428337339716259180e+01
9.373671555371185349e+00 6.494277407928663592e+01
2.014289375688254821e-02 6.560217476141068005e+01
5.184959050605031372e+00 6.626157544353470996e+01
3.634789073926765646e+00 6.692097612565873987e+01
3.091818865254822413e+00 6.758037680778276979e+01
8.270231652141319501e+00 6.823977748990681391e+01
6.233647112129213852e+00 6.889917817203085804e+01
3.714155992200619316e+00 6.955857885415488795e+01
2.331888143693234827e+00 7.021797953627893207e+01
7.318965798461249950e-01 7.087738021840296199e+01
7.380159856361945714e+00 7.153678090052700611e+01
9.690869941741899751e+00 7.219618158265103602e+01
9.465088138652511418e+00 7.285558226477505173e+01
3.188559155007625545e+00 7.351498294689909585e+01
5.133574011433669426e+00 7.417438362902311155e+01
9.783085160025439819e+00 7.483378431114716989e+01
8.523975770846744737e+00 7.549318499327119980e+01
4.133836125903485481e+00 7.615258567539524392e+01
4.739806965642361369e+00 7.681198635751927384e+01
2.607385407038607106e+00 7.747138703964330375e+01
2.670206638570521651e+00 7.813078772176734788e+01
5.694480288354948350e+00 7.879018840389139200e+01
1.040174281129841205e+01 7.944958908601543612e+01
4.230032430670412680e+00 8.010898976813948025e+01
7.304517974177729300e+00 8.076839045026349595e+01
3.955614137497832417e+00 8.142779113238754007e+01
1.458924984437552030e+00 8.208719181451156999e+01
1.737940524571424117e+00 8.274659249663559990e+01
4.443064894444076707e+00 8.340599317875964402e+01
4.360274695303853143e+00 8.406539386088368815e+01
6.985766176682433048e+00 8.472479454300771806e+01
2.571502508831144951e+00 8.538419522513176219e+01
5.505090751831610341e+00 8.604359590725577789e+01
1.039887973353242234e+00 8.670299658937980780e+01
9.521715061391233803e+00 8.736239727150385193e+01
4.606828846856587667e+00 8.802179795362789605e+01
6.456774499204286144e+00 8.868119863575194017e+01
1.664102945221550112e+00 8.934059931787595588e+01
6.926380892396347688e-01 9.000000000000000000e+01
