2.264583915232986910e-01 1.020408163265295598e-01
8.897277679891966162e-01 2.040816326530608960e-01
1.315334463628292649e+00 3.061224489795938974e-01
6.149828306543730916e-01 4.081632653061234572e-01
1.337306779787337530e-01 5.102040816326514072e-01
0.000000000000000000e+00 6.122448979591810225e-01
0.000000000000000000e+00 7.142857142857106378e-01
0.000000000000000000e+00 8.163265306122453602e-01
0.000000000000000000e+00 9.183673469387767518e-01
5.234683068794868110e-02 1.020408163265306367e+00
6.471110413021034791e-02 1.122448979591837759e+00
1.802816611932396285e+00 1.224489795918369150e+00
5.210297998377928508e+00 1.326530612244898766e+00
5.980477035949468778e+00 1.428571428571430157e+00
4.755111009653434806e+00 1.530612244897957996e+00
4.780022367233595304e+00 1.632653061224491164e+00
3.715404494461946427e+00 1.734693877551024110e+00
2.319831315858871701e+00 1.836734693877550173e+00
1.192950139240640750e+00 1.938775510204081565e+00
2.763010308645298951e-01 2.040816326530610958e+00
2.358324527618359756e+00 2.142857142857142350e+00
3.916056116974027557e+00 2.244897959183675518e+00
3.989716414902622077e+00 2.346938775510206909e+00
3.824240928593986677e+00 2.448979591836736525e+00
1.826900892652238984e+00 2.551020408163262587e+00
3.456932411008777351e-01 2.653061224489793979e+00
1.331376745420284502e+00 2.755102040816327147e+00
2.699925778081317507e+00 2.857142857142858539e+00
2.738249787612070829e+00 2.959183673469388154e+00
2.256297226530437960e+00 3.061224489795919546e+00
1.600932444378233344e+00 3.163265306122450937e+00
1.040754876837405529e+00 3.265306122448982329e+00
1.353587918868163875e+00 3.367346938775511944e+00
1.803756191864422931e+00 3.469387755102041559e+00
1.114750409341994652e+00 3.571428571428571175e+00
2.412054855770378592e-01 3.673469387755100790e+00
3.338542091058184502e-02 3.775510204081635734e+00
1.906152060806191040e-01 3.877551020408163573e+00
1.215480271991821182e+00 3.979591836734693189e+00
3.599419957718398067e+00 4.081632653061224580e+00
8.921591595079149783e+00 4.183673469387754196e+00
2.041112266178615897e+01 4.285714285714287364e+00
2.987613671089354028e+01 4.387755102040818755e+00
2.897841840972513694e+01 4.489795918367350147e+00
2.855409396673617906e+01 4.591836734693876210e+00
3.529275400780897343e+01 4.693877551020405825e+00
4.217304922832733638e+01 4.795918367346940769e+00
4.278843871545274169e+01 4.897959183673472161e+00
4.308723046056384476e+01 5.000000000000001776e+00
5.633581042391620031e+01 5.234628330665110241e+00
5.612781705567288526e+01 5.469256661330223146e+00
6.024996294050734491e+01 5.703884991995338716e+00
5.840153012148095257e+01 5.938513322660441851e+00
6.058870276280637057e+01 6.173141653325556533e+00
5.852020854505262548e+01 6.407769983990666773e+00
6.804474450703678201e+01 6.642398314655777014e+00
6.577909127527556166e+01 6.877026645320884590e+00
6.297350569443529622e+01 7.111654975985996607e+00
6.640756488801478952e+01 7.346283306651105072e+00
7.084586015833787087e+01 7.580911637316219753e+00
7.411042102462798198e+01 7.815539967981328218e+00
7.432339764080450095e+01 8.050168298646440235e+00
7.512541495347227283e+01 8.284796629311550475e+00
8.080923044840083946e+01 8.519424959976658940e+00
8.015798905407550023e+01 8.754053290641767404e+00
7.866020954912160335e+01 8.988681621306882974e+00
8.314119059090431563e+01 9.223309951971987886e+00
8.982437207598410112e+01 9.457938282637101679e+00
8.893743199226292973e+01 9.692566613302208367e+00
8.605276898154839671e+01 9.927194943967322160e+00
8.787382374974993127e+01 1.016182327463242885e+01
8.754675771365192816e+01 1.039645160529754619e+01
9.194041648728389760e+01 1.063107993596265288e+01
9.622635960417615308e+01 1.086570826662776668e+01
9.847196022364758505e+01 1.110033659729287692e+01
9.900544943821738286e+01 1.133496492795798716e+01
1.060805592755578601e+02 1.157067078718414344e+01
1.095669732472310045e+02 1.180629983161615115e+01
1.194639760546984348e+02 1.204132044836938320e+01
1.187414131530683363e+02 1.227593607673832032e+01
1.145694871500621019e+02 1.251025238696916730e+01
1.147642264345942920e+02 1.274439198152916752e+01
1.119927766986426718e+02 1.297847379007927415e+01
1.121396397879087772e+02 1.321249417026026229e+01
1.139179526217218950e+02 1.344654125934747668e+01
1.161340712947055778e+02 1.368093499878040298e+01
1.188359521226175275e+02 1.391578665932392767e+01
1.125803923405880766e+02 1.415152314609710515e+01
9.720012469581814685e+01 1.438804388544845025e+01
8.974500554779363881e+01 1.462543492161145942e+01
8.275270535148617057e+01 1.486355535855896903e+01
8.230840688423468521e+01 1.510230956976496941e+01
9.341023232320161185e+01 1.534141499790548480e+01
9.736206945145062264e+01 1.558073415648547844e+01
1.038598772163554713e+02 1.582016360550680112e+01
1.003532790615150958e+02 1.605966933860890578e+01
9.762735149203938079e+01 1.629915468040080384e+01
1.022231903734055294e+02 1.653850082628008167e+01
1.009085963624039692e+02 1.677781155437163108e+01
9.816845559447607172e+01 1.701877098487478790e+01
9.425252376307484781e+01 1.726244228036571471e+01
9.443542501225479668e+01 1.750964194016934883e+01
9.528850784579373112e+01 1.776028491417796218e+01
9.664648685342088186e+01 1.801352482375504138e+01
9.020599923450787117e+01 1.826777854205709062e+01
8.985704520327925593e+01 1.852266297657625671e+01
9.055313061183578327e+01 1.877772570444643918e+01
9.145373641701586109e+01 1.903308859306847722e+01
9.119245905389843188e+01 1.928822055953723336e+01
9.136759570284058896e+01 1.954314888594099386e+01
9.260961180373674040e+01 1.979772401186653497e+01
9.326989587436038676e+01 2.005143207694088403e+01
9.321767562016320596e+01 2.030342644747868164e+01
9.156774756017432537e+01 2.055331181054972944e+01
8.476068247400155542e+01 2.079960932343903579e+01
8.545645086047215955e+01 2.104274247272653042e+01
8.109040213296667332e+01 2.128301532718003841e+01
7.850192916082944805e+01 2.152069957600907912e+01
8.123636280154417477e+01 2.175643067965450683e+01
7.924831099964701764e+01 2.199071856918713053e+01
7.837241420150706972e+01 2.222376472773327549e+01
7.868596038076077548e+01 2.245614475112319752e+01
7.930698062344941945e+01 2.268801899831739632e+01
7.669334220218884468e+01 2.291936565799493053e+01
7.708334592854001244e+01 2.315005893584877583e+01
7.636112765524295298e+01 2.338011243431638775e+01
7.871346443068544829e+01 2.360953361453245947e+01
7.779117187860832416e+01 2.383840277980699796e+01
8.000564038144422341e+01 2.406676186478319579e+01
7.905379174933473507e+01 2.429484261320542515e+01
7.746902178625499857e+01 2.452268350680314057e+01
7.973348664419950182e+01 2.475035758817623588e+01
7.554014785730311132e+01 2.497794070023635271e+01
7.844971987392240464e+01 2.520544010405068036e+01
7.660871572166728072e+01 2.543287931877657115e+01
7.419808151644912186e+01 2.566027243519308598e+01
7.603888190069704933e+01 2.588763696867665232e+01
7.535870638922546050e+01 2.611495303223072284e+01
7.649374067250090548e+01 2.634224187811759066e+01
7.822748234200339823e+01 2.656950230311616679e+01
7.917329981408381911e+01 2.679675103090917077e+01
7.924647303186873160e+01 2.702405166313793927e+01
7.903799247927723570e+01 2.725147240459112652e+01
7.953916574623781344e+01 2.747907367806997314e+01
7.810957041772617515e+01 2.770683492332332776e+01
7.844306064758623620e+01 2.793475746577973950e+01
7.609836202424126839e+01 2.816305850016487256e+01
7.554224971402233280e+01 2.839256902075258182e+01
7.851817732591953813e+01 2.862466150529400011e+01
7.600289951709154934e+01 2.886151245053405034e+01
7.690082104603312985e+01 2.910416375070246886e+01
7.731382791213229666e+01 2.935285323889323195e+01
7.786590087727989840e+01 2.960645396339888435e+01
7.788527906666091383e+01 2.986312161866616322e+01
7.438136077128515922e+01 3.012267715181556582e+01
7.463998785067082054e+01 3.038514133801270134e+01
7.431999604364636980e+01 3.065037360385821330e+01
7.546328081760267992e+01 3.091871264168113953e+01
7.415341532122113222e+01 3.118922143810403469e+01
7.409525439284311688e+01 3.146196640965576563e+01
7.895683297405658152e+01 3.173711641680291962e+01
7.698642816838740544e+01 3.201436252583015118e+01
7.771435870160962622e+01 3.229263759413272794e+01
7.829996538289529440e+01 3.257157509274319551e+01
7.574478109358965128e+01 3.285093347284648502e+01
7.815364575174756112e+01 3.313089846925068116e+01
7.513686227123825745e+01 3.341145904177266601e+01
7.553402153358065618e+01 3.369291494180686186e+01
7.553710018326694353e+01 3.397536211932661132e+01
7.564816911969141700e+01 3.425898545868384559e+01
7.695541597809268808e+01 3.454398062820058612e+01
8.069791117531057978e+01 3.483057953670410001e+01
8.240320600147261132e+01 3.511893249005618145e+01
8.284798767580994650e+01 3.540891570303305258e+01
8.057216353432563949e+01 3.570032341139962284e+01
8.061198676579054734e+01 3.599303697893872567e+01
8.239840976899454006e+01 3.628667900576079575e+01
8.663563597257996207e+01 3.658082496434177955e+01
9.030994232480196615e+01 3.687520337423055850e+01
8.678116336331251546e+01 3.716953021657555922e+01
9.517531067813044388e+01 3.746363823731533671e+01
9.322433314618716338e+01 3.775730081649043512e+01
9.097918009609674073e+01 3.805061677787482211e+01
8.828150559517209217e+01 3.834372200002497522e+01
9.091598315327169644e+01 3.863676566525992939e+01
9.404129564414628817e+01 3.892995374828283417e+01
9.403907528054610054e+01 3.922343073311220252e+01
9.370722389360423676e+01 3.951734275408213648e+01
9.375805986475396026e+01 3.981182558675154581e+01
9.305693507430980560e+01 4.010708002927469096e+01
1.036739647252355212e+02 4.040325781855685250e+01
1.061851531933139086e+02 4.070026098529939418e+01
1.135612488090583838e+02 4.099797348370484684e+01
1.153464452298421890e+02 4.129621540634574473e+01
1.092297347084089978e+02 4.159472414278982910e+01
1.130411992893308337e+02 4.189324366456539650e+01
1.151359840470126272e+02 4.219171305323020249e+01
1.115483642618223143e+02 4.249019509666662486e+01
1.083586866257262926e+02 4.278868860076941871e+01
1.047475082306683021e+02 4.308720459374296041e+01
1.030779731258464693e+02 4.338566528341704753e+01
9.582155740341197259e+01 4.368427140527128216e+01
9.324291044882730262e+01 4.398289365477506152e+01
9.297731462208371056e+01 4.428085014124864927e+01
8.876068188606762988e+01 4.457761920475043382e+01
8.725727189607071921e+01 4.487344582837503282e+01
9.036163658571446433e+01 4.516884189889004375e+01
8.930344064805844084e+01 4.546429571096026478e+01
9.133984376477648937e+01 4.576121223187371356e+01
8.961759659237793585e+01 4.606060608495504738e+01
8.770020429741708767e+01 4.636378591644550795e+01
8.680588505224022811e+01 4.667077989470845978e+01
8.510726542947506346e+01 4.697979282407552404e+01
8.655496564569406814e+01 4.728950849355702246e+01
8.863266496406900785e+01 4.759918696031452612e+01
8.836788106995010139e+01 4.790804727101191673e+01
9.163853009086420798e+01 4.821588055473864642e+01
9.050189953749500660e+01 4.852294115174723999e+01
9.533190377537300719e+01 4.882963655801419378e+01
9.200346828119141662e+01 4.913657009967803191e+01
9.365541460423854403e+01 4.944340360777949428e+01
9.425928367867696522e+01 4.974935623045312383e+01
1.013772791751144666e+02 5.005539123970803672e+01
1.081194674839913006e+02 5.036142624896295672e+01
1.135751605059785305e+02 5.066746125821786961e+01
1.153906386113059170e+02 5.097349626747277540e+01
1.200179092939495291e+02 5.127953127672770961e+01
1.242411199646960824e+02 5.158556628598260119e+01
1.283706047963752894e+02 5.189160129523753540e+01
1.289169330479084863e+02 5.219763630449244829e+01
1.251006194764448196e+02 5.250367131374735408e+01
1.281423209436868831e+02 5.280970632300227408e+01
1.254964123731962218e+02 5.311574133225719407e+01
1.222237438805562988e+02 5.342177634151211407e+01
1.154895414581156246e+02 5.372781135076704118e+01
1.175893635296648796e+02 5.403384636002193986e+01
1.125427315298376385e+02 5.433988136927685986e+01
1.126401300541040769e+02 5.464591637853177986e+01
1.054343324712942689e+02 5.495195138778669985e+01
1.017133016977052762e+02 5.525798639704162696e+01
9.784772419973185720e+01 5.556402140629652564e+01
9.444554023489581596e+01 5.587005641555144564e+01
9.017483177014271689e+01 5.617609142480636564e+01
8.058420145361660047e+01 5.648212643406127142e+01
7.259159979782860717e+01 5.678816144331619853e+01
6.054002151555665279e+01 5.709419645257111853e+01
4.103326763859929827e+01 5.740023146182602432e+01
2.113112572929948385e+01 5.770626647108094431e+01
1.889990304544571842e+01 5.836532225738540802e+01
4.105311068310584233e-01 5.902437804368988594e+01
2.807281768395657906e+00 5.968343382999434965e+01
1.093671972650524626e+00 6.034248961629882047e+01
1.929384795813783970e+00 6.100154540260327707e+01
6.016835874155257891e+00 6.166060118890776209e+01
7.091201887048686814e+00 6.231965697521222580e+01
2.221786171987445879e+00 6.297871276151669662e+01
1.060102894787621208e+00 6.363776854782116743e+01
1.786493447340400387e+00 6.429682433412564535e+01
1.050207777352203831e+00 6.495588012043009485e+01
2.659546763343057840e+00 6.561493590673458698e+01
2.380297288118214283e+00 6.627399169303905069e+01
3.838597928739186926e+00 6.693304747934352861e+01
9.970366760267140860e-01 6.759210326564800653e+01
3.126344475903133358e+00 6.825115905195248445e+01
2.016017416489058078e+00 6.891021483825694816e+01
3.206719761241596967e+00 6.956927062456142608e+01
5.201562094485108645e+00 7.022832641086588978e+01
4.324435772026546942e+00 7.088738219717035349e+01
6.632266861134717750e+00 7.154643798347483141e+01
6.608420156143732349e+00 7.220549376977930933e+01
1.957105808063521968e+00 7.286454955608377304e+01
8.468739682490843412e-01 7.352360534238823675e+01
4.212684286180152782e+00 7.418266112869270046e+01
2.404219137574569842e+00 7.484171691499717838e+01
2.462419533127897076e+00 7.550077270130164209e+01
4.458395596523700433e-01 7.615982848760612001e+01
0.000000000000000000e+00 7.681888427391058372e+01
1.075772272106575445e+00 7.747794006021504742e+01
4.870735477372326372e+00 7.813699584651952534e+01
6.161446693429679655e+00 7.879605163282400326e+01
8.827902320304824579e-01 7.945510741912846697e+01
3.024688931575260309e+00 8.011416320543293068e+01
3.535238876546959119e+00 8.077321899173740860e+01
5.509782496930169415e+00 8.143227477804188652e+01
5.342025172761811547e+00 8.209133056434636444e+01
3.224012399080230740e+00 8.275038635065081394e+01
8.833033219892856280e+00 8.340944213695530607e+01
1.550677108059289822e+00 8.406849792325976978e+01
2.857415569846720960e+00 8.472755370956423349e+01
3.574544164110130318e+00 8.538660949586869719e+01
6.110586399413270087e+00 8.604566528217318933e+01
2.111382236571611060e+00 8.670472106847765303e+01
5.413183703703417393e+00 8.736377685478211674e+01
7.164251018674389293e+00 8.802283264108658045e+01
2.184317227905025138e+00 8.868188842739107258e+01
3.844900975605745952e+00 8.934094421369553629e+01
4.196966202207709884e+00 9.000000000000000000e+01
