3.045951435002502983e+00 1.020408163265306145e-01
6.303760802757057746e+00 2.040816326530630054e-01
6.432214690633945686e+00 3.061224489795936199e-01
3.629691189185665134e+00 4.081632653061242344e-01
1.494521065062519138e+00 5.102040816326530726e-01
1.012091929389358658e+00 6.122448979591854634e-01
7.888244754180249174e-01 7.142857142857143016e-01
3.184102393326956326e-01 8.163265306122466924e-01
0.000000000000000000e+00 9.183673469387755306e-01
0.000000000000000000e+00 1.020408163265307921e+00
4.439915864601417517e-01 1.122448979591836871e+00
2.607378643031053933e+00 1.224489795918369150e+00
5.163536829574487896e+00 1.326530612244899654e+00
5.857877777020455312e+00 1.428571428571430157e+00
6.195667474568841371e+00 1.530612244897959107e+00
5.336854552790894601e+00 1.632653061224494939e+00
4.351652666596982577e+00 1.734693877551022112e+00
5.782474353327356376e+00 1.836734693877551061e+00
6.977162674087034944e+00 1.938775510204081787e+00
3.700827670673845660e+00 2.040816326530612290e+00
3.299858508852508976e-01 2.142857142857142794e+00
2.804069505959914554e+00 2.244897959183675074e+00
3.891251499901206223e+00 2.346938775510203801e+00
1.245729936464140986e+00 2.448979591836734304e+00
3.146252588442931541e-01 2.551020408163266584e+00
1.365124081219477592e+00 2.653061224489795311e+00
2.671908060398655138e+00 2.755102040816325815e+00
1.896883539776619942e+00 2.857142857142856318e+00
6.926747693974967257e-01 2.959183673469386822e+00
1.471235569100336926e+00 3.061224489795917325e+00
3.653575605916603131e+00 3.163265306122451381e+00
4.733899977408003501e+00 3.265306122448978776e+00
3.837428534573408712e+00 3.367346938775509280e+00
2.609524365383266264e+00 3.469387755102039783e+00
1.252958895918077298e+00 3.571428571428573839e+00
1.631769200796064023e+00 3.673469387755100790e+00
3.873809129952792141e+00 3.775510204081631294e+00
5.488861145610255399e+00 3.877551020408161797e+00
7.929692752433087577e+00 3.979591836734692301e+00
1.175210670676499092e+01 4.081632653061221028e+00
1.912505311237907435e+01 4.183673469387753308e+00
2.481386478649640992e+01 4.285714285714283811e+00
2.228784572916658746e+01 4.387755102040814315e+00
2.338228358059982881e+01 4.489795918367343042e+00
3.657551569754666332e+01 4.591836734693875322e+00
4.646288069090468298e+01 4.693877551020409378e+00
4.306306945318679880e+01 4.795918367346936328e+00
3.688196520296560266e+01 4.897959183673466832e+00
4.461533846953704341e+01 4.999999999999995559e+00
6.162434901340167670e+01 5.237264033462957435e+00
6.487958403779883554e+01 5.474528066925914871e+00
7.163968452364468931e+01 5.711792100388874971e+00
6.771428472119963260e+01 5.949056133851832406e+00
6.938263347573106898e+01 6.186320167314799612e+00
7.417217245153000249e+01 6.423584200777758824e+00
6.915340911528836898e+01 6.660848234240717147e+00
7.042082208534239385e+01 6.898112267703674583e+00
6.734467849792120830e+01 7.135376301166634683e+00
6.825000682316948541e+01 7.372640334629592118e+00
6.862012064923303001e+01 7.609904368092550442e+00
6.551595572552750468e+01 7.847168401555510542e+00
6.576100471452210172e+01 8.084432435018470642e+00
7.169662861424757239e+01 8.321696468481436071e+00
8.094158951833583160e+01 8.558960501944396171e+00
8.194856755503083434e+01 8.796224535407352718e+00
8.620355778629185295e+01 9.033488568870314595e+00
8.596992667062716009e+01 9.270752602333271142e+00
9.048645293988985827e+01 9.508016635796233018e+00
8.841277080607231653e+01 9.745280669259187789e+00
9.001333308657996213e+01 9.982544702722151442e+00
9.085108762767472967e+01 1.021980873618510444e+01
8.891713901665927722e+01 1.045707276964807342e+01
9.413381639412804702e+01 1.069433680311103174e+01
9.571287895028495996e+01 1.093160083657399184e+01
9.914549836414127526e+01 1.116886487003695017e+01
1.030124606611272071e+02 1.140612890349990494e+01
1.021187597372959885e+02 1.164339293696286859e+01
1.010036725026647701e+02 1.188091856622673603e+01
1.015626774553963685e+02 1.211854710503706656e+01
1.042473072059819970e+02 1.235615324002287174e+01
1.007814735246812745e+02 1.259368927374839409e+01
1.066464698878816790e+02 1.283123827366909886e+01
1.065902153113898976e+02 1.306883220574129112e+01
1.087779301950368307e+02 1.330651063666520173e+01
1.116586676004634882e+02 1.354457061534918338e+01
1.128183096253105191e+02 1.378303548941782708e+01
1.042981309146377811e+02 1.402215476342796308e+01
9.564572741533559963e+01 1.426191058374838150e+01
8.491603039730179603e+01 1.450215809369597864e+01
7.737421703194274869e+01 1.474285671807753317e+01
7.843930236834509628e+01 1.498403184870343097e+01
8.632984770877568792e+01 1.522565344645121144e+01
9.580725504344691501e+01 1.546776461120105495e+01
9.609304176160264888e+01 1.571038874629151039e+01
9.543088764184591355e+01 1.595352250544354433e+01
9.489419983507136180e+01 1.619680112465009358e+01
8.447362645825744210e+01 1.644027950888786194e+01
8.063903981141034194e+01 1.668392854809796688e+01
7.865649548131580104e+01 1.692935246527986948e+01
7.572039652858890690e+01 1.717779375797753261e+01
7.397450439125508126e+01 1.743038752602023322e+01
7.823727310387081957e+01 1.768670720315290623e+01
7.828496954417302334e+01 1.794641557904401807e+01
7.716215944714136299e+01 1.820633983860858507e+01
8.241419837186755615e+01 1.846591772216612171e+01
8.501011261694821997e+01 1.872541192130594467e+01
8.659012718483252513e+01 1.898572644827203248e+01
8.713701127641533617e+01 1.924604200787049280e+01
8.639540638997148392e+01 1.950548300526461176e+01
8.775617488142019340e+01 1.976345954086218626e+01
8.603723649612311419e+01 2.001929116292415856e+01
8.233868758546854849e+01 2.027242046303265255e+01
8.155040489805941206e+01 2.052271527997822886e+01
7.861614741914664251e+01 2.077004477101857205e+01
7.605296654835058234e+01 2.101483006880936699e+01
7.667664025911895465e+01 2.125720640467487854e+01
7.200635126030812216e+01 2.149741326889713022e+01
7.503650038931311883e+01 2.173577523657371913e+01
7.737818477933237205e+01 2.197288946086662165e+01
7.730581877020260606e+01 2.220888708052933680e+01
7.846371489207507466e+01 2.244402978780881952e+01
7.936697140829853936e+01 2.267825201840386384e+01
7.623397538425101061e+01 2.291178181512002610e+01
7.504655603077351600e+01 2.314454686356148017e+01
7.333269773123150514e+01 2.337683094905119319e+01
7.426750418339004511e+01 2.360863864416441871e+01
7.515563905334238370e+01 2.384014866366658225e+01
7.342429443091353392e+01 2.407135422460336116e+01
7.516074722428533050e+01 2.430240316286579372e+01
7.452046026495020214e+01 2.453334034457696688e+01
7.252681550113605624e+01 2.476413437637269865e+01
7.354548486988923628e+01 2.499479772140029610e+01
7.379989901434316835e+01 2.522532528757642112e+01
7.515302854398370869e+01 2.545575127964451667e+01
7.627673249263813204e+01 2.568608680918763909e+01
7.954381458783888093e+01 2.591635150652249209e+01
7.637947269800879724e+01 2.614655561643633774e+01
7.541448280485940359e+01 2.637672108327702247e+01
7.450113741585450100e+01 2.660686459701352291e+01
7.447417752473725727e+01 2.683701244219670912e+01
7.531842299946070796e+01 2.706719300210355783e+01
7.644341250638966301e+01 2.729747026819425315e+01
7.537792785928206740e+01 2.752829532983371408e+01
7.513554904824518133e+01 2.776015802976273150e+01
7.544808811035788665e+01 2.799370715990146152e+01
7.540553460591684143e+01 2.822948942559975904e+01
7.393853014416895064e+01 2.846833190162391958e+01
7.321608489434038347e+01 2.871033428609673877e+01
7.302015753528755226e+01 2.895578400179551437e+01
7.563340481648663172e+01 2.920451956604144073e+01
7.469910673910645471e+01 2.945689471497237477e+01
7.337393163312502509e+01 2.971269861444166693e+01
7.508334177007013466e+01 2.997134197301106795e+01
7.474487380202131703e+01 3.023258950863072769e+01
7.487127780428261303e+01 3.049596015085966982e+01
7.293343447372024002e+01 3.076118404776710591e+01
7.187764742353928682e+01 3.102858461259029710e+01
7.510245742201512087e+01 3.129847124193515739e+01
7.497398702761468314e+01 3.157102706842085382e+01
7.672833163427348779e+01 3.184633477575608751e+01
7.628298147072634094e+01 3.212442434954436266e+01
7.442702602942452472e+01 3.240505920329407274e+01
7.514495916379384255e+01 3.268722719586894954e+01
7.431264257136277251e+01 3.297056623272848697e+01
7.581511113828119619e+01 3.325529022964614256e+01
7.794573814268173351e+01 3.354155149009445580e+01
7.781552958788709873e+01 3.382968644649420042e+01
7.977930021045243336e+01 3.411988502204624751e+01
8.330950086490125273e+01 3.441212841287077850e+01
8.286177776062297085e+01 3.470648285841858893e+01
8.111031535986897723e+01 3.500280056201110312e+01
8.109857205584970075e+01 3.530059493201545706e+01
8.205696752755076773e+01 3.559941095454444593e+01
8.157601973377586546e+01 3.589872474326935503e+01
7.930699003110197509e+01 3.619823078780325432e+01
7.828934276400553927e+01 3.649760905110621678e+01
7.777018362120880113e+01 3.679674529826218787e+01
7.828451974436094929e+01 3.709539131827479963e+01
8.160992460408557747e+01 3.739338555035826772e+01
8.245113991083636051e+01 3.769055057935673858e+01
8.771102064754033734e+01 3.798695950622194317e+01
8.530217190817238304e+01 3.828285756659519734e+01
8.552894209246524326e+01 3.857851843333471464e+01
8.913521385548148146e+01 3.887444221313626258e+01
8.816631793230646963e+01 3.917069226814781047e+01
8.702628020694966438e+01 3.946746673479677980e+01
8.691960541904626325e+01 3.976482631923060751e+01
8.879255797972284370e+01 4.006295917666257367e+01
9.531610356612023338e+01 4.036220104394507757e+01
9.441574935694947612e+01 4.066267553919056610e+01
9.721417845386871193e+01 4.096476481396693714e+01
9.952081727528469912e+01 4.126870961537846938e+01
9.736590329686825385e+01 4.157486817521787259e+01
1.006447587726083128e+02 4.188313075253368822e+01
1.016144978315881104e+02 4.219321535654650290e+01
1.060088800082779983e+02 4.250370002085742271e+01
1.081552408040240181e+02 4.281332883639659315e+01
1.113064827177795451e+02 4.312124325187274110e+01
1.094941054718786404e+02 4.342723708565234375e+01
1.083594143004656445e+02 4.373152376104671646e+01
1.044270300987388822e+02 4.403555424267818097e+01
1.060061934351956126e+02 4.434155452660331065e+01
9.816420934512845520e+01 4.464894002442399312e+01
9.593762370414582108e+01 4.495722235598103822e+01
9.409265750677877804e+01 4.526607908564033522e+01
9.444839194007936101e+01 4.557538863305943977e+01
8.993750329902553631e+01 4.588494519215619505e+01
8.830420571521455031e+01 4.619453015758494985e+01
8.875651201870324769e+01 4.650404482874534295e+01
8.717186861990711577e+01 4.681339521710683726e+01
8.661598514910579638e+01 4.712262992844557630e+01
9.174211949225272633e+01 4.743196207635219253e+01
9.345472495850799532e+01 4.774177773650849588e+01
9.461002591863014288e+01 4.805253061066672160e+01
1.017009096562913157e+02 4.836451065948698869e+01
1.043800002750004552e+02 4.867769616213165307e+01
1.067444985789401102e+02 4.899174556254384072e+01
1.024296525897965751e+02 4.930556560375313779e+01
1.010484890629231245e+02 4.961567429104925253e+01
9.911290384744131643e+01 4.992205731362627574e+01
1.058385254059337655e+02 5.022550010357927874e+01
1.021987158722080551e+02 5.052679431444641978e+01
1.050396533257340224e+02 5.082772917040356475e+01
1.039878330386870573e+02 5.113129200117243300e+01
1.056859210145508712e+02 5.143485483194130126e+01
1.142530612548736144e+02 5.173841766271014819e+01
1.180507653249820379e+02 5.204198049347900223e+01
1.242516349683505723e+02 5.234554332424788470e+01
1.300202657807327853e+02 5.264910615501673874e+01
1.320666606824842404e+02 5.295266898578559989e+01
1.279156123347377445e+02 5.325623181655446814e+01
1.273583319020787883e+02 5.355979464732333639e+01
1.219126383048704696e+02 5.386335747809219043e+01
1.178278025300988645e+02 5.416692030886103737e+01
1.137260230568675041e+02 5.447048313962990562e+01
1.091250648188686370e+02 5.477404597039877387e+01
1.055547060576194838e+02 5.507760880116762792e+01
1.084871969465697248e+02 5.538117163193649617e+01
1.063602327379442016e+02 5.568473446270535732e+01
9.945730941623443755e+01 5.598829729347422557e+01
9.415192087692470579e+01 5.629186012424307251e+01
9.215532823591746592e+01 5.659542295501194076e+01
8.470489995235871561e+01 5.689898578578080901e+01
7.731671475134893967e+01 5.720254861654966305e+01
7.236583014377723089e+01 5.750611144731850999e+01
6.241043451437442258e+01 5.780967427808739956e+01
4.414966738789244971e+01 5.811323710885626070e+01
2.639796840198021144e+01 5.841679993962510764e+01
2.926626223399852833e+01 5.906135504289807159e+01
6.785785530163034984e+00 5.970591014617102132e+01
5.764404706925779109e+00 6.035046524944397817e+01
1.080444138640348228e+01 6.099502035271693501e+01
7.658322884937038388e+00 6.163957545598989896e+01
9.242637005168402808e+00 6.228413055926284869e+01
9.768097900913666365e+00 6.292868566253581264e+01
3.185276595555782020e+00 6.357324076580876238e+01
7.633929882503364794e+00 6.421779586908172632e+01
5.481803297928151686e+00 6.486235097235467606e+01
3.995725147598698790e+00 6.550690607562762580e+01
5.645631520781608792e+00 6.615146117890058974e+01
1.382032588590288036e+01 6.679601628217353948e+01
6.405947987296859658e+00 6.744057138544650343e+01
2.129436347923495898e+00 6.808512648871946737e+01
6.613952464805388232e-01 6.872968159199243132e+01
6.209820063928077616e+00 6.937423669526538106e+01
3.578219459432475436e+00 7.001879179853834501e+01
5.585380702923417928e+00 7.066334690181129474e+01
9.437737041878129673e+00 7.130790200508424448e+01
8.191837869387716964e+00 7.195245710835720843e+01
4.205084310380379442e+00 7.259701221163015816e+01
4.919886811640139967e+00 7.324156731490312211e+01
4.709288443503405475e+00 7.388612241817608606e+01
6.135200385494280262e+00 7.453067752144903579e+01
8.351628748821537940e+00 7.517523262472198553e+01
3.207078696428555364e+00 7.581978772799494948e+01
5.775916442733650236e+00 7.646434283126791343e+01
6.832843047571746098e-01 7.710889793454084895e+01
6.717326055887843594e+00 7.775345303781382711e+01
6.568164799375883156e+00 7.839800814108676263e+01
8.233056553731076477e+00 7.904256324435974079e+01
5.359676721437290681e+00 7.968711834763269053e+01
5.072811132398501677e+00 8.033167345090564027e+01
4.527009582078653338e+00 8.097622855417859000e+01
3.323159326682260106e-01 8.162078365745155395e+01
7.289973439550126777e+00 8.226533876072451790e+01
5.856301135266215319e+00 8.290989386399746763e+01
2.009125479291426153e+00 8.355444896727044579e+01
1.350948138428219147e+00 8.419900407054339553e+01
3.768649561453527141e+00 8.484355917381633105e+01
5.588995559027857496e+00 8.548811427708929500e+01
2.859533193650286353e+00 8.613266938036224474e+01
1.346575848312974409e-02 8.677722448363522290e+01
3.694525912446146698e+00 8.742177958690817263e+01
7.069990419376374291e+00 8.806633469018113658e+01
4.780290396368052974e+00 8.871088979345407211e+01
6.836127233631648537e+00 8.935544489672702184e+01
1.249544861938731710e+00 9.000000000000000000e+01
