0.000000000000000000e+00 1.020408163265308088e-01
1.536351674499079369e-02 2.040816326530635050e-01
2.081063646516896626e-01 3.061224489795908443e-01
5.870992291823215581e+00 4.081632653061200711e-01
1.095180180339531795e+01 5.102040816326508521e-01
1.023780432636235105e+01 6.122448979591851304e-01
8.078775681005026854e+00 7.142857142857159669e-01
4.594901056048501964e+00 8.163265306122468035e-01
1.615531994280377637e+00 9.183673469387725330e-01
1.938708597973663794e+00 1.020408163265306811e+00
3.974534813386796372e+00 1.122448979591837537e+00
4.897423496076919847e+00 1.224489795918368262e+00
4.300061899863010240e+00 1.326530612244897434e+00
2.684676498624503083e+00 1.428571428571428159e+00
8.250360837682298998e-01 1.530612244897958885e+00
5.099480615725766608e-01 1.632653061224489610e+00
1.473786696853371048e+00 1.734693877551020336e+00
2.755812479017277106e+00 1.836734693877549507e+00
5.478647154330149149e+00 1.938775510204083785e+00
6.720557923766353525e+00 2.040816326530609626e+00
3.268650386272999864e+00 2.142857142857140573e+00
1.964011632029553311e+00 2.244897959183671521e+00
5.419303631044624758e+00 2.346938775510205577e+00
7.828051140960771370e+00 2.448979591836736525e+00
9.208599241583961259e+00 2.551020408163263919e+00
1.069343746612600832e+01 2.653061224489793091e+00
9.605468542763702544e+00 2.755102040816327147e+00
7.989034631448103774e+00 2.857142857142858094e+00
4.057671846943219585e+00 2.959183673469389042e+00
5.195581729679329963e-02 3.061224489795918213e+00
0.000000000000000000e+00 3.163265306122447384e+00
0.000000000000000000e+00 3.265306122448979664e+00
0.000000000000000000e+00 3.367346938775510612e+00
0.000000000000000000e+00 3.469387755102039783e+00
4.951174435038152022e-01 3.571428571428570731e+00
1.268172286397798443e+00 3.673469387755101678e+00
2.156456065343864914e+00 3.775510204081630850e+00
2.850904951807996301e+00 3.877551020408161797e+00
2.035046283838950032e+00 3.979591836734692745e+00
5.915056572912918975e-01 4.081632653061227245e+00
3.168584558284875285e+00 4.183673469387756860e+00
7.449803983153172382e+00 4.285714285714283811e+00
1.602004112381880674e+01 4.387755102040814315e+00
2.614930118765078859e+01 4.489795918367348371e+00
3.621313037627561471e+01 4.591836734693877986e+00
4.814005409604853014e+01 4.693877551020406713e+00
5.183927785477133199e+01 4.795918367346934552e+00
4.665598325733804330e+01 4.897959183673470385e+00
4.439410239227683519e+01 5.000000000000000888e+00
4.369989533069460208e+01 5.237139601234785502e+00
6.500800747404601054e+01 5.474279202469571004e+00
6.865251052461026404e+01 5.711418803704357394e+00
7.529724721638773133e+01 5.948558404939150890e+00
8.278397914866778251e+01 6.185698006173936392e+00
7.704946670521719909e+01 6.422837607408721006e+00
7.179066595029890152e+01 6.659977208643510949e+00
7.272180433205510042e+01 6.897116809878297339e+00
6.884082251101344241e+01 7.134256411113083729e+00
7.015700314877068422e+01 7.371396012347867455e+00
7.109242855645393888e+01 7.608535613582660950e+00
8.295291851796986293e+01 7.845675214817447340e+00
8.553171700017557555e+01 8.082814816052234619e+00
8.548735567782158284e+01 8.319954417287018344e+00
8.925919450769397656e+01 8.557094018521809176e+00
9.278858772203290073e+01 8.794233619756594678e+00
1.009147641021268242e+02 9.031373220991381956e+00
1.018979994613192446e+02 9.268512822226171011e+00
1.019436195977021669e+02 9.505652423460958289e+00
1.054448561933482580e+02 9.742792024695742015e+00
9.499705938100537139e+01 9.979931625930529293e+00
9.338320188307730518e+01 1.021707122716531657e+01
9.543911801292078678e+01 1.045421082840010030e+01
9.405058083561711157e+01 1.069135042963488758e+01
1.013513584932872647e+02 1.092849003086967841e+01
1.053855429863877902e+02 1.116562963210446924e+01
1.077654875901791627e+02 1.140276923333925296e+01
1.092214634029997598e+02 1.163990883457403669e+01
1.115298714442059236e+02 1.187739264449909982e+01
1.115518154392432848e+02 1.211500703792775546e+01
1.125105862307392073e+02 1.235272656283926196e+01
1.111212937810817465e+02 1.259060395050589776e+01
1.011579981828330830e+02 1.282862308847395383e+01
1.016200667076438720e+02 1.306676937646604486e+01
1.019338250576908820e+02 1.330503563585069671e+01
1.008266751234637582e+02 1.354342376827824168e+01
1.016558790553294926e+02 1.378218285545933597e+01
1.039747499831536999e+02 1.402136807050356992e+01
1.057063713192882801e+02 1.426140263772648709e+01
1.024859629250999689e+02 1.450219468100078402e+01
8.560219128906302899e+01 1.474389098159043954e+01
7.945433023583004228e+01 1.498627534668503358e+01
8.338073791443693494e+01 1.522913993010485711e+01
8.792179743208266984e+01 1.547234494411793904e+01
9.621766458614987982e+01 1.571579583493871368e+01
9.703039706459171043e+01 1.595934331856204835e+01
9.586023788327196371e+01 1.620296675152086863e+01
9.070830910018975146e+01 1.644657979140967541e+01
8.812327871830316894e+01 1.669017498362384089e+01
8.657105282416490866e+01 1.693549929236338514e+01
8.396018044229732880e+01 1.718335229569151323e+01
8.060999485275985421e+01 1.743452144981893781e+01
7.861066254938715758e+01 1.769028506167405013e+01
8.466511334603383432e+01 1.794932189834303671e+01
8.805405041199632876e+01 1.821055782538774892e+01
8.927210480597800313e+01 1.847202840602297158e+01
8.595039440316350010e+01 1.873320787962621381e+01
8.282993399660173850e+01 1.899391675332097762e+01
8.755429462360227433e+01 1.925355377182892624e+01
8.231294981287263113e+01 1.951210061644981764e+01
7.799854888471746506e+01 1.976920640890770997e+01
8.134498622834547632e+01 2.002477448218659006e+01
8.062123529009748779e+01 2.027866469262919225e+01
7.948553636430341385e+01 2.053053000811326001e+01
7.824282169979855439e+01 2.078032445646962856e+01
7.175337570134186649e+01 2.102784706572612805e+01
7.566294583440216570e+01 2.127298965027562971e+01
7.601649977723579354e+01 2.151590277610789670e+01
7.702735888232683692e+01 2.175684314558119326e+01
7.615235247666190332e+01 2.199621278788200485e+01
7.775122778297310333e+01 2.223430704886806097e+01
7.913911478744826411e+01 2.247155021061550428e+01
8.061904133225432645e+01 2.270792801160169816e+01
7.749143114286592038e+01 2.294356717733390738e+01
7.846677716231661748e+01 2.317852978721651169e+01
7.735182838958185414e+01 2.341289592997568647e+01
7.697979453250603399e+01 2.364682038077878801e+01
7.917136088817267137e+01 2.388025721781975008e+01
7.788855658723997522e+01 2.411322177706820113e+01
7.340685866295405049e+01 2.434585215110449141e+01
7.248843489138391760e+01 2.457813424311225603e+01
7.339176797195514723e+01 2.481017131688328448e+01
7.451293900867854347e+01 2.504208872466896096e+01
7.444444598786354561e+01 2.527386098619747656e+01
7.430953016044830406e+01 2.550556326817913799e+01
7.726879621135583420e+01 2.573720393202711421e+01
7.678864065600177469e+01 2.596879996003448454e+01
7.535623373845037065e+01 2.620034674715176948e+01
7.731030176432778944e+01 2.643185745579450696e+01
7.893329559392958572e+01 2.666333803922612233e+01
7.863147410123471559e+01 2.689480651555375701e+01
7.926397175092472480e+01 2.712633387074144764e+01
8.228336939459295252e+01 2.735821714441085462e+01
8.188584093750642978e+01 2.759084750778890793e+01
7.914309841547206759e+01 2.782476618276343672e+01
7.692172277882234255e+01 2.806041135728072433e+01
7.772909755649898500e+01 2.829799300495034942e+01
7.525259597062705552e+01 2.853767781046635221e+01
7.540532484851745210e+01 2.877937524177216844e+01
7.579025032114408589e+01 2.902303902017905202e+01
7.525501761359268471e+01 2.926925001876774957e+01
7.726696782994487478e+01 2.951784245448227040e+01
7.570224607439709530e+01 2.976909896946752809e+01
7.514912022467636632e+01 3.002363527731344917e+01
7.699210475242657026e+01 3.028154688107638037e+01
7.679889515538785361e+01 3.054291675176533971e+01
7.513748395227952415e+01 3.080734219723272815e+01
7.598297660580395529e+01 3.107402933270884304e+01
7.652602507992931180e+01 3.134318839487024988e+01
7.457083282839037963e+01 3.161570019778955043e+01
7.391442760540334689e+01 3.189142556293035113e+01
7.317664495647643719e+01 3.217017606731716484e+01
7.471266932855355947e+01 3.245098242946423284e+01
7.467025162780059588e+01 3.273396771463534805e+01
7.680838239910487175e+01 3.301835118456877183e+01
7.391044644660524909e+01 3.330465027783186116e+01
7.220693578370078569e+01 3.359313269838628457e+01
7.460994788926147692e+01 3.388392027796458450e+01
7.445196881996284333e+01 3.417712483931294543e+01
7.340357423220032729e+01 3.447273653875198107e+01
7.165353179714414011e+01 3.477098130019460598e+01
7.466723577116205490e+01 3.507126070305856302e+01
7.491546680807238090e+01 3.537257719093337016e+01
7.390458365069405033e+01 3.567422428566088399e+01
7.340568774130271379e+01 3.597569951887017936e+01
7.676942459331672808e+01 3.627699878242747644e+01
7.354296199803927436e+01 3.657804490206380876e+01
7.577335593195860497e+01 3.687868969213934633e+01
7.626539582061768385e+01 3.717881322849556369e+01
7.718649158219352557e+01 3.747836452849146838e+01
7.854082693627970002e+01 3.777730267486899152e+01
8.125871523537844610e+01 3.807564028902563535e+01
8.870436207849682830e+01 3.837347166515939989e+01
9.129345816855084195e+01 3.867104444782784611e+01
8.735717022281691868e+01 3.896864179872264344e+01
8.809275294585772542e+01 3.926653563017741533e+01
8.880951381048798510e+01 3.956477265018214240e+01
9.008409827679010107e+01 3.986343573690037090e+01
9.153145284503411006e+01 4.016253276214367673e+01
9.112703811753503658e+01 4.046204919744417339e+01
9.241064661262549862e+01 4.076199540997956916e+01
9.653990335596628825e+01 4.106241415722786314e+01
9.584447543934358293e+01 4.136332502125443966e+01
1.028086637110032768e+02 4.166493671173949309e+01
1.087053865064944205e+02 4.196733655314151434e+01
1.120275447840692493e+02 4.227046326715738900e+01
1.142205059333572024e+02 4.257404091213917496e+01
1.145712454640152771e+02 4.287771817562300924e+01
1.171124316677334321e+02 4.318142502817067196e+01
1.130656043747181201e+02 4.348518000069394418e+01
1.088438227967938161e+02 4.378903063834550835e+01
1.071987618766404182e+02 4.409301208932595273e+01
1.078531613381285439e+02 4.439708137339590621e+01
1.050246565925653925e+02 4.470143245885978445e+01
1.043324031425541563e+02 4.500668077535026868e+01
1.049180864678112641e+02 4.531306071573095551e+01
1.042461900442114171e+02 4.562027714128025480e+01
1.000442116471751604e+02 4.592790425648900765e+01
9.578760667302888976e+01 4.623595766944992391e+01
9.768991908637305244e+01 4.654457874916580806e+01
9.685454556016587446e+01 4.685420049998576530e+01
8.843322425853870072e+01 4.716534432279238587e+01
9.475157426523338700e+01 4.747880435550709421e+01
9.372321935883813637e+01 4.779496818534678226e+01
9.770912391391772189e+01 4.811384249196443363e+01
9.828788457365881470e+01 4.843479215962762652e+01
9.479820848704255809e+01 4.875729631358333194e+01
9.959864711775519197e+01 4.907956023072500074e+01
1.009697884475861542e+02 4.939889037972226049e+01
1.058597571764514100e+02 4.971436173928560009e+01
1.076858482735196816e+02 5.002760248445686386e+01
1.128281411347141301e+02 5.034555190086305743e+01
1.179310077258674596e+02 5.066350131726925810e+01
1.162137383934971808e+02 5.098145073367543034e+01
1.191282496686519039e+02 5.129940015008163101e+01
1.154876579707442374e+02 5.161734956648780326e+01
1.134357980861986874e+02 5.193529898289400393e+01
1.140641143112327001e+02 5.225324839930017617e+01
1.204116294965451743e+02 5.257119781570638395e+01
1.263092548911593127e+02 5.288914723211256330e+01
1.277782523030993644e+02 5.320709664851877108e+01
1.209729653786765056e+02 5.352504606492495043e+01
1.228511679015275746e+02 5.384299548133113689e+01
1.192451355815695564e+02 5.416094489773732334e+01
1.175102264601455460e+02 5.447889431414350980e+01
1.134406572187170070e+02 5.479684373054971758e+01
1.071745799542034234e+02 5.511479314695588272e+01
1.046439561220328898e+02 5.543274256336208339e+01
1.014094187837316952e+02 5.575069197976826274e+01
1.006623791031744304e+02 5.606864139617447051e+01
9.607263332300695424e+01 5.638659081258063566e+01
9.317977420350715079e+01 5.670454022898683633e+01
8.571791253571350921e+01 5.702248964539303699e+01
7.960178620938499705e+01 5.734043906179921635e+01
7.477765188914709427e+01 5.765838847820542412e+01
6.790007595986261890e+01 5.797633789461158926e+01
6.013114452442730595e+01 5.829428731101778993e+01
4.350374449869737958e+01 5.861223672742399060e+01
3.242244930708786654e+01 5.893018614383016995e+01
2.942436105646089572e+01 5.956426397762956526e+01
7.982534620266672043e+00 6.019834181142894636e+01
1.239396739011492876e+01 6.083241964522832745e+01
9.296924202257937253e+00 6.146649747902771566e+01
2.679895662327318462e+00 6.210057531282710386e+01
5.491575811506975491e+00 6.273465314662648495e+01
4.560106372060363178e+00 6.336873098042586605e+01
8.538736064561575745e+00 6.400280881422524715e+01
3.276257526767701211e+00 6.463688664802462824e+01
4.641076994660221722e+00 6.527096448182400934e+01
2.799025313217260447e+00 6.590504231562340465e+01
1.088744160301991570e+01 6.653912014942277153e+01
2.226722873999445795e+00 6.717319798322216684e+01
4.511141187833583643e+00 6.780727581702154794e+01
2.543271099103403099e+00 6.844135365082094324e+01
4.362781935440738224e+00 6.907543148462033855e+01
2.284739645981697542e+00 6.970950931841970544e+01
3.609107249150947716e+00 7.034358715221908653e+01
2.697169618978668026e+00 7.097766498601848184e+01
1.033730134827856340e+01 7.161174281981786294e+01
6.246390763310391669e+00 7.224582065361724403e+01
2.053337072951074704e-01 7.287989848741662513e+01
6.191204714634071848e+00 7.351397632121600623e+01
7.628897868612390276e+00 7.414805415501540153e+01
3.392944478047866141e+00 7.478213198881476842e+01
6.269304604354696053e+00 7.541620982261416373e+01
4.394110834572380497e+00 7.605028765641353061e+01
6.991982573401471779e-01 7.668436549021292592e+01
6.367415335745400640e+00 7.731844332401232123e+01
2.634958548944765777e+00 7.795252115781168811e+01
2.201109885633316665e+00 7.858659899161108342e+01
3.434697440108676059e+00 7.922067682541046452e+01
3.467260827065929085e+00 7.985475465920985982e+01
3.989933897274910990e+00 8.048883249300922671e+01
1.613128663363077697e+00 8.112291032680860781e+01
3.474774871463978343e+00 8.175698816060800311e+01
8.481372353506500872e+00 8.239106599440739842e+01
4.528218200977176977e+00 8.302514382820677952e+01
2.729968091444330280e+00 8.365922166200616061e+01
8.818144304790621391e+00 8.429329949580554171e+01
3.956722524733621960e+00 8.492737732960493702e+01
3.527636771470968213e+00 8.556145516340431811e+01
2.148395276284274402e+00 8.619553299720371342e+01
5.591374770291963614e+00 8.682961083100308031e+01
6.491017612706076356e+00 8.746368866480247561e+01
5.063085367498886491e+00 8.809776649860185671e+01
1.471313043935688736e+00 8.873184433240123781e+01
5.867247019205022340e+00 8.936592216620061890e+01
4.719367035386852649e+00 9.000000000000000000e+01
