7.595488748359287001e-01 1.020408163265325852e-01
1.369874688227209703e+00 2.040816326530635050e-01
2.019506196312995439e+00 3.061224489795960624e-01
1.824540164909292272e+00 4.081632653061234572e-01
6.844234308139146572e-01 5.102040816326560702e-01
0.000000000000000000e+00 6.122448979591852414e-01
0.000000000000000000e+00 7.142857142857178543e-01
0.000000000000000000e+00 8.163265306122470255e-01
0.000000000000000000e+00 9.183673469387761967e-01
1.224167236601560044e-01 1.020408163265308810e+00
9.985163146987126037e-01 1.122448979591841312e+00
2.054031304534168711e+00 1.224489795918370483e+00
1.613493075863960513e+00 1.326530612244899654e+00
9.455605808372130605e-01 1.428571428571432156e+00
4.642702709746945322e-01 1.530612244897962881e+00
1.983555279487798570e-02 1.632653061224493829e+00
0.000000000000000000e+00 1.734693877551023000e+00
0.000000000000000000e+00 1.836734693877553726e+00
7.006523263228238152e-01 1.938775510204086228e+00
1.058657971287953803e+00 2.040816326530615399e+00
1.367694605937989305e+00 2.142857142857142794e+00
2.491922523088402119e+00 2.244897959183673741e+00
2.868238427379198985e+00 2.346938775510211350e+00
2.759824218855912559e+00 2.448979591836738745e+00
2.258602503563127861e+00 2.551020408163267916e+00
1.970778138665188584e+00 2.653061224489795311e+00
1.696143324552281673e+00 2.755102040816329811e+00
7.100669308911885524e-01 2.857142857142860759e+00
5.666686033364704000e-01 2.959183673469391707e+00
2.025548911100394811e+00 3.061224489795919101e+00
2.490612851644125936e+00 3.163265306122451825e+00
1.051718159626618743e+00 3.265306122448986326e+00
1.028217013797934343e-01 3.367346938775513721e+00
3.482679813306552297e-01 3.469387755102044668e+00
2.340587292918721474e+00 3.571428571428572063e+00
1.048362888592480857e+01 3.673469387755104787e+00
1.996424091852457394e+01 3.775510204081635734e+00
3.545511071960801530e+01 3.877551020408166682e+00
4.688176055010009691e+01 3.979591836734701182e+00
3.070589515896871546e+01 4.081632653061228133e+00
1.707173154985586194e+01 4.183673469387760413e+00
2.080524768316271889e+01 4.285714285714287364e+00
2.381944080395152241e+01 4.387755102040817867e+00
2.525800378291190995e+01 4.489795918367350147e+00
3.005425903444297830e+01 4.591836734693882427e+00
3.962524578117700713e+01 4.693877551020411154e+00
4.730443777145244155e+01 4.795918367346941658e+00
5.262526773105748390e+01 4.897959183673470385e+00
5.792883338485649602e+01 4.999999999999999112e+00
6.398691241501263249e+01 5.238369365212379947e+00
6.195662666178017730e+01 5.476738730424766999e+00
6.686114127014688790e+01 5.715108095637144281e+00
6.091857906648603915e+01 5.953477460849532221e+00
6.174210986949250923e+01 6.191846826061909503e+00
5.901561089124714243e+01 6.430216191274290338e+00
7.049733430560408465e+01 6.668585556486674726e+00
6.601703537786525544e+01 6.906954921699059113e+00
6.781978988192774693e+01 7.145324286911439060e+00
6.669754760319715103e+01 7.383693652123822559e+00
7.230704912275196250e+01 7.622063017336207835e+00
7.634736215767821932e+01 7.860432382548586894e+00
7.252847729261733889e+01 8.098801747760965952e+00
7.840167366913135538e+01 8.337171112973351228e+00
7.927171913686903792e+01 8.575540478185731175e+00
8.838863960472197334e+01 8.813909843398116450e+00
8.834227570574675781e+01 9.052279208610499950e+00
8.754937867883110414e+01 9.290648573822881673e+00
8.565838997923079035e+01 9.529017939035263396e+00
8.897108468254452873e+01 9.767387304247643343e+00
8.781381904971638619e+01 1.000575666946003039e+01
8.948360557063570297e+01 1.024412603467240679e+01
8.803031620317156580e+01 1.048249539988479384e+01
9.211364404327488842e+01 1.072086476509717201e+01
9.334592287868429139e+01 1.095923413030955373e+01
8.943880687904589877e+01 1.119760349552194079e+01
9.241136282865895168e+01 1.143597286073431718e+01
8.917882313799296412e+01 1.167436147055045126e+01
9.072919744656098828e+01 1.191269235359293432e+01
9.505621358646071428e+01 1.215102583033812067e+01
9.495936740624951256e+01 1.238949353657877595e+01
9.633088448037261742e+01 1.262851095247557787e+01
9.764117272746968013e+01 1.286794708496284656e+01
9.975726848284075743e+01 1.310827543276734986e+01
1.034875371910865169e+02 1.334936265554587109e+01
1.041761634270245338e+02 1.359116669043837788e+01
1.055761661043351580e+02 1.383367964203447187e+01
1.007840411177412392e+02 1.407690570953817399e+01
8.709972085508454143e+01 1.432050044194719973e+01
8.052743219479938830e+01 1.456443580191761455e+01
8.011491511129115395e+01 1.480872826654876562e+01
8.571521841194986280e+01 1.505308970066577245e+01
8.345217263215772618e+01 1.529739573500502559e+01
8.226043661152027653e+01 1.554149349122267409e+01
8.332291939446358242e+01 1.578532909603458023e+01
8.360140406418329917e+01 1.602891389270009981e+01
8.307718586718803522e+01 1.627231997956469556e+01
7.879795763653552854e+01 1.651546968856412789e+01
8.161971745387337762e+01 1.675851936168171363e+01
8.117842322674948718e+01 1.700199785562902122e+01
7.978492039253512758e+01 1.724726789529705329e+01
8.270963478335954733e+01 1.749524686024753706e+01
8.697143984501572334e+01 1.774581101473870248e+01
8.492021280271352168e+01 1.799956377939236418e+01
9.130215885112737340e+01 1.825616926395821338e+01
9.181501262084678672e+01 1.851407010809932174e+01
9.254401145364747094e+01 1.877138327348890812e+01
9.284423307517032242e+01 1.902850645231938387e+01
9.079943958944743088e+01 1.928519277614478256e+01
9.177213174969814702e+01 1.954117788689240243e+01
8.847238820739156040e+01 1.979575794456246385e+01
8.576505953247762193e+01 2.004796582394356008e+01
8.244051892126589109e+01 2.029730485890577896e+01
8.196404549592594435e+01 2.054306751600704928e+01
7.866134820658525939e+01 2.078560479380993797e+01
7.511786749117256079e+01 2.102567616444497389e+01
7.610650002111948709e+01 2.126432059555819976e+01
7.617720285678845471e+01 2.150227556882396840e+01
7.380959800000117355e+01 2.173962346986660066e+01
7.378002957836645237e+01 2.197611387683517492e+01
7.464807586964481345e+01 2.221178920113465693e+01
7.509563029920424526e+01 2.244661465731863714e+01
7.122367191281615817e+01 2.268074126094579412e+01
7.207493625267780146e+01 2.291424228358866344e+01
7.301345684780230272e+01 2.314728509289805913e+01
7.251772993264646061e+01 2.337991202959287662e+01
6.972099244702765475e+01 2.361220315014553961e+01
6.830234391961977281e+01 2.384407988810200862e+01
7.164222858036703201e+01 2.407574419415039202e+01
7.177128118820843383e+01 2.430715028178028092e+01
7.412981561121164020e+01 2.453842063894645520e+01
7.480069011046552419e+01 2.476958108528647884e+01
7.512616580178307402e+01 2.500065021947468580e+01
7.482494746656716700e+01 2.523161926857282467e+01
7.480620748369777573e+01 2.546247562996014935e+01
7.668950687331512484e+01 2.569329593883803753e+01
7.811411854624398643e+01 2.592410835028465854e+01
7.745909241709263426e+01 2.615493494514240425e+01
7.412752726459380881e+01 2.638592003847870515e+01
7.662570110466904794e+01 2.661726130198439222e+01
7.512207022137971535e+01 2.684919459469823977e+01
7.378847052926816730e+01 2.708187925310896205e+01
7.798464518656338385e+01 2.731540751634516795e+01
7.904443632299276601e+01 2.754991382714633019e+01
7.383522580904704569e+01 2.778566540915259253e+01
7.058636229276902441e+01 2.802279230865692128e+01
7.259302819376642901e+01 2.826135298109027261e+01
7.114880382901056066e+01 2.850177725339220203e+01
7.053476026149982658e+01 2.874425517826842480e+01
7.165323748443465490e+01 2.898874058955927424e+01
7.057532009882774560e+01 2.923589651837864167e+01
7.058980308496924749e+01 2.948621898197922064e+01
6.931824295760320354e+01 2.973969937800246299e+01
6.920990960204274245e+01 2.999722233965008655e+01
6.799149084738390059e+01 3.025802551555377207e+01
7.100581370653927138e+01 3.052273607673711453e+01
6.966593882930085613e+01 3.079002675312809956e+01
6.799045925298457860e+01 3.106010684162620805e+01
7.311091047680577049e+01 3.133553143998538104e+01
6.928214433642187942e+01 3.161403331638127767e+01
6.938436410987708314e+01 3.189423129847230953e+01
6.903375528153596008e+01 3.217554590042595919e+01
7.077723149489571597e+01 3.245804877438394698e+01
7.231197305783369700e+01 3.274258912819904310e+01
6.987673948524583523e+01 3.302898748269932838e+01
7.432818199623639543e+01 3.331760459783266271e+01
6.949404057956701308e+01 3.360868755991015178e+01
6.846843580029342036e+01 3.390207700062797613e+01
7.056346468467867794e+01 3.419758242237333690e+01
7.035226449212956368e+01 3.449505327806171806e+01
6.977121894772980681e+01 3.479423674737687122e+01
6.863222142460634245e+01 3.509473565871503098e+01
7.139250517216632375e+01 3.539579814299955274e+01
7.456646005655775866e+01 3.569716736567909976e+01
7.711633593072296833e+01 3.599848660879973039e+01
8.023091689400321513e+01 3.629951497687503092e+01
8.208609495326078331e+01 3.660014074926321115e+01
8.496339923041217901e+01 3.690031678962520800e+01
7.988203083675047367e+01 3.719993746600935935e+01
7.865809054022587077e+01 3.749898719623552523e+01
7.794069131353043645e+01 3.779748769637161843e+01
8.081220973730306412e+01 3.809556475834408218e+01
7.666269845350512924e+01 3.839335556912724456e+01
7.678018846138789399e+01 3.869102463039403972e+01
7.484388638185525622e+01 3.898854131984465710e+01
7.343387913775582376e+01 3.928587561265806016e+01
7.729380857448300901e+01 3.958302374275923086e+01
7.610308728371083475e+01 3.988008511358095376e+01
7.779474384287213695e+01 4.017717060639425597e+01
7.712779833671939400e+01 4.047440757214886986e+01
7.947140251268353950e+01 4.077190933515048243e+01
8.426758453214077349e+01 4.106984540144394202e+01
8.481910066351720445e+01 4.136845504414887387e+01
8.680885745605667125e+01 4.166842239414422266e+01
9.339363070942175682e+01 4.197054902540218535e+01
9.988699139777000369e+01 4.227588539186250927e+01
1.074393030893299681e+02 4.258447120215684123e+01
1.064253613159232401e+02 4.289449342519043995e+01
1.108851984807263733e+02 4.320397539714665669e+01
1.055351311356422741e+02 4.351213598389683312e+01
1.037309115557925168e+02 4.381941305121722507e+01
1.001462701204036279e+02 4.412654740330314951e+01
9.251204397290729275e+01 4.443409652204852733e+01
8.914024348513464702e+01 4.474258686850401290e+01
9.331301439601942604e+01 4.505207028388647217e+01
9.342826163267969264e+01 4.536232260272347361e+01
8.890089666327543227e+01 4.567296091775877187e+01
8.731759223139469839e+01 4.598378442519907594e+01
8.776454370832608731e+01 4.629443791265843089e+01
8.684115738855982158e+01 4.660470480282347694e+01
8.543750737275121310e+01 4.691437698990078786e+01
8.447687831768345745e+01 4.722342113221414195e+01
8.499422797246846528e+01 4.753189817545155194e+01
8.284666935659929266e+01 4.783997210834002800e+01
8.900609984141570408e+01 4.814805208354555077e+01
8.854697288030639868e+01 4.845659280864533969e+01
9.140055635862799477e+01 4.876531261185063926e+01
9.133444420749302139e+01 4.907358329717075662e+01
8.992560428794041627e+01 4.938351412706654742e+01
9.154108526890745168e+01 4.969409827288056647e+01
9.729516653737015019e+01 5.000468241869457131e+01
1.013267646307900094e+02 5.031526656450857615e+01
1.009085206051646679e+02 5.062585071032260942e+01
9.816376686193461865e+01 5.093643485613662136e+01
9.968375718137286867e+01 5.124701900195064042e+01
1.058303661194432834e+02 5.155760314776465947e+01
1.104614658700036784e+02 5.186818729357867142e+01
1.128747745630270742e+02 5.217877143939268336e+01
1.175460576927935108e+02 5.248935558520670241e+01
1.163527574867894572e+02 5.279993973102070726e+01
1.210917927254355106e+02 5.311052387683471920e+01
1.214728506350900830e+02 5.342110802264873115e+01
1.124184960547648870e+02 5.373169216846277152e+01
1.069830448420924967e+02 5.404227631427677636e+01
1.076893706432355913e+02 5.435286046009080962e+01
1.029959081794505948e+02 5.466344460590481447e+01
9.709219769762972874e+01 5.497402875171883352e+01
9.298390609897724346e+01 5.528461289753283836e+01
8.933487288094016776e+01 5.559519704334685741e+01
8.158120012416480904e+01 5.590578118916085515e+01
7.616236745828871335e+01 5.621636533497487420e+01
7.827343810136001423e+01 5.652694948078890747e+01
7.345343208579357963e+01 5.683753362660291231e+01
6.948608513019573252e+01 5.714811777241692425e+01
6.180217046429795147e+01 5.745870191823095752e+01
5.698633223483011534e+01 5.776928606404496946e+01
5.161540535958861398e+01 5.807987020985898852e+01
3.653747793772288333e+01 5.839045435567299336e+01
2.693989139215618778e+01 5.870103850148700531e+01
1.463482702873977814e+01 5.933979281778318438e+01
5.567289903496370762e+00 5.997854713407937766e+01
5.539495506901288557e-01 6.061730145037554962e+01
2.801258373789083045e+00 6.125605576667175001e+01
3.777744521305521630e-01 6.189481008296792197e+01
2.074286535272396481e+00 6.253356439926412236e+01
4.827593553447491637e+00 6.317231871556029432e+01
2.236700035029579148e+00 6.381107303185649471e+01
5.129733115841933255e+00 6.444982734815265246e+01
1.876693549191165378e+00 6.508858166444885285e+01
5.021100291190233600e-01 6.572733598074501060e+01
4.061112574476700487e+00 6.636609029704121099e+01
3.242293649501950981e+00 6.700484461333738295e+01
7.711545774437325917e+00 6.764359892963358334e+01
2.157938085587565613e+00 6.828235324592975530e+01
9.535025174470588283e-01 6.892110756222595569e+01
0.000000000000000000e+00 6.955986187852212765e+01
2.630199221982579605e+00 7.019861619481832804e+01
3.681778239592233604e+00 7.083737051111450000e+01
5.762481702678683426e+00 7.147612482741068618e+01
3.904234536143674106e+00 7.211487914370687236e+01
1.688184757029993932e+00 7.275363346000305853e+01
3.138125919359001870e+00 7.339238777629923050e+01
9.754158934638632594e-01 7.403114209259543088e+01
4.578730030843342291e+00 7.466989640889160285e+01
1.179509532110273456e-01 7.530865072518778902e+01
1.101597877690731586e+00 7.594740504148397520e+01
3.289193732593673758e+00 7.658615935778016137e+01
3.921081848595852737e+00 7.722491367407633334e+01
3.651463077940731994e-01 7.786366799037251951e+01
5.803970102410180854e-01 7.850242230666870569e+01
2.993582229490442614e+00 7.914117662296489186e+01
3.020783208991846269e+00 7.977993093926107804e+01
8.785231251653206064e-01 8.041868525555726421e+01
1.758278085966550996e+00 8.105743957185345039e+01
2.126576073697942881e+00 8.169619388814963656e+01
5.935490012190403064e-01 8.233494820444580853e+01
1.270466963912507019e+00 8.297370252074200891e+01
4.314150747041559875e+00 8.361245683703818088e+01
1.320558794342922004e+00 8.425121115333438127e+01
8.562495172602992144e-02 8.488996546963055323e+01
5.938960198355554887e+00 8.552871978592675362e+01
3.916282817654848092e-01 8.616747410222291137e+01
1.371560086458203154e+00 8.680622841851911176e+01
2.401579396761319707e+00 8.744498273481528372e+01
1.343918813045100746e+00 8.808373705111148411e+01
7.625102675467019253e-01 8.872249136740765607e+01
9.918215214500756272e-01 8.936124568370385646e+01
8.546101990825012706e-02 9.000000000000001421e+01
