3.708069276502499179e-01 1.020408163265304619e-01
8.479819627429918683e-01 2.040816326530603686e-01
9.178214776787263496e-01 3.061224489795908443e-01
9.084599113606275367e-01 4.081632653061212923e-01
7.028049383823101737e-01 5.102040816326517403e-01
2.036103074444353123e-01 6.122448979591822438e-01
0.000000000000000000e+00 7.142857142857087505e-01
0.000000000000000000e+00 8.163265306122445830e-01
2.674199793010463289e-01 9.183673469387730881e-01
8.531785744273470140e-01 1.020408163265307033e+00
1.733558447102379052e+00 1.122448979591837537e+00
4.085195968466631022e+00 1.224489795918366042e+00
5.523285594858290182e+00 1.326530612244899876e+00
5.015735720685771781e+00 1.428571428571428381e+00
4.035421162534043482e+00 1.530612244897956886e+00
2.834005201250626271e+00 1.632653061224490720e+00
2.697725260563740957e+00 1.734693877551021224e+00
3.708896500778776861e+00 1.836734693877546398e+00
4.852381102883091657e+00 1.938775510204080232e+00
2.521123917355740929e+00 2.040816326530608737e+00
3.244193705870322408e-01 2.142857142857139241e+00
0.000000000000000000e+00 2.244897959183673297e+00
0.000000000000000000e+00 2.346938775510201580e+00
0.000000000000000000e+00 2.448979591836732084e+00
0.000000000000000000e+00 2.551020408163266140e+00
0.000000000000000000e+00 2.653061224489794423e+00
1.578190976613799978e-01 2.755102040816324926e+00
1.590264115727715866e-01 2.857142857142856762e+00
9.442993242345995575e-02 2.959183673469387266e+00
1.024799086151276517e-01 3.061224489795917769e+00
4.317031115429942334e-01 3.163265306122446052e+00
6.425483634191261340e-01 3.265306122448976556e+00
3.259831900182933451e-01 3.367346938775504839e+00
1.273517118252320834e+00 3.469387755102038895e+00
6.053270593177808578e+00 3.571428571428569398e+00
9.630920619143216399e+00 3.673469387755097681e+00
7.890973782850311480e+00 3.775510204081631738e+00
6.756306057545437227e+00 3.877551020408160021e+00
1.526374728235104250e+01 3.979591836734690524e+00
2.654976910683150848e+01 4.081632653061224580e+00
3.538982569776648290e+01 4.183673469387753308e+00
4.041811179643843843e+01 4.285714285714283811e+00
3.831653577027365998e+01 4.387755102040817867e+00
3.826045544284615119e+01 4.489795918367346594e+00
4.277137857480894922e+01 4.591836734693877098e+00
4.369357318998499551e+01 4.693877551020405825e+00
4.904802625685401551e+01 4.795918367346934552e+00
5.980459269099565489e+01 4.897959183673470385e+00
5.577615767619591480e+01 4.999999999999999112e+00
5.632415137114750792e+01 5.244116487037435270e+00
5.361398641286866962e+01 5.488232974074865211e+00
5.081030660645505748e+01 5.732349461112290712e+00
5.756698721537561170e+01 5.976465948149725982e+00
6.312197940163628829e+01 6.220582435187154147e+00
7.011535191434357728e+01 6.464698922224588529e+00
7.424229082425084414e+01 6.708815409262014029e+00
7.634926851795920300e+01 6.952931896299452852e+00
7.972015139919841431e+01 7.197048383336879240e+00
8.462111206515118056e+01 7.441164870374308293e+00
7.807206147681399955e+01 7.685281357411742675e+00
7.695615723825349619e+01 7.929397844449169064e+00
7.529994500896296472e+01 8.173514331486600781e+00
7.435162293377102571e+01 8.417630818524033387e+00
7.775902439365110297e+01 8.661747305561465993e+00
8.075048239804877426e+01 8.905863792598891493e+00
8.336891721799312904e+01 9.149980279636327651e+00
8.462323030586640016e+01 9.394096766673758481e+00
8.396007472813285233e+01 9.638213253711189310e+00
8.073786392631481590e+01 9.882329740748620139e+00
8.204099423853796225e+01 1.012644622778605452e+01
8.734564601141619278e+01 1.037056271482348180e+01
8.392690337310519055e+01 1.061467920186090907e+01
8.327660291724474462e+01 1.085879568889834168e+01
8.917657453059464956e+01 1.110291217593576896e+01
9.140177818343875060e+01 1.134702866297320512e+01
9.260225656735617861e+01 1.159114515001062884e+01
9.319819494526538506e+01 1.183512813871758240e+01
8.993767225418710609e+01 1.207870840350760311e+01
8.302179857277862141e+01 1.232187606620006903e+01
8.293747508823348369e+01 1.256479056710761100e+01
8.524472768240958942e+01 1.280754825143639231e+01
8.716866450906573505e+01 1.305017342046814122e+01
9.006532213523206565e+01 1.329310369438204376e+01
9.001791850757946634e+01 1.353656296821434069e+01
9.118977204033696182e+01 1.378096971011218841e+01
9.095198640686014357e+01 1.402633217319485937e+01
8.133350214667417788e+01 1.427261422528062340e+01
7.574480341172052533e+01 1.451968250183852760e+01
7.199242814268424695e+01 1.476737553135304637e+01
6.941783654423817040e+01 1.501552662574303554e+01
7.891843875716452317e+01 1.526400937700107718e+01
7.508958141925704410e+01 1.551267970248584049e+01
7.750802691628771868e+01 1.576152028352768752e+01
7.406112553651301766e+01 1.601047475149822930e+01
7.341421445999267803e+01 1.625944837416974309e+01
7.237877639948105468e+01 1.650825518909661938e+01
7.316688772549107966e+01 1.675690144155492334e+01
7.347311105256468977e+01 1.700609786871480367e+01
7.316980877861618637e+01 1.725723637376895425e+01
7.542657922451500951e+01 1.751034633645430105e+01
7.460667751958391136e+01 1.776592788097020659e+01
7.744088859753716747e+01 1.802364638016344855e+01
7.774869151902562692e+01 1.828298469794731673e+01
7.224316911716319112e+01 1.854296307981181968e+01
7.542570865899999433e+01 1.880294876360638057e+01
7.888421299590601166e+01 1.906189244877588251e+01
7.380422769722844123e+01 1.931941444128140617e+01
7.630456055554837747e+01 1.957589537191091722e+01
7.794219115854902213e+01 1.983097684230937929e+01
7.546640564957625941e+01 2.008499188045385253e+01
7.871639259385949572e+01 2.033747625684372906e+01
7.790398584140075400e+01 2.058755224936345130e+01
7.216508884150411518e+01 2.083466592286826469e+01
6.963849916463051670e+01 2.107891690560528275e+01
6.795181551165093481e+01 2.132101371284341695e+01
6.799448497856695894e+01 2.156138281887460195e+01
6.854889367200915729e+01 2.180047127054801592e+01
6.672584016272523399e+01 2.203877047840403947e+01
6.600917851108334844e+01 2.227645282993305287e+01
6.602618398918976084e+01 2.251364118018207350e+01
6.428478353372148035e+01 2.275045657484996653e+01
6.598644447380817724e+01 2.298692174222609097e+01
6.413634385836746787e+01 2.322309844507089238e+01
6.148383152506443139e+01 2.345905303064551006e+01
6.176244945374254058e+01 2.369477167197534939e+01
6.427953027668746699e+01 2.393040710804714166e+01
6.460081337956941638e+01 2.416590963050783003e+01
6.467689213644277402e+01 2.440132625587242998e+01
6.408905190490219184e+01 2.463655547138903401e+01
6.257798234993201447e+01 2.487162725520658668e+01
6.529792022843459165e+01 2.510650979545526695e+01
6.363176500584368966e+01 2.534125654154406959e+01
6.276018576150703865e+01 2.557594110289615230e+01
6.445688126463637957e+01 2.581057404844974812e+01
6.179465356866548831e+01 2.604514662550213444e+01
6.473159626458431148e+01 2.627968339575604517e+01
6.738406802287248354e+01 2.651428418339062887e+01
6.706336517965677047e+01 2.674897129313522370e+01
6.631967613461608835e+01 2.698391271968161576e+01
6.873256671052713784e+01 2.721933542275607820e+01
7.032913935944610273e+01 2.745547023598211567e+01
6.833674619985849574e+01 2.769258485140736425e+01
7.133344715892850729e+01 2.793092682572532581e+01
7.064658003879289083e+01 2.817131545255539038e+01
6.903095180371761330e+01 2.841433710710255056e+01
6.665162901344136515e+01 2.866041371566461393e+01
6.687627742834894207e+01 2.890946198503946363e+01
6.308654157069729962e+01 2.916105636858774730e+01
6.496354483453887951e+01 2.941515452243254813e+01
6.716253794352519435e+01 2.967230757612452408e+01
6.571539246483592933e+01 2.993284150834359281e+01
6.156975989778054981e+01 3.019631325591915783e+01
6.427371405746309563e+01 3.046327892623898492e+01
6.378294604694782777e+01 3.073494339121186414e+01
6.375238014164526135e+01 3.101157993300937221e+01
6.390919798290854459e+01 3.129113893745222796e+01
6.010533706752119798e+01 3.157231236754165238e+01
6.028862628437769899e+01 3.185432684730437458e+01
6.070836863469755684e+01 3.213766563202705839e+01
5.855869514127385855e+01 3.242249627610509322e+01
6.222059478186380233e+01 3.270941382558068966e+01
6.318250522393308444e+01 3.299805262912106230e+01
6.405898252961402761e+01 3.328907642593379279e+01
6.478312716326061604e+01 3.358167812689795539e+01
6.587702474074491477e+01 3.387630153059377847e+01
6.728782049857511538e+01 3.417280765276387200e+01
6.667919390820895842e+01 3.447082922372180036e+01
6.692281356396092917e+01 3.477017968379571755e+01
6.571123219684284322e+01 3.507072077739378813e+01
6.541189757733181409e+01 3.537197798873520327e+01
6.673570954083878348e+01 3.567372657077719111e+01
6.601362406320289722e+01 3.597581076408993539e+01
6.612135447370295083e+01 3.627801736611578320e+01
6.480672582245131252e+01 3.658017186988939073e+01
6.482340959581866002e+01 3.688218118175109339e+01
6.931100858874482640e+01 3.718393933034900556e+01
6.409602744640952210e+01 3.748552587211450771e+01
6.203311135839800983e+01 3.778740379347432565e+01
6.382213537940381087e+01 3.808959324599319274e+01
6.608953139681892708e+01 3.839219070496826447e+01
6.798431518798942363e+01 3.869521259731705243e+01
6.778464111820188975e+01 3.899894363209044457e+01
6.908323838586488819e+01 3.930365034382325717e+01
7.684667922351385982e+01 3.960966804008890563e+01
7.544166421774768594e+01 3.991700368022956980e+01
7.854749108089383469e+01 4.022568780283897638e+01
8.411220555143113131e+01 4.053549552917812093e+01
8.317891460943609161e+01 4.084633142730256594e+01
8.392076491636902347e+01 4.115795465166900158e+01
8.196967796050685706e+01 4.147026129524233085e+01
8.361986942129703948e+01 4.178328222702750594e+01
8.626412906469806785e+01 4.209701158193057324e+01
9.283029434728206297e+01 4.241134400045268649e+01
9.709809010046954825e+01 4.272603417754741173e+01
9.769132880807555352e+01 4.304083266628076387e+01
9.885303975176799440e+01 4.335556788105925818e+01
1.069043071535653553e+02 4.367013137110912169e+01
1.055288116543707133e+02 4.398447763725106086e+01
9.879488055907941657e+01 4.429842358619679032e+01
9.210842970963091147e+01 4.461177922423236453e+01
9.197486933230004524e+01 4.492463573061172610e+01
9.015595305831365636e+01 4.523728969702834490e+01
8.894534769498523019e+01 4.555020343103441860e+01
8.755325750854035505e+01 4.586394640790306454e+01
8.762849683252710520e+01 4.617925093659715685e+01
8.743521414936550684e+01 4.649672192256536363e+01
8.833873002199875657e+01 4.681600102066166613e+01
8.479468974042994489e+01 4.713619990448495400e+01
8.304675356503807393e+01 4.745656542048298121e+01
8.517794282090235924e+01 4.777655520985837256e+01
8.569756884593378743e+01 4.809512590799498355e+01
8.538517884733835217e+01 4.841136463582996186e+01
8.597028894367150542e+01 4.872473240964332319e+01
8.518047123081208838e+01 4.903534270192059807e+01
8.306166964042688505e+01 4.934351810698409224e+01
8.337508830857598241e+01 4.965000505251995122e+01
8.381026939160510381e+01 4.995284961973357696e+01
8.401079938132839686e+01 5.025160520558132049e+01
8.487865039468499617e+01 5.054801941248646102e+01
8.436478610051115368e+01 5.084123643897626721e+01
8.770369629489357521e+01 5.113612251729206548e+01
9.149392910689830671e+01 5.143204251627474832e+01
9.485870531894062196e+01 5.172796251525746669e+01
9.360597987121258257e+01 5.202388251424014953e+01
9.178389234725756296e+01 5.231980251322284658e+01
9.178788649199830729e+01 5.261572251220554364e+01
9.258164829479660796e+01 5.291164251118822648e+01
9.502632922561167561e+01 5.320756251017093064e+01
9.438618108691724728e+01 5.350348250915363479e+01
9.676219083751090011e+01 5.379940250813633185e+01
9.615286393995735637e+01 5.409532250711901469e+01
9.527601035068342128e+01 5.439124250610171885e+01
9.168868636298019226e+01 5.468716250508442300e+01
9.012421935134783268e+01 5.498308250406711295e+01
8.572639748145988392e+01 5.527900250304981000e+01
8.186025207715030660e+01 5.557492250203249284e+01
8.199257235442797764e+01 5.587084250101518990e+01
7.829767927898799940e+01 5.616676249999789405e+01
8.037060482545061291e+01 5.646268249898059111e+01
7.704506572642112872e+01 5.675860249796331658e+01
6.813501891620553863e+01 5.705452249694599942e+01
6.418585292332559789e+01 5.735044249592870358e+01
6.601067638011573990e+01 5.764636249491137931e+01
5.320057911849002608e+01 5.794228249389407637e+01
4.749711362795869718e+01 5.823820249287678052e+01
4.278255272187705316e+01 5.853412249185946337e+01
2.649731367905290114e+01 5.883004249084218173e+01
1.272879840070352486e+01 5.912596248982487168e+01
8.627774314910041653e+00 5.975604488799171321e+01
6.357041944081387896e+00 6.038612728615856184e+01
2.017378820470575373e+00 6.101620968432539627e+01
2.111632209044993047e+00 6.164629208249223780e+01
6.627373909406948371e-01 6.227637448065908643e+01
1.098397474292739928e-01 6.290645687882592085e+01
1.982635348402446152e+00 6.353653927699275528e+01
3.263465467645143558e+00 6.416662167515960391e+01
1.399903622057026009e+00 6.479670407332643833e+01
2.145432781885386220e+00 6.542678647149327276e+01
3.434533748712840784e-01 6.605686886966012139e+01
6.147628939068463083e+00 6.668695126782694160e+01
1.956818516401541697e+00 6.731703366599377603e+01
1.663658781369073303e+00 6.794711606416062466e+01
9.534705315441269757e-01 6.857719846232745908e+01
3.059209086127362198e+00 6.920728086049429351e+01
2.486553469543415940e+00 6.983736325866114214e+01
5.989446361437351207e+00 7.046744565682797656e+01
3.269493267148728122e-01 7.109752805499482520e+01
0.000000000000000000e+00 7.172761045316167383e+01
6.227188741924202020e+00 7.235769285132850825e+01
0.000000000000000000e+00 7.298777524949534268e+01
0.000000000000000000e+00 7.361785764766219131e+01
3.991461998001378797e-01 7.424794004582901152e+01
2.939822141865249705e+00 7.487802244399586016e+01
2.071130891163001753e+00 7.550810484216270879e+01
2.981811958559656972e+00 7.613818724032954322e+01
4.467278638333650242e+00 7.676826963849637764e+01
1.557268884793226560e+00 7.739835203666322627e+01
2.491906232123173304e+00 7.802843443483006070e+01
8.052162282884840483e-01 7.865851683299690933e+01
8.680888040138443618e-01 7.928859923116375796e+01
7.936693387663673604e-01 7.991868162933057818e+01
8.559445037739124018e-01 8.054876402749742681e+01
3.150044506185737614e+00 8.117884642566426123e+01
3.002474236723173817e-03 8.180892882383110987e+01
1.039621268134103271e+00 8.243901122199794429e+01
4.608319924680064350e-01 8.306909362016479292e+01
9.161299501618513474e+00 8.369917601833162735e+01
8.613426836829780608e-01 8.432925841649847598e+01
3.129883031045777919e+00 8.495934081466532461e+01
1.768507454622175512e+00 8.558942321283213062e+01
5.831543981856416314e-01 8.621950561099897925e+01
0.000000000000000000e+00 8.684958800916581367e+01
0.000000000000000000e+00 8.747967040733264810e+01
2.967832214116006631e-02 8.810975280549949673e+01
2.012599735267431189e+00 8.873983520366634536e+01
4.245727150482707657e-01 8.936991760183316558e+01
0.000000000000000000e+00 9.000000000000001421e+01
