4.205255608582650240e+00 1.020408163265299900e-01
3.041069052487320512e+00 2.040816326530599800e-01
5.605994426849892243e+00 3.061224489795899562e-01
6.659094450969230472e+00 4.081632653061216809e-01
3.159888498976172411e+00 5.102040816326534056e-01
9.217939329767268486e-01 6.122448979591816887e-01
2.234317836497855314e+00 7.142857142857116370e-01
3.724514649607813421e+00 8.163265306122433618e-01
2.814663154441386705e+00 9.183673469387733101e-01
1.647062834383291374e+00 1.020408163265308588e+00
1.890372988650312891e+00 1.122448979591833318e+00
2.666637304921369189e+00 1.224489795918368484e+00
5.519965446165901568e+00 1.326530612244896767e+00
6.831774509248324634e+00 1.428571428571428381e+00
6.832475048378521265e+00 1.530612244897956664e+00
8.122633315357825623e+00 1.632653061224490054e+00
8.858860593932337935e+00 1.734693877551016561e+00
9.741478788809164513e+00 1.836734693877551727e+00
7.421436125460524558e+00 1.938775510204081787e+00
4.014494997767322104e+00 2.040816326530611846e+00
3.406945271015416665e+00 2.142857142857143682e+00
3.107021217301303206e+00 2.244897959183671965e+00
3.623237610581147905e+00 2.346938775510203801e+00
4.360812307896351214e+00 2.448979591836735636e+00
3.223465688105342952e+00 2.551020408163265696e+00
1.009703637203844595e+00 2.653061224489795755e+00
5.109558462060658224e-01 2.755102040816325815e+00
1.590337114357113668e+00 2.857142857142855874e+00
4.004048016231651630e+00 2.959183673469387710e+00
5.977491986390289114e+00 3.061224489795921322e+00
6.325373721741384792e+00 3.163265306122447829e+00
7.037185042711189276e+00 3.265306122448983217e+00
8.047636383280016403e+00 3.367346938775507947e+00
6.923334821865019251e+00 3.469387755102043336e+00
4.549536133476761002e+00 3.571428571428569843e+00
1.666471345979100072e+00 3.673469387755101678e+00
1.428831009361435589e+00 3.775510204081631738e+00
8.769031175647235443e+00 3.877551020408163573e+00
1.525682032892812678e+01 3.979591836734697186e+00
2.202071808632389605e+01 4.081632653061223692e+00
3.025702554561490132e+01 4.183673469387755084e+00
3.450143017228418074e+01 4.285714285714288252e+00
3.956639880758545758e+01 4.387755102040816091e+00
4.272612399781357340e+01 4.489795918367343930e+00
4.466855630953674705e+01 4.591836734693877098e+00
4.238742764647668082e+01 4.693877551020406713e+00
3.952713114102239444e+01 4.795918367346936328e+00
3.888220814267642567e+01 4.897959183673467720e+00
3.963866930533178845e+01 4.999999999999997335e+00
4.396398496767555031e+01 5.239623108067160473e+00
4.830396025625444878e+01 5.479246216134317393e+00
5.391249360654812506e+01 5.718869324201478754e+00
5.480731885786118340e+01 5.958492432268641004e+00
6.770999077449314996e+01 6.198115540335800588e+00
6.928432160026790143e+01 6.437738648402961061e+00
6.675622339617747514e+01 6.677361756470122423e+00
7.192448604549984736e+01 6.916984864537278455e+00
7.295556736410844678e+01 7.156607972604442480e+00
7.474985763920987836e+01 7.396231080671600289e+00
7.725086358117840746e+01 7.635854188738761650e+00
8.072602668573719598e+01 7.875477296805925675e+00
7.835134683514505127e+01 8.115100404873082596e+00
7.691378836029844024e+01 8.354723512940246621e+00
8.306031765657729693e+01 8.594346621007405318e+00
8.695197704726172105e+01 8.833969729074562238e+00
9.028764951658199323e+01 9.073592837141724488e+00
8.721701757603828753e+01 9.313215945208881408e+00
8.495477274878820140e+01 9.552839053276045433e+00
8.907361194765624646e+01 9.792462161343209459e+00
8.695725928238397273e+01 1.003208526941036638e+01
8.877838432259046897e+01 1.027170837747752863e+01
9.196109124214210340e+01 1.051133148554469088e+01
9.455975737447184315e+01 1.075095459361184780e+01
9.470872165053854985e+01 1.099057770167900827e+01
9.520874160138612297e+01 1.123020080974616874e+01
9.777984649591104471e+01 1.146982391781333099e+01
1.028240285399115663e+02 1.170956447789578903e+01
9.634274203700648798e+01 1.194886121661711798e+01
1.007857044741434720e+02 1.218786909891474224e+01
9.988484483027093574e+01 1.242684542730800601e+01
9.617646268222799222e+01 1.266579745171634208e+01
1.026983558504594356e+02 1.290467636807922247e+01
1.036036818902265964e+02 1.314362249507624369e+01
1.048005974294826785e+02 1.338289710885774753e+01
1.124107581889489325e+02 1.362249559710428670e+01
1.095491828540480839e+02 1.386305727905701701e+01
1.025202468675320944e+02 1.410451244412124083e+01
9.403271132683275368e+01 1.434698235840123814e+01
8.615354179000404145e+01 1.459019321608450781e+01
7.906973801420626558e+01 1.483392281133831503e+01
8.195573904589900849e+01 1.507821755230351357e+01
8.450670756215583879e+01 1.532279959065333585e+01
8.985950687322481656e+01 1.556755895424828040e+01
9.000810709432465728e+01 1.581244331048528551e+01
8.920716228963205197e+01 1.605699460288305147e+01
9.160843275797670060e+01 1.630127399320489801e+01
8.822666532189239774e+01 1.654515612732555496e+01
8.591093381880747870e+01 1.678943391692724063e+01
8.784126802108291088e+01 1.703579634833935685e+01
8.347446456989224828e+01 1.728558161254996151e+01
8.261021854484846472e+01 1.753851852510434384e+01
8.575348935357324365e+01 1.779575792694196323e+01
8.332607106127730390e+01 1.805618057931934572e+01
8.747072865908720019e+01 1.831957047849327935e+01
8.422246096409820382e+01 1.858348426747267013e+01
8.520877903387140861e+01 1.884739396625953134e+01
8.458192124244389731e+01 1.911130288025261237e+01
8.265883862755030975e+01 1.937499730176858748e+01
8.756449856071628801e+01 1.963709311332629781e+01
8.428682883316068342e+01 1.989657753778196181e+01
8.539669191578457230e+01 2.015269368873766354e+01
8.639475726535509637e+01 2.040509403110563369e+01
8.189075279800829321e+01 2.065411973908303978e+01
8.262890121892920092e+01 2.089970594113960090e+01
8.117737990949702009e+01 2.114231137199519495e+01
7.555544925351165375e+01 2.138291296645839523e+01
7.264671270747298593e+01 2.162226173557029796e+01
7.316807541127388959e+01 2.186059888267333307e+01
7.506768676495242687e+01 2.209786697587683335e+01
7.462435794012378665e+01 2.233417547422637739e+01
7.626765288838258527e+01 2.256963051239793216e+01
7.103757418058874862e+01 2.280441088447020803e+01
7.052463888021594585e+01 2.303868779176006498e+01
7.108712337460436004e+01 2.327252626831688787e+01
7.436412751238189855e+01 2.350607858344142187e+01
7.314488311397049358e+01 2.373934491287786130e+01
7.527851588396504212e+01 2.397244140916120614e+01
7.481350833829239377e+01 2.420538190973495674e+01
7.457914743831213400e+01 2.443819321869716177e+01
7.782525260199916772e+01 2.467093697418415843e+01
7.638944253311331067e+01 2.490357957012519208e+01
7.802728101538463079e+01 2.513616384245703728e+01
7.687402870245136910e+01 2.536866964376595490e+01
7.732668415565500197e+01 2.560110440249022901e+01
7.942980723293871392e+01 2.583349009979024657e+01
7.476120083216572709e+01 2.606584784209825756e+01
7.787997059556802526e+01 2.629819272063572910e+01
7.829327692430000241e+01 2.653053355088275111e+01
7.606818647787667942e+01 2.676288326113451177e+01
7.904568485981727122e+01 2.699525697939135327e+01
7.745517078036044722e+01 2.722769122762408855e+01
7.457382888984224678e+01 2.746053026832776212e+01
7.934713052001960421e+01 2.769465542652950418e+01
7.778994472873344534e+01 2.793095301321326929e+01
7.553093070056652891e+01 2.817003178893369508e+01
7.581045459744271398e+01 2.841201785170233762e+01
7.558158089402637358e+01 2.865704404070649147e+01
7.682776686955017453e+01 2.890569702979419731e+01
7.510215088303408493e+01 2.915782975188545834e+01
7.757922569228040288e+01 2.941371327880170128e+01
7.504633955754397334e+01 2.967255392966984928e+01
7.404979700706216761e+01 2.993406263817481516e+01
7.527101362015301333e+01 3.019891716636856316e+01
7.190633310768416209e+01 3.046646296655841724e+01
7.159502008655960026e+01 3.073706046701887828e+01
7.293197080587481196e+01 3.101096304281240634e+01
7.316444194618614461e+01 3.128801094309022801e+01
7.610952980543352453e+01 3.156757335562651789e+01
7.492638110901195603e+01 3.184868966393295509e+01
7.512249473607496952e+01 3.213105623099812647e+01
7.228721118642897636e+01 3.241416892886265089e+01
7.415841940739503002e+01 3.269779270061319210e+01
7.465261421910020090e+01 3.298235221559386332e+01
7.707402699788032407e+01 3.326836278443182238e+01
7.922763356291750370e+01 3.355633333628706083e+01
7.619769117334782038e+01 3.384676893375419837e+01
7.308275667852882407e+01 3.414019868843169547e+01
7.813542278278696074e+01 3.443719924912406327e+01
7.194013988587941810e+01 3.473761065244669055e+01
7.365593167389219786e+01 3.504139129712161349e+01
7.494392404161550303e+01 3.534707001779948143e+01
7.660460604164009624e+01 3.565429065663776242e+01
7.819167723622446431e+01 3.596201666976446631e+01
7.540168571205745707e+01 3.626975969024425694e+01
7.731738257504736112e+01 3.657693104260900441e+01
8.158466471199818670e+01 3.688319977534829519e+01
8.561409494965795375e+01 3.718827592356812062e+01
8.722747170689819995e+01 3.749223418169202660e+01
8.727432191753723600e+01 3.779521013819204711e+01
9.024221017753251317e+01 3.809731664041888877e+01
9.049402386050255132e+01 3.839881490756179971e+01
9.213679030411147153e+01 3.869991558444162649e+01
8.674065187710110081e+01 3.900081369961505118e+01
8.672567923361189912e+01 3.930164134577130142e+01
8.396316446465178274e+01 3.960258588690256687e+01
8.382968699908813903e+01 3.990387299038470559e+01
8.231030689604769179e+01 4.020554264513665288e+01
8.495278361775555709e+01 4.050749543077038339e+01
8.565360288009659939e+01 4.080964302531772603e+01
8.866992515916697926e+01 4.111184646365069995e+01
8.327245676397045315e+01 4.141398523177380042e+01
8.267228142264653457e+01 4.171575081655323203e+01
8.460064826970203455e+01 4.201698796577612427e+01
8.592057690050722840e+01 4.231791311773317688e+01
8.587694629195046048e+01 4.261893003341533870e+01
9.088121208852247435e+01 4.292086126666190893e+01
9.786473173388972668e+01 4.322424437220055182e+01
1.012167225464153688e+02 4.352948771507877268e+01
1.042853600421825320e+02 4.383646592336849324e+01
1.130346096632753472e+02 4.414506251694369610e+01
1.139539243448413259e+02 4.445480588679477307e+01
1.156319446755444176e+02 4.476547099762823478e+01
1.145630376889046573e+02 4.507695766231599777e+01
1.132343741179996925e+02 4.539097951593863201e+01
1.120175725036884984e+02 4.570770013985556091e+01
1.099390564231050718e+02 4.602618513247256971e+01
1.116255010878187761e+02 4.634586416673665354e+01
1.039214479037180041e+02 4.666675767719578971e+01
1.023533965418339591e+02 4.698870475157573878e+01
9.948526767924761316e+01 4.731155014802902059e+01
1.013112966795974046e+02 4.763463267135831103e+01
9.773748354930202709e+01 4.795749889583200343e+01
9.616278960311360891e+01 4.827996407877299134e+01
1.003232942534434216e+02 4.860196445371343543e+01
9.683490960098826861e+01 4.892339731693265747e+01
9.345187994404828657e+01 4.924443407601498279e+01
9.704932890176354476e+01 4.956550762123993081e+01
1.016935619207864363e+02 4.988627136797106942e+01
1.010715812488021896e+02 5.020654718329006982e+01
1.059148707044732447e+02 5.052869231085993817e+01
1.061006036142936324e+02 5.085083743842983495e+01
1.077739642882415438e+02 5.117298256599968909e+01
1.038562667860863797e+02 5.149512769356955033e+01
1.074129922436216162e+02 5.181727282113944710e+01
1.096821347717814774e+02 5.213941794870930835e+01
1.118286002920858238e+02 5.246156307627917670e+01
1.105112136040833519e+02 5.278370820384906636e+01
1.122058505860634767e+02 5.310585333141893472e+01
1.204618901057724401e+02 5.342799845898880307e+01
1.191932540036395807e+02 5.375014358655867852e+01
1.222659777987356904e+02 5.407228871412855398e+01
1.200874884705481094e+02 5.439443384169842233e+01
1.179945949598880475e+02 5.471657896926829778e+01
1.180672132142939716e+02 5.503872409683816613e+01
1.195926035183035481e+02 5.536086922440804159e+01
1.143142158328186611e+02 5.568301435197791704e+01
1.008281461690649792e+02 5.600515947954776408e+01
9.058239075554756425e+01 5.632730460711765375e+01
9.161410715233920143e+01 5.664944973468754341e+01
9.121014973131669024e+01 5.697159486225739045e+01
8.674387452586584857e+01 5.729373998982726590e+01
8.033186490461271489e+01 5.761588511739715557e+01
7.306810054438997781e+01 5.793803024496700260e+01
6.369596073087547694e+01 5.826017537253687806e+01
6.270966251371792310e+01 5.858232050010676772e+01
5.902991131343517850e+01 5.890446562767662186e+01
4.075671133277126046e+01 5.922661075524651153e+01
3.147362831179076537e+01 5.954875588281636567e+01
2.534643246195842892e+01 6.017020984439154319e+01
1.149391303433286282e+01 6.079166380596673491e+01
1.108189258771060359e+01 6.141311776754189111e+01
8.838141509347209990e+00 6.203457172911707573e+01
5.325282533941210872e+00 6.265602569069225325e+01
2.993258136200658281e+00 6.327747965226743787e+01
8.396464981643227077e+00 6.389893361384260828e+01
7.915253901888990029e+00 6.452038757541778580e+01
6.216737400807404335e+00 6.514184153699294200e+01
3.301008941276563746e+00 6.576329549856814083e+01
4.341944226231338355e+00 6.638474946014329703e+01
5.790954946297858896e+00 6.700620342171848165e+01
1.068429812608672869e+01 6.762765738329366627e+01
3.422374451628132697e+00 6.824911134486883668e+01
1.157099712722601481e+01 6.887056530644400709e+01
5.642897320714642007e+00 6.949201926801920592e+01
9.790210261820739390e+00 7.011347322959436212e+01
6.184954020026375510e+00 7.073492719116953253e+01
4.324677594976345851e+00 7.135638115274471716e+01
2.455248863767119705e+00 7.197783511431990178e+01
7.202118102673431999e+00 7.259928907589505798e+01
4.118182479783946803e+00 7.322074303747025681e+01
3.367268358882263168e+00 7.384219699904542722e+01
8.175025227909483050e+00 7.446365096062059763e+01
1.283467521235258602e+01 7.508510492219576804e+01
2.889516065159909886e+00 7.570655888377095266e+01
6.735055612587519391e+00 7.632801284534612307e+01
3.770770211228878122e+00 7.694946680692132190e+01
6.817500712386472372e+00 7.757092076849649231e+01
7.732122555643149653e+00 7.819237473007166273e+01
5.054253623926797445e+00 7.881382869164681892e+01
5.473620081700646622e+00 7.943528265322203197e+01
3.677128729293129616e+00 8.005673661479718817e+01
4.519783116580799565e+00 8.067819057637235858e+01
8.630780365712734437e+00 8.129964453794752899e+01
1.079157446503916162e+01 8.192109849952271361e+01
2.736968789576312400e+00 8.254255246109788402e+01
7.900053457651859956e-01 8.316400642267308285e+01
8.392455207647380178e+00 8.378546038424823905e+01
4.952561563054826088e+00 8.440691434582340946e+01
7.299292027256662152e+00 8.502836830739859408e+01
7.970197000216465710e+00 8.564982226897377871e+01
1.346319623046663416e+00 8.627127623054893490e+01
2.009400069147112777e+00 8.689273019212413374e+01
6.024509634480644138e+00 8.751418415369930415e+01
7.957978054738183538e+00 8.813563811527447456e+01
5.391976046229967068e+00 8.875709207684964497e+01
6.103173817599396145e+00 8.937854603842480117e+01
8.196674623803232862e-01 8.999999999999998579e+01
