8.404091215876254850e-01 1.020408163265337093e-01
3.475313541956969177e-01 2.040816326530587310e-01
4.272043559766836029e-02 3.061224489795942860e-01
1.265958196655039281e-01 4.081632653061261773e-01
4.094914605921286532e-01 5.102040816326511852e-01
5.643245405138010984e-01 6.122448979591830209e-01
5.458919446040897405e-01 7.142857142857185204e-01
5.349746552054945870e-01 8.163265306122435838e-01
3.623108803209869055e-01 9.183673469387773070e-01
4.723604041711398915e-01 1.020408163265305701e+00
7.984731534034291700e-01 1.122448979591835982e+00
7.549173546587581995e-01 1.224489795918369595e+00
2.745734264516670464e-01 1.326530612244898100e+00
2.623270555066257170e-01 1.428571428571426605e+00
7.001062881433310903e-01 1.530612244897960217e+00
1.059887545608273474e+00 1.632653061224488722e+00
1.489098039769350068e+00 1.734693877551019003e+00
1.337863933901945801e+00 1.836734693877552616e+00
3.952907108920842849e-01 1.938775510204081121e+00
1.591416117517080175e-01 2.040816326530611402e+00
6.847410061520788904e-01 2.142857142857143238e+00
1.688325129217187470e+00 2.244897959183671521e+00
3.039799868968085406e+00 2.346938775510201580e+00
2.920144299952101452e+00 2.448979591836735192e+00
2.043346169142585378e+00 2.551020408163265252e+00
1.533232538345075557e+00 2.653061224489793535e+00
1.453537903033309098e+00 2.755102040816327147e+00
1.682927301796510289e+00 2.857142857142855430e+00
9.702103714395485801e-01 2.959183673469385489e+00
4.858029560687429083e-01 3.061224489795919101e+00
5.254810669150060676e-01 3.163265306122447384e+00
6.527109115045846011e-01 3.265306122448977444e+00
5.207624357502054213e-01 3.367346938775509280e+00
1.699592594287339664e-01 3.469387755102037563e+00
0.000000000000000000e+00 3.571428571428567622e+00
0.000000000000000000e+00 3.673469387755101234e+00
3.663914229437569836e-01 3.775510204081629517e+00
1.527101773980868327e+00 3.877551020408159577e+00
3.518355458429391014e+00 3.979591836734691412e+00
5.420700825071707030e+00 4.081632653061221916e+00
6.904390294857885912e+00 4.183673469387750643e+00
8.286936637370416747e+00 4.285714285714284699e+00
8.449219498407359197e+00 4.387755102040815203e+00
8.319184025178035569e+00 4.489795918367343930e+00
1.172921343984584652e+01 4.591836734693874433e+00
2.040665433777286353e+01 4.693877551020408490e+00
2.834488470073840460e+01 4.795918367346937217e+00
2.449566105097452606e+01 4.897959183673467720e+00
1.714631538331328997e+01 5.000000000000000000e+00
2.134694642606967463e+01 5.242106434536680126e+00
2.304574590922555188e+01 5.484212869073370022e+00
2.763417530686734480e+01 5.726319303610048372e+00
2.755727943756432197e+01 5.968425738146738269e+00
2.597617734831619885e+01 6.210532172683414842e+00
2.848752251626395093e+01 6.452638607220102074e+00
3.067744771907749524e+01 6.694745041756786641e+00
3.056694752236441204e+01 6.936851476293467655e+00
3.425235954299702001e+01 7.178957910830151334e+00
3.470146218900930535e+01 7.421064345366829684e+00
4.191850317253673808e+01 7.663170779903516028e+00
4.332625723029853049e+01 7.905277214440200595e+00
4.355390562591315984e+01 8.147383648976880721e+00
4.713777759402098155e+01 8.389490083513564400e+00
5.147433614705207106e+01 8.631596518050251632e+00
5.354400218796163102e+01 8.873702952586929982e+00
5.897484539843773632e+01 9.115809387123615437e+00
5.795623291819093481e+01 9.357915821660300892e+00
5.492671694433792595e+01 9.600022256196981019e+00
5.256189989193266854e+01 9.842128690733664698e+00
5.322469274493141000e+01 1.008423512527034838e+01
5.144534916217457265e+01 1.032634155980702850e+01
5.336535051943824470e+01 1.056844799434371218e+01
5.598028137938857185e+01 1.081055442888039941e+01
5.149275221418842818e+01 1.105266086341707776e+01
5.310818248034642863e+01 1.129476729795376500e+01
5.721535809891978630e+01 1.153687373249044512e+01
6.020982716430454218e+01 1.177871819765746508e+01
5.984784733349399488e+01 1.201960701454409630e+01
5.811933089485943071e+01 1.226083327921224964e+01
6.001581929698151896e+01 1.250317419464186486e+01
5.688723935521902320e+01 1.274629971997498501e+01
5.719434888913919934e+01 1.299070803556156761e+01
5.878422734803790206e+01 1.323596325066199242e+01
5.902816966641434959e+01 1.348227953214277974e+01
6.148245835971429329e+01 1.372941694459727024e+01
5.998393883794135917e+01 1.397722753375112248e+01
5.847821530510716315e+01 1.422562153487023728e+01
5.523857918709324366e+01 1.447425126530577799e+01
4.855227597566092612e+01 1.472311738421066707e+01
4.092790805802089693e+01 1.497209722713349578e+01
4.241288831496093792e+01 1.522102775352797899e+01
4.584222765943700040e+01 1.546994577139716753e+01
4.942681367703912798e+01 1.571863399157815877e+01
4.831277054014095285e+01 1.596706930849384953e+01
5.115699785070736993e+01 1.621517701879393769e+01
4.855758654388280604e+01 1.646292787771194810e+01
4.657938844347708596e+01 1.671027287731576649e+01
4.531796975434576780e+01 1.695718884396419668e+01
4.243625607010065437e+01 1.720397523450760602e+01
4.152967120759360142e+01 1.745038022831763058e+01
3.929548445450258498e+01 1.769667035344196648e+01
3.806596572730634875e+01 1.794286260416269840e+01
4.404697187609697551e+01 1.819026145314025911e+01
4.238179629780330515e+01 1.843881116211239402e+01
4.476537279202656805e+01 1.868916730295401152e+01
4.746397426111537499e+01 1.894068550167607512e+01
4.771457298060203556e+01 1.919354782414787408e+01
4.966636369280476515e+01 1.944807739730423179e+01
4.879384131213704734e+01 1.970282397817009468e+01
4.796164646935521603e+01 1.995637070084758591e+01
4.772911327508028023e+01 2.020829649089894176e+01
4.973385907092651337e+01 2.045836826706623413e+01
4.926227599987861794e+01 2.070662989032341272e+01
4.758970729129799793e+01 2.095301860707064634e+01
4.718480362181854559e+01 2.119747383744847369e+01
4.702700976704467450e+01 2.144043620145986040e+01
4.366065431586941514e+01 2.168214662675923066e+01
4.470215110136086878e+01 2.192295547135357481e+01
4.539267212748580249e+01 2.216307054414149746e+01
4.410613482487803338e+01 2.240266986526745896e+01
4.274433376437364274e+01 2.264185899024442605e+01
4.167259964576793863e+01 2.288064517966503075e+01
4.182746848273662010e+01 2.311901535991459866e+01
4.099728127270951461e+01 2.335691450065807473e+01
4.062294073652148541e+01 2.359429982366982159e+01
4.240808100670529512e+01 2.383115346293869052e+01
4.236693735954178663e+01 2.406749950343875355e+01
4.366712236899863342e+01 2.430334519364836154e+01
4.534592578883250269e+01 2.453876275643059657e+01
4.471245736023142570e+01 2.477378699046094468e+01
4.739350025946415457e+01 2.500848664157808088e+01
4.824776284681959027e+01 2.524306107644764907e+01
4.959144043231095367e+01 2.547764738794293393e+01
4.842577275653314217e+01 2.571227438293623990e+01
4.713749994307273283e+01 2.594694807408153991e+01
4.785621265216190068e+01 2.618167104680270896e+01
4.514147258148572917e+01 2.641644405799394235e+01
4.686835889456870063e+01 2.665127728068683766e+01
4.507030890158382164e+01 2.688615673158905395e+01
4.575079520529470045e+01 2.712107749289426906e+01
4.736569921791010529e+01 2.735602089426055628e+01
4.643061809201383738e+01 2.759096874344175632e+01
4.589703648037487937e+01 2.782609368143742756e+01
4.902018940910161859e+01 2.806230136745961090e+01
4.840859735204782055e+01 2.830053506301084454e+01
4.929221906758799321e+01 2.854191458915743596e+01
4.995657200152660238e+01 2.878750658259659900e+01
4.944890362332707667e+01 2.903771815235395692e+01
4.992358475407711893e+01 2.929225077124223731e+01
4.959721511735243382e+01 2.954984617763353683e+01
4.811153726801988029e+01 2.981105972495067391e+01
4.814529760467497255e+01 3.007604758774293074e+01
4.844311072888506686e+01 3.034412393434549671e+01
4.718527346975685788e+01 3.061477089939864626e+01
4.906692138668394421e+01 3.088722923165650514e+01
4.945498352882675164e+01 3.116137185178855162e+01
5.025790760008535329e+01 3.143746221509070438e+01
4.819245822612622021e+01 3.171610620180415197e+01
4.705789601226643981e+01 3.199787324170503311e+01
4.793030055153661095e+01 3.228288623230635324e+01
4.891942404525779864e+01 3.257128320811763444e+01
4.733279839800837863e+01 3.286145708486016304e+01
4.655796453709579197e+01 3.315264863170257570e+01
4.637230130811272488e+01 3.344529376892866424e+01
4.823869749914414484e+01 3.373931434790998196e+01
5.104605433360735134e+01 3.403531623036545994e+01
4.728939514328905602e+01 3.433273538806219705e+01
5.181662092830319466e+01 3.463221980338160222e+01
5.180887476224614119e+01 3.493351743144459931e+01
5.106399329476163729e+01 3.523616765816144891e+01
5.266267062409861666e+01 3.554007600756467866e+01
5.257102232345602744e+01 3.584478574106519488e+01
5.046589039146513045e+01 3.614993014348135603e+01
5.090344604578181276e+01 3.645522164953747790e+01
5.308739465085514553e+01 3.676046396007245676e+01
5.458184888837366344e+01 3.706544905917796484e+01
5.647885697854238884e+01 3.737003615255589040e+01
5.846319315697815711e+01 3.767416339834124273e+01
5.824140291710338602e+01 3.797766511384029542e+01
5.878074457411613452e+01 3.828033011108843908e+01
5.806495678042441710e+01 3.858232142139730314e+01
5.606123120784325664e+01 3.888405313470136804e+01
5.394537469138555963e+01 3.918628236631909800e+01
4.982548295586324372e+01 3.948919832485013615e+01
4.756722433329631627e+01 3.979289609902044589e+01
4.757438191984854114e+01 4.009772532459022898e+01
4.541429879548519466e+01 4.040379201984779911e+01
4.679684134089041692e+01 4.071101252508072577e+01
4.999772678198689135e+01 4.101941635675826348e+01
5.070384560605083379e+01 4.132838573232069734e+01
5.271538040824041360e+01 4.163785613989657719e+01
5.118033952088589444e+01 4.194788193797811715e+01
5.417259937469300723e+01 4.225876977276397639e+01
5.516495366199593064e+01 4.257072184654015246e+01
5.685047143319945206e+01 4.288391421620354294e+01
6.388667623304870347e+01 4.319828503697254973e+01
6.671032042650861626e+01 4.351368831080097266e+01
6.916264852861361589e+01 4.383011285531586054e+01
7.618995644438383863e+01 4.414757795280981867e+01
7.809634578814399219e+01 4.446626158417693375e+01
7.945289602858626665e+01 4.478628146709996116e+01
8.436542496147259840e+01 4.510763976922694951e+01
9.176994221474934932e+01 4.543003947263622422e+01
9.266563586802580232e+01 4.575301690427536982e+01
9.252861395234081954e+01 4.607594859885860217e+01
9.067295428169441607e+01 4.639843106517198379e+01
9.386104830389075460e+01 4.672043948756392950e+01
9.197914991128331508e+01 4.704321601568550193e+01
9.221880387912733568e+01 4.736743015169620463e+01
9.389538232233311987e+01 4.769276269740515772e+01
9.421600967315868047e+01 4.801899443724272487e+01
9.726035427900106356e+01 4.834611183173333160e+01
9.912624787908720236e+01 4.867423519245419072e+01
1.021430390655545466e+02 4.900129786432134438e+01
1.044305727736380334e+02 4.932490302552394468e+01
1.009411486004198224e+02 4.964502366903492003e+01
9.916197736955793118e+01 4.996300129042641203e+01
9.888732897073259664e+01 5.027980161982684848e+01
9.820834865431959315e+01 5.059682307748573038e+01
9.907957642142901022e+01 5.091531340631793512e+01
9.965392968181627964e+01 5.123380373515014696e+01
9.684858386822138243e+01 5.155229406398234460e+01
9.281423420428966153e+01 5.187078439281454934e+01
9.196466770918304690e+01 5.218927472164674697e+01
9.263517713085377636e+01 5.250776505047895881e+01
8.795720944630987503e+01 5.282625537931115645e+01
8.379461652224499346e+01 5.314474570814334697e+01
8.237266592012791477e+01 5.346323603697555882e+01
7.958551847202687668e+01 5.378172636580775645e+01
7.700387804989173901e+01 5.410021669463996830e+01
7.407226447332007524e+01 5.441870702347216593e+01
7.233590862894081397e+01 5.473719735230436356e+01
7.315645460390577171e+01 5.505568768113657541e+01
6.822849999444927960e+01 5.537417800996878725e+01
6.371290938125986258e+01 5.569266833880098488e+01
6.348692681547683492e+01 5.601115866763317541e+01
6.111442271014808370e+01 5.632964899646537305e+01
6.036072907422706635e+01 5.664813932529758489e+01
5.981449310976430667e+01 5.696662965412977542e+01
5.520381104085503665e+01 5.728511998296198726e+01
5.483570271126441042e+01 5.760361031179418490e+01
5.034168503523811466e+01 5.792210064062639674e+01
4.718045555272178149e+01 5.824059096945860858e+01
4.394146457921853965e+01 5.855908129829082043e+01
4.121678080705236624e+01 5.887757162712301806e+01
3.606818317612856362e+01 5.919606195595521569e+01
2.569860897009557021e+01 5.951455228478740622e+01
2.060702779281815822e+01 5.983304261361960386e+01
9.788222365722477392e+00 6.044869480517840543e+01
7.555228163229437577e+00 6.106434699673719280e+01
1.511005484054628090e+00 6.167999918829595174e+01
2.234516738804583014e+00 6.229565137985474621e+01
3.861164825884977780e+00 6.291130357141352647e+01
1.667606226860714802e+00 6.352695576297232805e+01
1.901153148204583143e+00 6.414260795453110120e+01
0.000000000000000000e+00 6.475826014608986725e+01
3.793780886736370928e-01 6.537391233764866172e+01
1.889846246735814583e-01 6.598956452920745619e+01
1.176880892498630260e+00 6.660521672076622224e+01
2.901209377410898793e-01 6.722086891232503092e+01
5.522112155630937158e-01 6.783652110388378276e+01
1.001746669027765435e+00 6.845217329544257723e+01
5.283486353278393111e+00 6.906782548700135749e+01
6.144167796520499936e-01 6.968347767856015196e+01
5.372357558084672746e+00 7.029912987011893222e+01
1.556920704667959399e+00 7.091478206167769827e+01
1.963637623868994542e+00 7.153043425323649274e+01
2.896271782307366038e+00 7.214608644479528721e+01
3.156037956108786346e+00 7.276173863635406747e+01
2.464000730133136585e+00 7.337739082791283352e+01
4.598151718388798770e+00 7.399304301947162799e+01
1.808781454828704227e+00 7.460869521103040825e+01
1.948368228254315770e+00 7.522434740258918850e+01
7.050280017664313226e-01 7.583999959414796876e+01
4.532492391551127930e+00 7.645565178570677745e+01
2.201090321776311587e+00 7.707130397726554349e+01
1.978731956614865339e-02 7.768695616882433796e+01
4.855937645370639544e+00 7.830260836038311822e+01
3.699722932580036261e+00 7.891826055194189848e+01
4.426637529593634213e+00 7.953391274350066453e+01
4.631282890690786580e+00 8.014956493505945900e+01
2.236799948308748620e-02 8.076521712661825347e+01
2.491824132408896997e+00 8.138086931817703373e+01
3.963628108798429750e+00 8.199652150973581399e+01
3.263272869446318669e+00 8.261217370129460846e+01
4.093771587257082345e+00 8.322782589285338872e+01
4.711428854626491969e+00 8.384347808441216898e+01
1.615154529016914031e+00 8.445913027597094924e+01
7.321991811870997013e-01 8.507478246752972950e+01
3.678536301215387994e+00 8.569043465908850976e+01
4.217537976532026445e-01 8.630608685064729002e+01
2.463908043003336434e+00 8.692173904220608449e+01
1.688505605301315882e+00 8.753739123376486475e+01
1.822945365689149444e+00 8.815304342532365922e+01
1.415228431631288863e+00 8.876869561688243948e+01
2.407893154560681204e+00 8.938434780844121974e+01
2.340331569019672209e+00 9.000000000000000000e+01
