5.544026797361617298e+00 1.020408163265277418e-01
7.610478852714463116e+00 2.040816326530554836e-01
6.753829645080370980e+00 3.061224489795919546e-01
5.979152523458153290e+00 4.081632653061215144e-01
5.365135810940527605e+00 5.102040816326527395e-01
4.598432569018457983e+00 6.122448979591823548e-01
4.770232812485573959e+00 7.142857142857135244e-01
5.621546031970049206e+00 8.163265306122412523e-01
5.152346846446310913e+00 9.183673469387743094e-01
4.801272450540927217e+00 1.020408163265305479e+00
3.455178577533598361e+00 1.122448979591833318e+00
1.000302501749583461e+00 1.224489795918366264e+00
2.710440545088578901e+00 1.326530612244894103e+00
5.115160863303062300e+00 1.428571428571428825e+00
6.225016873817879492e+00 1.530612244897958441e+00
7.598493970295190358e+00 1.632653061224487834e+00
7.089731629556142778e+00 1.734693877551019225e+00
6.218726460244667464e+00 1.836734693877548619e+00
5.626971801091229963e+00 1.938775510204078234e+00
5.051812212206016284e+00 2.040816326530611402e+00
3.642900633371711105e+00 2.142857142857142794e+00
2.156786839836217773e+00 2.244897959183672409e+00
3.184958445535768679e+00 2.346938775510203801e+00
5.524370126166871842e+00 2.448979591836733416e+00
5.597567283820469086e+00 2.551020408163267916e+00
3.463664094865674947e+00 2.653061224489795755e+00
1.668417452124970168e+00 2.755102040816327147e+00
7.083079514507630847e-01 2.857142857142854986e+00
4.518128042022859225e-01 2.959183673469382825e+00
1.952400549481106751e+00 3.061224489795917769e+00
2.862551148554715486e+00 3.163265306122449161e+00
1.950127802362069618e+00 3.265306122448980553e+00
9.450696326682546111e-01 3.367346938775508391e+00
1.545436430710317222e+00 3.469387755102039783e+00
2.640551024100925570e+00 3.571428571428572951e+00
3.940428709738035273e+00 3.673469387755102566e+00
4.732861157267251428e+00 3.775510204081633958e+00
7.168526879736427659e+00 3.877551020408161797e+00
1.046524548073482030e+01 3.979591836734694965e+00
1.395363839937436801e+01 4.081632653061222804e+00
1.523815074122544644e+01 4.183673469387755972e+00
1.538762494002159187e+01 4.285714285714287364e+00
1.758916370516978489e+01 4.387755102040818755e+00
2.681247856439145494e+01 4.489795918367348371e+00
3.933865752019949014e+01 4.591836734693877986e+00
4.050298402281914889e+01 4.693877551020411154e+00
3.617528604308282070e+01 4.795918367346938993e+00
3.652236446294851646e+01 4.897959183673470385e+00
3.926105916143091434e+01 5.000000000000000000e+00
4.948632828546659113e+01 5.242704346345531619e+00
4.503112443383646024e+01 5.485408692691060573e+00
4.037379787438569423e+01 5.728113039036590415e+00
4.088414907171937784e+01 5.970817385382122922e+00
3.920312751369055349e+01 6.213521731727647435e+00
3.974003837488302082e+01 6.456226078073182606e+00
3.965274795516598516e+01 6.698930424418708007e+00
4.830340945883813220e+01 6.941634770764241402e+00
4.900287064866350306e+01 7.184339117109768580e+00
5.089745341468707807e+01 7.427043463455300198e+00
5.346839783466481322e+01 7.669747809800830041e+00
5.698494036821772113e+01 7.912452156146362547e+00
5.925584429939554809e+01 8.155156502491887949e+00
5.639307895962121364e+01 8.397860848837423120e+00
5.492981297118185324e+01 8.640565195182947633e+00
5.324851169603117285e+01 8.883269541528477475e+00
5.531671085017714518e+01 9.125973887874010870e+00
5.171298170463351340e+01 9.368678234219540713e+00
5.347640479586854667e+01 9.611382580565070555e+00
5.439403771942420462e+01 9.854086926910595068e+00
5.524308139804480788e+01 1.009679127325612669e+01
5.870266169789262989e+01 1.033949561960165475e+01
6.279850091537183232e+01 1.058219996594718637e+01
6.633599840113734558e+01 1.082490431229271621e+01
6.667552754585106811e+01 1.106760865863824783e+01
6.595756801689208260e+01 1.131031300498377234e+01
6.764608893337641859e+01 1.155301735132930929e+01
6.597865021625214865e+01 1.179572435234852890e+01
6.424117113947644953e+01 1.203842866198494121e+01
6.310269614591301490e+01 1.228107942724706092e+01
6.537796929631062426e+01 1.252368253771791373e+01
6.698121117643650280e+01 1.276636784452152185e+01
6.792679054931895166e+01 1.300921760372015079e+01
6.874291003696065161e+01 1.325232479742413716e+01
6.670644893315167678e+01 1.349589255228262630e+01
6.682511302655281327e+01 1.374001209113818689e+01
6.707595627300769081e+01 1.398477885567575818e+01
6.054923708177298636e+01 1.423032833635140548e+01
5.463115733628005444e+01 1.447660085574575284e+01
4.695995536947698668e+01 1.472349329312781130e+01
4.816058282226240550e+01 1.497103013172075059e+01
4.970059794408511777e+01 1.521914487145982342e+01
5.223540151471072335e+01 1.546750358015217230e+01
5.423136186653373159e+01 1.571591883069037543e+01
5.554893389690648320e+01 1.596409793679723421e+01
5.424936042815369319e+01 1.621186024328135034e+01
5.247371266593458472e+01 1.645925454394415155e+01
5.195219108510400474e+01 1.670669920480068882e+01
5.111724627195049209e+01 1.695633396232911139e+01
4.884949144224103890e+01 1.720828381654928307e+01
4.884561494086941025e+01 1.746307085840162543e+01
4.978042575004962345e+01 1.771949609466921771e+01
5.193340763316150799e+01 1.797736264082786306e+01
5.376514243856983910e+01 1.823562105428825930e+01
5.457905291111524804e+01 1.849394370415372890e+01
5.448524313319128254e+01 1.875247193101531451e+01
5.745308773801939140e+01 1.901156855424952141e+01
5.619987325422038538e+01 1.927095212392848822e+01
5.608804478861276266e+01 1.953043951241595977e+01
5.529229470537821101e+01 1.978940409958989477e+01
5.375509346623248064e+01 2.004702575889186278e+01
5.302900139813336722e+01 2.030246322921155411e+01
5.192513901417267164e+01 2.055486562519773130e+01
5.262834034766817126e+01 2.080396607778764917e+01
5.322552832544235457e+01 2.104949255231337801e+01
5.183019202881436627e+01 2.129238066889510250e+01
5.080243139196184643e+01 2.153335439949520236e+01
5.147911807547433227e+01 2.177329401019079924e+01
5.010481556612636211e+01 2.201256662653060658e+01
4.970467656232471398e+01 2.225131331147324687e+01
4.819383167210752816e+01 2.248951369116704768e+01
4.823231690162945284e+01 2.272717161016640119e+01
4.894689751872083150e+01 2.296429708990458707e+01
4.850216098462445302e+01 2.320090550144858454e+01
4.913419254077464160e+01 2.343705422652219639e+01
5.087025672303749246e+01 2.367282843797251957e+01
4.873698823305472416e+01 2.390830751372243412e+01
4.892716209467792510e+01 2.414351047969532615e+01
5.001176667947041210e+01 2.437862341414829004e+01
4.954634553512664041e+01 2.461371572002192920e+01
4.945583712755481542e+01 2.484882687856001837e+01
4.850183710429028849e+01 2.508394188195932273e+01
5.215611604655255462e+01 2.531905177686331143e+01
5.045315073410107942e+01 2.555416770752291811e+01
5.224385143420964539e+01 2.578926930217352265e+01
5.346901426058397533e+01 2.602437392570849894e+01
5.246056462954597777e+01 2.625946932408821155e+01
5.171592022047803994e+01 2.649455803902706563e+01
5.294584524035247597e+01 2.672962276727540853e+01
5.490077083923403478e+01 2.696487046163186108e+01
5.421221912171827029e+01 2.720101380457836626e+01
5.279487845219438213e+01 2.743864430998652892e+01
5.408520838536401243e+01 2.767803696437397676e+01
5.425970202589240898e+01 2.791953673240060141e+01
5.462713605242834802e+01 2.816356600625327289e+01
5.407640244403662422e+01 2.841021573738986916e+01
5.410380454719270205e+01 2.865937698604041373e+01
5.387792467109641592e+01 2.891046100310791189e+01
5.364571641189293416e+01 2.916362709016788557e+01
5.548023736378247861e+01 2.941870207158708439e+01
5.464845481216550382e+01 2.967587261793795506e+01
5.568921712805281743e+01 2.993548013327503909e+01
5.419028386881873871e+01 3.019747094469203930e+01
5.370066772712799263e+01 3.046173379017191252e+01
5.485786936020619464e+01 3.072846262869029843e+01
5.379524539225807445e+01 3.099752470167075913e+01
5.204265560509557531e+01 3.126798053343715011e+01
4.969644213742403593e+01 3.153918594116917262e+01
4.996466144438534940e+01 3.181171699081091830e+01
4.877247169807653648e+01 3.208679940142552311e+01
4.856591733489588592e+01 3.236522549824243100e+01
5.126086171429112426e+01 3.264791190371241925e+01
5.220461603344367774e+01 3.293413903819680399e+01
5.327751423671170272e+01 3.322171937612090176e+01
5.465190038905137015e+01 3.351058951365256888e+01
5.530240004854242386e+01 3.380072351913889150e+01
5.415899465745883390e+01 3.409241420410818080e+01
5.441120238065160208e+01 3.438591866778408246e+01
5.566514376071815917e+01 3.468100727865919453e+01
5.489235448423703900e+01 3.497785432866257338e+01
5.476360387044477562e+01 3.527656019274810717e+01
5.641612515986272314e+01 3.557656386436045182e+01
5.209970130311817371e+01 3.587788352848948392e+01
5.344082958759823043e+01 3.618033820492086505e+01
5.228389025070393359e+01 3.648359307003693885e+01
5.395841428809015383e+01 3.678733135686415068e+01
5.201535657783487920e+01 3.709120402112273496e+01
5.339863690620377668e+01 3.739501193389931188e+01
5.766547607913596352e+01 3.769871877101252267e+01
5.666679262608757028e+01 3.800249202467774268e+01
5.581213357284358523e+01 3.830679839582951729e+01
5.337572019019121683e+01 3.861187567857314917e+01
5.306188326207961836e+01 3.891795002961560357e+01
4.812482329147915294e+01 3.922513765629790328e+01
4.852537309721982695e+01 3.953361476309800082e+01
4.863512453109326117e+01 3.984350803515084039e+01
4.728155325435840695e+01 4.015489136566530703e+01
4.793521231670642635e+01 4.046781434997198801e+01
4.944468994764886105e+01 4.078228052536712767e+01
4.743232293389392140e+01 4.109811113565344698e+01
4.977596580000427196e+01 4.141467916335940913e+01
5.051413157632208595e+01 4.173101405810203346e+01
5.347999959227606581e+01 4.204691219837230420e+01
5.466327727920971569e+01 4.236190621351947527e+01
5.780920223884893261e+01 4.267582326716239294e+01
6.164267824428412723e+01 4.298853875104038025e+01
6.129275895800115848e+01 4.330015983100243915e+01
6.604187614555628727e+01 4.361104358841171091e+01
6.585842068146411066e+01 4.392151086435001872e+01
6.859626776075747046e+01 4.423184528809083105e+01
7.180046551078393691e+01 4.454216825970475924e+01
7.578924188293602526e+01 4.485233079563970904e+01
7.927292110628859234e+01 4.516224499722576979e+01
8.334556129640350264e+01 4.547294175360798363e+01
8.869990461674900928e+01 4.578491431278174417e+01
8.915998121147144673e+01 4.609793010117657985e+01
9.314847075638206775e+01 4.641203788378774675e+01
9.199957139705857401e+01 4.672795576774630177e+01
9.859450991153707378e+01 4.704736531178196657e+01
9.994215999672424289e+01 4.737070955168062625e+01
1.011091576569225481e+02 4.769730457434313564e+01
1.011995493375808337e+02 4.802794761703447790e+01
1.016155732220234711e+02 4.836278665852531589e+01
1.051095798340082865e+02 4.869988849330517411e+01
1.030995793600518624e+02 4.903797511980854296e+01
1.045916746575276619e+02 4.937582382338754883e+01
1.004704113577071780e+02 4.971077927479900893e+01
9.898324849843682216e+01 5.004031439840315443e+01
1.000402109825901107e+02 5.036476921809988738e+01
9.663519124784914993e+01 5.068538210792173970e+01
9.986898225539111706e+01 5.100297904989453457e+01
1.026734263780890473e+02 5.131862373722844239e+01
1.027733439167602967e+02 5.163509139175124574e+01
1.023517834001295483e+02 5.195155904627405619e+01
9.884565668343650202e+01 5.226802670079685242e+01
9.451147658062862433e+01 5.258449435531964866e+01
9.109182373982912395e+01 5.290096200984245911e+01
8.851754823783390691e+01 5.321742966436525535e+01
9.224067906040878029e+01 5.353389731888806580e+01
9.038758768600770566e+01 5.385036497341086204e+01
8.685620995817097878e+01 5.416683262793367248e+01
8.487679701996529502e+01 5.448330028245648293e+01
8.188097125850451619e+01 5.479976793697930049e+01
7.851366917993408379e+01 5.511623559150209672e+01
7.453751126375729541e+01 5.543270324602489296e+01
6.951651941449074457e+01 5.574917090054770341e+01
6.817381155022906114e+01 5.606563855507049965e+01
6.437253758133762460e+01 5.638210620959328878e+01
6.302667407931189558e+01 5.669857386411612055e+01
6.320525385385593609e+01 5.701504151863891678e+01
6.024924530839680159e+01 5.733150917316174855e+01
5.969306858302202556e+01 5.764797682768453768e+01
5.834948133893267652e+01 5.796444448220734813e+01
5.153618691118920481e+01 5.828091213673013726e+01
4.834022865003173308e+01 5.859737979125294771e+01
4.624036907092460069e+01 5.891384744577575816e+01
3.833016591569861475e+01 5.923031510029855440e+01
3.135515880017604928e+01 5.954678275482137195e+01
1.561141436003095606e+01 5.986325040934416819e+01
1.834701221933085336e+01 6.047828611527591391e+01
6.278541920705921875e+00 6.109332182120765253e+01
4.357530902579385135e+00 6.170835752713942668e+01
6.436677937890465939e-01 6.232339323307117240e+01
1.013312270828976125e+00 6.293842893900291813e+01
4.208745190429173277e+00 6.355346464493467096e+01
2.811588315088286993e+00 6.416850035086642379e+01
1.871486422863922527e+00 6.478353605679818372e+01
1.631060499720930590e+00 6.539857176272992945e+01
1.741193201724854589e+00 6.601360746866167517e+01
3.150447140473101371e+00 6.662864317459342089e+01
1.030215624131519014e+00 6.724367888052518083e+01
3.123165112310074321e+00 6.785871458645694076e+01
4.697084357497815610e+00 6.847375029238870070e+01
3.071923352484589032e+00 6.908878599832044642e+01
5.001751798518303538e+00 6.970382170425217794e+01
3.637553118589211820e+00 7.031885741018395208e+01
7.269454425220458482e+00 7.093389311611569781e+01
1.733825844203799260e+00 7.154892882204744353e+01
1.432864481083740316e+00 7.216396452797918926e+01
3.612397854715507783e+00 7.277900023391094919e+01
6.894840757593808434e+00 7.339403593984272334e+01
4.049090898167612806e+00 7.400907164577445485e+01
3.710672374610645363e+00 7.462410735170621479e+01
7.296555776505816659e+00 7.523914305763796051e+01
3.040460128938475282e-01 7.585417876356970623e+01
4.733200788022979388e+00 7.646921446950146617e+01
5.971579325013007811e+00 7.708425017543319768e+01
2.578296620713286469e+00 7.769928588136497183e+01
8.403360108059935385e+00 7.831432158729670334e+01
4.548546759555954999e+00 7.892935729322846328e+01
8.400985413715728711e+00 7.954439299916022321e+01
1.041928677072104570e+00 8.015942870509198315e+01
4.797666868689446140e+00 8.077446441102371466e+01
3.849094644009126043e+00 8.138950011695546038e+01
1.392882652836305857e+00 8.200453582288722032e+01
4.041256207304845915e+00 8.261957152881896604e+01
7.012443570351402755e+00 8.323460723475072598e+01
2.534228191170803335e+00 8.384964294068248591e+01
4.298483568053441672e+00 8.446467864661423164e+01
1.084810112300741425e+00 8.507971435254596315e+01
4.087537433170219892e+00 8.569475005847773730e+01
2.465950358586806779e+00 8.630978576440949723e+01
1.676609345676922658e+00 8.692482147034124296e+01
5.880833664880242395e+00 8.753985717627298868e+01
4.120090076087509878e+00 8.815489288220473441e+01
2.566771962702482757e+00 8.876992858813649434e+01
4.102241927248415188e+00 8.938496429406824006e+01
4.095784279729675958e+00 8.999999999999998579e+01
