1.491733909870802899e+00 1.020408163265309892e-01
2.228332783115838822e+00 2.040816326530604796e-01
3.977167710201010120e+00 3.061224489795933978e-01
4.178512632177037389e+00 4.081632653061209592e-01
2.509522727425299138e+00 5.102040816326500750e-01
2.397554510684873463e+00 6.122448979591810225e-01
4.491508550164333258e+00 7.142857142857105268e-01
6.115853651145432224e+00 8.163265306122414744e-01
4.796071953879236460e+00 9.183673469387724220e-01
3.068076467349985403e+00 1.020408163265305257e+00
3.859430750567057977e+00 1.122448979591836205e+00
5.381502323405754851e+00 1.224489795918365598e+00
7.115812998666335432e+00 1.326530612244896545e+00
7.437726870083915642e+00 1.428571428571429491e+00
6.357749582276263745e+00 1.530612244897957108e+00
6.156701405100310609e+00 1.632653061224488056e+00
7.403603262868633905e+00 1.734693877551023000e+00
9.493908079859018301e+00 1.836734693877548619e+00
7.862110147250314540e+00 1.938775510204081565e+00
4.438963306985987067e+00 2.040816326530607405e+00
3.664462194556095120e+00 2.142857142857140129e+00
4.605233776173408344e+00 2.244897959183671077e+00
6.436336007549710914e+00 2.346938775510198472e+00
6.711954156697673923e+00 2.448979591836734748e+00
5.086039227228638993e+00 2.551020408163262143e+00
3.113960982493210849e+00 2.653061224489794867e+00
2.710875407825098282e+00 2.755102040816327591e+00
4.056619774314394355e+00 2.857142857142854986e+00
4.106709945087935409e+00 2.959183673469385933e+00
2.789976947863774370e+00 3.061224489795916881e+00
2.073437460077825811e+00 3.163265306122446496e+00
1.151955749167381304e+00 3.265306122448979220e+00
1.415623997521024691e-01 3.367346938775508391e+00
1.115902092968402703e+00 3.469387755102038007e+00
1.688368428137918542e+00 3.571428571428568954e+00
1.119793813575076680e+00 3.673469387755096349e+00
1.193217746213526054e+00 3.775510204081627297e+00
1.979340743073002118e+00 3.877551020408160021e+00
2.001563788174781422e+00 3.979591836734692745e+00
5.395131619158603620e+00 4.081632653061218363e+00
9.325134154899936689e+00 4.183673469387753308e+00
1.600593313000098306e+01 4.285714285714281147e+00
2.325855058952060972e+01 4.387755102040815203e+00
2.430631031691232025e+01 4.489795918367344818e+00
2.362048476914686290e+01 4.591836734693873545e+00
2.393531775990427946e+01 4.693877551020408490e+00
2.442194771182942148e+01 4.795918367346934552e+00
2.552427402454691219e+01 4.897959183673467720e+00
2.732062411162638327e+01 4.999999999999999112e+00
4.327944098371276738e+01 5.245661478663903310e+00
5.037443782268333337e+01 5.491322957327810173e+00
5.189824378907184155e+01 5.736984435991711706e+00
5.949598036854458627e+01 5.982645914655623010e+00
6.390860322300106589e+01 6.228307393319526319e+00
6.509730855657736015e+01 6.473968871983434958e+00
5.831723636583292603e+01 6.719630350647337380e+00
5.747993400770330652e+01 6.965291829311246019e+00
5.185689719137442211e+01 7.210953307975145776e+00
5.064835591153318717e+01 7.456614786639056192e+00
5.210291533643557216e+01 7.702276265302959501e+00
5.294841822678897358e+01 7.947937743966868140e+00
5.407964960625611894e+01 8.193599222630773227e+00
5.866533302852725029e+01 8.439260701294680089e+00
5.819277710384386637e+01 8.684922179958583399e+00
5.737090129104071679e+01 8.930583658622492038e+00
5.658215571231446717e+01 9.176245137286397124e+00
5.777237088309194490e+01 9.421906615950305763e+00
5.985002297553823780e+01 9.667568094614207297e+00
6.006603011277928772e+01 9.913229573278112383e+00
6.237335528072460278e+01 1.015889105194201925e+01
6.602332728065728418e+01 1.040455253060592611e+01
6.579368662527278389e+01 1.065021400926983119e+01
6.789389147203598895e+01 1.089587548793373983e+01
6.536129228463633467e+01 1.114153696659764137e+01
6.535578476956229110e+01 1.138719844526155356e+01
6.979936913300062429e+01 1.163319377999182436e+01
7.260097953787088443e+01 1.187866506897879404e+01
7.127487357934970191e+01 1.212383664780138304e+01
6.965113727239651098e+01 1.236867179459773602e+01
7.169308018660120752e+01 1.261321231411666588e+01
7.435700562858725959e+01 1.285754747297990264e+01
7.429541793997921673e+01 1.310167804044840523e+01
7.445619440019515878e+01 1.334565819915833274e+01
7.254084945072689550e+01 1.358955033587864136e+01
6.850433373805891790e+01 1.383332169652808830e+01
6.947081506601753631e+01 1.407685360150701470e+01
6.565320431733226769e+01 1.432037667117229063e+01
5.867481541963105229e+01 1.456386685146205195e+01
5.436496698062880739e+01 1.480763094099124544e+01
4.988455981355863855e+01 1.505175078538487554e+01
5.131580394211360385e+01 1.529668255605324134e+01
5.563661110834118517e+01 1.554217617730205347e+01
6.074438417612734042e+01 1.578858520211427319e+01
6.141796116154532115e+01 1.603608823945964090e+01
6.060756270612506569e+01 1.628460244994485606e+01
5.794999718665030031e+01 1.653411466645662387e+01
5.715610081255834984e+01 1.678533577044967018e+01
5.437205225515948115e+01 1.703957325990594285e+01
5.479516657613149277e+01 1.729804900032451442e+01
5.422900277986988726e+01 1.756028166204770358e+01
5.427805323364786005e+01 1.782700702048428454e+01
5.497913102692675125e+01 1.809565580055353706e+01
5.616800263211077748e+01 1.836644859703216781e+01
5.780811636832165590e+01 1.863898346949768126e+01
6.285104353349350959e+01 1.891256759068582483e+01
6.228950972198800429e+01 1.918575204516492860e+01
6.261430292970152323e+01 1.945809883390770523e+01
6.410655647729248585e+01 1.972794789182844610e+01
6.498038561820155223e+01 1.999496268641568975e+01
6.493559965351077778e+01 2.025906794015311974e+01
6.059860145365409068e+01 2.051981944428467131e+01
5.964423140053951755e+01 2.077715304648964079e+01
5.935851469926988955e+01 2.103100715125421161e+01
5.694567152945358401e+01 2.128144430916425733e+01
5.481914531539158020e+01 2.152901345650887066e+01
5.308978944130947042e+01 2.177389986488890017e+01
5.298953549173461397e+01 2.201646910960834091e+01
5.469323556907293238e+01 2.225759355616647639e+01
5.319961071406947895e+01 2.249769993970030413e+01
5.423304999439888974e+01 2.273711162617834702e+01
5.510279539691956074e+01 2.297592693690400623e+01
5.426592385727372658e+01 2.321424171497255529e+01
5.201486569020266870e+01 2.345228707731508777e+01
5.392669962992594890e+01 2.369006851614305376e+01
5.134010885211959163e+01 2.392757937768354282e+01
5.027425407298817106e+01 2.416493784444497095e+01
5.126244446637897312e+01 2.440220232675468992e+01
5.240588855032609672e+01 2.463930876127227876e+01
5.006969235820925945e+01 2.487625309515414784e+01
5.388869877898566330e+01 2.511307819612002490e+01
5.273701567749169783e+01 2.534978665693910571e+01
5.319939398422037868e+01 2.558641420398589972e+01
5.130005247272580959e+01 2.582299345115501765e+01
5.292561356695831876e+01 2.605953930802224860e+01
5.341044422522385560e+01 2.629607502491663595e+01
5.413621709577137153e+01 2.653261181311808059e+01
5.275825389332907633e+01 2.676915431410763091e+01
5.238120059082874036e+01 2.700570227045294303e+01
5.567357166304166327e+01 2.724224580429927656e+01
5.569973144349149408e+01 2.747878151935516300e+01
5.560808132888776356e+01 2.771548634978297443e+01
5.504564599624109178e+01 2.795327420990506795e+01
5.573347075937356010e+01 2.819275593268244862e+01
5.592478767414400664e+01 2.843417894995499040e+01
5.581667415873526039e+01 2.867840838942421300e+01
5.685159999768720240e+01 2.892617277342825233e+01
5.615658542672780840e+01 2.917774626473701716e+01
5.591000657050029332e+01 2.943324973393990618e+01
5.816514470543259563e+01 2.969274168417890536e+01
5.910052602582089065e+01 2.995567528772228272e+01
5.691405933178494081e+01 3.022202378230274178e+01
5.790305302949359145e+01 3.049144163519910578e+01
5.662888055771860962e+01 3.076409702781928246e+01
5.353697330081403294e+01 3.103960549312046169e+01
5.506264092931327525e+01 3.131723935728425801e+01
5.217878556544656732e+01 3.159679461872843476e+01
5.317217174676408575e+01 3.187876644301378093e+01
5.305373472788558331e+01 3.216393955588421250e+01
5.264027476451432364e+01 3.245122017681088522e+01
5.305677725947654011e+01 3.274068932325370440e+01
5.339918143409840212e+01 3.303217679606932933e+01
5.416760761086093368e+01 3.332596237366387726e+01
5.398907472270431640e+01 3.362190012296425579e+01
5.406406038112508838e+01 3.392014509176507175e+01
5.684345582281523690e+01 3.422071697980137372e+01
5.495291053406460691e+01 3.452352020084264694e+01
5.705679328488072599e+01 3.482840504117292824e+01
5.588547565618819135e+01 3.513511792979252135e+01
5.629700816273992103e+01 3.544318517812252622e+01
5.389646483858943782e+01 3.575222721057838982e+01
5.456344947290037339e+01 3.606162538918341909e+01
5.587869084158531052e+01 3.637085577553471438e+01
5.563861172266560828e+01 3.667959404817169400e+01
5.917579754371377021e+01 3.698763504979634575e+01
5.932487755512823924e+01 3.729493256956628500e+01
6.075805378448518468e+01 3.760160801686680543e+01
5.951630298296620936e+01 3.790784972396671293e+01
5.994042100659048344e+01 3.821379780636490153e+01
6.256041342904639180e+01 3.851952385476374019e+01
5.846428986269548034e+01 3.882531834534403714e+01
5.873910754597152817e+01 3.913136241595181986e+01
5.702400174493526919e+01 3.943797729207392422e+01
5.485261250840207481e+01 3.974535130022265150e+01
5.394842169185742620e+01 4.005361359529284471e+01
5.319258191462304097e+01 4.036260442044806496e+01
5.431762454632284687e+01 4.067216521155903308e+01
5.281590957320959490e+01 4.098212317464240328e+01
5.452199968428145382e+01 4.129234738151289008e+01
5.202321339048775428e+01 4.160267724095511710e+01
5.103832101940177068e+01 4.191305561721407713e+01
5.163342667923343754e+01 4.222340655088917316e+01
5.670265129517974856e+01 4.253400911457168121e+01
5.686892557627785294e+01 4.284515122417599287e+01
5.672148947075326930e+01 4.315748532748970945e+01
6.059367432717609603e+01 4.347149963973699727e+01
6.294820206695701614e+01 4.378741107677539901e+01
6.347296991485579554e+01 4.410538292891391166e+01
6.593564622462758962e+01 4.442565498923644185e+01
6.932037326573515656e+01 4.474747209155043493e+01
7.087539466294518320e+01 4.507019328852110363e+01
7.404334034621177807e+01 4.539323025327426109e+01
7.671205565864906362e+01 4.571659220354587916e+01
7.669099308990890052e+01 4.604021903855942099e+01
7.795352642011621924e+01 4.636405177849973569e+01
8.251366750963154573e+01 4.668807300974998498e+01
8.854799313682609352e+01 4.701280058038731369e+01
9.214797716363635516e+01 4.733891250525324068e+01
9.459061099275389495e+01 4.766710374280124540e+01
9.563273533689661576e+01 4.799741394904167180e+01
1.018137083741473390e+02 4.832890886314811496e+01
1.046226274422614608e+02 4.866040886709381397e+01
1.066394528489343401e+02 4.899100629662625295e+01
1.056604072986603455e+02 4.931960782226887119e+01
1.043173054667288113e+02 4.964582728689983071e+01
1.015801178325008749e+02 4.996976299642155794e+01
1.064210587571404290e+02 5.029224022244268610e+01
1.097723474349952255e+02 5.061452214657446547e+01
1.075180341058889155e+02 5.093812512023163919e+01
1.050081405476920224e+02 5.126293466813429234e+01
1.089347820327691636e+02 5.158656329794064987e+01
1.057450221319732151e+02 5.190852319349316701e+01
1.018792846488952080e+02 5.222846696955390655e+01
1.052698393254895564e+02 5.254359456337927980e+01
1.055080179119313613e+02 5.285784930175270802e+01
1.045172733798335827e+02 5.317649007842359765e+01
1.019196889379455797e+02 5.349513085509448729e+01
1.001253902694375881e+02 5.381377163176538403e+01
9.660523471423080366e+01 5.413241240843628077e+01
9.508786993926929654e+01 5.445105318510717751e+01
8.944596049937852911e+01 5.476969396177806715e+01
8.494567297203514045e+01 5.508833473844896389e+01
8.346093777150274207e+01 5.540697551511985353e+01
7.833012899818524488e+01 5.572561629179075027e+01
7.594918119936841094e+01 5.604425706846163990e+01
7.342394412607973209e+01 5.636289784513253664e+01
7.390687328623141639e+01 5.668153862180342628e+01
7.122236023312795794e+01 5.700017939847432302e+01
7.122603689698246399e+01 5.731882017514521976e+01
6.823813468906448065e+01 5.763746095181610940e+01
6.720755878868857280e+01 5.795610172848700614e+01
6.383633315245116080e+01 5.827474250515787446e+01
6.249308251840020745e+01 5.859338328182878541e+01
6.174088885120657011e+01 5.891202405849967505e+01
5.655487712344017126e+01 5.923066483517058600e+01
4.862527998951938457e+01 5.954930561184147564e+01
4.080357033645012166e+01 5.986794638851237238e+01
3.235287919871357332e+01 6.018658716518324781e+01
2.107709009933114785e+01 6.050522794185414455e+01
2.078489160999429686e+01 6.110716206548977425e+01
1.018772146007503565e+01 6.170909618912540395e+01
7.340857473998516625e+00 6.231103031276104787e+01
9.178090180968442979e+00 6.291296443639664915e+01
5.730815269135884016e+00 6.351489856003229306e+01
7.500235331733401623e+00 6.411683268366790855e+01
3.064121007010367492e+00 6.471876680730356668e+01
2.672573602338843557e+00 6.532070093093918217e+01
5.554467368565732421e+00 6.592263505457481187e+01
1.739471168387027422e+00 6.652456917821044158e+01
2.771986975187875846e+00 6.712650330184607128e+01
1.252778499275659652e+00 6.772843742548170098e+01
1.064202517682185700e+01 6.833037154911731648e+01
9.391119802564602992e+00 6.893230567275296039e+01
5.933328521597379002e+00 6.953423979638857588e+01
1.387121634420000937e+01 7.013617392002420559e+01
5.745719401173471574e+00 7.073810804365984950e+01
6.327139277086949676e+00 7.134004216729547920e+01
5.207690813041768507e+00 7.194197629093110891e+01
1.047942521118917369e+01 7.254391041456673861e+01
9.375296339971642468e+00 7.314584453820235410e+01
8.072685357872302347e-01 7.374777866183798380e+01
6.223418626081972604e+00 7.434971278547361351e+01
3.284151365615229690e+00 7.495164690910924321e+01
1.114055867871355687e+01 7.555358103274488712e+01
2.975513455574390065e+00 7.615551515638051683e+01
7.027181009815231860e+00 7.675744928001614653e+01
4.657521178038411591e+00 7.735938340365177623e+01
7.108052257871341872e+00 7.796131752728739173e+01
3.533945700777383792e+00 7.856325165092303564e+01
7.579651361917036922e+00 7.916518577455866534e+01
8.113579517907183458e+00 7.976711989819429505e+01
9.705306689954847243e+00 8.036905402182992475e+01
3.953855461701527574e+00 8.097098814546555445e+01
8.814473192271931268e+00 8.157292226910116995e+01
4.797686591640545117e+00 8.217485639273679965e+01
1.879495256557824456e+00 8.277679051637245777e+01
7.095299653929000527e+00 8.337872464000807327e+01
7.627441233351419214e+00 8.398065876364370297e+01
6.266417998632944020e+00 8.458259288727933267e+01
3.357583527398976919e+00 8.518452701091496237e+01
6.520184773245173204e+00 8.578646113455057787e+01
5.096264598191610595e+00 8.638839525818619336e+01
4.033842008752331232e+00 8.699032938182185148e+01
9.642256833560196583e+00 8.759226350545746698e+01
5.441553119811091577e+00 8.819419762909309668e+01
9.245712532222071900e+00 8.879613175272872638e+01
4.480715089895170422e+00 8.939806587636435609e+01
7.351274768666731241e+00 9.000000000000000000e+01
