4.708617352786515498e-01 1.020408163265326823e-01
1.464624212872410736e-01 2.040816326530601743e-01
5.600050444566299079e-01 3.061224489795894010e-01
1.295883684521954127e+00 4.081632653061220695e-01
2.253054950969030301e+00 5.102040816326512962e-01
2.469976288456265046e+00 6.122448979591840201e-01
1.900042304263189985e+00 7.142857142857133024e-01
1.863951790979057943e+00 8.163265306122425846e-01
2.448943199145172223e+00 9.183673469387753086e-01
3.234049915031282918e+00 1.020408163265307921e+00
3.074018226083056859e+00 1.122448979591837093e+00
2.650237191580965934e+00 1.224489795918364488e+00
1.600022634094543150e+00 1.326530612244897211e+00
6.473655326414586852e-01 1.428571428571428159e+00
1.612466169633081314e+00 1.530612244897960883e+00
1.785343200782959050e+00 1.632653061224488278e+00
2.069272860661910407e+00 1.734693877551017449e+00
2.297693041357030008e+00 1.836734693877548397e+00
1.858140401314602563e+00 1.938775510204079344e+00
1.838182540234056139e+00 2.040816326530611846e+00
1.977102182373917660e+00 2.142857142857141017e+00
1.742292138720847872e+00 2.244897959183670189e+00
9.943134979301544440e-01 2.346938775510201136e+00
2.369144058788340002e-01 2.448979591836735636e+00
0.000000000000000000e+00 2.551020408163263031e+00
0.000000000000000000e+00 2.653061224489792203e+00
0.000000000000000000e+00 2.755102040816324926e+00
0.000000000000000000e+00 2.857142857142854098e+00
4.057380736443104820e-04 2.959183673469383269e+00
7.490715778265231994e-02 3.061224489795915993e+00
0.000000000000000000e+00 3.163265306122443388e+00
0.000000000000000000e+00 3.265306122448976112e+00
2.094079010090661719e-01 3.367346938775508836e+00
1.004183566628993329e+00 3.469387755102034454e+00
1.634571943281116546e+00 3.571428571428567178e+00
1.276042226004946656e+00 3.673469387755099902e+00
2.090823360062952663e+00 3.775510204081630850e+00
9.327541661764682246e+00 3.877551020408163573e+00
1.412433735698317427e+01 3.979591836734692745e+00
1.019250460189121021e+01 4.081632653061221916e+00
8.864903466889781924e+00 4.183673469387752419e+00
1.442237024841232085e+01 4.285714285714284699e+00
1.972102953320045060e+01 4.387755102040814315e+00
2.653539939415509252e+01 4.489795918367343930e+00
3.442888942672151131e+01 4.591836734693876210e+00
3.602492821186337579e+01 4.693877551020404049e+00
3.398333790520818098e+01 4.795918367346935440e+00
2.924299372274629505e+01 4.897959183673465944e+00
2.573592892356235851e+01 4.999999999999995559e+00
3.983729421498364331e+01 5.244411964266762816e+00
4.341268906017086948e+01 5.488823928533532737e+00
5.582704727992288696e+01 5.733235892800296440e+00
5.835806500250996010e+01 5.977647857067061032e+00
5.660913426566793305e+01 6.222059821333826513e+00
5.861774924567284728e+01 6.466471785600599986e+00
6.080792146794019004e+01 6.710883749867365466e+00
6.038766716225989484e+01 6.955295714134134499e+00
5.913344354336697251e+01 7.199707678400899979e+00
5.450826206755083803e+01 7.444119642667664571e+00
5.202617971673355157e+01 7.688531606934430940e+00
5.111876512670709616e+01 7.932943571201196420e+00
5.005410099624344866e+01 8.177355535467963676e+00
5.263216082937014306e+01 8.421767499734730933e+00
5.310879876366408325e+01 8.666179464001498189e+00
5.428731822877147550e+01 8.910591428268268999e+00
5.340729758349723255e+01 9.155003392535034479e+00
5.336252796872800985e+01 9.399415356801801735e+00
5.120472251378296846e+01 9.643827321068565439e+00
4.989568024697878457e+01 9.888239285335332696e+00
4.980334328143083411e+01 1.013265124960209995e+01
4.945028937598813457e+01 1.037706321386886366e+01
4.874219092363300376e+01 1.062147517813562914e+01
5.217884923076718451e+01 1.086588714240239462e+01
5.431614022067187619e+01 1.111029910666916365e+01
5.474354763822564252e+01 1.135471107093592380e+01
6.059690170012559918e+01 1.159912303520269816e+01
6.008579758294410311e+01 1.184361480953545254e+01
6.058297437881032010e+01 1.208765242141369001e+01
6.066895678805079228e+01 1.233168229541225358e+01
6.589843995088759243e+01 1.257586818546281116e+01
6.846740052932315734e+01 1.282018868810381740e+01
6.783617798589214942e+01 1.306467546941361846e+01
6.707825626078822268e+01 1.330953105125839642e+01
6.416132068467204874e+01 1.355473313609960329e+01
6.308450050509476625e+01 1.380061211925276865e+01
6.199903890896296588e+01 1.404706320205875514e+01
5.641940256701831657e+01 1.429407090347363507e+01
5.128780754267069852e+01 1.454162437130348451e+01
4.617881981854199580e+01 1.478958064192185873e+01
4.515608007228069454e+01 1.503777511946233858e+01
4.777193133753426935e+01 1.528615425227265590e+01
5.187590596399834197e+01 1.553472200909537193e+01
5.204011712007602597e+01 1.578340791531775977e+01
5.135807239599603946e+01 1.603228688166403870e+01
4.907606132366738905e+01 1.628138087304277093e+01
4.989518278441649102e+01 1.653058551908870299e+01
4.916216966212625294e+01 1.678011183192004907e+01
4.609608527406038547e+01 1.703076940319964194e+01
4.617705184852157174e+01 1.728383102636131952e+01
4.577195895901709122e+01 1.754006649415326535e+01
4.655688738945146099e+01 1.780031288784244126e+01
4.579104362430859254e+01 1.806532357290804924e+01
4.857010213976683843e+01 1.833393220244661848e+01
4.808840196609133955e+01 1.860496223443749741e+01
4.813750375925463487e+01 1.887578750994115495e+01
5.042283718164311779e+01 1.914653139811711569e+01
5.201331025183566226e+01 1.941646362252591373e+01
5.053834958570860891e+01 1.968520135485199063e+01
5.131008361547558394e+01 1.995119311775854953e+01
5.157144753340173082e+01 2.021369394470546155e+01
4.845597794717399864e+01 2.047269853184579347e+01
4.781351111294009826e+01 2.072836520130917037e+01
4.786828256216236355e+01 2.098108660471177700e+01
4.941068915733883671e+01 2.123136954616895977e+01
4.429960589630858436e+01 2.147971672369055440e+01
4.528988588816312699e+01 2.172599395478337669e+01
4.538723752372996501e+01 2.197030545048046335e+01
4.592277240414302497e+01 2.221294139157860315e+01
4.576821586524729923e+01 2.245412235240505083e+01
4.506576813155457728e+01 2.269397111147907964e+01
4.513272093466875390e+01 2.293312863658402989e+01
4.513509528814009286e+01 2.317180030033355465e+01
4.504900638872932461e+01 2.341023458672323088e+01
4.439957226206563234e+01 2.364846270865110966e+01
4.433810650847519952e+01 2.388640094051272555e+01
4.650323039394161384e+01 2.412413280151152151e+01
4.587414248953850660e+01 2.436171792095965216e+01
4.482798983463057141e+01 2.459916986159172581e+01
4.810982916667260412e+01 2.483652687588372743e+01
4.955844423174272606e+01 2.507376370809788213e+01
4.790910413211259566e+01 2.531091185630437934e+01
4.724375229774071983e+01 2.554796527088746316e+01
4.873057300594246044e+01 2.578494161685204134e+01
4.587759650481478246e+01 2.602186105458207521e+01
4.792735989571281863e+01 2.625873783101387460e+01
4.886530799694501326e+01 2.649558516625627647e+01
4.811070648540967909e+01 2.673241670938440606e+01
4.578351426018522830e+01 2.696924458010693115e+01
4.694410095950190254e+01 2.720625776621707459e+01
4.796181151493784256e+01 2.744424991177470119e+01
4.824719093635520295e+01 2.768375228903472873e+01
4.830903099636061881e+01 2.792497295530595380e+01
4.722972643728328279e+01 2.816754215198408673e+01
4.932876820478326607e+01 2.841165371732628842e+01
5.138303573477299580e+01 2.865733498364334864e+01
5.061159999695354372e+01 2.890472577220852557e+01
5.133879665238444545e+01 2.915443185569224838e+01
5.008049322189997099e+01 2.940667462793150122e+01
4.826359376237201104e+01 2.966253554746031895e+01
4.874587694090370604e+01 2.992223140563016770e+01
4.756364916863238079e+01 3.018597315306682205e+01
4.765920036377233515e+01 3.045331059804597373e+01
4.816084599414272560e+01 3.072368488699769884e+01
4.755056974489918531e+01 3.099676215110176258e+01
4.572735306308386782e+01 3.127221830767495803e+01
4.855049907083883909e+01 3.155021517385324969e+01
4.770016335704332278e+01 3.183082378097141429e+01
4.882095701910219532e+01 3.211420215340354645e+01
5.011981867108393374e+01 3.240075248833900901e+01
5.068679020452648132e+01 3.268830311960547164e+01
4.942533637159175441e+01 3.297790720543260079e+01
4.911061081460722733e+01 3.326998635398088311e+01
4.916776786203525518e+01 3.356492979541808097e+01
5.247437502363128203e+01 3.386304137143248738e+01
5.249077310641938254e+01 3.416381240246301587e+01
5.166570985765611113e+01 3.446703694073760005e+01
5.090907574790477952e+01 3.477171804340388661e+01
5.068646704317136198e+01 3.507801756155743078e+01
5.114026820833360887e+01 3.538521455712578501e+01
4.697042353290751748e+01 3.569333747423932834e+01
4.972437136258764667e+01 3.600200091100131061e+01
4.859520378745548186e+01 3.631099669794393492e+01
5.060049833032638844e+01 3.662008439244123537e+01
4.935115760845013000e+01 3.692902523551859417e+01
5.143846123974518036e+01 3.723756633478325995e+01
5.377915360343718731e+01 3.754566283486372669e+01
5.334710477232867731e+01 3.785324715316134103e+01
5.601208355618293666e+01 3.816050277857546291e+01
5.200817222862400513e+01 3.846774110793685963e+01
5.104261919487874621e+01 3.877526899374608860e+01
4.917535219947964009e+01 3.908337738520924631e+01
4.862490946480985343e+01 3.939223403353813069e+01
4.813042071974460612e+01 3.970195501705595120e+01
4.763341998983193548e+01 4.001267898373929910e+01
4.584855803470508562e+01 4.032453241709829683e+01
4.762651087671173400e+01 4.063740057994776578e+01
4.825260634884750033e+01 4.095117498570341752e+01
4.854710663870112342e+01 4.126572285750191327e+01
4.730826441385166703e+01 4.158101081922318087e+01
4.802558040914509263e+01 4.189705451422823046e+01
4.717621262372387747e+01 4.221416586798844151e+01
4.795763611501249812e+01 4.253282168162427723e+01
4.613584929300457560e+01 4.285324814111007896e+01
4.753056764333918238e+01 4.317554571485433001e+01
4.863216950534609140e+01 4.349952148348266689e+01
4.592793279404445173e+01 4.382484213172638476e+01
4.842923885625304337e+01 4.415075477805292081e+01
4.996893942126735055e+01 4.447654513070815341e+01
5.178761193650728956e+01 4.480176377928176379e+01
5.377046367946319805e+01 4.512626130766819443e+01
5.603767316530854004e+01 4.545006093915702650e+01
5.783921949092670900e+01 4.577348655552757606e+01
5.709620085755662444e+01 4.609736660428769994e+01
6.112805500154455274e+01 4.642228107121304959e+01
6.077039579488307908e+01 4.674856665862957783e+01
6.332025988876977607e+01 4.707563082460467285e+01
6.526832804311061409e+01 4.740263257827738386e+01
6.925646352968044539e+01 4.772880529505752634e+01
6.840934893502520708e+01 4.805340691993337998e+01
7.067099594687512365e+01 4.837562561263752059e+01
7.650647742779634086e+01 4.869526036436666061e+01
7.993264204511278592e+01 4.901274956901036717e+01
8.300805473481173635e+01 4.932842161791686664e+01
8.893400768778209908e+01 4.964199282029743188e+01
9.656744272133556706e+01 4.995366583120885196e+01
9.521745442196014153e+01 5.026476773067663828e+01
9.437420787654590981e+01 5.057571992072585942e+01
9.665124155497431957e+01 5.088557352959925595e+01
9.869789432771652571e+01 5.119294931967651507e+01
9.910843836130827356e+01 5.150159537190941705e+01
9.624874761116834065e+01 5.181382293653845039e+01
9.180267590104371322e+01 5.212843234200570919e+01
8.954887399407958526e+01 5.244410562459616898e+01
8.926263623835185967e+01 5.275500309722128378e+01
8.972278101376967641e+01 5.306514932376285287e+01
8.740649943129892563e+01 5.337928927989372596e+01
8.617710926385751691e+01 5.369342923602460615e+01
8.432248152584249112e+01 5.400756919215546503e+01
8.368616443994959297e+01 5.432170914828632391e+01
8.125352437450574428e+01 5.463584910441720410e+01
7.714161346031322353e+01 5.494998906054807719e+01
7.618324109167677705e+01 5.526412901667892896e+01
7.370844275145761060e+01 5.557826897280978784e+01
7.051320887996446629e+01 5.589240892894066803e+01
6.691094923149415763e+01 5.620654888507154112e+01
6.255488829202437273e+01 5.652068884120240000e+01
6.212661991610077195e+01 5.683482879733328730e+01
6.071975376442014749e+01 5.714896875346414618e+01
5.821878481293366292e+01 5.746310870959500505e+01
5.668414777659390325e+01 5.777724866572586393e+01
5.813946238414834511e+01 5.809138862185673702e+01
5.519442605053190221e+01 5.840552857798761721e+01
4.842435627562206690e+01 5.871966853411847609e+01
4.720288577954277542e+01 5.903380849024933497e+01
4.237392157432424966e+01 5.934794844638021516e+01
3.805775833897949667e+01 5.966208840251108825e+01
2.769221611400633876e+01 5.997622835864196134e+01
1.299355041801918809e+01 6.029036831477282021e+01
7.862927855410570821e+00 6.089668732875705359e+01
9.007108286267627051e+00 6.150300634274127276e+01
4.000027049469085938e-01 6.210932535672550614e+01
6.615824389339657330e+00 6.271564437070973952e+01
1.108164271023000857e+00 6.332196338469398711e+01
2.388455090736727737e-01 6.392828239867819917e+01
1.989789505196989827e+00 6.453460141266243966e+01
9.357192105172175423e-02 6.514092042664665883e+01
1.443267410781629678e+00 6.574723944063089220e+01
3.872668147334569433e+00 6.635355845461509716e+01
9.704920466677504631e-01 6.695987746859933054e+01
5.247224126103192887e+00 6.756619648258356392e+01
6.035592846520323462e+00 6.817251549656779730e+01
1.760307748215339974e+00 6.877883451055203068e+01
6.473049403068775742e-01 6.938515352453626406e+01
2.954680160221719198e+00 6.999147253852048323e+01
3.888645523408342797e+00 7.059779155250470239e+01
9.848953706031009503e-01 7.120411056648893577e+01
2.060952760849100951e+00 7.181042958047315494e+01
3.610435446167056472e+00 7.241674859445740253e+01
3.744681075338542886e+00 7.302306760844163591e+01
2.141495459599166207e+00 7.362938662242586929e+01
1.032776170334250621e+00 7.423570563641007425e+01
2.318174103456057900e+00 7.484202465039430763e+01
3.988867808480129895e+00 7.544834366437852680e+01
5.480496644458411559e+00 7.605466267836276018e+01
1.104232753639979858e+00 7.666098169234697934e+01
3.622503493417478904e+00 7.726730070633121272e+01
1.934316803201612256e+00 7.787361972031544610e+01
2.596701691690175284e+00 7.847993873429967948e+01
3.999836508852400385e+00 7.908625774828391286e+01
1.902615873850419081e+00 7.969257676226811782e+01
5.076080822922786062e+00 8.029889577625236541e+01
5.738256958977398625e+00 8.090521479023658458e+01
2.902389392821007164e+00 8.151153380422083217e+01
6.289323838328307659e+00 8.211785281820505134e+01
7.353791589355498370e-01 8.272417183218929893e+01
7.268227570192039577e-01 8.333049084617350388e+01
9.043545822800537204e-01 8.393680986015775147e+01
7.806373707845332133e-01 8.454312887414195643e+01
1.099061319173380236e+00 8.514944788812618981e+01
2.849866039696849374e+00 8.575576690211040898e+01
3.745795499970702380e+00 8.636208591609465657e+01
2.004071753766968111e+00 8.696840493007886153e+01
1.157924261580973280e+00 8.757472394406309490e+01
3.997425240708661232e+00 8.818104295804734249e+01
2.207011033602626515e+00 8.878736197203156166e+01
3.073011189466900106e+00 8.939368098601579504e+01
3.803978787041720544e+00 9.000000000000001421e+01
