1.423946319717815712e+00 1.020408163265332929e-01
2.804296208367616394e+00 2.040816326530613956e-01
5.468138356912199960e+00 3.061224489795963954e-01
6.729599695893595523e+00 4.081632653061245120e-01
5.225397538222323668e+00 5.102040816326560702e-01
3.555684087540229577e+00 6.122448979591841312e-01
3.173736723002784199e+00 7.142857142857157449e-01
3.095651846602123669e+00 8.163265306122455822e-01
3.940011593981154192e+00 9.183673469387771959e-01
4.851247229426125962e+00 1.020408163265308810e+00
6.337807608354673050e+00 1.122448979591836871e+00
7.361146048708503642e+00 1.224489795918368484e+00
8.037967870121107694e+00 1.326530612244896545e+00
8.830543329345141856e+00 1.428571428571428159e+00
7.406035627211293715e+00 1.530612244897959773e+00
5.180399448811654928e+00 1.632653061224491386e+00
3.927903296553286960e+00 1.734693877551023000e+00
3.328865738866125135e+00 1.836734693877551061e+00
6.059459829812701592e+00 1.938775510204082675e+00
9.116374659121479596e+00 2.040816326530614067e+00
8.486198771040321276e+00 2.142857142857145458e+00
6.771269447938175645e+00 2.244897959183673741e+00
4.646789298463856355e+00 2.346938775510206909e+00
1.484244629008951710e+00 2.448979591836735192e+00
2.166006314254981469e+00 2.551020408163266584e+00
5.623030177200067037e+00 2.653061224489799752e+00
7.718758419356356093e+00 2.755102040816328035e+00
8.558879855355840505e+00 2.857142857142859427e+00
8.177381490607594117e+00 2.959183673469387710e+00
6.580892455404626418e+00 3.061224489795919101e+00
5.155612289240532498e+00 3.163265306122450493e+00
2.499923795836966001e+00 3.265306122448978776e+00
1.232353785494510329e-02 3.367346938775511944e+00
2.053997757490088616e-01 3.469387755102040227e+00
5.248508964759144302e-01 3.571428571428576948e+00
3.488724956337472261e-01 3.673469387755099902e+00
6.427757153819319003e-01 3.775510204081636623e+00
5.331509573074470154e+00 3.877551020408164906e+00
8.332480616689661446e+00 3.979591836734693189e+00
9.289159452836928565e+00 4.081632653061224580e+00
1.090450063797810110e+01 4.183673469387754196e+00
1.403884807079522901e+01 4.285714285714287364e+00
1.763606979905793537e+01 4.387755102040815203e+00
2.557334485415614722e+01 4.489795918367348371e+00
3.443634098495121521e+01 4.591836734693876210e+00
3.695830188015555251e+01 4.693877551020407601e+00
3.823427854616902977e+01 4.795918367346940769e+00
3.873766487269182335e+01 4.897959183673468608e+00
3.832181510389001744e+01 4.999999999999998224e+00
5.008846939605352588e+01 5.242538191717779128e+00
5.562650824303799624e+01 5.485076383435562697e+00
5.833739231040271989e+01 5.727614575153349818e+00
6.031520816224984571e+01 5.970152766871134276e+00
6.381214939604154779e+01 6.212690958588914292e+00
6.549876052306041174e+01 6.455229150306699637e+00
6.894622622387281297e+01 6.697767342024480541e+00
6.518691907967284749e+01 6.940305533742267663e+00
6.591617010980532143e+01 7.182843725460051232e+00
5.883003195712321798e+01 7.425381917177832136e+00
5.809299320237540343e+01 7.667920108895616593e+00
5.926340687433381049e+01 7.910458300613398386e+00
5.795605441698310045e+01 8.152996492331187284e+00
5.650203654456159086e+01 8.395534684048968188e+00
5.885634882517780397e+01 8.638072875766752645e+00
6.041308310766605416e+01 8.880611067484531773e+00
5.777697120905349237e+01 9.123149259202316230e+00
5.939903954550874943e+01 9.365687450920106016e+00
5.789426707558010321e+01 9.608225642637886921e+00
5.498342102850384094e+01 9.850763834355671378e+00
5.377697112842933791e+01 1.009330202607345228e+01
5.388855159426812236e+01 1.033584021779123319e+01
5.787295976556021770e+01 1.057837840950902120e+01
5.790671154161187673e+01 1.082091660122680388e+01
6.044984029611591581e+01 1.106345479294458656e+01
6.410108724244729217e+01 1.130599298466236746e+01
6.500862977882462701e+01 1.154853117638014837e+01
6.780488038280981300e+01 1.179084229427452790e+01
6.895857711903117604e+01 1.203286110567356815e+01
6.872746555021110737e+01 1.227481274611386119e+01
7.109664783961085277e+01 1.251675021877284166e+01
7.266306144985259152e+01 1.275870776935908069e+01
7.103688011087389498e+01 1.300072529158378920e+01
7.121649135996379698e+01 1.324310926546542611e+01
7.131470614263820096e+01 1.348598412075426189e+01
7.377830389786649334e+01 1.372976476279403002e+01
7.139952055023023547e+01 1.397424795727865288e+01
6.817292479502064850e+01 1.421961926563985656e+01
6.114220840062829865e+01 1.446590630371018804e+01
4.989865564774316198e+01 1.471283087317869587e+01
4.644928768339373448e+01 1.496052464392297487e+01
5.183840836022600485e+01 1.520893617805895381e+01
5.486357568759133585e+01 1.545795747036841128e+01
5.688649117159044266e+01 1.570745418147858885e+01
5.498930255140882650e+01 1.595737362597873776e+01
5.531783302620003440e+01 1.620745032763636573e+01
5.467616957847251768e+01 1.645777530990758919e+01
5.291100269310878446e+01 1.670813130302356342e+01
5.452441866978675478e+01 1.695853292645750088e+01
5.095947335144188628e+01 1.720968936677288497e+01
4.925144124447739813e+01 1.746287658670345877e+01
4.945369693084305140e+01 1.771927432368214994e+01
5.121825969485934138e+01 1.797946093694865510e+01
5.195375063224541634e+01 1.824194344176400051e+01
5.240415599968796556e+01 1.850618950964052800e+01
5.432226707424464962e+01 1.877060952580518460e+01
5.454745075565484314e+01 1.903508685060725014e+01
5.615674198134801287e+01 1.929848638234686575e+01
5.408272179703362070e+01 1.956078129060891513e+01
5.497854745805602050e+01 1.982180299725931150e+01
5.338470690930069651e+01 2.008098013875432031e+01
5.422325247883527766e+01 2.033813630195233912e+01
4.983184912972289737e+01 2.059203135715366173e+01
5.056252464496745347e+01 2.084277729559410375e+01
5.079644084746577448e+01 2.109016431318699603e+01
5.020888752486666817e+01 2.133423662594756109e+01
4.861252959144290031e+01 2.157592644578550534e+01
4.792734473421758423e+01 2.181591003801835171e+01
4.892901472165121390e+01 2.205486848880445194e+01
4.930700949069090910e+01 2.229313796131681613e+01
4.893999624076443666e+01 2.253090711871270457e+01
4.920924671168229025e+01 2.276831231390350752e+01
5.134088772807427858e+01 2.300562826657044013e+01
5.201476486613682226e+01 2.324285448662889308e+01
5.134802273377474080e+01 2.347996484768363956e+01
5.036582800537821925e+01 2.371686867026237877e+01
4.999344714772060172e+01 2.395359743228080163e+01
5.122380772942301519e+01 2.419006676020187285e+01
4.969446067337725026e+01 2.442633910638152628e+01
5.069270296076697235e+01 2.466235228322312167e+01
5.263964609546889051e+01 2.489819634544500815e+01
5.302923941352975135e+01 2.513386902203211548e+01
5.396639270244357078e+01 2.536942415932153949e+01
5.267652752021541573e+01 2.560494936142647049e+01
5.338469652852710112e+01 2.584048128752809248e+01
5.170069003486316461e+01 2.607607056501552023e+01
5.154179863066329403e+01 2.631176900766523374e+01
5.358649822706851751e+01 2.654765428430686569e+01
5.272250299040525334e+01 2.678380858906155737e+01
5.245678557122828067e+01 2.702033827044882486e+01
5.193429687871284983e+01 2.725728362616122524e+01
5.459325793123588255e+01 2.749506436061024317e+01
5.306979337886516390e+01 2.773400706918812375e+01
5.192302635610424488e+01 2.797431095665939438e+01
5.384260452226800453e+01 2.821597339519173175e+01
5.416382436571227288e+01 2.845922127230993226e+01
5.392022622317053759e+01 2.870471299009199839e+01
5.408803787648405148e+01 2.895314924034551041e+01
5.672849170291189580e+01 2.920451078942517853e+01
5.390023091456048832e+01 2.945888060650257501e+01
5.517088469047180865e+01 2.971583054946854929e+01
5.561704825983122902e+01 2.997492018497624855e+01
5.380198095460984575e+01 3.023699467355383064e+01
5.435719802917767396e+01 3.050270877506057587e+01
5.343553206757207619e+01 3.077313727286644252e+01
5.353029718869747455e+01 3.104832343867090572e+01
5.287841434068591440e+01 3.132685850136644490e+01
5.124070191824772280e+01 3.160728366953694746e+01
5.303620610755301357e+01 3.188978788963339639e+01
5.128321785088311202e+01 3.217480010482649533e+01
5.386272042686918837e+01 3.246300773666116868e+01
5.326901608395684207e+01 3.275491087872339335e+01
5.228108176827891640e+01 3.304982895647579966e+01
5.419593225749233767e+01 3.334647901304119699e+01
5.415425478205246890e+01 3.364467453884832793e+01
5.530976199403160365e+01 3.394436928164499534e+01
5.454309126247900252e+01 3.424549599814776002e+01
5.339628798785474828e+01 3.454797742583703268e+01
5.414209866989060771e+01 3.485200075863696156e+01
5.452294562838120129e+01 3.515779728530646508e+01
5.387011672615676616e+01 3.546546290860894146e+01
5.488421681339868741e+01 3.577484909142375358e+01
5.488010317905513347e+01 3.608570631604763435e+01
5.353956437374459654e+01 3.639759088732138537e+01
5.503241331629415356e+01 3.670995697674248248e+01
5.450307601118349510e+01 3.702240195187494010e+01
5.350669299338495222e+01 3.733450762300086012e+01
5.222619339278941908e+01 3.764594746787312118e+01
5.509085048948463736e+01 3.795658105134240401e+01
5.448811254165563867e+01 3.826631751250118896e+01
5.586227597875417672e+01 3.857529389737495507e+01
5.475409584665090534e+01 3.888373603285284474e+01
5.302851599448923281e+01 3.919196782890074360e+01
5.448326923693718271e+01 3.950002412751789649e+01
5.372722908843648781e+01 3.980804950653063656e+01
5.514137054739330068e+01 4.011615263494778105e+01
5.481844727288226693e+01 4.042455326838413754e+01
5.630998629817370471e+01 4.073343888541398883e+01
5.377836018104474647e+01 4.104296483156589659e+01
5.426661274702521354e+01 4.135313783170693114e+01
5.173754237835758119e+01 4.166381515008152547e+01
5.248281103441251361e+01 4.197464009609439728e+01
5.422556555215270180e+01 4.228524046544700354e+01
5.337677993806781984e+01 4.259555846020414549e+01
5.551127699723776487e+01 4.290582127758751341e+01
5.609253016497807209e+01 4.321636916165969922e+01
5.787015636308495203e+01 4.352727866126512879e+01
5.695526613336406285e+01 4.383854130286717776e+01
5.631770019358853574e+01 4.415003811523869359e+01
5.678438918111466904e+01 4.446172624577354071e+01
5.774210559469879911e+01 4.477358084035624586e+01
5.855906443094627178e+01 4.508550738455815576e+01
5.945036598418860052e+01 4.539739770203079416e+01
6.129295535050459165e+01 4.570911037034709068e+01
5.984511407277723549e+01 4.602074648988271122e+01
6.243083885586553805e+01 4.633302945294569497e+01
6.149186620177474794e+01 4.664666387551115889e+01
6.482777876570017384e+01 4.696204403833763763e+01
6.472596613961810874e+01 4.727871017396663689e+01
6.656588459811750624e+01 4.759679715202184269e+01
7.004538873859297610e+01 4.791784967237409631e+01
7.131948228609424234e+01 4.824268173159216389e+01
7.566392315721898854e+01 4.857172213644941650e+01
8.119809959594451243e+01 4.890439401391282104e+01
8.613499327739096145e+01 4.923754997084987650e+01
9.148642678541290252e+01 4.956867660898613082e+01
9.254839216025986559e+01 4.989819191166213130e+01
9.736902238409047072e+01 5.022619630639902510e+01
1.070719135750522639e+02 5.055251932405995063e+01
1.085614197008090969e+02 5.087884234172091169e+01
1.098745557355716898e+02 5.120516535938184433e+01
1.079612493215763038e+02 5.153148837704276986e+01
1.071959497282381051e+02 5.185781139470371670e+01
1.067149902961059524e+02 5.218413441236466355e+01
1.053712943923985250e+02 5.251045743002560329e+01
1.017559597424749853e+02 5.283678044768655013e+01
9.414552083571946639e+01 5.316310346534749698e+01
9.348101443219452733e+01 5.348942648300842251e+01
9.127492218861897300e+01 5.381574950066934804e+01
8.914866246666257155e+01 5.414207251833031620e+01
8.980508863753402693e+01 5.446839553599124173e+01
8.828257031840912816e+01 5.479471855365216726e+01
8.688317786820907429e+01 5.512104157131311410e+01
8.307440602997621681e+01 5.544736458897405385e+01
7.785230863317477201e+01 5.577368760663497937e+01
7.413954376082850217e+01 5.610001062429594043e+01
7.278058260789254064e+01 5.642633364195688017e+01
6.930371972421232840e+01 5.675265665961781991e+01
6.451970571883038019e+01 5.707897967727875965e+01
6.216352795534320563e+01 5.740530269493972071e+01
6.025940076365318987e+01 5.773162571260066045e+01
5.861722089737831709e+01 5.805794873026158598e+01
5.435134901212138203e+01 5.838427174792252572e+01
5.308591454780057717e+01 5.871059476558348678e+01
5.205953269278806772e+01 5.903691778324439809e+01
4.987941541376567045e+01 5.936324080090535915e+01
4.376874258012137631e+01 5.968956381856629889e+01
3.406243128614727311e+01 6.001588683622722442e+01
1.792842340381615429e+01 6.034220985388818548e+01
1.823913871828619904e+01 6.094747087727822787e+01
5.615276310309467611e+00 6.155273190066826317e+01
8.142845649872905156e+00 6.215799292405830556e+01
1.050832341126659131e+01 6.276325394744834085e+01
2.963383026525859165e+00 6.336851497083837614e+01
1.651407207973826452e+00 6.397377599422841143e+01
4.988807893568065310e+00 6.457903701761844673e+01
4.808359527339903572e+00 6.518429804100847491e+01
7.772476451478093296e+00 6.578955906439851731e+01
2.864966050083427973e+00 6.639482008778855970e+01
6.991622786606707329e+00 6.700008111117858789e+01
9.811301369850120579e+00 6.760534213456863029e+01
1.259843631271633946e+01 6.821060315795865847e+01
1.651413653165832329e+00 6.881586418134870087e+01
5.193323499040675806e+00 6.942112520473874326e+01
6.255159236276290002e+00 7.002638622812878566e+01
5.085802612623404606e+00 7.063164725151881385e+01
8.576118370641614419e+00 7.123690827490885624e+01
6.144079830665372555e+00 7.184216929829888443e+01
4.664100311347708860e+00 7.244743032168892682e+01
4.001475871568812792e+00 7.305269134507896922e+01
9.429938647904966942e+00 7.365795236846901162e+01
9.237193668708711058e+00 7.426321339185903980e+01
5.273572391258084302e+00 7.486847441524908220e+01
5.600997072410182298e+00 7.547373543863911038e+01
1.944778240892927723e+00 7.607899646202915278e+01
5.419643964914649281e+00 7.668425748541918097e+01
7.569674178439582235e+00 7.728951850880922336e+01
1.224062991610303186e+01 7.789477953219926576e+01
3.336406594667314707e+00 7.850004055558930816e+01
1.414068027361931712e+00 7.910530157897933634e+01
4.207293823240774167e+00 7.971056260236937874e+01
5.783166627778792090e+00 8.031582362575942113e+01
5.329326562391761613e+00 8.092108464914946353e+01
7.736169814960192070e+00 8.152634567253949172e+01
3.031900856228989749e+00 8.213160669592951990e+01
6.787789615888360828e+00 8.273686771931956230e+01
9.314551719503144867e+00 8.334212874270960469e+01
5.820477626458316678e+00 8.394738976609964709e+01
4.142892292297184476e+00 8.455265078948966107e+01
3.952638328400172263e+00 8.515791181287971767e+01
6.306756518297715886e+00 8.576317283626974586e+01
4.110318396065371971e+00 8.636843385965978825e+01
7.481015541566135241e+00 8.697369488304983065e+01
2.185746098819710159e+00 8.757895590643985884e+01
5.594601151104614978e+00 8.818421692982990123e+01
5.614541736678057227e+00 8.878947795321994363e+01
4.721796800482565892e+00 8.939473897660998603e+01
6.404223809210577656e+00 9.000000000000000000e+01
