8.634987976622801042e+00 1.020408163265270757e-01
7.124055416696998932e+00 2.040816326530592029e-01
5.052605441346225135e+00 3.061224489795897341e-01
3.895353287387694152e+00 4.081632653061236793e-01
2.596304934838223666e+00 5.102040816326524064e-01
1.248322771863339398e+00 6.122448979591794682e-01
2.842312437362997102e+00 7.142857142857134134e-01
4.071384894449224134e+00 8.163265306122421405e-01
4.887944300236291895e+00 9.183673469387726440e-01
5.548194198742565142e+00 1.020408163265306589e+00
6.172728219093678526e+00 1.122448979591835316e+00
7.849063906237406130e+00 1.224489795918365820e+00
7.287099260117697597e+00 1.326530612244896323e+00
5.359702107996191067e+00 1.428571428571425050e+00
4.000429595042614750e+00 1.530612244897958885e+00
2.335502791362907615e+00 1.632653061224489388e+00
1.891548119893033286e+00 1.734693877551018115e+00
3.373426260875597826e+00 1.836734693877548619e+00
3.170159399413133183e+00 1.938775510204080899e+00
2.246318308417786014e+00 2.040816326530613178e+00
2.880350965063438018e+00 2.142857142857143682e+00
4.690726150188790911e+00 2.244897959183672409e+00
5.891008269185709523e+00 2.346938775510201136e+00
6.982394675069169665e+00 2.448979591836731640e+00
7.468655191553119188e+00 2.551020408163265696e+00
5.673199429449458542e+00 2.653061224489794423e+00
4.439449144722881435e+00 2.755102040816330256e+00
6.886366719699564598e+00 2.857142857142855430e+00
9.053240274941014576e+00 2.959183673469384157e+00
5.214085649054905680e+00 3.061224489795918213e+00
9.979740870575376510e-01 3.163265306122448717e+00
7.015783509284539976e-01 3.265306122448977444e+00
8.780376943774075016e-02 3.367346938775511500e+00
9.454525300343843419e-01 3.469387755102038451e+00
2.671375924117089795e+00 3.571428571428568954e+00
5.121796493519799931e+00 3.673469387755103011e+00
5.767794490271382912e+00 3.775510204081629961e+00
5.962883377158980203e+00 3.877551020408164018e+00
6.219282199946995604e+00 3.979591836734690968e+00
9.687052068104216929e+00 4.081632653061222804e+00
1.529455522388856892e+01 4.183673469387753308e+00
1.977459896026710240e+01 4.285714285714285587e+00
2.424603497337636782e+01 4.387755102040817867e+00
2.399062245570254959e+01 4.489795918367346594e+00
2.124345700109591561e+01 4.591836734693875322e+00
2.215325005540672620e+01 4.693877551020405825e+00
2.743750466423989565e+01 4.795918367346936328e+00
3.350145514632340848e+01 4.897959183673468608e+00
3.766124763288047461e+01 5.000000000000000888e+00
4.018745172301686353e+01 5.245119552677168784e+00
4.964347326481660616e+01 5.490239105354331350e+00
5.548730095728218004e+01 5.735358658031499246e+00
6.222570972928538424e+01 5.980478210708663589e+00
6.729497528123368966e+01 6.225597763385831485e+00
6.673982551822520293e+01 6.470717316062999380e+00
6.996527083577187511e+01 6.715836868740161947e+00
7.118774501240810082e+01 6.960956421417329842e+00
6.962851445590870014e+01 7.206075974094494185e+00
6.702258760510619595e+01 7.451195526771662969e+00
6.319513770111989004e+01 7.696315079448826424e+00
6.149664955745833339e+01 7.941434632125993431e+00
6.011859867198064222e+01 8.186554184803160439e+00
5.817009441086786836e+01 8.431673737480329223e+00
6.187982664696485813e+01 8.676793290157496230e+00
5.826383555598366115e+01 8.921912842834657908e+00
5.754880220174891292e+01 9.167032395511824916e+00
5.904814135013950960e+01 9.412151948188991923e+00
5.725942692761937280e+01 9.657271500866162484e+00
5.289250775256786596e+01 9.902391053543327715e+00
5.327086380132901411e+01 1.014751060622048584e+01
5.740871765698040008e+01 1.039263015889765462e+01
5.838333407205927017e+01 1.063774971157482341e+01
6.345533361855191146e+01 1.088286926425199042e+01
6.287662759775624011e+01 1.112798881692915742e+01
6.478083585831942059e+01 1.137310836960632088e+01
6.425635967412588911e+01 1.161824392252137272e+01
6.898296894897760012e+01 1.186345062774451620e+01
6.970503648189256296e+01 1.210796779095593934e+01
7.139341723671537920e+01 1.235203082996775592e+01
7.268710711428438742e+01 1.259598110032918328e+01
7.382969814099537587e+01 1.283985011677266996e+01
7.369149271509095911e+01 1.308371337810205759e+01
7.801669820097575325e+01 1.332758776065479012e+01
7.375369444509033201e+01 1.357142916012166722e+01
7.290628623532593622e+01 1.381527100409612885e+01
7.050573119827002699e+01 1.405913119469289896e+01
7.069889411369550203e+01 1.430347416647420289e+01
6.663908963086946358e+01 1.454832515938294790e+01
5.271137543950251114e+01 1.479398448550702838e+01
4.940012241067363163e+01 1.504037191487417857e+01
5.017439590697648555e+01 1.528739146461303733e+01
5.245405555855749213e+01 1.553496089387605394e+01
5.522758085808248296e+01 1.578294741658622158e+01
5.661726905232180229e+01 1.603131007323824164e+01
5.630581267665418466e+01 1.627993978535217678e+01
5.213026027084482195e+01 1.652877269880720235e+01
4.896821854752582936e+01 1.677778770503918437e+01
4.881662557841929839e+01 1.702838212401901430e+01
4.808901494460454273e+01 1.728178214269953372e+01
4.896595863062128728e+01 1.753868554304498772e+01
4.737181918839900163e+01 1.779980413424465979e+01
5.013322291198919345e+01 1.806487456798919666e+01
5.075414108692747561e+01 1.833355882612356780e+01
5.293598371233763800e+01 1.860431154028852774e+01
5.140443169820466096e+01 1.887536105177960977e+01
5.530013312495432842e+01 1.914501350681980796e+01
5.428008842728075223e+01 1.941213080846240757e+01
5.395220418304568000e+01 1.967693518570189681e+01
5.428762029551206325e+01 1.993971909344958249e+01
5.401101976850025466e+01 2.020025211942510879e+01
5.338092497219562915e+01 2.045832264488972640e+01
5.283266003234875541e+01 2.071396039378400289e+01
5.242353875859424761e+01 2.096729692331340544e+01
5.270050973342362965e+01 2.121832105464750740e+01
5.333546297121262114e+01 2.146706298093073784e+01
5.445521837151561328e+01 2.171381388279837310e+01
5.688935970762804573e+01 2.195894672402059200e+01
5.523716947421682733e+01 2.220273751180284805e+01
5.424982023815388033e+01 2.244528645333184969e+01
5.302775347355451174e+01 2.268688723687148112e+01
5.267981677182709888e+01 2.292761257514881379e+01
5.472815407797185117e+01 2.316751432423821555e+01
5.298129523499337523e+01 2.340685681136717022e+01
5.093083897469273325e+01 2.364576245397958942e+01
5.083172927433700039e+01 2.388446625845769233e+01
5.271556344000783412e+01 2.412304313171886605e+01
5.173928135729245525e+01 2.436145300370082722e+01
5.124324270150137295e+01 2.459965549800477902e+01
5.282895556646368362e+01 2.483770139128279553e+01
5.300731533095059689e+01 2.507554303381355254e+01
5.084191256869540609e+01 2.531323482426292415e+01
5.073827366484614032e+01 2.555079201205835204e+01
5.251629813446684381e+01 2.578823788842080589e+01
5.130309053025456478e+01 2.602558315623715757e+01
5.139713177995732707e+01 2.626282784356019562e+01
5.164615077181233715e+01 2.649999625761421029e+01
5.289612445215038861e+01 2.673716309152625570e+01
5.301468065504073479e+01 2.697436675735497502e+01
5.326161769740571827e+01 2.721164707127548965e+01
5.281874210867488983e+01 2.744928630636569267e+01
5.319641749311053047e+01 2.768760034883973020e+01
5.246714881841867850e+01 2.792695343304487210e+01
5.112486490364215541e+01 2.816771113935677917e+01
5.110422292956365453e+01 2.841019309827559169e+01
5.249024743838999996e+01 2.865478588877319410e+01
5.140294276025602471e+01 2.890174052833272000e+01
5.259351020757005557e+01 2.915128440104505714e+01
5.367294599296263868e+01 2.940359815942335331e+01
5.501434930898757614e+01 2.965891686979164277e+01
5.550427516060563704e+01 2.991777679997293049e+01
5.424382275761109895e+01 3.018052162043247932e+01
5.369814880413460401e+01 3.044740212230973953e+01
5.252019027098994286e+01 3.071718996119716039e+01
5.358109088689525379e+01 3.098922946185496841e+01
5.462190740465745620e+01 3.126381495491337148e+01
5.254863190894494096e+01 3.154182366790974967e+01
5.353131933922581709e+01 3.182299245099800444e+01
5.491235846328928005e+01 3.210639214104853778e+01
5.474728082796221429e+01 3.239223048608954514e+01
5.317616697866985476e+01 3.268067084703751135e+01
5.456316730949395577e+01 3.297094456429734066e+01
5.304824926212646119e+01 3.326356927617565873e+01
5.425648040188889354e+01 3.355887175343353590e+01
5.410259124288447197e+01 3.385687476244478944e+01
5.798235922125106612e+01 3.415722627354412566e+01
5.629933285625542538e+01 3.446008355106808807e+01
5.565697624537948229e+01 3.476565729644364211e+01
5.240925086897694030e+01 3.507361734824631583e+01
5.415861535414482120e+01 3.538356882627206801e+01
5.553727816424323294e+01 3.569512035100471081e+01
5.680646060776342665e+01 3.600784817160465678e+01
5.436740313214018272e+01 3.632111973468473565e+01
5.285347923428854955e+01 3.663469727674830523e+01
5.355375250574701340e+01 3.694838782484034567e+01
5.282609572244519569e+01 3.726199078019802613e+01
5.261742695579400930e+01 3.757534944326901183e+01
5.402201965087442659e+01 3.788834430384033425e+01
5.507685739025917115e+01 3.820095344984321883e+01
5.432775331128156893e+01 3.851314367753708012e+01
5.340539803779606842e+01 3.882516535936927227e+01
5.290595122749513735e+01 3.913734999629418354e+01
5.316772895232936946e+01 3.944985321032847025e+01
5.397895256701015398e+01 3.976270791543171867e+01
5.459916963028247494e+01 4.007585010286003779e+01
5.287725916010935379e+01 4.038922309568613400e+01
5.344404503226343905e+01 4.070279225573754900e+01
5.350036864014099791e+01 4.101656789960328808e+01
5.364212633613242076e+01 4.133056016044864833e+01
5.458145851345690147e+01 4.164475080377858518e+01
5.380918120733930721e+01 4.195898183195046727e+01
5.400689197162314770e+01 4.227314020109125892e+01
5.403096195725193951e+01 4.258700661155082656e+01
5.781419429596824244e+01 4.290077910911652737e+01
5.776425220827456286e+01 4.321482217552654959e+01
5.717428528486870931e+01 4.352981380946619794e+01
5.577974876628452705e+01 4.384706041310237623e+01
5.553780672479473424e+01 4.416686812799800066e+01
5.482706014376975645e+01 4.448838149563783873e+01
5.335961620688014762e+01 4.481043366676289708e+01
5.374254522265038503e+01 4.513247432593818331e+01
5.370673990151092170e+01 4.545441975760170550e+01
5.628086427766271527e+01 4.577665713326857855e+01
5.637247721464807171e+01 4.609990660316194067e+01
5.770701260625699547e+01 4.642430674594163520e+01
5.993239169465805105e+01 4.674976538078320232e+01
6.411906733688341831e+01 4.707699839920908147e+01
6.391336604325725546e+01 4.740680906383330750e+01
6.625475538683980403e+01 4.774005965797347528e+01
6.563280558218821170e+01 4.807555456229621882e+01
6.885194391571653227e+01 4.841029842346112844e+01
6.993835038274666260e+01 4.874259760380736850e+01
7.609376972664246352e+01 4.907182017459782486e+01
7.708463335942683159e+01 4.939848616254957392e+01
8.381636678448218447e+01 4.972368737455411036e+01
8.957767904349026367e+01 5.004777810781988023e+01
9.343742235078393321e+01 5.036963192599333894e+01
1.000562894960299190e+02 5.068608547743093595e+01
1.030389627487516009e+02 5.099944321412908721e+01
1.039808678416107739e+02 5.131891154821340706e+01
1.027797875171756488e+02 5.163837988229773401e+01
1.059025352341111414e+02 5.195784821638206807e+01
1.052353855231371540e+02 5.227731655046638082e+01
1.015828039911420291e+02 5.259678488455069356e+01
9.768703384960578262e+01 5.291625321863501341e+01
9.662676631637700098e+01 5.323572155271934037e+01
9.290627307753733533e+01 5.355518988680366732e+01
9.039641580651577613e+01 5.387465822088798717e+01
8.841080855434553598e+01 5.419412655497230702e+01
8.566386574297153800e+01 5.451359488905661976e+01
8.415795022432524775e+01 5.483306322314096093e+01
8.410043924662875270e+01 5.515253155722528788e+01
8.509236495434426217e+01 5.547199989130960063e+01
8.170380692013561941e+01 5.579146822539391337e+01
7.690417084148441518e+01 5.611093655947825454e+01
7.426145057826497009e+01 5.643040489356257439e+01
7.193727904622170399e+01 5.674987322764690134e+01
6.952931001391509369e+01 5.706934156173122119e+01
6.479511628376080523e+01 5.738880989581554104e+01
6.272614529361466396e+01 5.770827822989986089e+01
6.301119187526975907e+01 5.802774656398420206e+01
6.077096433080025406e+01 5.834721489806852190e+01
5.793255098710314144e+01 5.866668323215283465e+01
5.163635765295973812e+01 5.898615156623715450e+01
5.132313252324020425e+01 5.930561990032148145e+01
5.065567354258119082e+01 5.962508823440580841e+01
4.377969270075768549e+01 5.994455656849012115e+01
3.256830561854226147e+01 6.026402490257444100e+01
2.211551790485235358e+01 6.058349323665878217e+01
2.349013399463299123e+01 6.118383010938002542e+01
9.056191017273377497e+00 6.178416698210126867e+01
3.696467588742307075e+00 6.238450385482253324e+01
4.969220639150295327e+00 6.298484072754376939e+01
5.512196264789281486e+00 6.358517760026502685e+01
7.575747584594410000e+00 6.418551447298627011e+01
5.443734002606339217e+00 6.478585134570752757e+01
8.265604348570716908e+00 6.538618821842877082e+01
9.985130914919931655e+00 6.598652509115002829e+01
6.121006009846670537e+00 6.658686196387127154e+01
7.587320977204261574e+00 6.718719883659251479e+01
4.696855106068451136e+00 6.778753570931377226e+01
7.877265741048974590e+00 6.838787258203502972e+01
8.726017595939227434e+00 6.898820945475625876e+01
7.210734053152790146e+00 6.958854632747750202e+01
5.583518352597647727e+00 7.018888320019878790e+01
7.249789098516525421e+00 7.078922007292001695e+01
7.753600823728899805e+00 7.138955694564127441e+01
2.289626908208887812e+00 7.198989381836251766e+01
5.088657611694236138e+00 7.259023069108377513e+01
9.312103734761347340e+00 7.319056756380501838e+01
5.428027013041790916e+00 7.379090443652627584e+01
1.357486806047910832e+01 7.439124130924751910e+01
5.765780854261143062e+00 7.499157818196874814e+01
5.008260682968946220e+00 7.559191505469001982e+01
3.965280380717450370e+00 7.619225192741127728e+01
3.308965907386016703e+00 7.679258880013250632e+01
8.556580595144525958e+00 7.739292567285374957e+01
4.810666535013748302e+00 7.799326254557502125e+01
4.252279185978930620e+00 7.859359941829627871e+01
8.168289879758514616e+00 7.919393629101750776e+01
6.521276560023605562e+00 7.979427316373875101e+01
8.165331041510299315e+00 8.039461003646002268e+01
8.966134280030459536e+00 8.099494690918126594e+01
2.980070000063665958e+00 8.159528378190250919e+01
4.742941826797923532e+00 8.219562065462376665e+01
6.644219909181691364e+00 8.279595752734500991e+01
6.653897834481969475e+00 8.339629440006626737e+01
7.097906983603992082e+00 8.399663127278751062e+01
7.178795928788139769e+00 8.459696814550875388e+01
7.055838919411737464e+00 8.519730501822999713e+01
7.191793282290916522e+00 8.579764189095124038e+01
6.322032703521188068e+00 8.639797876367249785e+01
2.757588393454598386e+00 8.699831563639375531e+01
8.732422297430622038e+00 8.759865250911499857e+01
5.418229965050124441e+00 8.819898938183627024e+01
2.072820843710977634e+00 8.879932625455749928e+01
4.646353876433226837e+00 8.939966312727875675e+01
5.893317549101912078e+00 9.000000000000000000e+01
