4.562289092317939776e+00 1.020408163265295876e-01
3.770608921950935333e+00 2.040816326530610070e-01
2.998470033058068474e+00 3.061224489795923986e-01
3.495651125097611001e+00 4.081632653061220140e-01
4.465276499435121949e+00 5.102040816326534056e-01
5.176984592548626196e+00 6.122448979591847973e-01
5.384603903304440387e+00 7.142857142857144126e-01
5.280932664475602500e+00 8.163265306122492460e-01
5.312219436852885224e+00 9.183673469387754196e-01
7.012229422795394740e+00 1.020408163265308366e+00
1.081438861076697400e+01 1.122448979591837981e+00
1.128004238584435548e+01 1.224489795918366042e+00
8.119741747404574994e+00 1.326530612244900986e+00
6.106562144402996495e+00 1.428571428571430602e+00
6.241701529639343882e+00 1.530612244897961993e+00
6.917712780690065344e+00 1.632653061224491609e+00
9.608116501078116656e+00 1.734693877551021224e+00
1.266831475800533013e+01 1.836734693877550839e+00
1.063754032670805039e+01 1.938775510204084007e+00
9.220485662210396782e+00 2.040816326530613622e+00
8.107489369941207613e+00 2.142857142857145014e+00
7.117755669430249732e+00 2.244897959183674629e+00
1.087022718163343882e+01 2.346938775510204245e+00
1.492737250322998044e+01 2.448979591836735636e+00
1.284438468320383464e+01 2.551020408163265252e+00
9.525912444876029284e+00 2.653061224489796643e+00
9.829264204260052651e+00 2.755102040816328035e+00
1.027342317394780835e+01 2.857142857142857650e+00
7.175549993646347602e+00 2.959183673469389042e+00
3.644398987396145095e+00 3.061224489795918657e+00
2.301925837200263558e+00 3.163265306122451825e+00
1.497961423720000962e+00 3.265306122448979664e+00
3.314848163429247041e+00 3.367346938775511056e+00
8.804705376103298065e+00 3.469387755102044224e+00
9.723510915944368449e+00 3.571428571428570287e+00
7.557803025653454299e+00 3.673469387755099902e+00
7.830054557649994251e+00 3.775510204081636623e+00
1.203875312114486640e+01 3.877551020408166238e+00
1.673403449486731276e+01 3.979591836734694077e+00
1.904693792490614968e+01 4.081632653061227245e+00
2.131809467079553855e+01 4.183673469387758637e+00
2.673981161298191012e+01 4.285714285714284699e+00
3.060245111647574845e+01 4.387755102040819644e+00
3.465150932855345189e+01 4.489795918367349259e+00
4.012207654843459181e+01 4.591836734693880651e+00
4.341669324216891113e+01 4.693877551020410266e+00
4.806719844524307916e+01 4.795918367346939881e+00
4.759989211363760120e+01 4.897959183673471273e+00
4.435386683964269139e+01 5.000000000000000888e+00
5.316802368764288644e+01 5.246096430781164166e+00
5.980863519970873199e+01 5.492192861562330108e+00
6.532607189010418836e+01 5.738289292343491610e+00
7.359411974593270145e+01 5.984385723124661993e+00
7.671821438114386638e+01 6.230482153905825271e+00
7.461576596694533237e+01 6.476578584686990325e+00
7.316446140127008846e+01 6.722675015468151827e+00
6.956743638093188054e+01 6.968771446249318657e+00
6.816598299755695223e+01 7.214867877030481047e+00
6.646906093690311934e+01 7.460964307811651430e+00
6.791251366779412990e+01 7.707060738592813820e+00
6.479437705566709838e+01 7.953157169373980651e+00
6.298940842374070570e+01 8.199253600155142152e+00
6.226966315180336409e+01 8.445350030936308983e+00
6.284406575227983893e+01 8.691446461717472260e+00
6.445938295764615589e+01 8.937542892498639091e+00
6.762280982027510845e+01 9.183639323279802369e+00
6.783883705227775351e+01 9.429735754060970976e+00
6.292654626445298760e+01 9.675832184842132477e+00
6.635497277436773800e+01 9.921928615623297532e+00
6.341474110692601585e+01 1.016802504640445903e+01
6.292885866552858687e+01 1.041412147718562409e+01
6.529831106089828552e+01 1.066021790796678559e+01
6.653572448260803185e+01 1.090631433874795775e+01
6.993772293090168546e+01 1.115241076952911925e+01
7.238778553539755478e+01 1.139850720031027720e+01
7.179421801461631958e+01 1.164460363109145291e+01
7.245407380959609611e+01 1.189060564189332148e+01
7.360569088829562645e+01 1.213640553535430655e+01
7.726374307589202317e+01 1.238224611853141965e+01
7.904934811461396293e+01 1.262811241412647867e+01
8.028163776088923953e+01 1.287401676495430003e+01
8.373977652073465094e+01 1.312001221530255890e+01
8.199326183099302057e+01 1.336630433496294046e+01
8.083985551715795737e+01 1.361279037292194971e+01
7.911260128910727474e+01 1.385969893434044309e+01
7.701059914672758566e+01 1.410715889633945608e+01
7.378864674375222421e+01 1.435543491866918941e+01
6.524201875072718337e+01 1.460453531323396348e+01
5.529249711319523897e+01 1.485429438342429975e+01
5.571117250691546019e+01 1.510445163374381039e+01
6.030860237305986971e+01 1.535480191896233038e+01
6.098660680366521802e+01 1.560513490545530146e+01
6.284308428085680021e+01 1.585529006596228996e+01
6.171970247546170185e+01 1.610519930358188745e+01
5.957689205352463091e+01 1.635483795683468600e+01
5.889930405320614426e+01 1.660417934466309831e+01
5.596789888562827997e+01 1.685337696473069258e+01
5.551917111540835492e+01 1.710411724910333220e+01
5.338972881482794008e+01 1.735768658253257613e+01
5.289647422663210818e+01 1.761459816629836084e+01
5.441396169411942196e+01 1.787617294367330345e+01
5.520134249895241396e+01 1.814088623697199765e+01
5.855181228840024232e+01 1.840639412678420328e+01
5.868309231421497429e+01 1.867203474961617005e+01
5.757775698313116663e+01 1.893798756901008318e+01
5.623205555915139797e+01 1.920444465282688284e+01
6.195355785500422741e+01 1.947037947464845686e+01
6.065838997929579790e+01 1.973490620345044988e+01
5.903999592280678144e+01 1.999710260193203482e+01
5.885178481208498624e+01 2.025685639090837498e+01
5.860245548737142940e+01 2.051391901216041802e+01
5.936011374173221355e+01 2.076827362843340197e+01
5.854793952723139228e+01 2.102009283016870711e+01
5.520730965689401870e+01 2.126981014133531644e+01
5.516751495787958248e+01 2.151750960484074682e+01
5.794936028704864128e+01 2.176343413654373293e+01
5.863222957296569859e+01 2.200793099808270270e+01
5.922945493187347665e+01 2.225121859877468822e+01
5.790558485600229943e+01 2.249352021994808126e+01
5.757668087614335661e+01 2.273512762518579322e+01
5.713426640614047614e+01 2.297598687221482550e+01
5.762046450585050650e+01 2.321619963762236694e+01
5.639631688937316767e+01 2.345594424473233630e+01
5.638097116041080881e+01 2.369535321458437238e+01
5.510563207947647157e+01 2.393452074706668498e+01
5.557941073934511422e+01 2.417350785862041462e+01
5.542655381274322934e+01 2.441228828440382159e+01
5.530710001847062074e+01 2.465083874360692562e+01
5.591532438551270445e+01 2.488917349769924314e+01
5.575623216185501718e+01 2.512733006063492525e+01
5.587768369271560687e+01 2.536533912841115068e+01
5.727571900062835653e+01 2.560325421137320845e+01
5.600025877233194649e+01 2.584111696549690862e+01
5.744749069055461632e+01 2.607894498609216072e+01
5.811760174762801512e+01 2.631675604231155674e+01
5.814187778263720219e+01 2.655455770898212720e+01
5.946539037786250503e+01 2.679243487620071917e+01
5.980484154154510179e+01 2.703052462628698649e+01
5.773745319685883004e+01 2.726891575791067623e+01
5.729367789770952157e+01 2.750768108087715902e+01
5.813765168408429673e+01 2.774697348600502522e+01
5.843654711972367011e+01 2.798711967361462172e+01
5.659897603081579120e+01 2.822866136220009636e+01
5.884329692064577699e+01 2.847235519989156316e+01
5.886375731516457677e+01 2.871903981522908467e+01
5.656362295712103361e+01 2.896937765904472428e+01
5.734579120435326161e+01 2.922397691625439364e+01
6.040388713468811233e+01 2.948343305535180292e+01
6.139585066889603837e+01 2.974760405335449676e+01
5.939778699068261858e+01 3.001624545637027808e+01
5.754591609946152886e+01 3.028928748184226194e+01
5.900616576474315167e+01 3.056559290530901052e+01
5.712548273598277859e+01 3.084579189187007131e+01
5.776605986728090159e+01 3.112970988292378038e+01
5.795133696543862811e+01 3.141655325639843710e+01
5.857114603176813006e+01 3.170631424808229681e+01
5.781095637173497437e+01 3.199889760903544200e+01
5.610001632144258821e+01 3.229343796131379918e+01
5.555366918181200475e+01 3.258950825656080497e+01
5.655859650096084579e+01 3.288698798561563308e+01
5.690534953059343337e+01 3.318577530736578041e+01
5.849712055591160720e+01 3.348601983140072491e+01
5.939698583806797672e+01 3.378740102708417226e+01
5.591467253675372717e+01 3.409010769989484402e+01
5.930193913525182126e+01 3.439429749649304568e+01
5.930279577927678503e+01 3.470016301560690408e+01
6.262645229142626846e+01 3.500748110807018065e+01
6.135538205341481444e+01 3.531629437342996880e+01
6.226791410623101086e+01 3.562629447820545892e+01
6.144091873270899384e+01 3.593729873512512540e+01
6.376947229495948477e+01 3.624889588582627908e+01
6.182962437734019545e+01 3.656081417690785429e+01
6.559738536062144476e+01 3.687279719769241382e+01
6.812899592267616811e+01 3.718459821574803215e+01
6.808635992278517790e+01 3.749608958520552449e+01
6.582998455929735826e+01 3.780715369134976811e+01
6.678509293687028503e+01 3.811774754448950375e+01
6.821019211008889727e+01 3.842786487093808034e+01
6.249590841983951606e+01 3.873766970943941601e+01
6.155155081374119419e+01 3.904737041393655517e+01
5.851501683158422651e+01 3.935726638267549049e+01
5.899392466452980699e+01 3.966764299846518327e+01
5.717125320997115523e+01 3.997874538186047744e+01
5.637602032310567779e+01 4.029072065686722226e+01
5.453714662906408961e+01 4.060358674145010838e+01
5.546255240267298348e+01 4.091721855662469665e+01
5.581881373165824556e+01 4.123148057453416016e+01
5.486755202460549441e+01 4.154622300657538148e+01
5.827829236585160544e+01 4.186149505332532073e+01
5.768785626954436907e+01 4.217739612851315911e+01
5.703339224505676697e+01 4.249411060470328039e+01
5.800706082469184111e+01 4.281190228034754597e+01
5.752098972962539136e+01 4.313112541257911658e+01
5.526285949792961105e+01 4.345191093002425475e+01
5.846337349903212299e+01 4.377446965325951567e+01
5.690867027064934547e+01 4.409869109870478354e+01
5.594228828648825669e+01 4.442393143753466234e+01
5.609766416019533608e+01 4.474922043460097854e+01
5.779787616533612749e+01 4.507399129073013455e+01
5.781256620408232294e+01 4.539757696244736707e+01
5.949898842533924181e+01 4.572097403057397003e+01
5.728000564400318240e+01 4.604660973751622777e+01
5.792053026171716823e+01 4.637424884540442349e+01
5.812035126307141297e+01 4.670306926787529278e+01
5.999516308597574721e+01 4.703298441556237464e+01
6.405457744590981406e+01 4.736363413202387562e+01
6.591893226277861118e+01 4.769461126950140795e+01
6.646280378733418104e+01 4.802517480714199394e+01
7.215155935562154355e+01 4.835465761618815606e+01
7.575809823990823588e+01 4.868254942985025480e+01
8.185862369853388998e+01 4.900859318442098811e+01
8.513341429277947725e+01 4.933299155258789170e+01
9.069004744632511006e+01 4.965573953753522574e+01
9.158191278856200768e+01 4.997682120693536945e+01
9.720258557780952913e+01 5.029638424857684242e+01
1.010529484217819487e+02 5.061486251533039393e+01
1.073141878665333877e+02 5.093282664298783402e+01
1.081740460004752435e+02 5.125097855505592293e+01
1.098745153334117504e+02 5.156610456569189438e+01
1.141546383796827797e+02 5.187829227860608938e+01
1.161659358443968415e+02 5.218958286843245276e+01
1.154037774875841507e+02 5.249997152183315308e+01
1.138319726435620396e+02 5.280990752311507208e+01
1.088710829853898332e+02 5.311984352439698398e+01
1.016529972862826412e+02 5.342977952567891720e+01
1.000614933527665755e+02 5.373971552696083620e+01
9.854012049557439923e+01 5.404965152824275521e+01
9.694287514653042592e+01 5.435958752952468842e+01
9.362559532815103580e+01 5.466952353080660032e+01
8.966614666867380379e+01 5.497945953208851932e+01
9.005200637424538002e+01 5.528939553337045254e+01
8.681937281316285748e+01 5.559933153465236444e+01
8.734628268136852114e+01 5.590926753593428344e+01
8.624111067318601442e+01 5.621920353721620245e+01
8.609356576012460494e+01 5.652913953849812145e+01
8.292849206272403251e+01 5.683907553978005467e+01
7.697483651312789732e+01 5.714901154106198788e+01
7.122597366978452271e+01 5.745894754234390689e+01
6.860879156866627682e+01 5.776888354362583300e+01
6.569490411065257263e+01 5.807881954490773069e+01
6.014432506559849401e+01 5.838875554618965680e+01
5.947870602247647298e+01 5.869869154747155449e+01
5.671181713218395970e+01 5.900862754875349481e+01
5.459433723399904892e+01 5.931856355003541381e+01
4.821019118902560052e+01 5.962849955131734703e+01
4.256609912624770686e+01 5.993843555259926603e+01
3.517803500197424427e+01 6.024837155388117793e+01
2.349769119374145276e+01 6.055830755516308983e+01
2.372023732162847764e+01 6.115915842138426228e+01
1.139755421725284101e+01 6.176000928760542052e+01
1.696409618975298628e+01 6.236086015382657877e+01
9.628413985975061706e+00 6.296171102004775122e+01
9.720315138371439900e+00 6.356256188626889525e+01
7.597889070787783083e+00 6.416341275249006060e+01
2.898060161633582599e+00 6.476426361871121173e+01
7.595762368996082259e+00 6.536511448493237708e+01
5.246671321870405968e+00 6.596596535115354243e+01
9.269072296968111857e+00 6.656681621737470778e+01
9.038755669946317184e+00 6.716766708359587312e+01
9.212168156264368690e+00 6.776851794981703847e+01
9.787017544283882486e+00 6.836936881603820382e+01
1.176676184505037703e+01 6.897021968225935495e+01
5.962725058176667758e+00 6.957107054848052030e+01
5.875358254487192511e+00 7.017192141470167144e+01
8.185791848016702232e+00 7.077277228092283679e+01
1.257401601236718491e+01 7.137362314714400213e+01
3.272502953446984719e+00 7.197447401336516748e+01
8.941219069068978342e+00 7.257532487958633283e+01
4.277577747622734350e+00 7.317617574580748396e+01
1.215925283592581252e+01 7.377702661202864931e+01
7.189392836608979209e+00 7.437787747824981466e+01
1.007780568373137875e+01 7.497872834447096579e+01
1.126114682978182202e+01 7.557957921069211693e+01
1.025395428545130905e+01 7.618043007691328228e+01
9.516992465863406636e+00 7.678128094313444763e+01
6.211737871507527764e+00 7.738213180935561297e+01
5.553291220972996101e+00 7.798298267557677832e+01
9.269336114897669177e+00 7.858383354179794367e+01
2.849580290007486916e+00 7.918468440801910901e+01
5.345817310333087491e+00 7.978553527424026015e+01
8.235552968541703933e+00 8.038638614046142550e+01
1.348003030032996641e+01 8.098723700668259085e+01
8.851321746398921775e+00 8.158808787290375619e+01
6.347316440932487147e+00 8.218893873912489312e+01
6.347498273422360171e+00 8.278978960534605847e+01
9.468411028712750976e+00 8.339064047156722381e+01
1.058662339911882633e+01 8.399149133778837495e+01
8.872784006449208505e+00 8.459234220400955451e+01
6.220575580468530319e+00 8.519319307023070564e+01
4.530828255906734547e+00 8.579404393645185678e+01
5.862309959933156733e+00 8.639489480267303634e+01
6.491574047948589055e+00 8.699574566889418747e+01
8.392078825788800600e+00 8.759659653511533861e+01
7.016447710459260634e+00 8.819744740133650396e+01
7.020826386366882055e+00 8.879829826755766931e+01
2.976088286485737644e+00 8.939914913377883465e+01
9.475367426266146254e+00 9.000000000000000000e+01
