3.125350105435866777e+00 1.020408163265317247e-01
2.262422450545299668e+00 2.040816326530617009e-01
2.224122091380602573e+00 3.061224489795916770e-01
2.606508129019386999e+00 4.081632653061234017e-01
2.532593887457173842e+00 5.102040816326534056e-01
2.120335563747453023e+00 6.122448979591833540e-01
2.613546471898706702e+00 7.142857142857167441e-01
5.123052448539952231e+00 8.163265306122466924e-01
7.025730272414187461e+00 9.183673469387749755e-01
5.015871794314766596e+00 1.020408163265305035e+00
3.112259991723451247e+00 1.122448979591838425e+00
3.863112605232197794e+00 1.224489795918368484e+00
4.140763023062560499e+00 1.326530612244898544e+00
3.859748135145586456e+00 1.428571428571425050e+00
3.342497993879184559e+00 1.530612244897960217e+00
2.743171941769604771e+00 1.632653061224490276e+00
1.805975997121531673e+00 1.734693877551020336e+00
1.947060126203861374e+00 1.836734693877552171e+00
2.753085955500392590e+00 1.938775510204082231e+00
4.860338039220554407e+00 2.040816326530610514e+00
7.319484482804515579e+00 2.142857142857144126e+00
6.883171025502186069e+00 2.244897959183674185e+00
4.184474919592999775e+00 2.346938775510207797e+00
2.022508414177646152e+00 2.448979591836737857e+00
7.344386882972933073e-01 2.551020408163264364e+00
1.189311489303577218e-01 2.653061224489796199e+00
1.908549220701219722e-03 2.755102040816329811e+00
1.963334968580046636e-01 2.857142857142861647e+00
5.303982880164778146e-01 2.959183673469389930e+00
5.103398428389395169e-01 3.061224489795921766e+00
1.672160543994299642e-01 3.163265306122451825e+00
0.000000000000000000e+00 3.265306122448981885e+00
0.000000000000000000e+00 3.367346938775511944e+00
3.929695844587498543e-01 3.469387755102043780e+00
2.345905668327444626e+00 3.571428571428572063e+00
3.927554032881340085e+00 3.673469387755103899e+00
6.084829569582128173e+00 3.775510204081635734e+00
8.865825208723489226e+00 3.877551020408165794e+00
1.321062290158637964e+01 3.979591836734694077e+00
2.153412880337208790e+01 4.081632653061229021e+00
2.374176295639540513e+01 4.183673469387760413e+00
2.110657441575617099e+01 4.285714285714285587e+00
2.092123946914195542e+01 4.387755102040815203e+00
2.047853999976359063e+01 4.489795918367350147e+00
2.162903602381115320e+01 4.591836734693881539e+00
2.136585378784603151e+01 4.693877551020406713e+00
2.158809160156508256e+01 4.795918367346938105e+00
2.459110587616958554e+01 4.897959183673471273e+00
3.391513428306124922e+01 5.000000000000000888e+00
4.656125354968541785e+01 5.243864706541510046e+00
5.501269732105924959e+01 5.487729413083022756e+00
6.095217152099251479e+01 5.731594119624528361e+00
5.790195475671461622e+01 5.975458826166036630e+00
5.717586269837541124e+01 6.219323532707551117e+00
6.066621044016797271e+01 6.463188239249060274e+00
5.827045326642953427e+01 6.707052945790572984e+00
5.839333018022436761e+01 6.950917652332078589e+00
6.244436664750880794e+01 7.194782358873588635e+00
6.673675395729827642e+01 7.438647065415102233e+00
6.918184917758681252e+01 7.682511771956612279e+00
6.814678289401922484e+01 7.926376478498124101e+00
6.884456789391566645e+01 8.170241185039630594e+00
6.999280557161992533e+01 8.414105891581140639e+00
7.086251880224862987e+01 8.657970598122652461e+00
6.730150872738120427e+01 8.901835304664164283e+00
6.839999705302983557e+01 9.145700011205676105e+00
7.014400506971206539e+01 9.389564717747177269e+00
6.865888395047718973e+01 9.633429424288689091e+00
6.850308058803173594e+01 9.877294130830200913e+00
7.409085855095082707e+01 1.012115883737171274e+01
7.292300336814288642e+01 1.036502354391322456e+01
7.507120602712325308e+01 1.060888825045472927e+01
7.647809698167945669e+01 1.085275295699624110e+01
7.794109128991911462e+01 1.109661766353775292e+01
7.454922999668683303e+01 1.134048237007926474e+01
7.510217867120790913e+01 1.158434707662077834e+01
7.497908554899942146e+01 1.182821178316228483e+01
8.312521355089698716e+01 1.207207648970378955e+01
8.376246918466760860e+01 1.231532102743471491e+01
8.474983350859947961e+01 1.255796649568012313e+01
8.334317276245312200e+01 1.280086186805335480e+01
8.480605418897499703e+01 1.304417407883769542e+01
8.143718585126292453e+01 1.328835256589799485e+01
7.902686604228833289e+01 1.353359097223879104e+01
7.578076950698773828e+01 1.377984357608769272e+01
6.915025049487297792e+01 1.402714936545312341e+01
6.177503880500948696e+01 1.427534919812552872e+01
5.390529160650233109e+01 1.452420358366133968e+01
5.284792909272288597e+01 1.477351573269869789e+01
6.014128087238292153e+01 1.502312213937992169e+01
6.356373740481346601e+01 1.527284511909373066e+01
6.490551596144148050e+01 1.552259348793290172e+01
5.921133291575508650e+01 1.577228977254794628e+01
5.774606482662021278e+01 1.602189321925593646e+01
5.534628074209893356e+01 1.627158859480266884e+01
5.744276312867350498e+01 1.652123485887556242e+01
5.631370241607461224e+01 1.677100024908836673e+01
5.852861206433836117e+01 1.702222405511702519e+01
5.871865550434202419e+01 1.727662755147651907e+01
6.088957656580087274e+01 1.753419938756699992e+01
6.387909460174641652e+01 1.779560528782375073e+01
6.551187941462541175e+01 1.806078455443234532e+01
6.882213201579308759e+01 1.832686148199745091e+01
6.883550713051981518e+01 1.859256920902738131e+01
6.781402938283416404e+01 1.885664504318139834e+01
6.991186086155947521e+01 1.911880737581522283e+01
6.600188342638929839e+01 1.937920507485062416e+01
6.366772008609319755e+01 1.963780520422757547e+01
6.093993334834469522e+01 1.989446284380356644e+01
5.908827374033035795e+01 2.014940184546595248e+01
5.638905348325238265e+01 2.040259839858941504e+01
5.640360122162955037e+01 2.065339773391877998e+01
5.472974930044273378e+01 2.090209474821553570e+01
5.406169350581065203e+01 2.114894408195896602e+01
5.175798568758921903e+01 2.139420820650366650e+01
5.191322919711550554e+01 2.163819348620459238e+01
5.334586581826079765e+01 2.188110237892190568e+01
5.212357716932709195e+01 2.212303747877711402e+01
5.250661517399979772e+01 2.236405798199152173e+01
5.426732698816347522e+01 2.260422313920874515e+01
5.469363226123050481e+01 2.284353142306026641e+01
5.394144101810957181e+01 2.308224438922529842e+01
5.412628398872610092e+01 2.332051654227433346e+01
5.355232612704151762e+01 2.355862393826863155e+01
5.486818540795528065e+01 2.379656733953635950e+01
5.646658767954606617e+01 2.403420910380369691e+01
5.640666882006059524e+01 2.427159088533820963e+01
5.554818746427918796e+01 2.450866177204404295e+01
5.602245096372725186e+01 2.474544316416630707e+01
5.679035825043371943e+01 2.498203374948069211e+01
5.938780914676976863e+01 2.521849197740728599e+01
5.924659711749473701e+01 2.545489328893972214e+01
6.059526969410966757e+01 2.569128634694786228e+01
6.248815998272425531e+01 2.592767717499918234e+01
6.218324966061407366e+01 2.616406654657115283e+01
6.258999108552909263e+01 2.640046168014745476e+01
6.413603123562137398e+01 2.663687319609502069e+01
6.391568782175760077e+01 2.687337260656134674e+01
6.280921428925011440e+01 2.711044862127335620e+01
6.240927579408937476e+01 2.734888105699820215e+01
6.263231334876955003e+01 2.758905130977334252e+01
6.170451929085219689e+01 2.783128865568409793e+01
6.176226158319625625e+01 2.807584762614683527e+01
5.978644736485190947e+01 2.832256242942836977e+01
6.087363228191086506e+01 2.857111209564579113e+01
6.162142191416123893e+01 2.882144814933739596e+01
6.164954242105731197e+01 2.907336115157462686e+01
6.050458648260321581e+01 2.932822436577865233e+01
6.257828453532052038e+01 2.958619503247613736e+01
6.430608034489752356e+01 2.984847194088183997e+01
6.369009072062969778e+01 3.011497512816662692e+01
6.192855556931193206e+01 3.038489463553606029e+01
6.237530891287834578e+01 3.065826257319004000e+01
6.329708037891122530e+01 3.093550785086178578e+01
6.155503827157357932e+01 3.121682113738277309e+01
6.151983130490859963e+01 3.150170202924336493e+01
6.056734162162018009e+01 3.178950167633225377e+01
6.009006145385105668e+01 3.207991193818353537e+01
5.858941521619024684e+01 3.237152338749553593e+01
5.827792815330664666e+01 3.266436079673594861e+01
5.643381857475332453e+01 3.295875720576070478e+01
5.551131227125544854e+01 3.325485079668229815e+01
5.619340340557037194e+01 3.355278820318216759e+01
5.952763206298252641e+01 3.385284902889377179e+01
5.670482466470927818e+01 3.415531653322531014e+01
6.084496634613928734e+01 3.446043016761902322e+01
6.063183399540059071e+01 3.476818635299199656e+01
6.278727365534192018e+01 3.507815816916354379e+01
6.442353497750488600e+01 3.538974935311872372e+01
6.414792186862101175e+01 3.570200306446946570e+01
5.831786655787549734e+01 3.601484165297885198e+01
5.851859248047405515e+01 3.632804738109568632e+01
5.860031667366607167e+01 3.664148451965120046e+01
5.724348600113664531e+01 3.695497334512743492e+01
5.987573894497658245e+01 3.726833112129876469e+01
5.837238956568396020e+01 3.758126740630271456e+01
5.580579153524197267e+01 3.789341606043360144e+01
5.907639155978716161e+01 3.820444613834630587e+01
5.884830829315816914e+01 3.851424978248991238e+01
5.953027676545984548e+01 3.882289311931834419e+01
5.651335657992316897e+01 3.913051364805557597e+01
5.557503008186292703e+01 3.943749556479116336e+01
5.311513492820770210e+01 3.974421697612623205e+01
5.473180934133996800e+01 4.005113333803756603e+01
5.632174143331228322e+01 4.035870395453758164e+01
5.566446370977095626e+01 4.066736327350842117e+01
5.659817784490953585e+01 4.097736187213797621e+01
5.376309316499536095e+01 4.128904705038819145e+01
5.442338073829630218e+01 4.160269297360682828e+01
5.449361544411704017e+01 4.191825149568936837e+01
5.322341398023717574e+01 4.223527765678199586e+01
5.288333908002943673e+01 4.255314957826019651e+01
5.495357649605623607e+01 4.287125370121714241e+01
5.884247100474935621e+01 4.318928236087116090e+01
5.608602724335468537e+01 4.350790452473825098e+01
5.708206620891789385e+01 4.382829937667304421e+01
5.696598076286201717e+01 4.415128268176204784e+01
5.623224671332177138e+01 4.447711374273448115e+01
5.940570153547917442e+01 4.480559860041451969e+01
5.729801167782868987e+01 4.513637619067348794e+01
6.094523254599054951e+01 4.546841885467488709e+01
6.183329983872985736e+01 4.580088978306725522e+01
6.288179715547257587e+01 4.613297987277743317e+01
6.437572521344114307e+01 4.646417063564954475e+01
6.860949218933190252e+01 4.679437149940763163e+01
7.113791878818484804e+01 4.712365181884367615e+01
7.678904621661610008e+01 4.745220906111774184e+01
7.906910814114044683e+01 4.777974675320088238e+01
8.077469059226662296e+01 4.810601842749203882e+01
8.773375655480714386e+01 4.843064012817234953e+01
8.869110826152767402e+01 4.875322822938189660e+01
9.082229862773037610e+01 4.907433505670978491e+01
9.335347239690604226e+01 4.939407971620845217e+01
9.616390794973092682e+01 4.971293811681945840e+01
1.037483410314996064e+02 5.003103534436838373e+01
1.035690765370887902e+02 5.034822215473842277e+01
1.060897763834176999e+02 5.066421187279915017e+01
1.098387932725351277e+02 5.097899012673044439e+01
1.103781578692957623e+02 5.129262236975055345e+01
1.051107542706135831e+02 5.160471237894636687e+01
1.061901586588710273e+02 5.191533590712383273e+01
1.043713537498117461e+02 5.222504150356945019e+01
1.008384849300752677e+02 5.253350952367765103e+01
1.054603449497921446e+02 5.283885821720326703e+01
1.044418454605459914e+02 5.314407413562021532e+01
9.921092134187813372e+01 5.344929005403714228e+01
9.713680353750909546e+01 5.375450597245407636e+01
9.987269893928387887e+01 5.405972189087102464e+01
9.860555465748119275e+01 5.436493780928793740e+01
9.307562678206326723e+01 5.467015372770489279e+01
9.087068758544980085e+01 5.497536964612184818e+01
8.766774114195084167e+01 5.528058556453877515e+01
9.042009487269834267e+01 5.558580148295570211e+01
9.233520877794894943e+01 5.589101740137265040e+01
8.247855485284793531e+01 5.619623331978959868e+01
8.265607500371312710e+01 5.650144923820652565e+01
7.909632187563990158e+01 5.680666515662347393e+01
7.473811851767479197e+01 5.711188107504041511e+01
6.875853334952995510e+01 5.741709699345734208e+01
6.713672558150730652e+01 5.772231291187428326e+01
6.210318449061355039e+01 5.802752883029123865e+01
5.920140403744352398e+01 5.833274474870817272e+01
5.161160656779059508e+01 5.863796066712510680e+01
5.083607452866444731e+01 5.894317658554205508e+01
4.597945341017020837e+01 5.924839250395898205e+01
4.052669201945091260e+01 5.955360842237590902e+01
3.276686134959620489e+01 5.985882434079285730e+01
2.205445629205626545e+01 6.016404025920978427e+01
1.865433417056446785e+01 6.077293739677693196e+01
2.918664136986367286e+00 6.138183453434409387e+01
5.370205295276948121e+00 6.199073167191122025e+01
2.396052899166812633e+00 6.259962880947837505e+01
3.986458592156362002e+00 6.320852594704552274e+01
5.652882923913686852e+00 6.381742308461267044e+01
3.172892361551694851e+00 6.442632022217981103e+01
6.334301784072176034e+00 6.503521735974696583e+01
1.189009824408453930e+00 6.564411449731409220e+01
4.314429880479727863e+00 6.625301163488126122e+01
4.246987832446390776e+00 6.686190877244841602e+01
7.683781750294094159e+00 6.747080591001557082e+01
3.712961991213953095e+00 6.807970304758269720e+01
2.743753059445664277e+00 6.868860018514983778e+01
1.662068823660109995e+00 6.929749732271700680e+01
6.271247834453585135e+00 6.990639446028414739e+01
3.475948925549746438e+00 7.051529159785127376e+01
2.124383995180386897e+00 7.112418873541842856e+01
6.639339850955077615e+00 7.173308587298558336e+01
6.653307212754953071e+00 7.234198301055275238e+01
5.188885348134228970e+00 7.295088014811989297e+01
9.272664858187913417e-01 7.355977728568701934e+01
3.744004405082360876e+00 7.416867442325417414e+01
3.695431801788894077e+00 7.477757156082132894e+01
1.236280121580012192e+01 7.538646869838846953e+01
1.692611234599756820e+00 7.599536583595562433e+01
5.290444831758630784e+00 7.660426297352275071e+01
1.900551955723356334e+00 7.721316011108990551e+01
4.871063385518487721e+00 7.782205724865706031e+01
2.936473452441077825e+00 7.843095438622421511e+01
1.305517084392316507e+00 7.903985152379135570e+01
6.665647936630400006e-01 7.964874866135849629e+01
6.728611360082538795e+00 8.025764579892565109e+01
7.931269277036514964e+00 8.086654293649279168e+01
7.201040361515191890e+00 8.147544007405993227e+01
1.780711299824655702e+00 8.208433721162708707e+01
1.611671623945660548e+00 8.269323434919422766e+01
9.966608702961675448e+00 8.330213148676139667e+01
7.757575899491914839e+00 8.391102862432853726e+01
2.509591644063551730e+00 8.451992576189567785e+01
3.040859628037166473e+00 8.512882289946283265e+01
1.137711324416935454e+00 8.573772003702997324e+01
4.128580851594051637e+00 8.634661717459711383e+01
6.174344482371111553e+00 8.695551431216426863e+01
1.384624135995884853e+00 8.756441144973142343e+01
3.867538018992676463e+00 8.817330858729856402e+01
4.771834550291877974e+00 8.878220572486569040e+01
2.607188506428087749e+00 8.939110286243285941e+01
6.239346688022451737e+00 9.000000000000000000e+01
