3.014694072980793393e+00 1.020408163265304896e-01
2.406110625816216153e+00 2.040816326530647262e-01
1.569139300279775107e+00 3.061224489795936199e-01
1.424008816980061987e+00 4.081632653061206817e-01
1.461022291915804461e+00 5.102040816326530726e-01
1.582331810854465726e+00 6.122448979591835760e-01
2.169167750138767392e+00 7.142857142857159669e-01
3.315988060552001571e+00 8.163265306122464704e-01
3.847128187775088470e+00 9.183673469387807486e-01
4.392376001500634786e+00 1.020408163265305923e+00
4.450601610946367970e+00 1.122448979591834872e+00
3.462558432051508372e+00 1.224489795918367152e+00
2.149237970535417652e+00 1.326530612244897656e+00
2.343522729958637196e+00 1.428571428571429935e+00
4.703413803024040440e+00 1.530612244897962215e+00
6.384464488946814065e+00 1.632653061224494495e+00
5.843604456646248835e+00 1.734693877551021668e+00
5.567780520962037016e+00 1.836734693877548619e+00
5.495742188015420915e+00 1.938775510204080899e+00
5.837314711410063417e+00 2.040816326530611402e+00
6.004742083360304683e+00 2.142857142857145458e+00
4.707794014868166954e+00 2.244897959183675962e+00
2.035852057214245558e+00 2.346938775510206465e+00
3.937882842337863121e-01 2.448979591836733416e+00
6.069353429261186150e+00 2.551020408163262143e+00
1.016266861230523944e+01 2.653061224489794423e+00
6.631507868668969685e+00 2.755102040816326703e+00
3.729154769993673568e+00 2.857142857142858983e+00
3.854081709741739026e+00 2.959183673469389486e+00
5.232544145103353195e+00 3.061224489795921766e+00
4.940449370535438867e+00 3.163265306122448717e+00
3.579789928343976246e+00 3.265306122448975668e+00
2.756238130891581761e+00 3.367346938775507947e+00
1.781596305124964363e+00 3.469387755102042004e+00
2.661634263272579126e+00 3.571428571428572507e+00
4.068090909535540867e+00 3.673469387755103011e+00
7.206167909330650545e+00 3.775510204081633514e+00
1.480077971060911501e+01 3.877551020408162241e+00
2.194442709005485170e+01 3.979591836734690968e+00
2.415156901575605630e+01 4.081632653061223692e+00
3.097172593820124575e+01 4.183673469387754196e+00
4.202128344089583578e+01 4.285714285714286476e+00
4.390687377836135141e+01 4.387755102040818755e+00
3.879903311407258570e+01 4.489795918367349259e+00
3.899304328847401990e+01 4.591836734693876210e+00
4.132716884328442575e+01 4.693877551020404937e+00
4.682023508290189540e+01 4.795918367346935440e+00
5.253657863669447181e+01 4.897959183673467720e+00
5.508989686957514920e+01 4.999999999999998224e+00
4.904792687532055595e+01 5.245687543911135897e+00
6.511295480640781363e+01 5.491375087822269130e+00
7.448020037563489382e+01 5.737062631733405027e+00
7.415707057165482752e+01 5.982750175644538260e+00
7.245394386466071524e+01 6.228437719555683039e+00
7.716351662248939647e+01 6.474125263466816271e+00
7.659969186884632109e+01 6.719812807377948616e+00
7.876002362514064714e+01 6.965500351289083625e+00
8.502170023855225622e+01 7.211187895200219522e+00
8.321764671406373282e+01 7.456875439111353643e+00
7.639336560521213926e+01 7.702562983022488652e+00
7.111878068166689104e+01 7.948250526933623661e+00
7.075875815449973061e+01 8.193938070844758670e+00
7.178648319602748984e+01 8.439625614755902561e+00
7.418289961365616136e+01 8.685313158667035793e+00
7.633026770094555502e+01 8.931000702578172579e+00
7.643638387793660627e+01 9.176688246489305811e+00
7.725104348507547058e+01 9.422375790400442597e+00
8.469107169215054398e+01 9.668063334311575829e+00
8.454308065049170295e+01 9.913750878222714391e+00
8.786830294181135059e+01 1.015943842213384585e+01
9.522091895903994896e+01 1.040512596604498263e+01
1.021665779951853494e+02 1.065081350995611587e+01
1.020437805253299786e+02 1.089650105386725976e+01
1.114977813442344683e+02 1.114218859777839654e+01
1.108816532880802725e+02 1.138787614168952800e+01
1.208877880302713095e+02 1.163356368560066478e+01
1.168855402349335009e+02 1.187936040510557234e+01
1.238753744780929225e+02 1.212517222347537782e+01
1.239098087024885757e+02 1.237072682187837991e+01
1.240944049040576829e+02 1.261612512119734397e+01
1.259932171819068998e+02 1.286138550571864769e+01
1.248578723421024534e+02 1.310669746300403027e+01
1.166059900261380449e+02 1.335208312317984714e+01
1.140967014155427535e+02 1.359771626284321222e+01
1.127723537234025173e+02 1.384376592076723256e+01
1.032742853757075636e+02 1.409010137270225194e+01
8.952885880907780347e+01 1.433701292581439901e+01
8.004652710338646671e+01 1.458435841694428881e+01
7.865066104425972071e+01 1.483212445355042952e+01
7.620877758128590074e+01 1.508030569113287811e+01
8.119616483545507890e+01 1.532879517784976287e+01
8.501768715418243971e+01 1.557744590695524423e+01
8.703252136989112842e+01 1.582607814315059791e+01
9.013660367612301627e+01 1.607462936829491440e+01
8.708943322806337051e+01 1.632281471715820231e+01
8.418324256800934791e+01 1.657075506813584553e+01
8.186619545106202622e+01 1.681912865311117855e+01
8.147269903006782954e+01 1.706983904728162571e+01
7.842496398494398591e+01 1.732366453915082616e+01
7.768951506023243780e+01 1.758078629193485654e+01
7.483312067899112208e+01 1.783981960051002602e+01
7.832706585744561778e+01 1.810018684346753304e+01
8.053373209902240148e+01 1.836119300898100448e+01
7.814181293511930448e+01 1.862247522432810598e+01
8.224439085424566542e+01 1.888388330737892673e+01
8.435446605029223122e+01 1.914490091371420988e+01
8.074150375782519973e+01 1.940498067291924755e+01
8.339114486495758172e+01 1.966380414930973330e+01
8.424670148724467822e+01 1.992129642098306874e+01
8.183706884100497803e+01 2.017710102872229427e+01
7.939749423255263139e+01 2.043105791031066332e+01
7.743493031753455114e+01 2.068316286849076135e+01
7.443261574019783211e+01 2.093308746194504621e+01
7.040514400308281040e+01 2.118119067143710765e+01
7.067263158691255853e+01 2.142776110200670558e+01
6.869620977277426732e+01 2.167312269333530139e+01
6.629716179926148811e+01 2.191730950180576087e+01
6.562141032759774362e+01 2.216029610916443460e+01
6.614585549349639848e+01 2.240228817232237901e+01
6.571481208700660659e+01 2.264348026692625382e+01
6.685550409471956357e+01 2.288389092257662583e+01
6.478064047721716179e+01 2.312371383677725589e+01
6.281680246457202088e+01 2.336302789605612418e+01
6.393172083773463754e+01 2.360183603617553416e+01
6.144709023969708994e+01 2.384030345575212806e+01
6.308229337941165227e+01 2.407844838300980683e+01
6.674481851880521788e+01 2.431636461406732508e+01
6.732643035971213408e+01 2.455406629240015093e+01
6.497754317915440936e+01 2.479160639712422665e+01
6.559733656405843760e+01 2.502904015598598875e+01
6.839357679861163319e+01 2.526639194526963905e+01
6.726395189133909014e+01 2.550369522327837046e+01
6.653456289059343476e+01 2.574097025146113538e+01
6.679618096521797099e+01 2.597821891891445034e+01
6.741547608147293147e+01 2.621544670785945641e+01
6.877610410448443190e+01 2.645265648554617144e+01
7.077686755391525253e+01 2.668986345225287238e+01
6.899970396799871253e+01 2.692710017506441034e+01
7.188297137319196395e+01 2.716442160713274490e+01
7.083035674204040788e+01 2.740190362973719829e+01
7.202844892282264766e+01 2.764006018810519549e+01
7.302088830218809790e+01 2.787982429007121965e+01
7.220366882654661822e+01 2.812220935794875487e+01
6.982522647375067493e+01 2.836832904925170595e+01
7.107890510268663320e+01 2.861909911574456800e+01
7.106103257114243377e+01 2.887461309073812998e+01
7.238234090530471576e+01 2.913469149284224358e+01
7.399733336742198730e+01 2.939806497416283548e+01
7.409693120011239387e+01 2.966387323222147643e+01
7.172509544119554903e+01 2.993278463940122691e+01
7.078190504342140343e+01 3.020516571700453312e+01
7.344497980526897152e+01 3.048081604895619989e+01
7.271924917997142757e+01 3.075935961960213660e+01
7.065490565989280469e+01 3.104064529440635312e+01
7.009243275430635833e+01 3.132466495824202468e+01
6.747555801202055648e+01 3.161113906815901942e+01
6.655833141740147596e+01 3.190037122123259650e+01
6.585429384126125285e+01 3.219251947302094408e+01
6.556645695787335626e+01 3.248697422768453436e+01
6.573389360762726596e+01 3.278265704658043944e+01
6.312773477876059758e+01 3.307982830278110242e+01
6.297369014530983122e+01 3.337830745522336429e+01
6.315643094035313965e+01 3.367847926587479179e+01
6.366513752617648692e+01 3.398044793540952924e+01
6.217384575782588740e+01 3.428445641786901632e+01
6.571538076103280446e+01 3.459050866392067292e+01
6.946076876891127938e+01 3.489840715289049200e+01
6.884686899518807479e+01 3.520782516130855555e+01
6.479017158863972270e+01 3.551869981772777862e+01
6.253440571648391710e+01 3.583038059450392865e+01
6.716097464299875242e+01 3.614281889135721570e+01
7.154985130214376454e+01 3.645563273148773931e+01
6.889394449350676553e+01 3.676850887146651559e+01
6.925012119984661751e+01 3.708118658408395163e+01
7.276183473536254098e+01 3.739337104076506790e+01
7.528331503787302381e+01 3.770475144507187792e+01
7.923960054917394302e+01 3.801506156685383786e+01
7.907611104555346060e+01 3.832408345908773128e+01
8.027748582283560097e+01 3.863186422461775749e+01
7.952276732481847432e+01 3.893864113243579084e+01
7.853732545623664407e+01 3.924480049294253803e+01
7.848443082178131647e+01 3.955129942240402841e+01
7.980010709531413227e+01 3.985894160514738616e+01
7.289528362378815984e+01 4.016817273750304196e+01
7.797656848140394459e+01 4.047913936911544397e+01
7.317871042898194389e+01 4.079177022338417657e+01
7.193722886923947613e+01 4.110610998867582566e+01
7.397196023854309033e+01 4.142183011319027486e+01
7.251599141393214154e+01 4.173871117775412642e+01
7.524035089477473548e+01 4.205619436963568347e+01
7.416806904767335595e+01 4.237360746582592697e+01
7.349417588155826309e+01 4.269014677779698275e+01
7.280139810169696091e+01 4.300732386197726242e+01
7.655986871890054601e+01 4.332776740149890315e+01
8.050136584503913184e+01 4.365121554682897198e+01
8.133110139011965600e+01 4.397713867444976898e+01
8.389919332472852886e+01 4.430488669905359700e+01
8.393118383220425471e+01 4.463372766901521516e+01
8.472812158883073153e+01 4.496282000375303056e+01
8.624289293150772551e+01 4.529169388131230534e+01
8.810371901777679682e+01 4.561996634679682927e+01
8.287278796407318282e+01 4.594750273444345368e+01
8.157489297714296583e+01 4.627401655312923623e+01
7.967571298830429782e+01 4.659871410769995492e+01
7.530831680714409515e+01 4.692169377803864450e+01
7.089383061515431450e+01 4.724473426618475713e+01
7.559662329534657488e+01 4.756886411412997262e+01
7.676116617673858400e+01 4.789443523509788037e+01
8.004869419131242125e+01 4.822159574892622658e+01
8.298464968783245865e+01 4.855058805306972403e+01
8.337902654512210177e+01 4.888122718520323673e+01
8.871668089312321115e+01 4.921084457283481584e+01
9.050254242596892595e+01 4.953750472348207268e+01
9.474015412746025788e+01 4.986101015794512392e+01
9.626272831800741869e+01 5.018119712542214472e+01
1.036913436358818359e+02 5.049831206512363480e+01
1.128229991816357369e+02 5.081295931879866146e+01
1.142704857679805741e+02 5.112582885363033824e+01
1.107493571238677532e+02 5.143860160408955551e+01
1.113762730759567177e+02 5.175477772151413802e+01
1.078333325258478794e+02 5.207095383893871343e+01
1.046150897400198829e+02 5.238712995636331016e+01
1.014569098941083354e+02 5.270330607378788557e+01
9.687364784823053299e+01 5.301948219121246808e+01
9.385158473184947070e+01 5.333565830863704349e+01
9.167163414056189197e+01 5.365183442606163311e+01
8.815997863508393095e+01 5.396801054348620852e+01
8.647890419148453134e+01 5.428418666091080524e+01
8.844538291889277559e+01 5.460036277833538065e+01
8.180653342693172192e+01 5.491653889575997738e+01
7.747714586920979229e+01 5.523271501318454568e+01
7.989371876760858981e+01 5.554889113060913530e+01
8.028621575042346592e+01 5.586506724803370361e+01
8.101219687675495607e+01 5.618124336545830033e+01
8.293533521302990152e+01 5.649741948288286864e+01
7.702352590870000881e+01 5.681359560030746536e+01
7.619960688268601245e+01 5.712977171773205498e+01
7.696295109451617122e+01 5.744594783515664460e+01
7.946405054406660895e+01 5.776212395258122001e+01
7.905761049059471191e+01 5.807830007000580252e+01
7.729990250798802265e+01 5.839447618743039214e+01
7.230358084973974542e+01 5.871065230485497466e+01
6.814754756643571909e+01 5.902682842227955007e+01
6.590871792363849124e+01 5.934300453970413969e+01
5.957277013650892172e+01 5.965918065712870799e+01
5.225087899803286007e+01 5.997535677455330472e+01
3.905339910245303514e+01 6.029153289197788013e+01
1.664115884133148882e+01 6.060770900940246975e+01
1.822508147476779428e+01 6.120755168267996993e+01
3.474386936964314998e+00 6.180739435595745590e+01
2.575928364353396116e+00 6.240723702923497740e+01
5.043488535033217701e+00 6.300707970251247048e+01
2.975751789472925513e+00 6.360692237578997066e+01
4.749857715433296157e+00 6.420676504906747084e+01
2.970349640675211678e+00 6.480660772234497813e+01
1.807241839091826119e+00 6.540645039562247121e+01
3.643791194978475811e+00 6.600629306889997849e+01
9.645746262828498452e-01 6.660613574217749999e+01
9.564066875085051933e+00 6.720597841545497886e+01
5.551813984016034986e+00 6.780582108873248615e+01
1.118974722717151593e+00 6.840566376200997922e+01
1.007147112209755591e+01 6.900550643528747230e+01
4.269315198421908875e+00 6.960534910856496538e+01
7.700489114401532831e+00 7.020519178184247266e+01
1.093682724122229821e+01 7.080503445511996574e+01
1.580928333708943700e+00 7.140487712839747303e+01
4.742837060945423566e+00 7.200471980167499453e+01
6.364102007752048706e+00 7.260456247495247339e+01
3.045304279792231839e+00 7.320440514822998068e+01
3.545402218940729266e+00 7.380424782150747376e+01
4.859995544501495957e+00 7.440409049478496684e+01
1.837796650400623344e+00 7.500393316806248833e+01
3.352547950563675272e+00 7.560377584133998141e+01
5.502714073631011615e+00 7.620361851461748870e+01
4.056313745099594748e+00 7.680346118789498178e+01
9.598472013091924993e+00 7.740330386117250328e+01
4.975304360691790606e+00 7.800314653444999635e+01
4.915610227750619288e+00 7.860298920772748943e+01
1.060807834322788956e+01 7.920283188100499672e+01
5.624004624379883133e+00 7.980267455428248979e+01
8.886048549997171975e+00 8.040251722755999708e+01
5.783805594576866937e+00 8.100235990083749016e+01
4.436702639466229670e+00 8.160220257411501166e+01
9.110320032340741392e+00 8.220204524739247631e+01
4.636413142773685436e+00 8.280188792066998360e+01
1.303380219343353019e+00 8.340173059394749089e+01
7.567178251643262854e+00 8.400157326722498397e+01
5.892737325887917876e+00 8.460141594050247704e+01
6.568463022020742947e+00 8.520125861377998433e+01
4.944611334504985578e+00 8.580110128705749162e+01
1.154775852656939383e+00 8.640094396033498469e+01
4.936216327963563799e+00 8.700078663361249198e+01
5.823161992443184332e+00 8.760062930688999927e+01
4.758235564683228169e+00 8.820047198016747814e+01
5.492907238964628291e+00 8.880031465344499964e+01
7.832968579013394717e+00 8.940015732672249271e+01
3.230432763055086198e+00 9.000000000000000000e+01
