2.051514130789040546e+00 1.020408163265345974e-01
2.341762912580354961e+00 2.040816326530637270e-01
1.877237572051336345e+00 3.061224489795928427e-01
1.373130230128793094e+00 4.081632653061240679e-01
2.183010341375795971e+00 5.102040816326552930e-01
2.859082465132676720e+00 6.122448979591864626e-01
3.038566069412362403e+00 7.142857142857189645e-01
3.873841163335439930e+00 8.163265306122460263e-01
3.391664876945403861e+00 9.183673469387759747e-01
2.770333613093665992e+00 1.020408163265308588e+00
2.152929841971388480e+00 1.122448979591839757e+00
2.875852015901348979e-01 1.224489795918370927e+00
8.084284593738612079e-01 1.326530612244897878e+00
1.325183631690386221e+00 1.428571428571432378e+00
1.952540641928597109e+00 1.530612244897963548e+00
2.434082349209202079e+00 1.632653061224489166e+00
3.694787942944039116e+00 1.734693877551021668e+00
5.884973017584165689e+00 1.836734693877552838e+00
5.072823543216269826e+00 1.938775510204084007e+00
2.087087146756886114e+00 2.040816326530616287e+00
1.379312257310071343e+00 2.142857142857141906e+00
1.621172608741342502e+00 2.244897959183673297e+00
1.685673584799133762e+00 2.346938775510206021e+00
1.748100147858010267e+00 2.448979591836737413e+00
2.200678177579893813e+00 2.551020408163268804e+00
4.522982586240814840e+00 2.653061224489799308e+00
6.433499554925043995e+00 2.755102040816332476e+00
3.487722895021841296e+00 2.857142857142855874e+00
0.000000000000000000e+00 2.959183673469390374e+00
0.000000000000000000e+00 3.061224489795919546e+00
0.000000000000000000e+00 3.163265306122450937e+00
7.582555547985746214e-02 3.265306122448982329e+00
6.091700323321447286e-02 3.367346938775516829e+00
1.260452884127463147e-01 3.469387755102042448e+00
4.699963583444611431e-02 3.571428571428574728e+00
2.225612924677546456e+00 3.673469387755103899e+00
6.871235822210297606e+00 3.775510204081635290e+00
9.622475412644439174e+00 3.877551020408166682e+00
1.006007970955089625e+01 3.979591836734699406e+00
1.423112693733123280e+01 4.081632653061230798e+00
2.212250215506210438e+01 4.183673469387756860e+00
2.902851478567070487e+01 4.285714285714289140e+00
3.262388967092812919e+01 4.387755102040820532e+00
3.492216168126819298e+01 4.489795918367349259e+00
4.658472810846154744e+01 4.591836734693880651e+00
6.102395402966742211e+01 4.693877551020409378e+00
4.613421177092840253e+01 4.795918367346940769e+00
3.541884322956354936e+01 4.897959183673473049e+00
5.295993162667437559e+01 5.000000000000001776e+00
4.647427951615720332e+01 5.246485876254020297e+00
6.551283117717822790e+01 5.492971752508029937e+00
5.760230115643544480e+01 5.739457628762042241e+00
5.317342925294470746e+01 5.985943505016053656e+00
5.774176860154829427e+01 6.232429381270067736e+00
6.477423387968245549e+01 6.478915257524079152e+00
7.063956024091595509e+01 6.725401133778094120e+00
7.569744214118918535e+01 6.971887010032100207e+00
8.562981947901522517e+01 7.218372886286120504e+00
9.320663373525972872e+01 7.464858762540127479e+00
9.739577388296572735e+01 7.711344638794139783e+00
1.059252779517616148e+02 7.957830515048153863e+00
1.083637064632067251e+02 8.204316391302167943e+00
1.081717575369686699e+02 8.450802267556177583e+00
1.055844363219408990e+02 8.697288143810196104e+00
1.121983405316375269e+02 8.943774020064207519e+00
1.174508056933067195e+02 9.190259896318217159e+00
1.128350921791034267e+02 9.436745772572226798e+00
1.105768118812813583e+02 9.683231648826243543e+00
1.101814986018155764e+02 9.929717525080258511e+00
1.153677811793217245e+02 1.017620340133426637e+01
1.180299718336684407e+02 1.042268927758828312e+01
1.220430246971076969e+02 1.066917515384229098e+01
1.239809020850126728e+02 1.091566103009630950e+01
1.277386747309543864e+02 1.116485815270930715e+01
1.193230024109367378e+02 1.141446056863201264e+01
1.232608354591303907e+02 1.166151703220576330e+01
1.231525569495108243e+02 1.190699369117629658e+01
1.218784579534806056e+02 1.215142369598932959e+01
1.190473010572187604e+02 1.239537760524643772e+01
1.202240301725685754e+02 1.263920325648732046e+01
1.249946405954052722e+02 1.288305561488314765e+01
1.280836716573656986e+02 1.312701055333408462e+01
1.222277849597266908e+02 1.337108928115543804e+01
1.185897939200560671e+02 1.361567156544351853e+01
1.168385771823955110e+02 1.386080596197853687e+01
1.094382954297994388e+02 1.410659783369755971e+01
1.017291786031642431e+02 1.435303397591766128e+01
9.542485850945153913e+01 1.459987226481703537e+01
8.161912467296174611e+01 1.484689290305290221e+01
8.117425910877520323e+01 1.509400363515975840e+01
8.450290273009399300e+01 1.534109272426128179e+01
8.734771758930828867e+01 1.558811872274668531e+01
8.643153709760694881e+01 1.583498420479346436e+01
8.494508688214069991e+01 1.608155628572334450e+01
8.191045471861566796e+01 1.632790021330672658e+01
7.922366486637247363e+01 1.657398438875946312e+01
7.930174411295836023e+01 1.681984985608638539e+01
7.775778431764244658e+01 1.706666337590928606e+01
7.370316950345130635e+01 1.731585584430411018e+01
7.232486766787657473e+01 1.756810345440766952e+01
7.203798318364489717e+01 1.782369487187306234e+01
7.238115887052018138e+01 1.808276373435909079e+01
7.403119538981131598e+01 1.834377443707648325e+01
7.644499618302768340e+01 1.860519694791421230e+01
7.602289154456771314e+01 1.886696266250102383e+01
7.605162340972330526e+01 1.912894476179425141e+01
7.866849152926644706e+01 1.939117796992711362e+01
7.725761412782323134e+01 1.965282860687288746e+01
7.184594977157863127e+01 1.991277718695494769e+01
7.412665226600005042e+01 2.017003596312701674e+01
7.473331153358782331e+01 2.042471420227767709e+01
7.436729680399872677e+01 2.067726215552092839e+01
7.231526077027977806e+01 2.092825143904443408e+01
7.173608021454744232e+01 2.117744978608858020e+01
7.074674509799388034e+01 2.142507691120930247e+01
7.108596223737809794e+01 2.167071357049191249e+01
6.410705605682097996e+01 2.191414422041042087e+01
6.475160295799118160e+01 2.215563483490896601e+01
6.456669143988807491e+01 2.239562378863284664e+01
6.443512850264799852e+01 2.263452697974198458e+01
6.219900540235380504e+01 2.287268158003019636e+01
6.174760311892546127e+01 2.311026449928870363e+01
5.743517632287830565e+01 2.334725262812921187e+01
5.799563013812338141e+01 2.358393121287179639e+01
5.926291146414749988e+01 2.382044089475585480e+01
6.113398470682371055e+01 2.405691790025941401e+01
6.208616051455053508e+01 2.429334044095141110e+01
6.456078929479825490e+01 2.452963572142699178e+01
6.587336719309514876e+01 2.476575283997586041e+01
6.678728158563453121e+01 2.500171550396530051e+01
6.708386276409297011e+01 2.523753213557316855e+01
6.786168622493062230e+01 2.547323796838383458e+01
6.806704807923914302e+01 2.570888948645271910e+01
6.846607689912603689e+01 2.594450586786722113e+01
6.720705596960567618e+01 2.618010502791823058e+01
6.863394957851521383e+01 2.641570125866486052e+01
6.366899450534502591e+01 2.665130782080791505e+01
6.666423565380814864e+01 2.688695725812026893e+01
6.759514630981725247e+01 2.712269534281465866e+01
6.666875262092300147e+01 2.735870162326227018e+01
6.530481149763861026e+01 2.759532839373256508e+01
6.621757723276496677e+01 2.783347183569505034e+01
6.498194023933096730e+01 2.807353337152271422e+01
6.586821830712364090e+01 2.831623300103867535e+01
6.501438510948480598e+01 2.856231022922771245e+01
6.588465043543951083e+01 2.881186897461451224e+01
6.604348943690938256e+01 2.906505395517895352e+01
6.601849224194741339e+01 2.932225844821316940e+01
6.651538723669567332e+01 2.958300163284756934e+01
6.348036990494200893e+01 2.984576299501972585e+01
6.332963604834456106e+01 3.011127009169369018e+01
6.594575993415085691e+01 3.038038979884926505e+01
6.662688747398583189e+01 3.065209595776385498e+01
6.716317851296632568e+01 3.092684739901395830e+01
6.803425821760589542e+01 3.120547682561667102e+01
6.904196064762901131e+01 3.148737810724391295e+01
6.936982719813752851e+01 3.177198511289973482e+01
6.674453252495038669e+01 3.205996466313790449e+01
6.554238591359015231e+01 3.235007933377768552e+01
6.645832544076856152e+01 3.264254048626250437e+01
6.784205351891284863e+01 3.293732098820459697e+01
6.600328660127006231e+01 3.323462557040433296e+01
6.266067169405479831e+01 3.353419641027052478e+01
6.343025063970183197e+01 3.383614788684449337e+01
6.762066022418159150e+01 3.414037919487044803e+01
6.337009647329686857e+01 3.444646899971353804e+01
6.840568431207444178e+01 3.475447628544375789e+01
6.746216927532080376e+01 3.506410014701466338e+01
6.776555240059157370e+01 3.537512351686613243e+01
6.787516757097054665e+01 3.568686650224686474e+01
6.854292062677245667e+01 3.599851566491277310e+01
6.745409395292983845e+01 3.630969857274544665e+01
6.713052868109551241e+01 3.661999141117171064e+01
6.458212084980229406e+01 3.692920852093842399e+01
6.608662210131134884e+01 3.723711002279882365e+01
6.813424952603817530e+01 3.754363118748450034e+01
7.260440488697173578e+01 3.784887454908720628e+01
7.162662596730676512e+01 3.815306860567663705e+01
7.607157146107911672e+01 3.845663191524767655e+01
7.359937889850625936e+01 3.875973543069812877e+01
7.747218451816286233e+01 3.906265916859355514e+01
8.085686060868638947e+01 3.936605562956425075e+01
8.354502170106884762e+01 3.967055660012398732e+01
8.234593864014071585e+01 3.997660302326539039e+01
8.803529965493207499e+01 4.028425019758570613e+01
8.827215966907208156e+01 4.059342999337425084e+01
8.987948786998342143e+01 4.090404844804191953e+01
8.607479578551725297e+01 4.121572891035612685e+01
7.614570379248479526e+01 4.152809891585385316e+01
6.997668053896566676e+01 4.184104123612645054e+01
6.390240473181546577e+01 4.215447770812762940e+01
6.210456140744950915e+01 4.246882894688332044e+01
6.634983672601772753e+01 4.278527305357647492e+01
6.736242754315622960e+01 4.310548017275477406e+01
6.641931994507633874e+01 4.343091112517050334e+01
6.707130712001857376e+01 4.376149985598141967e+01
6.597112782763831262e+01 4.409654677826755886e+01
6.794761856469268935e+01 4.443344711600114749e+01
6.973506006247899336e+01 4.476934040789693370e+01
7.638812138662206053e+01 4.510362824706354701e+01
7.349969593786690325e+01 4.543575924902607710e+01
7.679962781177344766e+01 4.576516445127708721e+01
7.691401249054069922e+01 4.609259657851397662e+01
8.437440508942661666e+01 4.641878718041004248e+01
8.878888864614478393e+01 4.674469545213426613e+01
9.504083835863859520e+01 4.707145710944248407e+01
9.296108394580129186e+01 4.740169457247377238e+01
8.963698351599094849e+01 4.773413468581898655e+01
8.803978939493903511e+01 4.806639932974016460e+01
8.378240872656532190e+01 4.839779548362782435e+01
8.367690024936284487e+01 4.872807664282073148e+01
8.458010907720928628e+01 4.905731617308783399e+01
8.470683215211751360e+01 4.938601472478885057e+01
8.609610597236094520e+01 4.971445748904168482e+01
8.058453415802834741e+01 5.004265830063893361e+01
7.750737102556456648e+01 5.037053909951062991e+01
7.672934533284984582e+01 5.069879462280163551e+01
7.309261397913221003e+01 5.102632511454255138e+01
6.978003482314284156e+01 5.135091179029279829e+01
7.096074853372827818e+01 5.167464002511935917e+01
6.967844229649075771e+01 5.199909725351276535e+01
7.005276897378989531e+01 5.232694266722344878e+01
6.740260104062369351e+01 5.265478808093412511e+01
6.706220973377430994e+01 5.298263349464480854e+01
6.497898866509731874e+01 5.331047890835549907e+01
6.581948497286724375e+01 5.363832432206618961e+01
6.420271480015931331e+01 5.396616973577686593e+01
6.453001768534771543e+01 5.429401514948755647e+01
6.447106741812926600e+01 5.462186056319824701e+01
6.406386377405310384e+01 5.494970597690890912e+01
6.416108874285473007e+01 5.527755139061959255e+01
6.103880886775127834e+01 5.560539680433026888e+01
6.038114201013903681e+01 5.593324221804095941e+01
6.014132052891657310e+01 5.626108763175164285e+01
5.539242622875200794e+01 5.658893304546232628e+01
5.666701091726463346e+01 5.691677845917301681e+01
5.585312940460331532e+01 5.724462387288370024e+01
5.384294587511096353e+01 5.757246928659437657e+01
4.962280997707934915e+01 5.790031470030506000e+01
4.799759955588799443e+01 5.822816011401574343e+01
4.823101195421340037e+01 5.855600552772642686e+01
4.796971006096013923e+01 5.888385094143711029e+01
5.084638308703807752e+01 5.921169635514780083e+01
4.698484705753077861e+01 5.953954176885848426e+01
4.237773138667268569e+01 5.986738718256916769e+01
3.828056372443271727e+01 6.019523259627984402e+01
2.945644146797939911e+01 6.052307800999052034e+01
2.407517655234939724e+01 6.085092342370122509e+01
1.255629445160744417e+01 6.144580253750323351e+01
1.125699459799229096e+01 6.204068165130524193e+01
8.098483610307150471e+00 6.263556076510728587e+01
1.172220447074337812e+01 6.323043987890928008e+01
4.654563740361969515e+00 6.382531899271129561e+01
4.948479406454682206e+00 6.442019810651329692e+01
2.089453658523578561e+00 6.501507722031531955e+01
2.724427329822788124e+00 6.560995633411735639e+01
1.017442090958591283e+00 6.620483544791936481e+01
1.958218313980879255e-01 6.679971456172137323e+01
5.644171322675191504e+00 6.739459367552338165e+01
1.142795244468283178e+00 6.798947278932540428e+01
8.714374515534984766e+00 6.858435190312742691e+01
7.810036113033338445e+00 6.917923101692943533e+01
7.095634646391281164e-01 6.977411013073144375e+01
1.029183017809875089e+01 7.036898924453346638e+01
2.402461165757596717e+00 7.096386835833550322e+01
2.543973359367865505e+00 7.155874747213751164e+01
4.765893124608450826e+00 7.215362658593952006e+01
6.542580444911415327e+00 7.274850569974154268e+01
2.668971932977729722e+00 7.334338481354355110e+01
1.567275636921968973e-01 7.393826392734557373e+01
9.700490673866885016e-01 7.453314304114758215e+01
6.089497319738939041e+00 7.512802215494959057e+01
8.645112416760277085e+00 7.572290126875159899e+01
6.788044889378229918e+00 7.631778038255363583e+01
6.465088964635614666e+00 7.691265949635565846e+01
5.601250977615728210e+00 7.750753861015766688e+01
4.382853466781323704e+00 7.810241772395968951e+01
6.411198713325642728e+00 7.869729683776168372e+01
1.017593134865747651e+01 7.929217595156370635e+01
2.048136969295577980e+00 7.988705506536572898e+01
5.482431623007601118e+00 8.048193417916772319e+01
1.849998145796021065e+00 8.107681329296974582e+01
1.317495349598452048e+00 8.167169240677176845e+01
1.621728663033031204e+00 8.226657152057377687e+01
6.432644485204544793e+00 8.286145063437581371e+01
3.613124041853393642e+00 8.345632974817782213e+01
4.440967588607106720e+00 8.405120886197983054e+01
6.313788048917256646e+00 8.464608797578185317e+01
5.430988614847071183e+00 8.524096708958384738e+01
1.599670018215348266e+00 8.583584620338588422e+01
3.385398148113697991e-01 8.643072531718789264e+01
1.208650945950731082e+00 8.702560443098991527e+01
2.416761998615370555e+00 8.762048354479192369e+01
3.257630849675174911e+00 8.821536265859393211e+01
2.963088248460831409e+00 8.881024177239595474e+01
4.146996077094259547e+00 8.940512088619797737e+01
3.100943915873781265e+00 8.999999999999997158e+01
