1.482187351115760165e+01 1.020408163265349860e-01
1.322498098958917012e+01 2.040816326530628388e-01
1.415596547170147801e+01 3.061224489795925652e-01
1.409108922138473829e+01 4.081632653061256777e-01
1.130394465777820834e+01 5.102040816326554040e-01
1.037043681579636178e+01 6.122448979591885720e-01
1.309432385010415345e+01 7.142857142857164110e-01
1.581207599487054338e+01 8.163265306122461373e-01
1.811839515788671662e+01 9.183673469387758637e-01
2.069527719893986983e+01 1.020408163265309032e+00
1.751028770618916397e+01 1.122448979591840423e+00
1.414272247645288516e+01 1.224489795918370039e+00
1.682539539170897669e+01 1.326530612244899654e+00
1.901124948509295365e+01 1.428571428571432822e+00
1.772750372066173341e+01 1.530612244897960661e+00
1.695701215078912583e+01 1.632653061224490276e+00
1.751318286813573266e+01 1.734693877551025221e+00
1.889843014146932632e+01 1.836734693877553060e+00
2.230648731605412394e+01 1.938775510204088004e+00
2.559294853059821406e+01 2.040816326530614067e+00
2.087461306298395058e+01 2.142857142857145458e+00
1.417450187436937448e+01 2.244897959183675074e+00
1.075043371356302480e+01 2.346938775510206465e+00
9.894934444704251320e+00 2.448979591836739633e+00
1.092313192995101900e+01 2.551020408163269249e+00
1.341195609715428105e+01 2.653061224489797088e+00
1.474398268384917188e+01 2.755102040816330256e+00
1.344584974296307855e+01 2.857142857142861647e+00
1.311442277265335932e+01 2.959183673469387710e+00
1.267694175931054623e+01 3.061224489795919101e+00
1.139410648291247696e+01 3.163265306122450493e+00
1.133360838123689618e+01 3.265306122448983661e+00
1.359394098424147046e+01 3.367346938775513276e+00
1.955647582756085967e+01 3.469387755102042892e+00
2.437522583340021498e+01 3.571428571428570731e+00
1.820297911162722215e+01 3.673469387755103899e+00
1.308274181893339083e+01 3.775510204081633514e+00
1.455153825567965953e+01 3.877551020408166682e+00
1.838022409631816600e+01 3.979591836734696297e+00
2.787013257759904405e+01 4.081632653061229021e+00
4.047499321674467865e+01 4.183673469387758637e+00
3.942540860494283805e+01 4.285714285714286476e+00
3.300734173843322594e+01 4.387755102040816091e+00
3.948548444224795873e+01 4.489795918367349259e+00
4.872511071588576215e+01 4.591836734693880651e+00
5.197649196091138180e+01 4.693877551020410266e+00
5.548726241360783717e+01 4.795918367346939881e+00
6.499003231780523038e+01 4.897959183673469497e+00
7.620403748293765034e+01 5.000000000000000888e+00
6.986776743827920200e+01 5.247269133956333320e+00
8.196379463535785703e+01 5.494538267912673746e+00
8.427557763484909970e+01 5.741807401869006178e+00
9.153684513721749738e+01 5.989076535825347491e+00
9.540850024751964042e+01 6.236345669781685253e+00
1.000626512874157754e+02 6.483614803738017685e+00
1.001168278351783556e+02 6.730883937694354557e+00
1.048946098994795761e+02 6.978153071650690542e+00
1.100671993165419593e+02 7.225422205607024750e+00
1.092891029970596009e+02 7.472691339563359847e+00
1.168046356899416196e+02 7.719960473519693167e+00
1.177890074149902233e+02 7.967229607476037145e+00
1.216894835978632727e+02 8.214498741432368689e+00
1.269754633190408413e+02 8.461767875388705562e+00
1.283278505351741785e+02 8.709037009345045988e+00
1.308955603885916332e+02 8.956306143301375755e+00
1.335284234987113905e+02 9.203575277257712628e+00
1.339038073143453289e+02 9.450844411214051277e+00
1.296146939189771672e+02 9.698113545170382821e+00
1.211235701850384743e+02 9.945382679126726799e+00
1.193748993805891416e+02 1.019265181308305834e+01
1.132195406326981555e+02 1.043992094703939699e+01
1.141316586240635331e+02 1.068719008099573387e+01
1.138194812265262925e+02 1.093445921495206719e+01
1.106434111456866987e+02 1.118172834890840228e+01
1.131606057455644390e+02 1.142899748286474448e+01
1.126088750756139092e+02 1.167638045167429794e+01
1.103423161721305377e+02 1.192440281134369862e+01
1.109880359619970420e+02 1.217219521429083429e+01
1.113840185642191187e+02 1.242018225652209651e+01
1.097859353753311069e+02 1.266820326824627863e+01
1.123041334500578330e+02 1.291632520756922098e+01
1.108768304637135458e+02 1.316453822504582405e+01
1.112464380699673683e+02 1.341284946481968987e+01
1.156785443804865139e+02 1.366133827590194727e+01
1.092918218233446339e+02 1.390997995846148427e+01
1.079438569317122329e+02 1.415885081054487671e+01
1.040575525545597344e+02 1.440791099130030517e+01
1.006061553415639196e+02 1.465749470589168979e+01
8.345464931527266117e+01 1.490763088836366279e+01
7.422081102539209496e+01 1.515835454160321660e+01
7.811537212519360196e+01 1.540943611959422910e+01
8.397338302786562281e+01 1.566072159523906748e+01
8.318267310494306344e+01 1.591189766226616342e+01
8.435218141805391667e+01 1.616276449207822097e+01
8.566613984057121911e+01 1.641320652382085044e+01
8.876183869841601393e+01 1.666317448762511688e+01
9.015860542729080862e+01 1.691321339289584458e+01
8.777611065537276147e+01 1.716500878132734798e+01
8.933824721764923993e+01 1.741868017972504390e+01
8.776721417486317023e+01 1.767423061990170297e+01
9.072380942671617277e+01 1.793164599166524553e+01
9.062969201642654582e+01 1.819011641721838757e+01
9.265823552781526473e+01 1.844894046509725882e+01
9.509608180197332672e+01 1.870812323884956285e+01
9.529326317715361938e+01 1.896747035738698628e+01
1.011213073845024013e+02 1.922689743360712100e+01
9.896464787300931221e+01 1.948632580136332493e+01
9.545521638342194137e+01 1.974549101810243457e+01
9.637311073556259089e+01 2.000396688961542324e+01
9.395375257255680879e+01 2.026157980110672341e+01
9.534088942663699129e+01 2.051731344749119756e+01
9.257514086205814863e+01 2.077097868647149781e+01
8.976288817106859597e+01 2.102248943367300882e+01
8.930530088309258474e+01 2.127210809101378786e+01
8.980711524949678903e+01 2.152008849188360884e+01
9.194835604530435091e+01 2.176664318861319458e+01
9.208029198587263409e+01 2.201207309963297476e+01
9.286292435611775886e+01 2.225667262053335804e+01
9.409977582326922629e+01 2.250056440870978847e+01
9.712332207177715304e+01 2.274379389377389060e+01
9.677829511674845264e+01 2.298649906422665623e+01
9.600637610127836297e+01 2.322869802417402241e+01
9.509082289230433105e+01 2.347042573906571050e+01
8.951468559012872106e+01 2.371172067551729867e+01
8.916713014183797270e+01 2.395249599661734763e+01
8.667814802442605071e+01 2.419278504032651256e+01
8.269606105905637605e+01 2.443266679147661335e+01
8.199046533829854866e+01 2.467220217424335971e+01
7.938259324183773913e+01 2.491153259214863880e+01
7.902275714981948340e+01 2.515070840261738283e+01
7.827377637503846586e+01 2.538978498578489962e+01
8.275010961876510862e+01 2.562879902561386203e+01
8.379831371081655789e+01 2.586776190413848653e+01
8.037580201230225896e+01 2.610667926369238856e+01
8.333161571854593319e+01 2.634556180596943165e+01
8.698390973617601674e+01 2.658441365428302205e+01
8.610214197005548442e+01 2.682323526093314925e+01
8.864948171889292894e+01 2.706207492644020363e+01
8.893766930145929450e+01 2.730124636412833539e+01
8.891067711344523161e+01 2.754104790301968109e+01
8.760546648687466131e+01 2.778171470802693221e+01
8.974191549712469396e+01 2.802335194449900158e+01
9.338865350879218852e+01 2.826622860754015676e+01
9.829285992248730963e+01 2.851073163485490269e+01
9.574309128511713141e+01 2.875702700297856396e+01
9.148605509379636658e+01 2.900574356404525744e+01
8.789281043386121439e+01 2.925757638755488088e+01
8.747095829141127865e+01 2.951316487904719921e+01
8.770425089707651978e+01 2.977380754209655223e+01
8.598121806059791083e+01 3.004075033766745406e+01
8.268116799743252443e+01 3.031411652010899971e+01
8.304631356886608273e+01 3.059305092950381066e+01
8.123679042086000379e+01 3.087594885137758283e+01
8.124558349395888968e+01 3.116102617272110820e+01
8.429858264063206263e+01 3.144857240288661870e+01
8.412519889025914210e+01 3.173903898969562221e+01
8.446524611849852704e+01 3.203227476184673606e+01
8.347703357833123050e+01 3.232820087941210119e+01
8.426954766386073459e+01 3.262591640079334354e+01
8.425964351720652701e+01 3.292537367881908494e+01
8.413649124331647045e+01 3.322694805524277228e+01
8.517305294170338925e+01 3.353071231546038433e+01
8.912100503772563798e+01 3.383645887281696929e+01
9.102004189261023726e+01 3.414365115045616506e+01
9.312176118272212477e+01 3.445236802073355875e+01
9.529378367040544617e+01 3.476210419598361767e+01
9.550716305559400610e+01 3.507309499298524713e+01
9.383917136683321303e+01 3.538511074571934500e+01
9.787510772086430677e+01 3.569787789112166365e+01
9.956756663855398415e+01 3.601139882776500656e+01
9.693028885932913852e+01 3.632529246425647784e+01
1.038754508128454148e+02 3.663941191939787245e+01
1.024209781746758239e+02 3.695359713033519711e+01
1.065460051170827853e+02 3.726764103865588140e+01
1.093754267403771649e+02 3.758144715942860614e+01
1.069640003049936752e+02 3.789497020948932260e+01
1.070897507021516901e+02 3.820817652257496633e+01
1.060414720223469089e+02 3.852112398756069211e+01
1.066948609831078159e+02 3.883404467916575697e+01
1.046659338916097255e+02 3.914713204146246994e+01
1.068047555287407704e+02 3.946057749475099996e+01
1.070944914213562669e+02 3.977447670821181447e+01
1.073047328488290049e+02 4.008886866474475141e+01
1.108077604780277881e+02 4.040375337049722049e+01
1.040388529318405375e+02 4.071922734203984362e+01
1.031125934482361117e+02 4.103535321387526835e+01
1.022267732421395294e+02 4.135220496060350825e+01
9.499041631210354808e+01 4.166981929891667136e+01
9.216974929953990170e+01 4.198811180269842680e+01
8.918672278943135723e+01 4.230706480027046723e+01
8.601156354676912486e+01 4.262648551534155672e+01
8.403029043981747748e+01 4.294577680636525230e+01
8.302159258704050160e+01 4.326447712850472982e+01
8.381159504954597139e+01 4.358294211266112228e+01
8.977487437505511991e+01 4.390171842466585161e+01
9.335526766089385831e+01 4.422114651950214181e+01
9.736432359792240732e+01 4.454114349552170893e+01
9.891781210581798689e+01 4.486157695571517223e+01
1.034890370565308189e+02 4.518229300274980886e+01
1.097477948462115478e+02 4.550295889960508333e+01
1.104440244768369865e+02 4.582350803960592600e+01
1.118617090418481865e+02 4.614402980194883952e+01
1.129471569033826199e+02 4.646457398984177445e+01
1.162923565939135386e+02 4.678504622083169551e+01
1.208504612366091919e+02 4.710615187584675567e+01
1.177014246053030746e+02 4.742895345111226391e+01
1.207958445054796215e+02 4.775517148766543585e+01
1.194017290813825127e+02 4.808533597141992999e+01
1.198686228587614977e+02 4.842263996901955636e+01
1.151507945107459108e+02 4.876771431531409462e+01
1.176342264454849840e+02 4.911663566299338868e+01
1.143052406417420883e+02 4.947176731893480905e+01
1.164787686733329082e+02 4.983260704427267740e+01
1.140317253612997916e+02 5.019444581153521057e+01
1.114727589356083399e+02 5.055776164870561473e+01
1.061070835867541291e+02 5.092073651255144995e+01
1.045355392334120523e+02 5.128061933695909147e+01
1.017635808897124150e+02 5.163588974522630082e+01
1.014369748573656693e+02 5.199156708057024900e+01
9.791289025866413454e+01 5.235090819389524341e+01
9.580457709885560291e+01 5.271024930722025204e+01
9.699488977324075734e+01 5.306959042054524645e+01
9.910162183076774056e+01 5.342893153387025507e+01
9.579457332249420176e+01 5.378827264719524948e+01
9.427294235181201998e+01 5.414761376052024389e+01
9.219354724236785614e+01 5.450695487384525961e+01
8.951270596380935274e+01 5.486629598717026823e+01
8.710641579584594751e+01 5.522563710049527685e+01
8.847869749576416609e+01 5.558497821382026416e+01
8.249046955826902661e+01 5.594431932714527278e+01
8.328320230154776027e+01 5.630366044047026719e+01
8.051958986889992786e+01 5.666300155379527581e+01
8.044019790011486748e+01 5.702234266712028443e+01
8.093168864684713526e+01 5.738168378044530016e+01
7.742129098659781050e+01 5.774102489377029457e+01
7.626897423227848094e+01 5.810036600709530319e+01
7.493235491133894755e+01 5.845970712042029760e+01
7.507051688471810280e+01 5.881904823374529201e+01
7.575412594230434138e+01 5.917838934707028642e+01
7.248329305946096213e+01 5.953773046039529504e+01
7.182470962390955549e+01 5.989707157372030366e+01
6.806067158747227097e+01 6.025641268704529807e+01
6.070168017735912258e+01 6.061575380037030669e+01
5.967238229242275338e+01 6.097509491369529400e+01
6.085420619849869439e+01 6.133443602702030262e+01
5.446856113821335299e+01 6.169377714034531124e+01
3.703088360737269369e+01 6.205311825367029854e+01
2.714345453185283219e+01 6.241245936699530716e+01
2.077012553520072657e+01 6.297547040032192456e+01
1.209426033095951425e+01 6.353848143364855616e+01
1.552887822271136464e+01 6.410149246697520198e+01
1.148150987505844967e+01 6.466450350030181937e+01
1.100876390438891050e+01 6.522751453362843677e+01
1.310828507390435682e+01 6.579052556695506837e+01
1.738650093111822770e+01 6.635353660028168576e+01
1.484479453560128448e+01 6.691654763360830316e+01
1.680582021132758896e+01 6.747955866693494897e+01
1.178810898307645516e+01 6.804256970026158058e+01
1.016835755830053856e+01 6.860558073358819797e+01
1.946349050287738436e+01 6.916859176691481537e+01
1.694432426024516758e+01 6.973160280024144697e+01
1.299083678879043191e+01 7.029461383356807858e+01
1.243060845917759849e+01 7.085762486689469597e+01
1.193290027029177125e+01 7.142063590022132757e+01
1.872923765085420200e+01 7.198364693354794497e+01
1.428507444479555843e+01 7.254665796687457657e+01
1.866113708205310573e+01 7.310966900020122239e+01
1.135777647963597481e+01 7.367268003352782557e+01
8.808207220864643361e+00 7.423569106685447139e+01
9.832011382646079767e+00 7.479870210018107457e+01
1.310152361637096519e+01 7.536171313350772039e+01
1.559008265733887555e+01 7.592472416683433778e+01
1.626831188070276824e+01 7.648773520016098360e+01
1.667486875695261261e+01 7.705074623348760099e+01
1.170659927419498025e+01 7.761375726681423259e+01
1.138315558158769392e+01 7.817676830014084999e+01
2.688694952999735932e+01 7.873977933346748159e+01
1.866725017594585978e+01 7.930279036679411320e+01
1.277074399473513466e+01 7.986580140012073059e+01
1.381044614962210204e+01 8.042881243344734798e+01
9.006890816082607998e+00 8.099182346677399380e+01
9.331990282895617383e+00 8.155483450010061119e+01
2.035190835601322590e+01 8.211784553342724280e+01
7.685664349691926134e+00 8.268085656675387440e+01
1.444885090715125209e+01 8.324386760008047759e+01
1.412664216687433161e+01 8.380687863340710919e+01
9.243831391484377491e+00 8.436988966673374080e+01
1.528013385427264481e+01 8.493290070006037240e+01
1.602360895752931924e+01 8.549591173338697558e+01
1.869519418734806493e+01 8.605892276671362140e+01
1.121653036693654393e+01 8.662193380004023879e+01
1.240780779887816365e+01 8.718494483336687040e+01
1.428481867710247499e+01 8.774795586669350200e+01
1.835055611928549624e+01 8.831096690002011940e+01
1.272436931946137406e+01 8.887397793334673679e+01
1.437832986246405476e+01 8.943698896667336840e+01
1.912715542303712724e+01 9.000000000000000000e+01
