1.590225236287481181e+01 1.020408163265318219e-01
1.293167403408013172e+01 2.040816326530636438e-01
9.603454560756050640e+00 3.061224489795901227e-01
9.778644240763478379e+00 4.081632653061219584e-01
1.029428753462002710e+01 5.102040816326537387e-01
7.587572419089553932e+00 6.122448979591835760e-01
5.196254128788664772e+00 7.142857142857119701e-01
8.490267096440085481e+00 8.163265306122418075e-01
1.149274586462939141e+01 9.183673469387736432e-01
1.266120803218750268e+01 1.020408163265305479e+00
1.409777391072903541e+01 1.122448979591835316e+00
1.360650375163441872e+01 1.224489795918363821e+00
1.246595770365000000e+01 1.326530612244895657e+00
1.270556499898154712e+01 1.428571428571429047e+00
1.414062175279382316e+01 1.530612244897962881e+00
1.202074645316224633e+01 1.632653061224487390e+00
9.354063909853039149e+00 1.734693877551019225e+00
9.938345779666533986e+00 1.836734693877551061e+00
1.193671417368558885e+01 1.938775510204080899e+00
1.358621476251460791e+01 2.040816326530612734e+00
1.406149950606642918e+01 2.142857142857141017e+00
1.251385960633517236e+01 2.244897959183671077e+00
1.090734077873556274e+01 2.346938775510204689e+00
9.856083621896372549e+00 2.448979591836734748e+00
6.931411916359127012e+00 2.551020408163263031e+00
4.734438354943621974e+00 2.653061224489794867e+00
3.923603396260437304e+00 2.755102040816326703e+00
6.843246440727280167e+00 2.857142857142856762e+00
1.795805826492127721e+01 2.959183673469386822e+00
2.521957673296196845e+01 3.061224489795916881e+00
1.863235105187312257e+01 3.163265306122450493e+00
1.132040957443600426e+01 3.265306122448982329e+00
5.177653506195600386e+00 3.367346938775510168e+00
1.544201903202377935e-01 3.469387755102040671e+00
2.580595175047271095e+00 3.571428571428572507e+00
4.357494270884424203e+00 3.673469387755102566e+00
8.709318246764661708e+00 3.775510204081632626e+00
1.253353374507011964e+01 3.877551020408166238e+00
1.054434248585570799e+01 3.979591836734692745e+00
8.740957683232915443e+00 4.081632653061224580e+00
1.637865746496142449e+01 4.183673469387755972e+00
2.543823981830148995e+01 4.285714285714285587e+00
3.084677548299216454e+01 4.387755102040816979e+00
3.186866009169369818e+01 4.489795918367343042e+00
3.366410205360742935e+01 4.591836734693874433e+00
3.993996318825296754e+01 4.693877551020405825e+00
3.954516865970831674e+01 4.795918367346937217e+00
3.441497351696489204e+01 4.897959183673466832e+00
3.539937093577189842e+01 4.999999999999998224e+00
6.243894352751158294e+01 5.250989514636313693e+00
5.721593619603945768e+01 5.501979029272629163e+00
7.123366683842002089e+01 5.752968543908948185e+00
8.238803268900157661e+01 6.003958058545265430e+00
8.606917945746064902e+01 6.254947573181584453e+00
9.286031997368587554e+01 6.505937087817899922e+00
9.121557055458131913e+01 6.756926602454217168e+00
9.292073030459454230e+01 7.007916117090532637e+00
9.643703765080962853e+01 7.258905631726849883e+00
1.005699422791408750e+02 7.509895146363167129e+00
1.074168229870324325e+02 7.760884660999484375e+00
1.095431770739901509e+02 8.011874175635803397e+00
1.147383685522936076e+02 8.262863690272119754e+00
1.178356028851329000e+02 8.513853204908437888e+00
1.204868567303393689e+02 8.764842719544754246e+00
1.230305709585590677e+02 9.015832234181070604e+00
1.232655883604011393e+02 9.266821748817385185e+00
1.183171906490067045e+02 9.517811263453705095e+00
1.169103408959297354e+02 9.768800778090025005e+00
1.159864113092035467e+02 1.001979029272634136e+01
1.147928920688971743e+02 1.027077980736265417e+01
1.150202554897256846e+02 1.052176932199897230e+01
1.158684555479028262e+02 1.077275883663529044e+01
1.142093809962907613e+02 1.102374835127160857e+01
1.124941957641066210e+02 1.127473786590793026e+01
1.157352998707855534e+02 1.152572738054424839e+01
1.187596194983823921e+02 1.177689454397983582e+01
1.210901490177744364e+02 1.202820601330050465e+01
1.208648893021648831e+02 1.227858088761104938e+01
1.219505944315873052e+02 1.252836638968178207e+01
1.250462398864638658e+02 1.277786570257924481e+01
1.203079877973162723e+02 1.302717275097963423e+01
1.174147728353630953e+02 1.327642378620245545e+01
1.189905848342681196e+02 1.352573690162632225e+01
1.118558021694750977e+02 1.377537516037807031e+01
1.081312298360775941e+02 1.402545948347147053e+01
9.784436386652086526e+01 1.427640646009671421e+01
9.432113758102026679e+01 1.452837229698183208e+01
8.318629002868574673e+01 1.478136123656841505e+01
7.661380739537517570e+01 1.503529720643765799e+01
8.005831557890863337e+01 1.528999804938541907e+01
8.509850453871878528e+01 1.554544630561837693e+01
8.778253026869516873e+01 1.580142643366912658e+01
8.866050282434642327e+01 1.605778409701398601e+01
9.148476765750528727e+01 1.631420736687866935e+01
8.804327335428244794e+01 1.657051567563542704e+01
8.176425093124068155e+01 1.682647586400483419e+01
8.083120652039053766e+01 1.708200199066090974e+01
8.094247363159834663e+01 1.733775788704576826e+01
8.390006960371883338e+01 1.759502847365950018e+01
8.186849900775779076e+01 1.785478317238231938e+01
8.383272330550859408e+01 1.811745059546129255e+01
8.684055433220522957e+01 1.838257273479719345e+01
8.796545140925729811e+01 1.864954539839151693e+01
8.862958619488182421e+01 1.891740303446477967e+01
9.358271877424971308e+01 1.918617822413616381e+01
9.597059175159593281e+01 1.945497550645865559e+01
9.846373626810112967e+01 1.972410219183102242e+01
9.130268758696367115e+01 1.999285323313470641e+01
9.430060155059399563e+01 2.026047419706680586e+01
9.234601851792294269e+01 2.052661069729183652e+01
9.215681709092417861e+01 2.079012672985699339e+01
8.797376509196423910e+01 2.105088411245122160e+01
8.592628914798363837e+01 2.130798346409547150e+01
7.767392569771563160e+01 2.156156256647869185e+01
7.472042453761790171e+01 2.181203303374895341e+01
7.086884775356942612e+01 2.206050965276023845e+01
6.898153314754074472e+01 2.230779670896771449e+01
7.060932498745336261e+01 2.255436687492046843e+01
7.306640245194071781e+01 2.280015874686105093e+01
7.627045036429215941e+01 2.304538393044079925e+01
7.462153725764085266e+01 2.328990063281044343e+01
7.173128992658890013e+01 2.353374915659069444e+01
7.133665747038502047e+01 2.377708878767271727e+01
7.325883957413294922e+01 2.401988402545218548e+01
7.329334307408210236e+01 2.426234065257154526e+01
7.454120521192282922e+01 2.450452193975461768e+01
7.649049388580391451e+01 2.474659459111723692e+01
7.921890178945247385e+01 2.498853068076209638e+01
7.983657734631854908e+01 2.523033031188756325e+01
8.152658436009471643e+01 2.547203337894615061e+01
8.145695724202570887e+01 2.571363681994779427e+01
8.388074503715391472e+01 2.595517604650779475e+01
8.370752771200216102e+01 2.619667217196337106e+01
8.251328208247480234e+01 2.643817008932292367e+01
8.591632109747877166e+01 2.667969288247547155e+01
8.282139129973160152e+01 2.692125686996924117e+01
7.895555925122303620e+01 2.716297931491052964e+01
7.590917841306404057e+01 2.740512349992322072e+01
7.682301933909621994e+01 2.764804310228262807e+01
7.693903075671993008e+01 2.789210611262203798e+01
7.831287330830204496e+01 2.813741375849906490e+01
7.875483849966282435e+01 2.838417313542120723e+01
7.909183116566551064e+01 2.863264160090830757e+01
7.802310792957464969e+01 2.888322023272587558e+01
7.782756823712158223e+01 2.913645319671106648e+01
7.988120968305413783e+01 2.939267491587654035e+01
8.041876994878234086e+01 2.965222991654769658e+01
8.189669377092485547e+01 2.991518693392622907e+01
8.195966868302491548e+01 3.018197023112571031e+01
8.135148941320092320e+01 3.045320013531615189e+01
7.888137591456973041e+01 3.072919022903623443e+01
7.609944741988125827e+01 3.101141971317335333e+01
7.718484259781536139e+01 3.130040679112011759e+01
7.897543468613925199e+01 3.159529710866354435e+01
7.725544371373652552e+01 3.189342761859531095e+01
7.594607643992021906e+01 3.219392476713048978e+01
7.724102486322186678e+01 3.249587638846153936e+01
7.364404376687288334e+01 3.279913777475493220e+01
7.528165846279071616e+01 3.310389159524696367e+01
7.287465180275022192e+01 3.341011177509405883e+01
7.095875498902664447e+01 3.371791849190031343e+01
6.894010785919745388e+01 3.402727692749169108e+01
6.824326644557193333e+01 3.433808486237161617e+01
7.097847379909049437e+01 3.465038192311192944e+01
7.490257297705358042e+01 3.496376119743330690e+01
7.485478896482324274e+01 3.527829875273929616e+01
7.103372240119966818e+01 3.559371742575073227e+01
7.206756111499466044e+01 3.590977729621733516e+01
7.046866030163680250e+01 3.622638972416417857e+01
7.457776191117024212e+01 3.654337012232411297e+01
7.225057238571191931e+01 3.686072555885028379e+01
7.979391963907553986e+01 3.717835228507425427e+01
7.904562018666000256e+01 3.749617014011901261e+01
7.653203064113763787e+01 3.781416417172565758e+01
7.369801249748130090e+01 3.813224695995864977e+01
7.765649322410565958e+01 3.845025339848207580e+01
7.730871827236299509e+01 3.876797795401729729e+01
8.230857289288283596e+01 3.908521081811449704e+01
8.404444494751963646e+01 3.940189549591368490e+01
8.760837440985423541e+01 3.971813992842619712e+01
8.565897234714876163e+01 4.003418169194006992e+01
8.946057276493945665e+01 4.035031202396048400e+01
9.319287245045441637e+01 4.066684879099637584e+01
8.666114334335473757e+01 4.098418555674077624e+01
8.475850933438179879e+01 4.130255481782805305e+01
7.631734053422187003e+01 4.162215785856736261e+01
7.496815999495289873e+01 4.194329584564625435e+01
7.439696009232490326e+01 4.226615535528137713e+01
7.539210254178310322e+01 4.259091661171014920e+01
7.797996225614751609e+01 4.291765796322995641e+01
7.233103717604667793e+01 4.324627144031324377e+01
7.522593979770238093e+01 4.357641459353501290e+01
7.654969198692316468e+01 4.390783071332951693e+01
8.047533032060876224e+01 4.423999895589692244e+01
7.850823171060858385e+01 4.457205472649509659e+01
7.940930266360072665e+01 4.490330835178399838e+01
7.916575474790529654e+01 4.523371423384667622e+01
7.971069638022245840e+01 4.556386729713292993e+01
7.955222427109941918e+01 4.589434321531757632e+01
8.007414691663036876e+01 4.622545987502052611e+01
8.753941191746547190e+01 4.655738301546785607e+01
9.079205638276437185e+01 4.689036071496462199e+01
9.372437155434448641e+01 4.722428816223576575e+01
9.623575539200335527e+01 4.755885084606322977e+01
1.043421432947613710e+02 4.789533625108602166e+01
1.012073588042770211e+02 4.823231311975848001e+01
1.064704933678958128e+02 4.856957525424559918e+01
1.032427478364195821e+02 4.890743062095137361e+01
1.032562760630736705e+02 4.924798062572299528e+01
1.036440013869934660e+02 4.959256993434105709e+01
1.002498045578824417e+02 4.994261305615962954e+01
9.277677132985962771e+01 5.029842347069773467e+01
9.190645869388565359e+01 5.065857056587125129e+01
9.016885406403406478e+01 5.101977742373106395e+01
8.264388519063932392e+01 5.138050005250269692e+01
7.973641550783780474e+01 5.174114913992171694e+01
7.833800630449658797e+01 5.209916569455452873e+01
7.602242571583342112e+01 5.245108138350006044e+01
7.840913281175373584e+01 5.279915058541335782e+01
7.598177238826309576e+01 5.314631751319371489e+01
7.360564541248213288e+01 5.348993012359824206e+01
7.460916118402847985e+01 5.382852336146080319e+01
7.292580015282931072e+01 5.416990515577772669e+01
7.475370133903817305e+01 5.451128695009464309e+01
7.271310292680395548e+01 5.485266874441155949e+01
7.056443952921698326e+01 5.519405053872848299e+01
6.764444546826831584e+01 5.553543233304539939e+01
7.015418529651523727e+01 5.587681412736231579e+01
6.854468784364993894e+01 5.621819592167924640e+01
6.639301178754126909e+01 5.655957771599614858e+01
6.416087674832969867e+01 5.690095951031306498e+01
6.257524473169542034e+01 5.724234130462998849e+01
6.017288657153806497e+01 5.758372309894690488e+01
6.245204377172100862e+01 5.792510489326382839e+01
5.782134321096739171e+01 5.826648668758074479e+01
5.718010873615445888e+01 5.860786848189766829e+01
5.802696792366049294e+01 5.894925027621458469e+01
5.731486792595024582e+01 5.929063207053150109e+01
5.372301616806359448e+01 5.963201386484842459e+01
5.309289310546071050e+01 5.997339565916534809e+01
5.045144036880817140e+01 6.031477745348225028e+01
5.165223972064771374e+01 6.065615924779918089e+01
5.232197934894397662e+01 6.099754104211610439e+01
5.033224534028482822e+01 6.133892283643302079e+01
4.867977507017400285e+01 6.168030463074995140e+01
4.544379035666679556e+01 6.202168642506685359e+01
3.598133725776943237e+01 6.236306821938377709e+01
2.384531095096210862e+01 6.270445001370067217e+01
2.486854656384261730e+01 6.326150205423738981e+01
1.599845279008233589e+01 6.381855409477411456e+01
1.222669443761890484e+01 6.437560613531081799e+01
1.020394109238319658e+01 6.493265817584756405e+01
2.241722587441815051e+01 6.548971021638428169e+01
1.527587939828917918e+01 6.604676225692099933e+01
7.753591533711823303e+00 6.660381429745773119e+01
1.448285431578164939e+01 6.716086633799444883e+01
1.463167192148333662e+01 6.771791837853116647e+01
1.098449508626826798e+01 6.827497041906789832e+01
1.726396086970161292e+01 6.883202245960460175e+01
3.644397904699426594e+00 6.938907450014133360e+01
8.788219577522124126e+00 6.994612654067805124e+01
4.490874723777920074e+00 7.050317858121475467e+01
4.566642161243576581e+00 7.106023062175150073e+01
8.726061161954049794e+00 7.161728266228820416e+01
5.960284296716830355e+00 7.217433470282492181e+01
9.889635448308238708e+00 7.273138674336165366e+01
5.362267965236365619e+00 7.328843878389837130e+01
1.851155562218492978e+00 7.384549082443508894e+01
1.168223555696875771e+01 7.440254286497180658e+01
1.248721268212620927e+01 7.495959490550853843e+01
1.189429152027965486e+01 7.551664694604525607e+01
1.356309169707158446e+01 7.607369898658198792e+01
9.902573151287580089e+00 7.663075102711870557e+01
9.494205768669111478e+00 7.718780306765542321e+01
9.062691031785861995e+00 7.774485510819214085e+01
5.602860528712729327e+00 7.830190714872888691e+01
1.128762437087333659e+01 7.885895918926559034e+01
9.775697195827138586e+00 7.941601122980229377e+01
2.365992970851066524e+00 7.997306327033902562e+01
5.652295268448337850e+00 8.053011531087574326e+01
5.271080524441975612e+00 8.108716735141248932e+01
1.419319309780536287e+01 8.164421939194919275e+01
1.213341452824850109e+01 8.220127143248592461e+01
7.445555455233842324e+00 8.275832347302264225e+01
9.299759484063372383e+00 8.331537551355934568e+01
1.102433456971807857e+01 8.387242755409607753e+01
1.245988888996380339e+01 8.442947959463282359e+01
7.507831431239048392e+00 8.498653163516952702e+01
1.148368548010419943e+01 8.554358367570623045e+01
7.561343816864386724e+00 8.610063571624297651e+01
3.572925800101291571e+00 8.665768775677969415e+01
9.274662390205929086e+00 8.721473979731641180e+01
8.921551555193069305e+00 8.777179183785312944e+01
9.200490352399063099e+00 8.832884387838984708e+01
1.259419102900140430e+01 8.888589591892657893e+01
1.022263755078492409e+01 8.944294795946328236e+01
1.296038848108831232e+01 9.000000000000002842e+01
