1.616622376436411201e+01 1.020408163265285884e-01
1.582547276193166752e+01 2.040816326530592029e-01
1.594409230439914538e+01 3.061224489795898451e-01
1.515071759793908868e+01 4.081632653061204596e-01
1.570934962416302838e+01 5.102040816326490758e-01
1.579672062572030988e+01 6.122448979591810225e-01
1.574843824176781659e+01 7.142857142857116370e-01
1.257522950695767960e+01 8.163265306122422516e-01
9.418779802386607614e+00 9.183673469387728661e-01
1.071400575596256566e+01 1.020408163265301482e+00
1.273950783876231974e+01 1.122448979591834206e+00
1.416946169522497456e+01 1.224489795918360713e+00
1.457723694347581400e+01 1.326530612244893437e+00
1.549087926700543427e+01 1.428571428571425495e+00
1.707622816030029966e+01 1.530612244897958218e+00
1.680419270035185519e+01 1.632653061224490276e+00
1.394385685181874024e+01 1.734693877551020780e+00
1.094251540793410804e+01 1.836734693877551283e+00
9.623239169488408962e+00 1.938775510204079788e+00
1.032817444456504496e+01 2.040816326530610514e+00
1.413997995207011016e+01 2.142857142857139241e+00
1.792232423627359239e+01 2.244897959183669744e+00
1.701676496673182015e+01 2.346938775510201580e+00
1.512300315459010847e+01 2.448979591836732084e+00
1.238551144660084624e+01 2.551020408163264808e+00
1.100002647129539568e+01 2.653061224489793535e+00
1.297575983105356023e+01 2.755102040816324038e+00
1.400520632785885766e+01 2.857142857142854542e+00
1.473742460888747985e+01 2.959183673469385045e+00
1.596828324307484692e+01 3.061224489795913772e+00
1.553017806583244464e+01 3.163265306122447829e+00
1.534326646527410176e+01 3.265306122448976556e+00
1.203204422173608990e+01 3.367346938775507059e+00
5.777332590933829337e+00 3.469387755102037563e+00
2.587324875468428154e+00 3.571428571428566290e+00
3.169683726433158544e+00 3.673469387755102566e+00
6.644297060679729583e+00 3.775510204081629073e+00
1.088905034227788704e+01 3.877551020408163573e+00
1.227832829113979152e+01 3.979591836734692301e+00
1.033314905334729339e+01 4.081632653061222804e+00
1.295636899757569793e+01 4.183673469387755084e+00
2.773002008195005175e+01 4.285714285714285587e+00
4.079609408874910770e+01 4.387755102040814315e+00
4.255845716082245644e+01 4.489795918367344818e+00
4.618210629757206220e+01 4.591836734693875322e+00
5.306097003238005527e+01 4.693877551020404049e+00
5.601823813661814455e+01 4.795918367346936328e+00
5.652117983348615837e+01 4.897959183673465944e+00
6.053933903533221894e+01 4.999999999999998224e+00
7.373627185561312558e+01 5.253758192439940800e+00
7.381087808929729022e+01 5.507516384879881599e+00
7.927424437963060200e+01 5.761274577319828616e+00
7.869206373270021970e+01 6.015032769759771192e+00
8.657189337573817056e+01 6.268790962199716432e+00
9.669574931301863785e+01 6.522549154639653679e+00
9.856641584449484128e+01 6.776307347079599808e+00
1.015061874013757119e+02 7.030065539519537943e+00
1.012729315003221728e+02 7.283823731959486736e+00
1.081908535372575670e+02 7.537581924399426647e+00
1.123203988882488034e+02 7.791340116839368335e+00
1.114366795640720511e+02 8.045098309279318016e+00
1.092651832843596793e+02 8.298856501719257039e+00
1.054906661075204823e+02 8.552614694159203168e+00
1.043807651324306391e+02 8.806372886599143968e+00
1.016708829625243169e+02 9.060131079039088320e+00
1.056204078463518101e+02 9.313889271479027343e+00
1.041771328990857057e+02 9.567647463918973472e+00
1.012440034232809012e+02 9.821405656358916048e+00
1.022585501850509928e+02 1.007516384879886218e+01
1.031288118955952626e+02 1.032892204123880120e+01
1.078239943426696499e+02 1.058268023367874378e+01
1.148397552234056604e+02 1.083643842611869346e+01
1.146642573867064669e+02 1.109019661855863248e+01
1.085128696359360418e+02 1.134395481099857506e+01
1.106856896338116485e+02 1.159771300343851763e+01
1.131335116226917989e+02 1.185204578697666022e+01
1.120439940719683563e+02 1.210554370065684004e+01
1.173694189826672272e+02 1.235832161707220322e+01
1.153962946583072693e+02 1.261097321433192064e+01
1.135371834970994627e+02 1.286367376895423931e+01
1.097084157007966638e+02 1.311659329930441409e+01
1.130741075375981950e+02 1.336981544674442723e+01
1.179727945313234727e+02 1.362353349223590016e+01
1.147840767559948176e+02 1.387769336185185054e+01
1.112138573159292037e+02 1.413254913780647826e+01
1.083154594591418771e+02 1.438809966091821302e+01
1.031087091346440161e+02 1.464430958576668118e+01
8.546446175317404936e+01 1.490119492833784953e+01
7.599650207279808001e+01 1.515870545381796930e+01
7.493390187673999492e+01 1.541667536067580890e+01
7.894089229055710177e+01 1.567476042845486539e+01
8.223702715073498837e+01 1.593292362204071644e+01
8.223702593926680038e+01 1.619101840865148745e+01
8.608530743765217608e+01 1.644883239821952614e+01
8.604611983192178570e+01 1.670629239053247517e+01
9.359277875370806044e+01 1.696333474247509798e+01
8.917253804402284345e+01 1.721979020456895881e+01
9.012662684831826709e+01 1.747565250713715912e+01
9.109709115929400980e+01 1.773142874558866211e+01
8.533469103256837229e+01 1.798825149235409171e+01
8.927742439891794390e+01 1.824708528222103610e+01
9.209882416503495506e+01 1.850828700034281127e+01
9.274627272759795460e+01 1.877131041265599976e+01
8.969893365046659994e+01 1.903594268013338109e+01
9.782584837003383882e+01 1.930083688331824376e+01
9.443850276266859112e+01 1.956577325878744489e+01
9.814143179623494007e+01 1.983077597182135321e+01
9.545701991150423282e+01 2.009561203922734052e+01
9.768682164331430329e+01 2.036022141318842671e+01
9.741459536859895252e+01 2.062398911186939898e+01
9.117395251356218466e+01 2.088656297043084820e+01
8.654221897703025945e+01 2.114710752000434013e+01
8.715403808174455946e+01 2.140514892626212173e+01
8.586241763332931498e+01 2.166037354346147481e+01
8.021784073591973652e+01 2.191298655154028552e+01
8.415525442558407576e+01 2.216353075175828735e+01
8.576945573115862942e+01 2.241247979658525225e+01
8.479260270623592533e+01 2.266059807912153445e+01
8.353170839942123393e+01 2.290811265236634853e+01
8.019742057382573819e+01 2.315510996601970106e+01
7.819586082033100638e+01 2.340162587626507218e+01
7.767729980615246177e+01 2.364765102036324151e+01
7.579506052040832742e+01 2.389321080986932344e+01
7.857881553610573633e+01 2.413834242652760764e+01
7.651119981762428779e+01 2.438311704230841315e+01
7.763856596968774681e+01 2.462751794225931690e+01
7.954246258515659918e+01 2.487165863376640118e+01
8.008938755908970109e+01 2.511557775467625930e+01
7.678398597543345261e+01 2.535934464054761150e+01
7.867216405315546979e+01 2.560297756481845255e+01
7.965573650642545545e+01 2.584653104299167836e+01
8.014021021456845517e+01 2.609002953129657953e+01
8.096505832190327112e+01 2.633348407897931054e+01
8.004237122860284614e+01 2.657689517954127467e+01
7.709029262117854842e+01 2.682025915899627222e+01
7.700158387786547109e+01 2.706356820927428686e+01
7.636624770529276418e+01 2.730684929926862736e+01
7.566907429558631293e+01 2.755027488365070099e+01
7.535883020871902715e+01 2.779420999101470358e+01
7.152623519828507881e+01 2.803938508219818715e+01
7.065453932402971304e+01 2.828667565820627772e+01
7.194314826837077703e+01 2.853672904630455776e+01
6.954301838844722283e+01 2.879003921422687284e+01
6.812921417590368378e+01 2.904607492871691932e+01
6.931197371988183420e+01 2.930479024772412089e+01
7.083935964033953780e+01 2.956690090097386303e+01
7.245753763387314450e+01 2.983319342624754000e+01
7.145691785920821815e+01 3.010339517058357472e+01
7.279646020513320082e+01 3.037771698883484106e+01
7.285077383554704511e+01 3.065561695781639884e+01
7.057216887599047084e+01 3.093627810572677106e+01
7.110045746320517424e+01 3.121933124069844467e+01
7.311313894592802853e+01 3.150598739147677207e+01
7.302703545590291867e+01 3.179662767198847462e+01
7.207431385990491890e+01 3.209067746557998646e+01
7.337041756638741674e+01 3.238878854466014445e+01
7.339311030429895766e+01 3.269130049125755733e+01
7.315095623362086030e+01 3.299619242440331846e+01
7.071489353938578404e+01 3.330219607833767270e+01
7.054780982855058369e+01 3.360937991892244980e+01
7.125598158131991511e+01 3.391822192095757771e+01
7.227597618873413410e+01 3.422892554777680374e+01
7.331683360689874007e+01 3.454170780952829034e+01
7.371293519632710911e+01 3.485637754398110388e+01
7.608340415099254983e+01 3.517314625959894414e+01
7.330341605675872074e+01 3.549160089862563439e+01
7.286184938920568754e+01 3.581108331878650120e+01
7.325286429158289536e+01 3.613132847680321902e+01
7.083330904605065825e+01 3.645204580283587603e+01
7.350413921029780795e+01 3.677295392035654231e+01
7.198528526860233967e+01 3.709390034849008089e+01
7.507004658037013201e+01 3.741469362132504273e+01
7.753736029399328800e+01 3.773523379430605473e+01
7.813415095034383739e+01 3.805544144217171265e+01
7.865450202995924656e+01 3.837524275636355497e+01
8.149323893463332524e+01 3.869453476439643680e+01
8.768826789959243229e+01 3.901333092051073237e+01
9.318860429881843288e+01 3.933182836222027845e+01
9.295082712101971367e+01 3.965014425840966084e+01
8.644014433904621342e+01 3.996834073450418146e+01
7.548706975023705468e+01 4.028652451558082248e+01
6.971876162418446654e+01 4.060465199217382803e+01
6.564533996567814711e+01 4.092274601819611490e+01
6.245736903436854703e+01 4.124086428067012378e+01
6.306508438010317974e+01 4.155909604698864257e+01
6.198568986478922938e+01 4.187760376694365050e+01
6.175372986296390820e+01 4.219652115326495334e+01
6.016468565897232423e+01 4.251598903552619646e+01
6.066958032413580781e+01 4.283619231570237673e+01
6.367444030015800394e+01 4.315720540389073534e+01
6.601318157979494572e+01 4.347911181007714987e+01
6.750303400236376206e+01 4.380182724281720397e+01
7.856692791674542775e+01 4.412524656329553352e+01
7.971561327384979734e+01 4.444927319475785765e+01
8.410110773757008928e+01 4.477384339019661752e+01
8.914075594355084320e+01 4.509898439133292669e+01
9.316690129380729957e+01 4.542479864411151880e+01
9.188858534781692811e+01 4.575128950006325823e+01
9.832854896504815656e+01 4.607846615061453832e+01
1.012971468927611340e+02 4.640633380444845812e+01
1.037562694411298736e+02 4.673500867968386530e+01
1.092596609674668429e+02 4.706487145836646846e+01
1.080584216799966413e+02 4.739585061012350309e+01
1.127910858180202354e+02 4.772651945710944688e+01
1.141282260793284848e+02 4.805689896506640935e+01
1.086134303309990514e+02 4.838824589941244625e+01
1.071684892742280510e+02 4.872037806715465535e+01
1.017889229643715083e+02 4.905303436115930538e+01
9.767106273090548996e+01 4.938599560316564663e+01
9.331710952003214743e+01 4.971906911780171612e+01
9.008267522012094730e+01 5.005341677233051456e+01
8.806172969529799843e+01 5.039065565331434016e+01
8.600901245721324528e+01 5.073184357996058225e+01
8.516743999476737770e+01 5.107675402166437095e+01
8.209592917358939701e+01 5.142359258768485120e+01
8.281117266133766464e+01 5.177046799149086809e+01
8.058020235112422824e+01 5.211720795207250490e+01
8.282587113497112341e+01 5.246470599363364329e+01
8.301672189577452343e+01 5.281094806089558347e+01
8.544748549643907154e+01 5.315601417541726903e+01
8.293720664022234246e+01 5.350106181364530755e+01
8.129493305818365911e+01 5.384697141747760440e+01
7.912127419694502350e+01 5.419350696628789876e+01
7.490773105186998748e+01 5.454175195477277782e+01
7.288780300825438019e+01 5.488999694325768530e+01
7.223725389336792091e+01 5.523824193174256436e+01
6.915894443973600403e+01 5.558648692022745053e+01
6.855322817591640217e+01 5.593473190871235090e+01
6.809517135627130813e+01 5.628297689719721575e+01
6.437698751306974998e+01 5.663122188568211612e+01
6.609325452085410291e+01 5.697946687416701650e+01
6.361925272054494940e+01 5.732771186265189556e+01
6.429281674980860828e+01 5.767595685113678172e+01
6.514433366577128481e+01 5.802420183962166789e+01
6.362233530886171451e+01 5.837244682810655405e+01
6.460340679223777727e+01 5.872069181659145443e+01
6.211269095126675666e+01 5.906893680507634059e+01
6.043759353999334394e+01 5.941718179356122675e+01
5.788312185308400615e+01 5.976542678204612713e+01
6.299942472556467976e+01 6.011367177053099198e+01
5.768598833682426630e+01 6.046191675901589235e+01
5.787423632561952047e+01 6.081016174750079273e+01
5.388157930119513139e+01 6.115840673598565758e+01
5.059747469475047410e+01 6.150665172447055795e+01
4.892744885838153124e+01 6.185489671295543701e+01
4.476112403984760846e+01 6.220314170144033739e+01
3.870244739916993382e+01 6.255138668992523776e+01
2.694166561419216066e+01 6.289963167841012393e+01
2.608796701974130627e+01 6.345270041966706742e+01
2.247937943784794612e+01 6.400576916092400381e+01
1.457978678071941303e+01 6.455883790218094020e+01
1.147422319579203887e+01 6.511190664343787660e+01
1.420871300775792534e+01 6.566497538469481299e+01
1.454035563119768426e+01 6.621804412595174938e+01
1.206643163545103192e+01 6.677111286720867156e+01
1.569921382760978545e+01 6.732418160846563637e+01
1.741668811978723852e+01 6.787725034972254434e+01
1.680920494917018004e+01 6.843031909097950916e+01
1.435747914384186785e+01 6.898338783223641713e+01
1.005517722266198533e+01 6.953645657349335352e+01
1.074552378298374578e+01 7.008952531475030412e+01
2.087359480731468508e+01 7.064259405600722630e+01
1.659343710363978985e+01 7.119566279726417690e+01
1.169514086362159233e+01 7.174873153852109908e+01
1.400474066219345914e+01 7.230180027977806390e+01
1.269244194376885027e+01 7.285486902103497187e+01
1.753861004875816576e+01 7.340793776229190826e+01
7.025137692602388739e+00 7.396100650354885886e+01
1.801659424116734698e+01 7.451407524480578104e+01
1.628291103098228021e+01 7.506714398606273164e+01
1.670160849865213137e+01 7.562021272731965382e+01
1.107064106444432738e+01 7.617328146857660442e+01
1.504245158181604936e+01 7.672635020983352661e+01
1.588242656304855949e+01 7.727941895109047721e+01
8.803376145249140805e+00 7.783248769234739939e+01
1.527290466467117369e+01 7.838555643360434999e+01
1.174291362492854063e+01 7.893862517486128638e+01
1.918923781436275178e+01 7.949169391611820856e+01
9.637396767278618270e+00 8.004476265737515916e+01
1.173857419967375293e+01 8.059783139863208135e+01
9.334461514885999733e+00 8.115090013988903195e+01
1.578964453838467286e+01 8.170396888114595413e+01
2.417655937478867756e+01 8.225703762240291894e+01
1.430528109811231019e+01 8.281010636365982691e+01
1.444933770363209291e+01 8.336317510491676330e+01
1.654843901903362635e+01 8.391624384617371391e+01
1.356287567007613859e+01 8.446931258743065030e+01
1.073649923350911095e+01 8.502238132868758669e+01
1.713152741193815132e+01 8.557545006994452308e+01
1.596954492640928791e+01 8.612851881120145947e+01
1.130893844210007693e+01 8.668158755245838165e+01
1.552654448811095378e+01 8.723465629371533225e+01
1.529213177016734981e+01 8.778772503497225443e+01
1.658901521734343731e+01 8.834079377622920504e+01
1.155443512383488169e+01 8.889386251748615564e+01
1.398092767729608710e+01 8.944693125874306361e+01
9.656307628780991692e+00 9.000000000000001421e+01
