1.981909470503552129e+01 1.020408163265357354e-01
1.384479000876408961e+01 2.040816326530625058e-01
1.139663851129301264e+01 3.061224489795926207e-01
1.475330799007408800e+01 4.081632653061283422e-01
1.731168612581108235e+01 5.102040816326550710e-01
1.448224320938542320e+01 6.122448979591852414e-01
1.180011268126015267e+01 7.142857142857187425e-01
1.068154682537385725e+01 8.163265306122476916e-01
9.734737441298719318e+00 9.183673469387778621e-01
9.941990640368466359e+00 1.020408163265313695e+00
1.007999698275813927e+01 1.122448979591838203e+00
1.305593220492284701e+01 1.224489795918370483e+00
1.610645581006137306e+01 1.326530612244904095e+00
1.670990560711844708e+01 1.428571428571430824e+00
1.724319915074766385e+01 1.530612244897960883e+00
1.477732919105764431e+01 1.632653061224496716e+00
7.153197012604913141e+00 1.734693877551021224e+00
4.428006236664437267e+00 1.836734693877553504e+00
6.092959111216272206e+00 1.938775510204087116e+00
5.340780188239789616e+00 2.040816326530617175e+00
8.291880784323813813e+00 2.142857142857144126e+00
1.304629733284362381e+01 2.244897959183677738e+00
1.397992004209972272e+01 2.346938775510206909e+00
1.359044973086714947e+01 2.448979591836734748e+00
9.701953680485615905e+00 2.551020408163270581e+00
7.193227919633400802e+00 2.653061224489802861e+00
1.113492760130409565e+01 2.755102040816329811e+00
1.549643976410260748e+01 2.857142857142861203e+00
1.558844487342641116e+01 2.959183673469388154e+00
1.434290142843286198e+01 3.061224489795920434e+00
1.471622063569215655e+01 3.163265306122454046e+00
1.935431475452079297e+01 3.265306122448984105e+00
2.400186664442497886e+01 3.367346938775511056e+00
2.321270950179189185e+01 3.469387755102041115e+00
2.161905295535089877e+01 3.571428571428573395e+00
2.300915441862995792e+01 3.673469387755105675e+00
2.345141703326923022e+01 3.775510204081633514e+00
2.515950763912400490e+01 3.877551020408169347e+00
2.987728374884472160e+01 3.979591836734696297e+00
3.912923769103875316e+01 4.081632653061226357e+00
4.852850402153344334e+01 4.183673469387758637e+00
5.147428211872339432e+01 4.285714285714289140e+00
5.336059555000105803e+01 4.387755102040819644e+00
4.961788505963615847e+01 4.489795918367355476e+00
4.146918820045039666e+01 4.591836734693882427e+00
3.981480398993434022e+01 4.693877551020412930e+00
4.337742924925701971e+01 4.795918367346943434e+00
5.623949656872109415e+01 4.897959183673473937e+00
7.213722813704039538e+01 5.000000000000004441e+00
8.280738129022819294e+01 5.258812483179805319e+00
8.325427967324550593e+01 5.517624966359601757e+00
9.393465840279722556e+01 5.776437449539399083e+00
9.941074405554830662e+01 6.035249932719199961e+00
1.004882856290927577e+02 6.294062415898995511e+00
1.003229879093295835e+02 6.552874899078794613e+00
9.583304924235009992e+01 6.811687382258592827e+00
9.485144574286887575e+01 7.070499865438391041e+00
9.734666440144545163e+01 7.329312348618190143e+00
9.976642396076859143e+01 7.588124831797982139e+00
1.037131114412577517e+02 7.846937314977783018e+00
1.068695254820447360e+02 8.105749798157582120e+00
1.084297022285788046e+02 8.364562281337379446e+00
1.099224253794158841e+02 8.623374764517178548e+00
1.104042328662451524e+02 8.882187247696977650e+00
1.092112863742292888e+02 9.140999730876771423e+00
1.016552578929735802e+02 9.399812214056570525e+00
1.005540688239172482e+02 9.658624697236373180e+00
1.007638073693678820e+02 9.917437180416165177e+00
1.055746974806735494e+02 1.017624966359596428e+01
1.080734392789179168e+02 1.043506214677575983e+01
1.154276959167837191e+02 1.069387462995555893e+01
1.183041899077072827e+02 1.095268711313535803e+01
1.228543479756389445e+02 1.121149959631515713e+01
1.168067172041078408e+02 1.147063898349372835e+01
1.223853489185807177e+02 1.172964617243546570e+01
1.192204610373454443e+02 1.198732577619393425e+01
1.156364288711989872e+02 1.224425101247748948e+01
1.165397078068742189e+02 1.250155867791911746e+01
1.077143364015884970e+02 1.275968463311307488e+01
1.105918594002477988e+02 1.301871872498677973e+01
1.102809675878392710e+02 1.327860443741699825e+01
1.089286481322422730e+02 1.353934837043900785e+01
1.129409633495089480e+02 1.380080193111674447e+01
1.074659104253566539e+02 1.406279901821857337e+01
1.060100112721778771e+02 1.432515953406734610e+01
9.384389580053800728e+01 1.458776869270896626e+01
8.843841612726426149e+01 1.485050739363701666e+01
7.353612349009532068e+01 1.511315000434412070e+01
7.621652220849966852e+01 1.537561109701792006e+01
8.210771955088499396e+01 1.563780698535164149e+01
7.941680254797533678e+01 1.589959310920609070e+01
8.986557657531152188e+01 1.616083033470146901e+01
8.779388602867557267e+01 1.642152421748799540e+01
8.991375521452724229e+01 1.668161062456825761e+01
9.078190846308352491e+01 1.694111934821227550e+01
8.913180690291299868e+01 1.720003051299135066e+01
8.831812048664629344e+01 1.745828725683830740e+01
8.708288477606812705e+01 1.771617132402456818e+01
8.852926839649100543e+01 1.797378886436979073e+01
9.415554446154193613e+01 1.823196135672024099e+01
9.255841338476744795e+01 1.849153625021337177e+01
9.403692495462557588e+01 1.875301687983268906e+01
9.312065102808695372e+01 1.901646679662890449e+01
9.446313210739033650e+01 1.928185579999031773e+01
9.770671013463132226e+01 1.954907745974617939e+01
9.736793633669341830e+01 1.981632626884384862e+01
1.015281986568911634e+02 2.008323449492532120e+01
9.872081969774910704e+01 2.034935274753514989e+01
9.501761324191194547e+01 2.061347955864330928e+01
9.409275476162129337e+01 2.087493739711583984e+01
9.629671487077609981e+01 2.113338497459661980e+01
9.503980534130381841e+01 2.138929356226530487e+01
9.303658938762600883e+01 2.164303911746628373e+01
9.162685663322967855e+01 2.189538916886413134e+01
9.218072700198034397e+01 2.214676942576051033e+01
8.731952006373916220e+01 2.239742650741398577e+01
8.716475110670741344e+01 2.264757103718397246e+01
9.082007033249102790e+01 2.289718252207142868e+01
8.843345594100750873e+01 2.314630148720844716e+01
8.241365221507253125e+01 2.339489615553467416e+01
8.337493844518037633e+01 2.364297649177741434e+01
8.260803315336266905e+01 2.389061878907515180e+01
8.352668788625710761e+01 2.413784943321350340e+01
8.514035829522254062e+01 2.438478495917771127e+01
8.547378913202436479e+01 2.463154383146568804e+01
8.766503296835831804e+01 2.487816958978664417e+01
9.016406753072678271e+01 2.512463258618694084e+01
8.763772646152099810e+01 2.537096134553872062e+01
8.919883510321565723e+01 2.561714640350153616e+01
9.177146158780004725e+01 2.586318468844634921e+01
9.012102590408993308e+01 2.610909622589378998e+01
8.937973871388585678e+01 2.635494153707706744e+01
9.144581611686466260e+01 2.660079522664213414e+01
8.851273403120985961e+01 2.684670862523047319e+01
8.955502972386919680e+01 2.709268468635794846e+01
9.066728873990166448e+01 2.733887699410755090e+01
9.260848468399008482e+01 2.758558417136684682e+01
9.503607621049823706e+01 2.783327822876705326e+01
9.511485118404651473e+01 2.808233336337544728e+01
9.406814703506783815e+01 2.833294177928358692e+01
9.505678891429592170e+01 2.858535531797926055e+01
9.321651338663801312e+01 2.884049122848968949e+01
8.967667766547661756e+01 2.909899032786661266e+01
8.954462441378797166e+01 2.936146318118812104e+01
8.869797480023871117e+01 2.962802010530974073e+01
9.089163608046661125e+01 2.989849478054162901e+01
8.997362302119113053e+01 3.017355115380485131e+01
8.567304306071437736e+01 3.045324564257479949e+01
8.510069392824456713e+01 3.073867501589230500e+01
8.073817520552705673e+01 3.103007542134679753e+01
7.891082021045183126e+01 3.132805225603291177e+01
7.805103646626869818e+01 3.163136873147698580e+01
7.898871269156757080e+01 3.193626831207104644e+01
7.919292783800487712e+01 3.224292017789121445e+01
7.752622775020687129e+01 3.255059337060729518e+01
7.690767993134835478e+01 3.285900392699024763e+01
7.741778238426100245e+01 3.316864106143897573e+01
7.853325465470899758e+01 3.347948394992939569e+01
7.752550053645363448e+01 3.379158019935631074e+01
7.573879480931269370e+01 3.410501360579258545e+01
7.979638226309175764e+01 3.441931078251666065e+01
8.054274039669041940e+01 3.473469993660599897e+01
7.723639933198900565e+01 3.505097357732987717e+01
7.621184370127025431e+01 3.536810776312737659e+01
7.804225045257174997e+01 3.568613094279781706e+01
7.703574643798260979e+01 3.600484696083641722e+01
7.033894451117039637e+01 3.632405883193741403e+01
7.200601542759842744e+01 3.664356878696113995e+01
6.745616875222292208e+01 3.696316823012232788e+01
6.804706630474075268e+01 3.728275242657690569e+01
6.705043242004114745e+01 3.760218607883119546e+01
7.087833245695884443e+01 3.792150067688231729e+01
7.454136668339077687e+01 3.824075819111099861e+01
7.753728889264016289e+01 3.855998173717376432e+01
7.900729908034396942e+01 3.887925052762367528e+01
8.006911810672899321e+01 3.919868646408041712e+01
8.010332971897328491e+01 3.951838244785543708e+01
8.157004642388136517e+01 3.983841786210025759e+01
8.382635243418752680e+01 4.015907025978151523e+01
8.998399183563461179e+01 4.048060668611976354e+01
9.306163578910954470e+01 4.080329452482833830e+01
9.813385510879218998e+01 4.112742745496062469e+01
1.090132785368791275e+02 4.145297784929276474e+01
1.115660649269262876e+02 4.177977125489269383e+01
1.121124551789976067e+02 4.210765121174046755e+01
1.099967190968824866e+02 4.243630706257514618e+01
1.040779329579385006e+02 4.276538042041839560e+01
9.785286857670892857e+01 4.309457459827189041e+01
9.280998782565569627e+01 4.342370466401118279e+01
9.200681359694841888e+01 4.375279212454915267e+01
9.201167507451781091e+01 4.408193093961259734e+01
8.977788185573102453e+01 4.441107425894356453e+01
8.531809183427394316e+01 4.473997739277103847e+01
9.033886223472535448e+01 4.506831369242432572e+01
8.923971440617724227e+01 4.539585769812053684e+01
9.275946702260250731e+01 4.572238111156375595e+01
9.126780435927338431e+01 4.604793151303122301e+01
9.098133247912147681e+01 4.637440833476979662e+01
9.441762574924202056e+01 4.670158495460084680e+01
9.585823768561334646e+01 4.702918074046407781e+01
9.726760860712154511e+01 4.735719740068223871e+01
9.658229615844813054e+01 4.768534047260641273e+01
9.809583796496679042e+01 4.801395354323915399e+01
1.033905665205578259e+02 4.834346734166272341e+01
1.024589084345059149e+02 4.867410341052389811e+01
1.085063479063438905e+02 4.900611233187447624e+01
1.144643996761951854e+02 4.933962117363574151e+01
1.199058282209804815e+02 4.967455630330123739e+01
1.196953794681725469e+02 5.001073304595894342e+01
1.197342909631525600e+02 5.034837697634484499e+01
1.183703028821108205e+02 5.068837206914292892e+01
1.157833389577792502e+02 5.103138221568256938e+01
1.131231604745340320e+02 5.137857080552907973e+01
1.077049486430668850e+02 5.172812756407327583e+01
1.033258671593723790e+02 5.207611557972848715e+01
9.921638025199300159e+01 5.242420529922127059e+01
9.565954904953106563e+01 5.277214063613453021e+01
9.377358885281137191e+01 5.311777985768125632e+01
9.257431610821866741e+01 5.346082529860383659e+01
9.220946224910490230e+01 5.380328118086087841e+01
8.934727660710075270e+01 5.414573706311789891e+01
8.533336166547833557e+01 5.448819294537493363e+01
8.302354349286248691e+01 5.483064882763197545e+01
8.191038911819498480e+01 5.517310470988899596e+01
7.983301289451026150e+01 5.551556059214604488e+01
7.746268632645811181e+01 5.585801647440305828e+01
7.629867184422272430e+01 5.620047235666010721e+01
7.669876697597865700e+01 5.654292823891714193e+01
7.359774230003151274e+01 5.688538412117416243e+01
7.312997611800099662e+01 5.722784000343120425e+01
7.175718894694416861e+01 5.757029588568822476e+01
7.016129122636728255e+01 5.791275176794525947e+01
6.710751401897370272e+01 5.825520765020230129e+01
6.843653934027298646e+01 5.859766353245934312e+01
6.789395456654153804e+01 5.894011941471637783e+01
6.602944077335175166e+01 5.928257529697339123e+01
6.557368535614521932e+01 5.962503117923043305e+01
6.313655820809574948e+01 5.996748706148746777e+01
6.344511747455759121e+01 6.030994294374450959e+01
6.211972820064968914e+01 6.065239882600154431e+01
6.212905000636725106e+01 6.099485470825856481e+01
6.107145060785384061e+01 6.133731059051561374e+01
5.911557127692116609e+01 6.167976647277263424e+01
5.388681296859198255e+01 6.202222235502966896e+01
5.213932906780249255e+01 6.236467823728671078e+01
4.901788784040304847e+01 6.270713411954373129e+01
3.793353429442905167e+01 6.304959000180078021e+01
3.061959253470918085e+01 6.339204588405779361e+01
3.037770109122121198e+01 6.393506535581171590e+01
1.068092141042526322e+01 6.447808482756563819e+01
1.556048736455257497e+01 6.502110429931954627e+01
1.375757458418231671e+01 6.556412377107346856e+01
1.111044834581467455e+01 6.610714324282740506e+01
1.269790910048913446e+01 6.665016271458132735e+01
1.228750151536920399e+01 6.719318218633524964e+01
1.088618400253113627e+01 6.773620165808917193e+01
1.341479188724493810e+01 6.827922112984309422e+01
1.571199768954410025e+01 6.882224060159703072e+01
1.964371738944976542e+01 6.936526007335095301e+01
1.759128668976462961e+01 6.990827954510486109e+01
1.384415213059710759e+01 7.045129901685876916e+01
1.226955316615486424e+01 7.099431848861270566e+01
1.300624664575692080e+01 7.153733796036662795e+01
9.320520514560403313e+00 7.208035743212056445e+01
1.357651332606887884e+01 7.262337690387448674e+01
1.296953227653289709e+01 7.316639637562839482e+01
1.461540377750373665e+01 7.370941584738234553e+01
1.538155169524882204e+01 7.425243531913625361e+01
1.424684600568689241e+01 7.479545479089017590e+01
1.504940576083293458e+01 7.533847426264409819e+01
1.202678573594247347e+01 7.588149373439802048e+01
1.879069758639567311e+01 7.642451320615194277e+01
1.895374495150781868e+01 7.696753267790586506e+01
1.131691041405524345e+01 7.751055214965978735e+01
1.370237538323640791e+01 7.805357162141370964e+01
1.336534647444184465e+01 7.859659109316763193e+01
1.592801316431904013e+01 7.913961056492154000e+01
1.720466287905408365e+01 7.968263003667546229e+01
1.804466020457130071e+01 8.022564950842941300e+01
1.514476555147748016e+01 8.076866898018332108e+01
5.208525036374815897e+00 8.131168845193725758e+01
1.151850249017607908e+01 8.185470792369116566e+01
1.376149033642483666e+01 8.239772739544507374e+01
1.776939918073640001e+01 8.294074686719899603e+01
1.215550181006062047e+01 8.348376633895294674e+01
1.417801479526801600e+01 8.402678581070685482e+01
1.169157605774194408e+01 8.456980528246079132e+01
1.120479076456659762e+01 8.511282475421469940e+01
1.425785437512980813e+01 8.565584422596862169e+01
1.449924496349240144e+01 8.619886369772252976e+01
1.038591636444301081e+01 8.674188316947648048e+01
1.938830737253944037e+01 8.728490264123038855e+01
1.490505644680550290e+01 8.782792211298431084e+01
1.440812968881671097e+01 8.837094158473824734e+01
1.578469441611786195e+01 8.891396105649215542e+01
1.288356069579746510e+01 8.945698052824607771e+01
1.419152381150514763e+01 8.999999999999998579e+01
