6.499901458920013475e+00 1.020408163265271173e-01
6.970073731512552939e+00 2.040816326530630331e-01
9.585270868135522093e+00 3.061224489795881798e-01
1.294825266632199856e+01 4.081632653061221250e-01
1.491154947168492662e+01 5.102040816326491868e-01
1.402364881781483241e+01 6.122448979591831320e-01
1.137867827591815306e+01 7.142857142857136354e-01
7.199673857467654869e+00 8.163265306122461373e-01
3.648944343733062201e+00 9.183673469387746424e-01
3.917381319460695455e+00 1.020408163265305257e+00
5.742259658729396143e+00 1.122448979591837759e+00
6.555360073903286455e+00 1.224489795918366264e+00
6.439411583972998621e+00 1.326530612244896767e+00
1.082897289109151728e+01 1.428571428571427271e+00
1.526441097362888755e+01 1.530612244897955776e+00
1.286771461009746531e+01 1.632653061224488278e+00
8.102352943202365765e+00 1.734693877551020780e+00
8.595639127521325307e+00 1.836734693877549285e+00
1.128565665512375915e+01 1.938775510204079788e+00
1.078995352469297586e+01 2.040816326530613622e+00
8.497983660655846094e+00 2.142857142857142794e+00
6.129411517895076322e+00 2.244897959183674629e+00
3.304695376842506693e+00 2.346938775510201580e+00
1.735262236492802534e+00 2.448979591836735636e+00
4.858952281727307643e+00 2.551020408163262587e+00
7.920085815122799744e+00 2.653061224489796643e+00
8.863673397356011563e+00 2.755102040816325371e+00
8.602604534642216194e+00 2.857142857142858094e+00
6.385407510933786668e+00 2.959183673469388598e+00
4.113751370336249380e+00 3.061224489795921322e+00
4.830656473972555709e+00 3.163265306122450049e+00
4.835864764168663399e+00 3.265306122448980553e+00
3.728254637960951801e+00 3.367346938775513276e+00
3.151529600384222363e+00 3.469387755102038451e+00
3.069923840720659935e+00 3.571428571428572507e+00
2.737835086404942331e+00 3.673469387755103011e+00
1.643097453371069605e+00 3.775510204081633514e+00
3.270870776305344063e-01 3.877551020408164018e+00
8.795446841177161801e+00 3.979591836734692745e+00
2.039472054805627010e+01 4.081632653061226357e+00
2.923747617107675012e+01 4.183673469387755084e+00
3.645587340968157264e+01 4.285714285714285587e+00
3.657143594693020106e+01 4.387755102040814315e+00
3.217179066270868049e+01 4.489795918367348371e+00
3.653635133117951739e+01 4.591836734693877098e+00
5.079312872529474276e+01 4.693877551020407601e+00
5.949502143794112641e+01 4.795918367346939881e+00
5.909687765579122498e+01 4.897959183673470385e+00
5.708006141384986876e+01 5.000000000000000888e+00
6.716112433150357219e+01 5.258525111416236797e+00
6.554393182813268481e+01 5.517050222832471817e+00
8.007451042946529185e+01 5.775575334248709503e+00
8.908895896577556073e+01 6.034100445664941859e+00
8.851245725377175688e+01 6.292625557081179544e+00
9.761332346232673274e+01 6.551150668497413676e+00
1.014736079562616453e+02 6.809675779913650473e+00
9.865137055845680436e+01 7.068200891329884605e+00
9.830358268211313089e+01 7.326726002746120514e+00
9.570208307150245730e+01 7.585251114162352870e+00
9.681125550098380472e+01 7.843776225578588779e+00
9.537242119258307582e+01 8.102301336994830905e+00
9.564324803042622136e+01 8.360826448411064149e+00
9.810256302655886884e+01 8.619351559827295617e+00
9.948651951878282773e+01 8.877876671243539519e+00
9.969262376742334197e+01 9.136401782659770987e+00
9.621240782491391030e+01 9.394926894076004231e+00
9.441107027639098703e+01 9.653452005492239252e+00
9.560874548062736267e+01 9.911977116908474272e+00
9.815004322811587656e+01 1.017050222832471107e+01
1.015871700635610182e+02 1.042902733974094431e+01
1.007334144977874644e+02 1.068755245115718111e+01
1.062191667382335964e+02 1.094607756257341435e+01
1.065778755772314810e+02 1.120460267398964938e+01
1.046452575488332712e+02 1.146329380774835904e+01
1.039699449497684327e+02 1.172423556630057817e+01
1.062665855971971780e+02 1.198332330827002856e+01
1.072858774974621383e+02 1.224140278789702663e+01
1.048752928078216229e+02 1.249888938513552716e+01
1.039422878975868656e+02 1.275625580846529061e+01
1.026138743373136464e+02 1.301348209675517253e+01
1.012156448989272235e+02 1.327070870456786977e+01
9.867774363042752839e+01 1.352804939606453871e+01
9.839411341491779694e+01 1.378559803658198391e+01
9.582867396733023213e+01 1.404378750605798132e+01
9.655354394366329984e+01 1.430282045392346291e+01
9.440623011939727860e+01 1.456285768715491713e+01
8.820960563885587646e+01 1.482379323912526559e+01
7.582028456766130375e+01 1.508534110541162221e+01
6.970191616284674296e+01 1.534714216301548362e+01
7.755997438981384562e+01 1.560911020503370850e+01
8.600509284873507454e+01 1.587102491049034825e+01
8.864747658254678697e+01 1.613260670881408387e+01
9.100117860090091426e+01 1.639382047237571527e+01
9.254474869727735609e+01 1.665452223390116515e+01
9.005859479374045407e+01 1.691460732401376887e+01
8.744821537814594592e+01 1.717405388922702159e+01
8.479734971033461477e+01 1.743428758823720770e+01
8.023924718288600388e+01 1.769731482370248798e+01
8.173838488882091724e+01 1.796386195229996474e+01
8.507243121047552847e+01 1.823398683552370869e+01
8.101055608132756447e+01 1.850741103288800460e+01
8.512815903291179609e+01 1.878182214777151060e+01
7.845202575212718443e+01 1.905696625240734576e+01
7.939160362219804767e+01 1.933223939744319253e+01
8.100157453809393360e+01 1.960716877902433808e+01
8.355882931383906964e+01 1.988185550186712547e+01
8.285167329093219735e+01 2.015618450177298726e+01
8.280800961056202425e+01 2.042947785274223449e+01
8.007128578363030158e+01 2.070056961019836805e+01
8.038897997811862695e+01 2.096831600919274408e+01
8.055276877356125453e+01 2.123254929548438952e+01
7.742907963849197017e+01 2.149363668092467350e+01
7.417445444177161562e+01 2.175223804058085975e+01
7.200923724316469077e+01 2.200899034892172423e+01
7.190315767855675233e+01 2.226428739455281658e+01
7.428839330663512897e+01 2.251851102076645006e+01
7.543690937407608033e+01 2.277186484232784025e+01
7.358590021046035190e+01 2.302446160333161984e+01
7.389631901861167762e+01 2.327637474698085640e+01
7.299029601433720416e+01 2.352770967731919782e+01
7.269510253827527890e+01 2.377834418582757436e+01
7.656322875749751233e+01 2.402836279188279178e+01
7.304201732936260782e+01 2.427775820525765127e+01
7.243273788233865673e+01 2.452668790308851854e+01
7.088122132396713937e+01 2.477528372878466101e+01
7.024355384543214598e+01 2.502372745805469023e+01
7.047809959418022174e+01 2.527209240469631268e+01
7.274633675707524105e+01 2.552043411647776594e+01
7.205645734985596107e+01 2.576876878528594261e+01
7.033747791768287527e+01 2.601709777842498994e+01
6.931151869178184199e+01 2.626541331164319359e+01
6.946673784706329968e+01 2.651371840590902806e+01
6.839772780817450837e+01 2.676204082852722621e+01
6.995531852007428597e+01 2.701054163060467417e+01
7.100724109507198989e+01 2.725940523891069844e+01
6.998520790827502935e+01 2.750880721942859708e+01
7.089387714343730806e+01 2.775901843274925795e+01
6.786105694360755081e+01 2.801033931218876560e+01
6.977131786685183101e+01 2.826333116271377577e+01
6.894158716777432971e+01 2.851811977508767981e+01
6.592836531149561097e+01 2.877500867923960470e+01
6.668489991141423445e+01 2.903409152188467246e+01
6.682647434594619540e+01 2.929598583460478167e+01
6.639141133518828042e+01 2.956101254200223849e+01
6.286312851724842687e+01 2.982963508444366951e+01
6.419275293208818312e+01 3.010246208983215510e+01
6.625543417254404233e+01 3.038032527009259809e+01
6.890290737077864947e+01 3.066280294675336648e+01
6.710097311909093776e+01 3.094953507893055544e+01
6.503349841584561375e+01 3.123960253226643147e+01
6.184770833874310370e+01 3.153319055859088493e+01
6.376562477611843605e+01 3.183044542175660041e+01
6.241356943326501039e+01 3.213138467348296246e+01
6.584851025367397881e+01 3.243564131339266510e+01
6.389239874305192046e+01 3.274190725765173937e+01
6.713528423165440984e+01 3.305019657105250985e+01
6.636900277608654619e+01 3.336025951714827187e+01
6.341839073575046370e+01 3.367183319496363936e+01
6.338780691774176290e+01 3.398472530647072887e+01
6.380874649570687041e+01 3.429880479592080889e+01
6.366902324634347110e+01 3.461423826082131683e+01
6.175394989772718191e+01 3.493111762175950474e+01
6.222306411840693130e+01 3.524962826498803992e+01
6.186294558610802596e+01 3.556985522946828127e+01
6.204486624039109444e+01 3.589160099141725624e+01
6.048525808007177318e+01 3.621473474190130304e+01
6.433337263182055210e+01 3.653888840098230872e+01
6.211310096505369671e+01 3.686384319003848020e+01
6.416502948719322319e+01 3.718930669753281393e+01
6.430131186486484296e+01 3.751493653504566339e+01
6.391554050115760077e+01 3.784047670537108132e+01
6.749506987242358491e+01 3.816568208847266419e+01
6.352181816546151794e+01 3.849041621040724692e+01
6.684232670751678995e+01 3.881461296714873299e+01
7.065634058960733910e+01 3.913838960669117739e+01
7.215233559071843672e+01 3.946180500601751362e+01
7.348800273877230893e+01 3.978500653934688103e+01
7.787080112875408133e+01 4.010825381749748431e+01
7.652157364716859433e+01 4.043185796840776192e+01
8.034956150817197340e+01 4.075609996477215446e+01
7.783539308825442049e+01 4.108111377712234003e+01
7.505786442316258444e+01 4.140693540194161670e+01
7.683718373091194564e+01 4.173330772751558726e+01
7.947532141995549182e+01 4.206012545022710469e+01
8.397099897608552510e+01 4.238712490366274466e+01
8.924409047210599510e+01 4.271423236238010190e+01
8.849080160254193572e+01 4.304131342770721602e+01
9.014115839929840490e+01 4.336829262342269686e+01
9.288587311866642438e+01 4.369515546831774344e+01
9.421546913526077560e+01 4.402191830974395970e+01
8.986747911859045246e+01 4.434854756082166460e+01
9.217045705503396391e+01 4.467507091672076314e+01
8.591778730015343513e+01 4.500152616930004257e+01
8.062457269962041551e+01 4.532800603659587324e+01
8.088047564459830596e+01 4.565464730248142189e+01
8.063111483681865366e+01 4.598165481287347944e+01
8.322099330409506024e+01 4.630934977100026373e+01
8.141200888111821143e+01 4.663805462143873370e+01
7.965232104159213122e+01 4.696778490841979448e+01
8.211656810297353104e+01 4.729846318009960981e+01
8.253760242980199280e+01 4.762988449824955950e+01
7.929925433039734628e+01 4.796193970759073011e+01
8.437697453975486894e+01 4.829482612757472992e+01
8.639988253972536825e+01 4.863180953844221222e+01
8.762807895474463749e+01 4.897424733807409325e+01
8.934836082003312185e+01 4.932173188695190191e+01
8.770793567870290985e+01 4.967483396801207363e+01
9.015992609754974296e+01 5.003348040731758317e+01
8.979631634089224690e+01 5.039536690319868484e+01
8.955049257811236885e+01 5.075642703783184828e+01
9.167332226664296968e+01 5.111450325420462093e+01
9.585841518947452755e+01 5.146976937735094992e+01
9.688796327595589730e+01 5.182346473556564348e+01
9.424107312737207565e+01 5.217732543356850528e+01
9.022976215545237721e+01 5.253119186848733335e+01
9.069121674294883917e+01 5.287978886576360082e+01
8.619437609865950378e+01 5.322420540810075096e+01
8.635730670018270416e+01 5.356511492039170719e+01
8.570159702381864975e+01 5.390777640268422033e+01
8.233889403643627247e+01 5.425302880483084778e+01
8.008654344489076493e+01 5.459828120697752496e+01
7.717891652391354285e+01 5.494353360912418793e+01
7.679659651792375996e+01 5.528878601127085091e+01
7.501014075738117981e+01 5.563403841341751388e+01
7.458763778755800899e+01 5.597929081556417685e+01
7.491884238089987491e+01 5.632454321771085404e+01
6.861101661119128892e+01 5.666979561985748148e+01
6.673101668711679224e+01 5.701504802200417288e+01
6.562258263292609684e+01 5.736030042415083585e+01
6.551756372426935116e+01 5.770555282629748461e+01
6.436306491188989298e+01 5.805080522844415469e+01
6.534467574153522662e+01 5.839605763059080346e+01
6.585831523111832553e+01 5.874131003273748064e+01
6.626293468837361900e+01 5.908656243488410809e+01
6.048104990711271256e+01 5.943181483703078527e+01
5.832227562783482711e+01 5.977706723917744824e+01
5.585260084843762485e+01 6.012231964132411122e+01
5.633446095531041209e+01 6.046757204347078840e+01
5.465712054206804993e+01 6.081282444561743006e+01
5.264901560016997450e+01 6.115807684776410014e+01
5.154921563613089575e+01 6.150332924991074890e+01
5.089424628209829393e+01 6.184858165205742608e+01
5.038798813133985277e+01 6.219383405420408906e+01
4.610904787902062907e+01 6.253908645635073071e+01
4.206495937142111075e+01 6.288433885849742211e+01
4.152011368402727953e+01 6.322959126064407087e+01
3.416501231717425924e+01 6.357484366279074095e+01
2.250137404734193325e+01 6.392009606493738971e+01
2.067993381468304293e+01 6.445233900238766012e+01
1.223561368522880066e+01 6.498458193983792341e+01
1.321527485696602255e+01 6.551682487728815829e+01
9.578358829555481790e+00 6.604906781473843580e+01
1.137171210203058536e+01 6.658131075218867068e+01
8.420103409302241104e+00 6.711355368963893397e+01
8.999454894888064160e+00 6.764579662708918306e+01
9.892851227668380432e+00 6.817803956453946057e+01
6.797029426141984132e+00 6.871028250198969545e+01
7.305923963717715353e+00 6.924252543943995875e+01
9.717993943749050345e+00 6.977476837689022204e+01
1.477387065494583673e+01 7.030701131434048534e+01
8.377677218318668295e+00 7.083925425179073443e+01
1.633850044861888051e+01 7.137149718924101194e+01
1.138315446747066062e+01 7.190374012669126103e+01
1.342097565237804702e+01 7.243598306414152432e+01
7.319631272926976351e+00 7.296822600159177341e+01
1.479345692581931715e+01 7.350046893904203671e+01
1.210536172721980996e+01 7.403271187649227159e+01
1.211817453891631402e+01 7.456495481394254909e+01
1.044609625034169653e+01 7.509719775139281239e+01
1.080070165233127177e+01 7.562944068884306148e+01
7.259789520684150510e+00 7.616168362629332478e+01
1.187801209887203413e+01 7.669392656374357387e+01
1.093249050890772267e+01 7.722616950119382295e+01
5.115513282639651216e+00 7.775841243864410046e+01
9.288213976363618229e+00 7.829065537609434955e+01
7.187801464058463985e+00 7.882289831354459864e+01
9.925659476585757091e+00 7.935514125099486193e+01
1.387327071292236269e+01 7.988738418844511102e+01
1.266829304648136834e+01 8.041962712589537432e+01
9.307539603568740105e+00 8.095187006334562341e+01
1.397312881927365247e+01 8.148411300079588671e+01
1.281618917561733539e+01 8.201635593824615000e+01
8.086466947678458084e+00 8.254859887569639909e+01
1.310749442996186254e+01 8.308084181314666239e+01
4.900245545151475035e+00 8.361308475059692569e+01
1.461434375740999947e+01 8.414532768804716056e+01
1.194550375529943764e+01 8.467757062549745228e+01
1.058545181797480694e+01 8.520981356294770137e+01
1.014792712466011260e+01 8.574205650039796467e+01
8.155512108516425940e+00 8.627429943784821376e+01
1.209371450330687026e+01 8.680654237529847705e+01
1.033013701878357438e+01 8.733878531274874035e+01
1.262943975593265300e+01 8.787102825019898944e+01
1.120608811578310160e+01 8.840327118764923853e+01
1.366371615404131035e+01 8.893551412509950183e+01
3.885341621681596802e+00 8.946775706254976512e+01
6.607111730929609017e+00 9.000000000000001421e+01
