2.234741502712112471e+00 1.020408163265307255e-01
5.351963306678965360e+00 2.040816326530648928e-01
8.061630092788156787e+00 3.061224489795956183e-01
7.941447367996363305e+00 4.081632653061229021e-01
4.298336464640315491e+00 5.102040816326554040e-01
5.277077262808639313e-01 6.122448979591843532e-01
5.744724230784978847e-01 7.142857142857168551e-01
1.463502899436760707e+00 8.163265306122475806e-01
2.586728562899446970e+00 9.183673469387748645e-01
3.115089678981262100e+00 1.020408163265305479e+00
6.387174361340296258e+00 1.122448979591836205e+00
9.937288856002576054e+00 1.224489795918366930e+00
7.661900578432708997e+00 1.326530612244899432e+00
5.027865989720114115e+00 1.428571428571428381e+00
1.164060394098277307e+01 1.530612244897964214e+00
1.785056705318456949e+01 1.632653061224489610e+00
1.068900572158769968e+01 1.734693877551020336e+00
3.062899136809251743e+00 1.836734693877552838e+00
5.321483977964454937e+00 1.938775510204083563e+00
9.570896597354739299e+00 2.040816326530612734e+00
7.962824593744062263e+00 2.142857142857141906e+00
4.217265154253615478e+00 2.244897959183672853e+00
1.977649733768181095e+00 2.346938775510205133e+00
5.431988496903127350e-01 2.448979591836733860e+00
1.178695886973167628e+00 2.551020408163264364e+00
2.577300159712526018e+00 2.653061224489796643e+00
2.932876182835518986e+00 2.755102040816328923e+00
2.542170362591801958e+00 2.857142857142857650e+00
1.398153551489522695e+00 2.959183673469388154e+00
2.563299074468536887e-01 3.061224489795920434e+00
5.372082604985574106e-01 3.163265306122449161e+00
8.877801015810271590e-01 3.265306122448979664e+00
6.310072203052914386e-01 3.367346938775511944e+00
6.816034099920398326e-01 3.469387755102042448e+00
8.009413629594195339e-01 3.571428571428568066e+00
1.997418520519814722e+00 3.673469387755100790e+00
2.744938125910486804e+00 3.775510204081631294e+00
6.235228035970529881e+00 3.877551020408163573e+00
1.136669505180109674e+01 3.979591836734692301e+00
1.295239861278046867e+01 4.081632653061222804e+00
1.501629725528344750e+01 4.183673469387755084e+00
3.262763435351207875e+01 4.285714285714283811e+00
5.070943984714500630e+01 4.387755102040816091e+00
4.793376299141198160e+01 4.489795918367346594e+00
3.968525893165511320e+01 4.591836734693873545e+00
2.874957515948486275e+01 4.693877551020409378e+00
1.987932072478154666e+01 4.795918367346936328e+00
3.742474133360100552e+01 4.897959183673465056e+00
6.265736170744762745e+01 4.999999999999997335e+00
6.658640843627854622e+01 5.254596875514801368e+00
6.749965296586205454e+01 5.509193751029601849e+00
7.915392161193577181e+01 5.763790626544403217e+00
8.720372322761191697e+01 6.018387502059205474e+00
9.409511333616157458e+01 6.272984377574009507e+00
8.918644720423070282e+01 6.527581253088809987e+00
9.399034991800789385e+01 6.782178128603619349e+00
9.209529201292812672e+01 7.036775004118419830e+00
9.724318086363850000e+01 7.291371879633221198e+00
9.743364760665185997e+01 7.545968755148025231e+00
9.599533782728082087e+01 7.800565630662827488e+00
1.026143058230185545e+02 8.055162506177630632e+00
1.062628792965900288e+02 8.309759381692428448e+00
1.132895677691686416e+02 8.564356257207233369e+00
1.130106257027673564e+02 8.818953132722034738e+00
1.100845887502052278e+02 9.073550008236836106e+00
1.084097071841439117e+02 9.328146883751637475e+00
1.067707748097469818e+02 9.582743759266442396e+00
1.004911903570862535e+02 9.837340634781240212e+00
1.002033813729424736e+02 1.009193751029604158e+01
1.017294694221415057e+02 1.034653438581085183e+01
1.005859995637643038e+02 1.060113126132565142e+01
1.025356583647064213e+02 1.085572813684045634e+01
1.006166475251741730e+02 1.111032501235525771e+01
1.005030092094471854e+02 1.136492188787005908e+01
9.623843048135117328e+01 1.161951876338486400e+01
9.226640752791436739e+01 1.187418915040581702e+01
8.870393208893851522e+01 1.212979217561065504e+01
9.037425869165240044e+01 1.238531437479726094e+01
9.135341714834517290e+01 1.264076666175619579e+01
9.690503918922992455e+01 1.289618177814644007e+01
1.033577727278928222e+02 1.315171972575739900e+01
1.064686216363366782e+02 1.340742408346511283e+01
1.052616227686044823e+02 1.366367726572969588e+01
1.022182883533914008e+02 1.392043689344095014e+01
9.789865818457271018e+01 1.417782519078600956e+01
7.354665225459447697e+01 1.443589253166326003e+01
6.818686532708365178e+01 1.469456191296903569e+01
6.742288769086955824e+01 1.495378167149240412e+01
6.679089376398353295e+01 1.521352838376903094e+01
6.914354839530891184e+01 1.547367827018650033e+01
7.097319378727915762e+01 1.573396370930874255e+01
6.992930565076426319e+01 1.599430798451407654e+01
6.975690544593587106e+01 1.625447481970357799e+01
6.613117337129976647e+01 1.651446033105595745e+01
6.544554107933898024e+01 1.677405777514199414e+01
6.437488068114741679e+01 1.703375155441511168e+01
5.689991915075245998e+01 1.729566031490408307e+01
6.002809092055348827e+01 1.756004688444943795e+01
6.413067755507823620e+01 1.782727846262490701e+01
6.662849192321043290e+01 1.809774596918004264e+01
6.645020572351057808e+01 1.837030471288490219e+01
6.825946155533405602e+01 1.864399270958508481e+01
6.749411959340399392e+01 1.891677708104793965e+01
6.802978832996396363e+01 1.918833727612955542e+01
6.927712005711985910e+01 1.945881177133504991e+01
7.064681838577922690e+01 1.972798437323278975e+01
6.848336887681641372e+01 1.999626318738625486e+01
6.722781808427896522e+01 2.026356858969881358e+01
6.594002234172256749e+01 2.052921057577215791e+01
6.344033130071771609e+01 2.079274291288351151e+01
6.073069978745694186e+01 2.105341766239811463e+01
5.873660706619800465e+01 2.131152169531192442e+01
5.819892160079732690e+01 2.156724653509637690e+01
6.167149585132863621e+01 2.182098918318144953e+01
5.811146920289268536e+01 2.207315588784873484e+01
5.700987730308494861e+01 2.232444151781798425e+01
6.058674560554457145e+01 2.257504434710143215e+01
5.931036438269468647e+01 2.282501385779581327e+01
5.731151848459960263e+01 2.307440261475396781e+01
5.577279124855651560e+01 2.332324356555297484e+01
5.686851583219443285e+01 2.357171328217921413e+01
5.615189929177606132e+01 2.381988156275124169e+01
5.613033210722730360e+01 2.406776795437084715e+01
5.643922066695733264e+01 2.431544374558100685e+01
5.883761098573212678e+01 2.456286194762834896e+01
5.753036402391227000e+01 2.481001563636121787e+01
5.545484207986182668e+01 2.505698838821271579e+01
5.816495747069614453e+01 2.530401746712249889e+01
5.975721799167013870e+01 2.555125740854339966e+01
6.151956424745534946e+01 2.579874167227942294e+01
6.036997408025593614e+01 2.604653756145555832e+01
5.950370289520638778e+01 2.629472680518058070e+01
5.937530833220417037e+01 2.654333763129903190e+01
5.755973487403286271e+01 2.679236931814211786e+01
6.053307103404270606e+01 2.704205751121858015e+01
6.032137026974744742e+01 2.729280645498493385e+01
5.832587014903285194e+01 2.754468646397255327e+01
5.706790845027851589e+01 2.779760809507094521e+01
5.570004061814330498e+01 2.805179524741044972e+01
5.341573721292898114e+01 2.830736595850618187e+01
5.771271727160109322e+01 2.856471534269228485e+01
5.861239499289636967e+01 2.882413788353064987e+01
5.675798296172486346e+01 2.908522547519519108e+01
6.052718426932573692e+01 2.934861087515816891e+01
6.031822311029984718e+01 2.961416555968274977e+01
5.796433952920104105e+01 2.988242802525524766e+01
5.568619402375695415e+01 3.015378306361416705e+01
5.636993392568915340e+01 3.042934859794102920e+01
6.195421789979692306e+01 3.070804168314450422e+01
5.716159382653030008e+01 3.098895671926939244e+01
5.697667416673377971e+01 3.127220455810762090e+01
5.641270122633839179e+01 3.155768978726594298e+01
5.549410359699494677e+01 3.184590749443853142e+01
5.806190019364905197e+01 3.213709097202515608e+01
6.078853176492074795e+01 3.243141029941754994e+01
6.150954845588707798e+01 3.273071656611596580e+01
6.153213351418085608e+01 3.303618643147759570e+01
6.561918430457571105e+01 3.334677211123121765e+01
6.943033510150011978e+01 3.365864815731483617e+01
7.215699491277024435e+01 3.397188016430102664e+01
7.012155221705830854e+01 3.428639862716366338e+01
6.401156124060665320e+01 3.460233183288152503e+01
6.133949324442941986e+01 3.491975329486027846e+01
6.289094251801504498e+01 3.523850327002303118e+01
5.889138845144086076e+01 3.555820894935331467e+01
5.765600694122512238e+01 3.587863095004184544e+01
6.049836871915282188e+01 3.619934603752565749e+01
5.827111874230209310e+01 3.651999212028507458e+01
5.605467367012560231e+01 3.684021213822328633e+01
5.824453759036505573e+01 3.715988198595447045e+01
5.630908475987126849e+01 3.747901079132056168e+01
5.883520534757406750e+01 3.779773022856414855e+01
6.140060151302560598e+01 3.811619475076340535e+01
5.921011089474481537e+01 3.843457090727388703e+01
5.918519259247779729e+01 3.875298006130375228e+01
5.796685055553312793e+01 3.907144425773575591e+01
5.699803418680339462e+01 3.938994969318148520e+01
5.968446536966074945e+01 3.970858747698794389e+01
6.475205714651363564e+01 4.002758852754733709e+01
6.425795885675215402e+01 4.034712238958162800e+01
6.708226993624364809e+01 4.066719621219252190e+01
7.244033744831560284e+01 4.098777940535183717e+01
7.423999478853239964e+01 4.130874511554925732e+01
7.401169309116311013e+01 4.162987577341340995e+01
7.238760883938834922e+01 4.195108854847314461e+01
7.308939228804932497e+01 4.227230089021257697e+01
7.018913314166896100e+01 4.259349081736383624e+01
6.721404457065628435e+01 4.291465195793826837e+01
6.135586019276031777e+01 4.323597422063929230e+01
6.146095921228651804e+01 4.355771619625037516e+01
6.655231404210299218e+01 4.388010483143299467e+01
6.448338211491312677e+01 4.420321490391739871e+01
6.657665605168048728e+01 4.452696472270604744e+01
6.316997375861192410e+01 4.485133111230591396e+01
6.450497986636707992e+01 4.517637585358913555e+01
6.600299012700307344e+01 4.550188789590067984e+01
6.749793914147670648e+01 4.582921561827339474e+01
6.450263736713442597e+01 4.615935761287258288e+01
6.607148022187169545e+01 4.649185501141162291e+01
6.401709000949928452e+01 4.682757565925558652e+01
6.649020604573439641e+01 4.716723083507808667e+01
6.857507736129016962e+01 4.751053031205346144e+01
7.229482259906075114e+01 4.785650155074976198e+01
7.455824058935097298e+01 4.820376803280287703e+01
7.871901271007156708e+01 4.855114881815738670e+01
8.067181590116359757e+01 4.890131046837537099e+01
8.422113298861410158e+01 4.925485054947191088e+01
8.756623458552084571e+01 4.961103827490641294e+01
8.758742095635881242e+01 4.996837751538672734e+01
8.463507642910832374e+01 5.032506828656595133e+01
8.261032524708389246e+01 5.067690452287872205e+01
7.701622894260678720e+01 5.102412561416604575e+01
7.644061348463328898e+01 5.136850707035238628e+01
7.114426340421867678e+01 5.170988543606512877e+01
6.815424417747098573e+01 5.204915997459495003e+01
6.831940751741301199e+01 5.238774673392760661e+01
6.433859144347252368e+01 5.272654406154730111e+01
6.450216182641183593e+01 5.306532040303839182e+01
6.290681415920705177e+01 5.340409674452951094e+01
6.215243820485480342e+01 5.374287308602061586e+01
6.297717321208135388e+01 5.408164942751171367e+01
6.313757894087555655e+01 5.442042576900283279e+01
6.137437469713482585e+01 5.475920211049393060e+01
5.893078010088185437e+01 5.509797845198504973e+01
6.046804290745223653e+01 5.543675479347614754e+01
6.049899034033462186e+01 5.577553113496726667e+01
6.085210294826114819e+01 5.611430747645835027e+01
5.639576441886359248e+01 5.645308381794946939e+01
5.568827799153482516e+01 5.679186015944056720e+01
5.837108907211164421e+01 5.713063650093168633e+01
5.643014745434906843e+01 5.746941284242276993e+01
5.597226066526524590e+01 5.780818918391391037e+01
5.739665258603795905e+01 5.814696552540498686e+01
5.907594722593642445e+01 5.848574186689610599e+01
5.833761533802982768e+01 5.882451820838722512e+01
5.802701652228493856e+01 5.916329454987832293e+01
5.343311620456623245e+01 5.950207089136942074e+01
5.224452287586901633e+01 5.984084723286052565e+01
4.996251894031185969e+01 6.017962357435164478e+01
4.821224842991802007e+01 6.051839991584274259e+01
4.688995237705674413e+01 6.085717625733384040e+01
4.414899152806614779e+01 6.119595259882495952e+01
4.442985496165423598e+01 6.153472894031605733e+01
4.048972814155942501e+01 6.187350528180716225e+01
3.994140104168417338e+01 6.221228162329828137e+01
3.696238499340270778e+01 6.255105796478937918e+01
3.452303993638611956e+01 6.288983430628047699e+01
3.393358328999289597e+01 6.322861064777159612e+01
3.399806012049719328e+01 6.377496553251094724e+01
2.083921726239737993e+01 6.432132041725029126e+01
7.314158986157520026e+00 6.486767530198964948e+01
4.383348141606438375e+00 6.541403018672899350e+01
5.625178502752849141e+00 6.596038507146838015e+01
3.998835047612373295e+00 6.650673995620770995e+01
6.547650496392435571e+00 6.705309484094708239e+01
5.722113621612478163e+00 6.759944972568642640e+01
5.647358718303312486e+00 6.814580461042578463e+01
3.508537086688498619e+00 6.869215949516515707e+01
5.085112078661320645e+00 6.923851437990450108e+01
9.157977931414986728e+00 6.978486926464385931e+01
8.888924888896061915e+00 7.033122414938318911e+01
6.669037245158061289e+00 7.087757903412256155e+01
9.436949664641714364e+00 7.142393391886190557e+01
4.017172492532930406e+00 7.197028880360127800e+01
7.665430859960999932e+00 7.251664368834062202e+01
8.200545602899271813e+00 7.306299857307998025e+01
1.002311165418198691e+01 7.360935345781933847e+01
1.561965186950260431e+01 7.415570834255868249e+01
4.597699370630115467e+00 7.470206322729805493e+01
5.620199301252357671e+00 7.524841811203739894e+01
1.085875290031484042e+01 7.579477299677677138e+01
1.310628800280079531e+01 7.634112788151610118e+01
4.994119922200715322e+00 7.688748276625547362e+01
6.012030054139088975e+00 7.743383765099480343e+01
7.451186423299408723e+00 7.798019253573417586e+01
4.093358954388762960e+00 7.852654742047351988e+01
6.840846306318667303e+00 7.907290230521289232e+01
6.194358735789180059e+00 7.961925718995223633e+01
6.422747563109706626e+00 8.016561207469160877e+01
7.420423129142363905e+00 8.071196695943096699e+01
8.135486829109336071e+00 8.125832184417031101e+01
3.906794551083378586e+00 8.180467672890966924e+01
1.255635762835901481e+01 8.235103161364901325e+01
4.156529680280272920e+00 8.289738649838838569e+01
1.334971015581500886e+01 8.344374138312774392e+01
4.962041153574478614e+00 8.399009626786710214e+01
2.932052939740583675e+00 8.453645115260643195e+01
7.259182338165913073e+00 8.508280603734579017e+01
5.825864499540765351e+00 8.562916092208514840e+01
8.992035602844715925e+00 8.617551580682450663e+01
3.336253824355805975e+00 8.672187069156386485e+01
2.810450324848398740e+00 8.726822557630322308e+01
6.473372094855220915e+00 8.781458046104256709e+01
6.704158081037149053e+00 8.836093534578191111e+01
3.116182713182062969e+00 8.890729023052128355e+01
7.809010938298548865e+00 8.945364511526062756e+01
6.975270486827366057e+00 8.999999999999998579e+01
