1.694748065888647659e+01 1.020408163265336537e-01
1.563378396054394770e+01 2.040816326530584535e-01
1.363609721092298166e+01 3.061224489795921211e-01
1.166183062189710462e+01 4.081632653061244564e-01
1.025254874539032812e+01 5.102040816326526285e-01
6.768520986315368582e+00 6.122448979591862406e-01
3.809646304235224434e+00 7.142857142857130803e-01
2.985870278874454442e+00 8.163265306122466924e-01
7.699949171212223220e+00 9.183673469387769739e-01
1.186106175689779363e+01 1.020408163265307255e+00
1.175588945434407506e+01 1.122448979591835538e+00
1.030277715671039118e+01 1.224489795918367818e+00
1.060450586268786566e+01 1.326530612244901430e+00
1.125898837562440491e+01 1.428571428571429713e+00
8.062667159159579100e+00 1.530612244897961993e+00
4.513933509054615101e+00 1.632653061224492275e+00
5.372949274842367728e+00 1.734693877551020336e+00
7.170199067527549985e+00 1.836734693877553948e+00
5.331982995163911276e+00 1.938775510204082231e+00
4.628005345300513440e+00 2.040816326530614511e+00
7.778622249014793155e+00 2.142857142857144570e+00
1.096791677228662465e+01 2.244897959183678182e+00
9.553477769207120218e+00 2.346938775510202912e+00
6.198175474972288157e+00 2.448979591836736525e+00
3.974225939892832571e+00 2.551020408163266584e+00
7.678299614685841767e+00 2.653061224489794867e+00
1.124435089459118053e+01 2.755102040816327147e+00
1.327900113829691975e+01 2.857142857142855430e+00
1.296354457873116850e+01 2.959183673469389042e+00
6.142303064291070314e+00 3.061224489795919101e+00
2.449226944173516607e+00 3.163265306122449161e+00
1.216523147164549012e+00 3.265306122448982773e+00
3.208862161376717648e-01 3.367346938775509724e+00
4.514805441324307722e+00 3.469387755102043336e+00
9.753870477175723863e+00 3.571428571428571619e+00
7.945174223909752698e+00 3.673469387755103899e+00
2.653409718570323150e+00 3.775510204081632182e+00
4.319677342736228276e+00 3.877551020408160465e+00
1.271117926340066440e+01 3.979591836734696297e+00
2.389610337936751705e+01 4.081632653061222804e+00
3.502977247137808092e+01 4.183673469387758637e+00
4.106738487537037940e+01 4.285714285714286476e+00
4.099152450398985081e+01 4.387755102040814315e+00
4.335433255411340525e+01 4.489795918367348371e+00
5.438792465057200332e+01 4.591836734693880651e+00
6.583571571355275864e+01 4.693877551020408490e+00
6.932643658944871845e+01 4.795918367346936328e+00
7.132154020937797156e+01 4.897959183673470385e+00
6.512598111511130128e+01 4.999999999999997335e+00
4.647061021115531787e+01 5.269996885047230961e+00
5.413443540997811709e+01 5.539993770094468140e+00
6.952413147347951394e+01 5.809990655141694660e+00
7.985009151277948547e+01 6.079987540188929174e+00
8.577697072380428267e+01 6.349984425236165464e+00
8.847129726195927901e+01 6.619981310283391096e+00
9.301471055845038904e+01 6.889978195330624722e+00
9.827403779145383567e+01 7.159975080377854795e+00
9.973672754889464898e+01 7.429971965425082203e+00
1.085809125215384512e+02 7.699968850472316717e+00
1.112431417030964127e+02 7.969965735519547678e+00
1.164976290785458275e+02 8.239962620566782192e+00
1.172071080471991991e+02 8.509959505614016706e+00
1.165512453814875329e+02 8.779956390661247667e+00
1.183842720349013860e+02 9.049953275708475076e+00
1.194004267932828611e+02 9.319950160755709589e+00
1.250252918893469740e+02 9.589947045802940551e+00
1.165858695554820912e+02 9.859943930850173288e+00
1.152454703442971748e+02 1.012994081589740247e+01
1.132753159126120437e+02 1.039993770094464054e+01
1.146946170650490302e+02 1.066993458599186972e+01
1.135956845148846810e+02 1.093993147103910246e+01
1.133605057990644980e+02 1.120992835608633520e+01
1.074686094911883600e+02 1.147992524113356438e+01
1.095528101213277523e+02 1.175119683333769061e+01
1.022357357879974131e+02 1.202299218801039160e+01
9.523728299363082783e+01 1.229375737320965811e+01
9.224393068853396471e+01 1.256363205365789781e+01
9.375603447546460245e+01 1.283327324735359198e+01
9.510126389191482588e+01 1.310285658228222871e+01
9.251646908612082143e+01 1.337253858558486641e+01
9.021487024587189296e+01 1.364267280995530385e+01
9.711128627653934586e+01 1.391348215955189715e+01
9.398012903454706191e+01 1.418515429145790918e+01
9.469081092745736328e+01 1.445759942604741610e+01
9.226525310708470329e+01 1.473077659665023731e+01
7.542936979299493316e+01 1.500448307924652624e+01
7.483255485416727026e+01 1.527860423018798386e+01
7.936649100940327628e+01 1.555297702651007086e+01
8.247507618526176998e+01 1.582738781809698025e+01
8.553707877449137698e+01 1.610170235227262836e+01
8.253061673748788962e+01 1.637555190918777015e+01
8.242434125637495868e+01 1.664899609290790750e+01
8.620812965410013362e+01 1.692195657870269088e+01
8.881757667929278455e+01 1.719444865974437420e+01
8.886932142580893412e+01 1.746649708305353599e+01
8.407225742348477127e+01 1.773967551044898983e+01
8.639366988657768331e+01 1.801588019114990402e+01
8.761503676658966810e+01 1.829533404169436039e+01
8.492714760674462582e+01 1.857772765308136442e+01
8.326519854953905053e+01 1.886196781219711482e+01
8.427025612750368566e+01 1.914643050816151160e+01
8.232499404953142630e+01 1.943083294712279141e+01
8.434843168631867627e+01 1.971469286839899482e+01
8.153511123266115135e+01 1.999741947974034417e+01
8.023422111299909432e+01 2.027829911529537910e+01
8.202399924296545919e+01 2.055690140706619928e+01
7.831016834296764273e+01 2.083295073080088500e+01
7.319543283819258761e+01 2.110655949780901963e+01
7.374782905348666873e+01 2.137781224036250549e+01
7.370806881218059914e+01 2.164694696744404112e+01
6.777632776373813783e+01 2.191452388968493281e+01
6.907546097585540679e+01 2.218051083281885028e+01
6.855046775502464129e+01 2.244496509638265991e+01
6.985355866860942342e+01 2.270798465673945543e+01
6.959586001539376809e+01 2.296989538679520493e+01
6.747690222822710382e+01 2.323084475987579012e+01
7.040637290424102446e+01 2.349128105102665032e+01
7.286994419622430996e+01 2.375116560983564540e+01
6.906103277340073987e+01 2.401071917374305897e+01
6.960611435255590607e+01 2.427002013084306853e+01
7.112117776422439874e+01 2.452913312946989777e+01
7.013186148251979546e+01 2.478807649948540259e+01
7.085773615016849192e+01 2.504678757653879018e+01
7.387706196327013686e+01 2.530532247553232494e+01
7.274082504370328195e+01 2.556376588603059830e+01
7.170899023033456388e+01 2.582218251728829372e+01
7.112314534399061472e+01 2.608061449662671194e+01
7.310194975492804303e+01 2.633909149414595774e+01
7.049208855773481730e+01 2.659763157313620852e+01
6.934864574060867426e+01 2.685626897209431974e+01
6.790849347338388498e+01 2.711503776534091159e+01
6.846534950186909896e+01 2.737402262928464580e+01
6.683932232311425992e+01 2.763332893303402926e+01
6.828039712552717333e+01 2.789329040464828680e+01
6.741933698565394195e+01 2.815450695011571725e+01
6.940578391519356671e+01 2.841758257661930998e+01
6.945744552767239099e+01 2.868298378048072550e+01
6.846365801682800623e+01 2.895129644450910078e+01
6.716194572674154983e+01 2.922347812843949910e+01
6.857066153710921697e+01 2.950025884570325374e+01
6.988990617337724132e+01 2.978228853851580382e+01
7.042597607790897030e+01 3.006968103505485601e+01
6.966102269568567351e+01 3.036054555204978911e+01
6.923014413115359389e+01 3.065512466015847437e+01
7.010648765543160721e+01 3.095397608304118009e+01
6.732390999860405145e+01 3.125721579874711153e+01
6.822665372170757792e+01 3.156442056900667126e+01
7.042958143137180116e+01 3.187509037543355106e+01
6.919807320409441331e+01 3.218817339951641543e+01
6.821594711358181939e+01 3.250271507782557734e+01
6.460953028098445827e+01 3.281904734623899600e+01
6.581532393550122606e+01 3.313719478568807375e+01
6.784401628637469628e+01 3.345741390484779032e+01
6.697563222640546599e+01 3.377986501683691500e+01
6.439722512924392106e+01 3.410506411964706786e+01
6.513618316475712788e+01 3.443343245907281158e+01
6.324990828889166750e+01 3.476538426109978985e+01
6.500136524802974236e+01 3.510084718288544536e+01
6.448518764582819074e+01 3.543912674315450317e+01
6.608189401685648079e+01 3.577963428164625270e+01
6.968433620246224791e+01 3.612158840130380355e+01
6.702944638600502003e+01 3.646406483199630344e+01
6.824855761658282916e+01 3.680653891753931362e+01
6.596454596184915431e+01 3.714842469345533260e+01
6.618955713450732503e+01 3.748921680264962930e+01
6.642436947722200102e+01 3.782872641055200802e+01
6.485281611167305016e+01 3.816659881659575859e+01
7.023187842203725495e+01 3.850302449760751244e+01
7.012991014853865579e+01 3.883823604958669762e+01
7.010055980371141970e+01 3.917264584457235799e+01
6.776622046274441402e+01 3.950646827423051377e+01
6.623381046909963743e+01 3.983996636519341905e+01
7.549993222785261082e+01 4.017337067276847762e+01
8.083727719339290729e+01 4.050688092797393836e+01
8.280582560226883970e+01 4.084063107879285326e+01
7.767834409461518419e+01 4.117469073003749713e+01
7.494647721056126954e+01 4.150902950313097506e+01
6.719586438086811597e+01 4.184357689002356295e+01
6.631021041401093896e+01 4.217822557963640406e+01
6.753424751010263094e+01 4.251281824329785053e+01
6.482640552653987243e+01 4.284733984832767106e+01
6.774840209286887216e+01 4.318177106313323321e+01
6.613926970004128236e+01 4.351614823500862883e+01
6.463945147207144259e+01 4.385064448325408648e+01
6.560413069124672347e+01 4.418558269097273694e+01
7.210781856068817319e+01 4.452128655644693822e+01
7.177577793098112124e+01 4.485814893439643214e+01
7.364174494443517460e+01 4.519664052574974278e+01
7.663400102546590631e+01 4.553719263068493461e+01
7.661120982500241894e+01 4.587997627910146292e+01
7.860960650051650589e+01 4.622512801031924567e+01
8.596457574201244256e+01 4.657213496023209842e+01
8.552460784821050765e+01 4.692024215317670155e+01
8.704412220916061926e+01 4.726871563974678025e+01
9.080998520157692155e+01 4.761659577544912025e+01
9.267421553465356965e+01 4.796445016528672056e+01
9.714741298939514991e+01 4.831450772982243791e+01
1.032246227971951953e+02 4.866621886186686652e+01
1.131073955690785482e+02 4.901868542630543857e+01
1.159111594726365411e+02 4.937169707233325511e+01
1.121948468282571838e+02 4.972496625429277373e+01
1.049307106086151009e+02 5.007813021641966600e+01
9.756196217193121356e+01 5.043101201136377654e+01
8.955494204754151610e+01 5.078343926432262379e+01
8.893493492704003245e+01 5.113523511836802271e+01
8.073144026570545861e+01 5.148648849707198139e+01
8.061641082261849078e+01 5.183775823273160199e+01
7.878395216499914966e+01 5.219052712832300500e+01
7.632302685264079400e+01 5.254478691323712525e+01
7.461637079400068728e+01 5.289747375323167233e+01
7.162110196333286183e+01 5.324946252075707065e+01
7.110782191952647224e+01 5.360204211138781716e+01
7.200862972737979817e+01 5.395460509096955093e+01
7.167403313755629313e+01 5.430646879535677840e+01
7.018135933216719025e+01 5.465649249205774396e+01
7.088052646337079921e+01 5.500372427289206456e+01
7.184388809648943663e+01 5.534696769714737741e+01
6.893414137077100179e+01 5.568626045810739811e+01
6.874512448081407001e+01 5.602043402417117335e+01
6.970318301128757810e+01 5.634780572257540854e+01
7.086351541671066911e+01 5.667917937377052340e+01
6.897075994939510224e+01 5.701150652238861483e+01
6.613260896811576117e+01 5.734383367100668494e+01
6.604268519395091630e+01 5.767616081962476215e+01
6.352961584139748652e+01 5.800848796824285358e+01
6.556885653988030072e+01 5.834081511686093080e+01
6.693995245506908986e+01 5.867314226547900802e+01
6.293842145543416677e+01 5.900546941409708523e+01
6.220076443390975385e+01 5.933779656271515535e+01
5.999895103467116542e+01 5.967012371133324677e+01
6.127683743013940187e+01 6.000245085995133820e+01
5.878750756859682980e+01 6.033477800856940831e+01
5.661974793532121453e+01 6.066710515718747843e+01
5.411680793728405803e+01 6.099943230580556985e+01
5.352046646609279179e+01 6.133175945442366128e+01
5.123425533559554168e+01 6.166408660304173850e+01
5.017612733261913149e+01 6.199641375165981572e+01
5.092549108356735132e+01 6.232874090027788583e+01
5.074972528039249653e+01 6.266106804889596305e+01
5.070313329320703843e+01 6.299339519751405447e+01
5.427284678794470096e+01 6.332572234613214590e+01
5.340636299898089590e+01 6.365804949475021601e+01
5.257401201770355215e+01 6.399037664336828612e+01
5.096733883452849767e+01 6.432270379198637045e+01
4.963916766790163848e+01 6.465503094060446188e+01
4.472556987597359779e+01 6.498735808922253909e+01
3.471804131838595708e+01 6.531968523784060210e+01
3.001243627317024831e+01 6.565201238645869353e+01
2.869142049600683819e+01 6.614891009285749135e+01
1.425483644770873326e+01 6.664580779925630338e+01
1.869798869816850839e+01 6.714270550565511542e+01
1.275485270719446085e+01 6.763960321205389903e+01
1.348938081412245538e+01 6.813650091845271106e+01
1.746595087056005724e+01 6.863339862485150888e+01
1.205584761947864081e+01 6.913029633125030671e+01
1.194267628081604293e+01 6.962719403764910453e+01
1.139351160780852013e+01 7.012409174404791656e+01
1.679292849488331996e+01 7.062098945044671439e+01
1.042485493396942431e+01 7.111788715684551221e+01
1.278458175405631891e+01 7.161478486324432424e+01
1.713718088105393988e+01 7.211168256964312206e+01
9.650521357799920708e+00 7.260858027604191989e+01
1.458322052781375433e+01 7.310547798244073192e+01
1.647229295530138060e+01 7.360237568883952974e+01
1.552223319105327803e+01 7.409927339523832757e+01
1.499671486901446471e+01 7.459617110163712539e+01
2.262575040963436379e+01 7.509306880803592321e+01
1.046013536566274738e+01 7.558996651443473525e+01
1.129623390308384678e+01 7.608686422083353307e+01
1.423065917653842405e+01 7.658376192723234510e+01
1.393204708480685738e+01 7.708065963363114292e+01
1.311787081689486634e+01 7.757755734002992654e+01
1.510556143457620415e+01 7.807445504642875278e+01
1.499038960490562999e+01 7.857135275282753639e+01
1.453271321558480622e+01 7.906825045922634843e+01
1.973276549061301921e+01 7.956514816562514625e+01
1.693767017908675143e+01 8.006204587202394407e+01
1.169483441174736527e+01 8.055894357842275610e+01
1.374208514721640384e+01 8.105584128482155393e+01
2.100916230026922804e+01 8.155273899122036596e+01
2.005753028017445416e+01 8.204963669761914957e+01
5.836232461441334785e+00 8.254653440401796161e+01
1.022678175748728790e+01 8.304343211041677364e+01
1.345209589598997368e+01 8.354032981681555725e+01
5.239078752464083166e+00 8.403722752321438350e+01
1.369417902148228805e+01 8.453412522961318132e+01
1.417859766583360148e+01 8.503102293601196493e+01
1.420948175832082150e+01 8.552792064241074854e+01
1.252380297807207121e+01 8.602481834880957479e+01
1.401163247367901832e+01 8.652171605520838682e+01
8.195651181161466070e+00 8.701861376160718464e+01
6.010487270997538545e+00 8.751551146800596825e+01
1.229580994508085290e+01 8.801240917440476608e+01
1.349373061948300645e+01 8.850930688080359232e+01
1.482438886648122356e+01 8.900620458720240435e+01
8.010997843917193606e+00 8.950310229360118797e+01
1.375591879864454725e+01 8.999999999999998579e+01
