2.005072143241610760e+01 1.020408163265311419e-01
2.075356799496836757e+01 2.040816326530602298e-01
2.208766278336137745e+01 3.061224489795933978e-01
1.889452564425558023e+01 4.081632653061224580e-01
1.611018380401103300e+01 5.102040816326515182e-01
1.618325456957797570e+01 6.122448979591846863e-01
1.516183497191374308e+01 7.142857142857171882e-01
1.465947555549533909e+01 8.163265306122483578e-01
1.504842661920367775e+01 9.183673469387795274e-01
1.446155793792736333e+01 1.020408163265308588e+00
1.397251642090419388e+01 1.122448979591839757e+00
1.705883142728660928e+01 1.224489795918370927e+00
1.900325441757605915e+01 1.326530612244902096e+00
1.807535349561069182e+01 1.428571428571431268e+00
1.701089644362806652e+01 1.530612244897960439e+00
1.851010138354628509e+01 1.632653061224493607e+00
2.103212310220168035e+01 1.734693877551022778e+00
2.293252407292316164e+01 1.836734693877551949e+00
2.370336422889958428e+01 1.938775510204083119e+00
2.375566090572135636e+01 2.040816326530614067e+00
2.332420726004662015e+01 2.142857142857145014e+00
2.264580667988033724e+01 2.244897959183675962e+00
2.157485613653165402e+01 2.346938775510210462e+00
2.006900131229107487e+01 2.448979591836741410e+00
1.523289694967049535e+01 2.551020408163270581e+00
1.404751731986677932e+01 2.653061224489801528e+00
2.044156341171744629e+01 2.755102040816330700e+00
2.505706266331636556e+01 2.857142857142859871e+00
2.155835398969448846e+01 2.959183673469390818e+00
2.046914515981812244e+01 3.061224489795923986e+00
1.979848560713200456e+01 3.163265306122453158e+00
1.490102881435166893e+01 3.265306122448984105e+00
1.321401871697549701e+01 3.367346938775515053e+00
1.046103503122038703e+01 3.469387755102042004e+00
9.712237286541505199e+00 3.571428571428575172e+00
1.400523372834787672e+01 3.673469387755104343e+00
2.606052371755080443e+01 3.775510204081637511e+00
3.943575479335655842e+01 3.877551020408164462e+00
4.677220928416249990e+01 3.979591836734697630e+00
5.031680134448567543e+01 4.081632653061226357e+00
4.979123342636720650e+01 4.183673469387757748e+00
4.066139906851332597e+01 4.285714285714289140e+00
3.862107133170905371e+01 4.387755102040820532e+00
5.332457989320504055e+01 4.489795918367347483e+00
6.882647595407927099e+01 4.591836734693880651e+00
7.387075536332574188e+01 4.693877551020412042e+00
7.236486081562196659e+01 4.795918367346940769e+00
6.618603648630050884e+01 4.897959183673472161e+00
5.590287329486152146e+01 5.000000000000003553e+00
1.044651017369817225e+02 5.271340820366146929e+00
9.810562916834271618e+01 5.542681640732284976e+00
1.112341836365497301e+02 5.814022461098426575e+00
1.083235636803260746e+02 6.085363281464566398e+00
1.076950086565019973e+02 6.356704101830707998e+00
1.128061677583512221e+02 6.628044922196847821e+00
1.081692797981379641e+02 6.899385742562982315e+00
1.114433811179272027e+02 7.170726562929123915e+00
1.031718893854843486e+02 7.442067383295265515e+00
1.048587346601860730e+02 7.713408203661407114e+00
1.061737501312166927e+02 7.984749024027545161e+00
1.032353654975421478e+02 8.256089844393686761e+00
1.025130026611969924e+02 8.527430664759830137e+00
1.055537862310468853e+02 8.798771485125968184e+00
1.035541726738078410e+02 9.070112305492109783e+00
1.057518485988471610e+02 9.341453125858247830e+00
1.055110479684569924e+02 9.612793946224392982e+00
1.031226831039693508e+02 9.884134766590531029e+00
9.597294063099789696e+01 1.015547558695666552e+01
9.510824878593233223e+01 1.042681640732281245e+01
9.172615645295843478e+01 1.069815722768894695e+01
9.703625418116632773e+01 1.096949804805509032e+01
9.893407248390394670e+01 1.124083886842122837e+01
1.008238984490969017e+02 1.151217968878737530e+01
1.020816737456014067e+02 1.178448841209301357e+01
9.711383768961349006e+01 1.205582038946977264e+01
9.444784246412355344e+01 1.232627649042788676e+01
9.765482721411180478e+01 1.259616894097078799e+01
9.724981293968659202e+01 1.286579812444144721e+01
1.013214377655155545e+02 1.313526713671064172e+01
1.077627366642410180e+02 1.340458519263649961e+01
1.102114920718984337e+02 1.367375267860776589e+01
1.071662030180523999e+02 1.394285981368075156e+01
1.149319409793528024e+02 1.421217694681997834e+01
1.039264454827893616e+02 1.448240717949517808e+01
9.052160644482918883e+01 1.475366243070121719e+01
8.591087286881347040e+01 1.502589387767734230e+01
9.060374922621440419e+01 1.529881511792524407e+01
9.883335743379495852e+01 1.557210454630477514e+01
1.009274709322206149e+02 1.584562880655042605e+01
1.083212009457632092e+02 1.611925551238172361e+01
1.084237470529814118e+02 1.639295205717928283e+01
1.112364368333686286e+02 1.666672235916081135e+01
1.078152866325538639e+02 1.694102332167712532e+01
1.053394549995698668e+02 1.721708063923848542e+01
1.070372444195808441e+02 1.749571780401009491e+01
1.127264906348871989e+02 1.777737945867237812e+01
1.138165078547279450e+02 1.806222763262608666e+01
1.158301002569372713e+02 1.834867777404261346e+01
1.169463361420850447e+02 1.863579985440609477e+01
1.188005161389902042e+02 1.892238596323069189e+01
1.233102758623152653e+02 1.920784675746437387e+01
1.258351908499344631e+02 1.949176188827578926e+01
1.173572647554251915e+02 1.977423118932289725e+01
1.133186345157184434e+02 2.005514257101651410e+01
1.085911137644817188e+02 2.033420143793895818e+01
1.003746784501474281e+02 2.061117551972890283e+01
9.383130615873221814e+01 2.088596766820678852e+01
8.740579132530490369e+01 2.115850117238642980e+01
8.670668195400598677e+01 2.142898418352361389e+01
8.441482741673230805e+01 2.169761907616716812e+01
8.411038355659565013e+01 2.196453935584133887e+01
8.176242888506234863e+01 2.222980277562635010e+01
7.925603860660413602e+01 2.249355720150438032e+01
7.578047439680523212e+01 2.275635913900657314e+01
7.803665951029050518e+01 2.301878795342548756e+01
7.734307421997232268e+01 2.328097071370593696e+01
8.019512944986807668e+01 2.354286438122007397e+01
7.995204896799840810e+01 2.380439728138037836e+01
8.033936286588213704e+01 2.406558092093169776e+01
8.207725930609608156e+01 2.432646559650891049e+01
8.388297899470964580e+01 2.458713795258196910e+01
8.245014524119409316e+01 2.484767521418054059e+01
8.494456522706170176e+01 2.510811293757678797e+01
8.381748485727776199e+01 2.536848863125911890e+01
8.901640789550739896e+01 2.562883854058236466e+01
8.860855265630132749e+01 2.588920528085047934e+01
8.868886306305016376e+01 2.614962468846453092e+01
8.687591746619479238e+01 2.641012480579487587e+01
8.568296548730944551e+01 2.667073588221764879e+01
8.501644627211062755e+01 2.693147656185175975e+01
8.761053263032988525e+01 2.719277057745492954e+01
8.426757597359868157e+01 2.745566885613729369e+01
8.160018870563723681e+01 2.772053653680643137e+01
8.139402455110460721e+01 2.798751374760686161e+01
7.826356524684868532e+01 2.825663239526314285e+01
8.391614297441017811e+01 2.852795662188126258e+01
7.928020418520357282e+01 2.880204617878073492e+01
7.540290278799935209e+01 2.907916419813060216e+01
7.804496166141933600e+01 2.935933557569734376e+01
8.038473212892506581e+01 2.964282513773101613e+01
8.185322293132186644e+01 2.992884699032174467e+01
8.171523495203960863e+01 3.021773653615682065e+01
8.011267238696618165e+01 3.051027092854371858e+01
8.088338401972876568e+01 3.080633003793700553e+01
7.972851073085600149e+01 3.110648795431009717e+01
8.276717532053595505e+01 3.141018807429976789e+01
7.504774016505314194e+01 3.171752733831820947e+01
7.391354540258348038e+01 3.202899196370020718e+01
7.687905050636184967e+01 3.234440033121110503e+01
7.411609561295732362e+01 3.266149062673852654e+01
7.278918573398357239e+01 3.298050718028777339e+01
7.141874994960751621e+01 3.330213812798854178e+01
7.200597249700454938e+01 3.362660821447101966e+01
7.169706242373315774e+01 3.395478411846087852e+01
7.554922989555694812e+01 3.428673549767137274e+01
7.326012963619906770e+01 3.462245809219684389e+01
7.407162160173304244e+01 3.496193680002847515e+01
7.457163625582472832e+01 3.530485843787029410e+01
7.532880250372410558e+01 3.565051018308304975e+01
7.677464916018487884e+01 3.599876597002863576e+01
7.360085658655071938e+01 3.634881281865288827e+01
7.977249228302829920e+01 3.670011987922995900e+01
7.900704355576790761e+01 3.705186579591762097e+01
7.700444879892759786e+01 3.740321633284051472e+01
7.611728638736282448e+01 3.775364200504333212e+01
7.748759149572326521e+01 3.810276513595361791e+01
7.780189749860731752e+01 3.845055795750886318e+01
7.895668967586018994e+01 3.879714923412986138e+01
8.021229825486810228e+01 3.914258832905696295e+01
8.411127291398030081e+01 3.948712640625345216e+01
8.323123381035220802e+01 3.983096884419141759e+01
8.571346015468049018e+01 4.017424614362910518e+01
8.730732876941642928e+01 4.051707479745100215e+01
8.912843795935043545e+01 4.085951767408822377e+01
9.102843716786718176e+01 4.120163394968535897e+01
9.559598076347323570e+01 4.154340987031993393e+01
9.792454603618331532e+01 4.188475062794407222e+01
9.681631465239831869e+01 4.222550285555095684e+01
1.041325049485265453e+02 4.256542957460283105e+01
1.011749560162397330e+02 4.290424468177558026e+01
9.978665077365245395e+01 4.324167457105552614e+01
1.020469801171649351e+02 4.357759052153419077e+01
1.035466488021934168e+02 4.391179167852223486e+01
1.069923375434393478e+02 4.424419106155835379e+01
1.024830050397645351e+02 4.457482325307090321e+01
1.011649638927473518e+02 4.490445292425781076e+01
9.395179074803797903e+01 4.523483601042273961e+01
9.637716370770559138e+01 4.556676845500710726e+01
9.571227635884646645e+01 4.590054888083641060e+01
9.502541740114538982e+01 4.623587811178209961e+01
9.497367728838287348e+01 4.657233524560098203e+01
9.139142001744447441e+01 4.690965512608018173e+01
9.248643020642668944e+01 4.724792492997109150e+01
9.232493551618374283e+01 4.758697770664879556e+01
9.140826811048331990e+01 4.792668331940090809e+01
9.338399358406239514e+01 4.826722092654877372e+01
9.540598382177925885e+01 4.860966077070818869e+01
9.861836349134669888e+01 4.896145662519947450e+01
9.927822307997236351e+01 4.932356989545336035e+01
1.018959336939534239e+02 4.969413831859876041e+01
1.081130366932860625e+02 5.006921111356443532e+01
1.056924861843660750e+02 5.044587034442120910e+01
1.086265085873266969e+02 5.081892775082543778e+01
1.137687493253236255e+02 5.118823932889374362e+01
1.154679604426792707e+02 5.155439538219270901e+01
1.237226060712347504e+02 5.191877477491593140e+01
1.227605916635689738e+02 5.228266336012444526e+01
1.174155889757095252e+02 5.264538037427031725e+01
1.155880935590742808e+02 5.300715462941147393e+01
1.094842565037436515e+02 5.336829366925465479e+01
1.028721289669970105e+02 5.372721099525504940e+01
9.918620844853759877e+01 5.408213238704759362e+01
9.509832090427534013e+01 5.443246875091161030e+01
8.897762372727746083e+01 5.477556880793417804e+01
8.679550758122063314e+01 5.511205213870066189e+01
8.756604178200555566e+01 5.544541074350397025e+01
8.274070990902335154e+01 5.577675700166952311e+01
7.930263040165510802e+01 5.610874656676074324e+01
8.103340132089827819e+01 5.644188698614958355e+01
7.900232013729649339e+01 5.677502740553843807e+01
7.874944863511150572e+01 5.710816782492729260e+01
7.664264873660069100e+01 5.744130824431613291e+01
7.907665931339063548e+01 5.777444866370498744e+01
7.391932681933653271e+01 5.810758908309385617e+01
7.282280099022948150e+01 5.844072950248271070e+01
7.313667471356203009e+01 5.877386992187156523e+01
7.204866333782678112e+01 5.910701034126040554e+01
7.360165943763134067e+01 5.944015076064926006e+01
7.266032106868455287e+01 5.977329118003812880e+01
7.145116169637847747e+01 6.010643159942696911e+01
6.675348572391089874e+01 6.043957201881580943e+01
6.763982489433631429e+01 6.077271243820467816e+01
6.528737892052824066e+01 6.110585285759353269e+01
6.495666641508762496e+01 6.143899327698238721e+01
6.740179516066014287e+01 6.177213369637122753e+01
6.503905529551806808e+01 6.210527411576009627e+01
6.464607091645252979e+01 6.243841453514895079e+01
6.627142573331701669e+01 6.277155495453780532e+01
6.674770729044713846e+01 6.310469537392665984e+01
6.606527454912117037e+01 6.343783579331551437e+01
6.641096257230258004e+01 6.377097621270436889e+01
6.345111173258948156e+01 6.410411663209320920e+01
6.410950753003062630e+01 6.443725705148207794e+01
5.885501684984534876e+01 6.477039747087093247e+01
6.388889404757482993e+01 6.510353789025978699e+01
6.328096803633473399e+01 6.543667830964864152e+01
5.911028921519048396e+01 6.576981872903749604e+01
5.182653956018423713e+01 6.610295914842635057e+01
6.844427052268842715e+01 6.659065385968295914e+01
2.690084878876966457e+01 6.707834857093955350e+01
2.860883563236448168e+01 6.756604328219616207e+01
2.721948891105834178e+01 6.805373799345277064e+01
2.409652504789854177e+01 6.854143270470936500e+01
3.060163257715547402e+01 6.902912741596597357e+01
2.021178177140835786e+01 6.951682212722258214e+01
1.985436375319585878e+01 7.000451683847919071e+01
1.878320159837523562e+01 7.049221154973579928e+01
2.552542955738684327e+01 7.097990626099239364e+01
2.075908890139879404e+01 7.146760097224900221e+01
2.020478961111946248e+01 7.195529568350561078e+01
2.042095417761544951e+01 7.244299039476221935e+01
2.485678854450718234e+01 7.293068510601881371e+01
1.552599045606936556e+01 7.341837981727543649e+01
1.500871659765608612e+01 7.390607452853204506e+01
2.074108637285694812e+01 7.439376923978863942e+01
2.042304595158770297e+01 7.488146395104524800e+01
2.394635903855761327e+01 7.536915866230185657e+01
2.000969351290383358e+01 7.585685337355845093e+01
2.379207095681236694e+01 7.634454808481505950e+01
3.197198452394676238e+01 7.683224279607166807e+01
1.898802618076831550e+01 7.731993750732826243e+01
2.007503270453366895e+01 7.780763221858488521e+01
1.922312672198529526e+01 7.829532692984147957e+01
1.837146185694860279e+01 7.878302164109808814e+01
2.391566727682854321e+01 7.927071635235468250e+01
2.293646486011968477e+01 7.975841106361130528e+01
2.714709763406963816e+01 8.024610577486791385e+01
2.934018138681943810e+01 8.073380048612452242e+01
2.485855177431382401e+01 8.122149519738111678e+01
1.238811397171277662e+01 8.170918990863772535e+01
1.343092974551466057e+01 8.219688461989433392e+01
1.529162907467612342e+01 8.268457933115094249e+01
2.715421615351339213e+01 8.317227404240753685e+01
1.472054468280840922e+01 8.365996875366414542e+01
2.306397594927199890e+01 8.414766346492075400e+01
2.261669986545256350e+01 8.463535817617736257e+01
2.023871404857112921e+01 8.512305288743395693e+01
2.347045391528219938e+01 8.561074759869056550e+01
2.765321552574651420e+01 8.609844230994715986e+01
2.313032105661763893e+01 8.658613702120376843e+01
2.767620168260832259e+01 8.707383173246039121e+01
2.235610616421864449e+01 8.756152644371698557e+01
2.584056310721584637e+01 8.804922115497359414e+01
1.961281005656384480e+01 8.853691586623020271e+01
2.390352364698356524e+01 8.902461057748679707e+01
2.675177697797799325e+01 8.951230528874341985e+01
1.850873179986524519e+01 9.000000000000002842e+01
