1.250840940402300703e+02 2.101991431130637977e+02
1.263118780454772008e+02 2.105777117998065933e+02
1.275396620507243455e+02 2.109562804865493888e+02
1.287674460559714760e+02 2.113348491732921843e+02
1.299952300612186207e+02 2.117134178600349514e+02
1.312230140664657654e+02 2.120919865467777470e+02
1.324507980717128817e+02 2.124705552335205425e+02
1.336785820769600264e+02 2.128491239202633665e+02
1.349063660822071711e+02 2.132276926070061336e+02
1.361341500874542874e+02 2.136062612937489291e+02
1.373619340927014321e+02 2.139848299804917247e+02
1.385897180979485768e+02 2.143633986672344918e+02
1.398175021031956931e+02 2.147419673539772589e+02
1.410452861084428378e+02 2.151205360407200828e+02
1.422730701136899825e+02 2.154991047274628784e+02
1.435008541189371272e+02 2.158776734142056739e+02
1.447286381241842435e+02 2.162562421009484694e+02
1.459564221294313882e+02 2.166348107876912650e+02
1.471842061346785329e+02 2.170133794744340321e+02
1.484119901399256491e+02 2.173919481611767992e+02
1.496397741451727939e+02 2.177705168479196232e+02
1.508675581504199386e+02 2.181490855346624187e+02
1.520953421556670833e+02 2.185276542214051858e+02
1.533231261609141995e+02 2.189062229081479813e+02
1.545509101661613443e+02 2.192847915948907485e+02
1.557786941714084890e+02 2.196633602816335724e+02
1.570064781766556052e+02 2.200581756086451435e+02
1.582342621819027499e+02 2.204450456067632729e+02
1.594620461871498946e+02 2.208235211291633675e+02
1.606898301923970394e+02 2.211966552476762047e+02
1.619176141976441556e+02 2.215684942712398993e+02
1.631453982028913003e+02 2.219396657276123506e+02
1.643731822081384450e+02 2.223108063114617323e+02
1.656009662133855613e+02 2.226876207946917248e+02
1.668287502186327060e+02 2.230738635452316885e+02
1.680565342238798507e+02 2.234742994387374893e+02
1.692843182291269954e+02 2.238892596092473468e+02
1.705121022343741117e+02 2.243177991385515213e+02
1.717398862396212564e+02 2.247561238233089114e+02
1.729676702448684011e+02 2.251986702791110133e+02
1.741954542501155174e+02 2.256420749417234504e+02
1.754232382553626621e+02 2.260842678987740157e+02
1.766510222606098068e+02 2.265218929547536959e+02
1.778788062658569515e+02 2.269528655394722136e+02
1.791065902711040678e+02 2.273757505188604569e+02
1.803343742763512125e+02 2.277895869643622291e+02
1.815621582815983572e+02 2.281938446313756117e+02
1.827899422868454735e+02 2.286093748813481454e+02
1.840177262920926182e+02 2.290636309582215802e+02
1.852455102973397629e+02 2.295651978975239444e+02
1.864732943025869076e+02 2.301115003516079298e+02
1.877010783078340239e+02 2.306890313149080498e+02
1.889288623130811686e+02 2.312880989826064706e+02
1.901566463183282849e+02 2.318896329643105787e+02
1.913844303235754296e+02 2.324857220955903472e+02
1.926122143288225743e+02 2.330721660506633270e+02
1.938399983340697190e+02 2.336402605477259158e+02
1.950677823393168637e+02 2.341821693220262262e+02
1.962955663445639800e+02 2.346902805727077634e+02
1.975233503498111247e+02 2.351615368083899114e+02
1.987511343550582410e+02 2.355936814674351751e+02
1.999789183603053857e+02 2.359903905723124069e+02
2.012067023655525304e+02 2.363494042464926110e+02
2.024344863707996751e+02 2.366775275357148018e+02
2.036622703760468198e+02 2.369772318552103059e+02
2.048900543812939361e+02 2.372555925352229735e+02
2.061178383865410808e+02 2.375154860643345671e+02
2.073456223917881971e+02 2.377578470386383742e+02
2.085734063970353418e+02 2.379813876702056632e+02
2.098011904022824865e+02 2.381858188415675954e+02
2.110289744075296312e+02 2.383716171305115097e+02
2.122567584127767759e+02 2.385407207047114468e+02
2.134845424180238922e+02 2.386945997845067211e+02
2.147123264232710369e+02 2.388351608927134748e+02
2.159401104285181532e+02 2.389659487584226838e+02
2.171678944337652979e+02 2.390862421784360663e+02
2.183956784390124426e+02 2.391973978283921838e+02
2.196234624442595873e+02 2.392982558946416418e+02
2.208512464495067320e+02 2.393864211716390287e+02
2.220790304547538483e+02 2.394615390537334747e+02
2.233068144600009930e+02 2.395217169616518333e+02
2.245345984652481093e+02 2.395662297054042256e+02
2.257623824704952540e+02 2.396013124795060492e+02
2.269901664757423987e+02 2.396439785119674752e+02
2.282179504809895434e+02 2.397467650996914017e+02
2.294457344862366881e+02 2.399029147085679767e+02
2.306735184914838044e+02 2.401083505621445511e+02
2.319013024967309491e+02 2.403489497944567006e+02
2.331290865019780654e+02 2.406251817044312133e+02
2.343568705072252101e+02 2.409363329036693813e+02
2.355846545124723548e+02 2.412831671835897964e+02
2.368124385177194995e+02 2.416671412080469850e+02
2.380402225229666442e+02 2.420941514253555056e+02
2.392680065282137605e+02 2.425665914234782576e+02
2.404957905334609052e+02 2.430806988010045302e+02
2.417235745387080215e+02 2.436393751737315370e+02
2.429513585439551662e+02 2.442359808264663172e+02
2.441791425492023109e+02 2.448637278983611623e+02
2.454069265544494556e+02 2.455187847501393605e+02
2.466347105596966003e+02 2.462049870020080107e+02
2.478624945649437166e+02 2.469227148451211349e+02
2.490902785701908613e+02 2.476723207440402916e+02
2.503180625754379776e+02 2.484680650054410194e+02
2.515458465806851223e+02 2.493099957083477989e+02
2.527736305859322670e+02 2.501824272069035260e+02
2.540014145911794117e+02 2.510795637998900247e+02
2.552291985964265280e+02 2.519943054734980592e+02
2.564569826016736442e+02 2.529316518541427286e+02
2.576847666069207889e+02 2.538916759756504575e+02
2.589125506121679337e+02 2.548732838787123001e+02
2.601403346174150784e+02 2.558682361076137681e+02
2.613681186226622231e+02 2.568754821838070370e+02
2.625959026279093678e+02 2.578931751731544750e+02
2.638236866331565125e+02 2.589197371571044641e+02
2.650514706384036572e+02 2.599516186869718695e+02
2.662792546436508019e+02 2.609879345178580365e+02
2.675070386488978897e+02 2.620272738980843314e+02
2.687348226541450344e+02 2.630671504257394417e+02
2.699626066593921792e+02 2.641062561203274299e+02
2.711903906646393239e+02 2.651440735089796590e+02
2.724181746698864117e+02 2.661802354462263338e+02
2.736459586751335564e+02 2.672141435470405781e+02
2.748737426803807011e+02 2.682448229049812767e+02
2.761015266856278458e+02 2.692721437721388043e+02
2.773293106908749905e+02 2.702956079695794642e+02
2.785570946961221352e+02 2.713149368028758772e+02
2.797848787013692800e+02 2.723294825012720821e+02
2.810126627066164247e+02 2.733396575251782679e+02
2.822404467118635694e+02 2.743455416125405577e+02
2.834682307171107141e+02 2.753476810921940796e+02
2.846960147223578019e+02 2.763466947726467993e+02
2.859237987276049466e+02 2.773429762205349220e+02
2.871515827328520913e+02 2.783378949352689347e+02
2.883793667380992360e+02 2.793337889140918833e+02
2.896071507433463239e+02 2.803328301994608864e+02
2.908349347485934686e+02 2.813373517073421226e+02
2.920627187538406133e+02 2.823496025836863055e+02
2.932905027590877580e+02 2.833709008742736160e+02
2.945182867643349027e+02 2.844010699493175025e+02
2.957460707695820474e+02 2.854405277008663688e+02
2.969738547748291921e+02 2.864877054438347841e+02
2.982016387800763368e+02 2.875416289865058843e+02
2.994294227853234815e+02 2.886004259569790520e+02
3.006572067905706263e+02 2.896615313583931197e+02
3.018849907958177141e+02 2.907227185653803190e+02
3.031127748010648588e+02 2.917819621481393710e+02
3.043405588063120035e+02 2.928377129562425125e+02
3.055683428115591482e+02 2.938891214432344441e+02
3.067961268168062361e+02 2.949401793217741670e+02
3.080239108220533808e+02 2.960048275990379807e+02
3.092516948273005255e+02 2.970869082061333302e+02
3.104794788325476702e+02 2.981886187732732196e+02
3.117072628377948149e+02 2.993090008358612408e+02
3.129350468430419596e+02 3.004432666736540227e+02
3.141628308482891043e+02 3.015860707716433353e+02
3.153906148535362490e+02 3.027399578392149806e+02
3.166183988587833937e+02 3.039111135345669368e+02
3.178461828640305384e+02 3.051107846781858939e+02
3.190739668692776263e+02 3.063501669263757208e+02
3.203017508745247710e+02 3.076284170905380506e+02
3.215295348797719157e+02 3.089337586547595151e+02
3.227573188850190036e+02 3.102607900698753838e+02
3.239851028902661483e+02 3.115724418346427456e+02
3.252128868955132930e+02 3.128464306891222009e+02
3.264406709007604377e+02 3.140911702850683582e+02
3.276684549060075824e+02 3.153184101199123006e+02
3.288962389112547271e+02 3.165254930478085953e+02
3.301240229165018718e+02 3.177087612658442595e+02
3.313518069217490165e+02 3.188657281255744920e+02
3.325795909269961612e+02 3.199809887429742616e+02
3.338073749322433059e+02 3.210546100536733434e+02
3.350351589374904506e+02 3.221451491311120208e+02
3.362629429427375385e+02 3.232356882085506413e+02
3.374907269479846832e+02 3.243262272859892619e+02
3.387185109532318279e+02 3.254167663634279393e+02
3.399462949584789158e+02 3.265073054408666167e+02
3.411740789637260605e+02 3.275978445183052372e+02
3.424018629689732052e+02 3.286883835957438578e+02
3.436296469742203499e+02 3.297789226731825920e+02
3.448574309794674946e+02 3.308694617506212126e+02
3.460852149847146393e+02 3.319600008280598900e+02
3.473129989899617840e+02 3.330505399054985105e+02
3.485407829952089287e+02 3.341410789829371879e+02
3.497685670004560734e+02 3.352316180603758653e+02
3.509963510057032181e+02 3.363221571378145427e+02
3.522241350109503628e+02 3.374126962152531632e+02
3.534519190161974507e+02 3.385032352926917838e+02
3.546797030214445954e+02 3.395937743701304043e+02
3.559074870266917401e+02 3.406843134475691386e+02
3.571352710319388279e+02 3.417748525250076455e+02
3.583630550371859727e+02 3.428653916024463797e+02
3.595908390424331174e+02 3.439559306798850002e+02
3.608186230476802621e+02 3.450464697573237345e+02
3.620464070529274068e+02 3.461370088347623550e+02
3.632741910581745515e+02 3.472275479122009756e+02
3.645019750634216962e+02 3.483180869896396530e+02
3.657297590686688409e+02 3.494086260670783304e+02
3.669575430739159856e+02 3.504991651445170078e+02
3.681853270791631303e+02 3.515897042219555715e+02
3.694131110844102182e+02 3.526802432993942489e+02
