1.272358462630093641e+02 2.102076971610806879e+02
1.284323505830269596e+02 2.106037175943161515e+02
1.296288549030445267e+02 2.109997380275516150e+02
1.308253592230621223e+02 2.113957584607870785e+02
1.320218635430797178e+02 2.117917788940225421e+02
1.332183678630972850e+02 2.121877993272579772e+02
1.344148721831148805e+02 2.125838197604934408e+02
1.356113765031324760e+02 2.129798401937289043e+02
1.368078808231500432e+02 2.133758606269643678e+02
1.380043851431676387e+02 2.137718810601998030e+02
1.392008894631852058e+02 2.141679014934352665e+02
1.403973937832028014e+02 2.145639219266707300e+02
1.415938981032203969e+02 2.149599423599061652e+02
1.427904024232379641e+02 2.153559627931416571e+02
1.439869067432555596e+02 2.157519832263770923e+02
1.451834110632731552e+02 2.161480036596125558e+02
1.463799153832907223e+02 2.165440240928480193e+02
1.475764197033083178e+02 2.169400445260834545e+02
1.487729240233259134e+02 2.173360649593189464e+02
1.499694283433434805e+02 2.177320853925543815e+02
1.511659326633610760e+02 2.181281058257898451e+02
1.523624369833786432e+02 2.185241262590253086e+02
1.535589413033962387e+02 2.189201466922607437e+02
1.547554456234138343e+02 2.193161671254962073e+02
1.559519499434314014e+02 2.197121875587316708e+02
1.571484542634489969e+02 2.201132454685883886e+02
1.583449585834665925e+02 2.205122731436622416e+02
1.595414629034841596e+02 2.208903691413318029e+02
1.607379672235017551e+02 2.212560886920792029e+02
1.619344715435193507e+02 2.216281294494384042e+02
1.631309758635369178e+02 2.220133777663870660e+02
1.643274801835545134e+02 2.224128193555340545e+02
1.655239845035720805e+02 2.228251703347805801e+02
1.667204888235896760e+02 2.232501751502360889e+02
1.679169931436072716e+02 2.236853954186358919e+02
1.691134974636248671e+02 2.241282989390045941e+02
1.703100017836424342e+02 2.245762750780597514e+02
1.715065061036600298e+02 2.250276928501606335e+02
1.727030104236775969e+02 2.254808946309657927e+02
1.738995147436951925e+02 2.259327736828205957e+02
1.750960190637127880e+02 2.263821447554470581e+02
1.762925233837303551e+02 2.268278293602680264e+02
1.774890277037479507e+02 2.272677647615731189e+02
1.786855320237655178e+02 2.276998934352327524e+02
1.798820363437831134e+02 2.281241695289893130e+02
1.810785406638007089e+02 2.285395103733958422e+02
1.822750449838183044e+02 2.289461920594653748e+02
1.834715493038358716e+02 2.293437391961424225e+02
1.846680536238534671e+02 2.297310605570224311e+02
1.858645579438710342e+02 2.301124479804308294e+02
1.870610622638886298e+02 2.304895397257110972e+02
1.882575665839062253e+02 2.308755268277303117e+02
1.894540709039237925e+02 2.312832087061907487e+02
1.906505752239413880e+02 2.317188144452579763e+02
1.918470795439589551e+02 2.321817036585246115e+02
1.930435838639765507e+02 2.326701545415668875e+02
1.942400881839941462e+02 2.331817513529822747e+02
1.954365925040117418e+02 2.336936843560579291e+02
1.966330968240293089e+02 2.342013862750822568e+02
1.978296011440469044e+02 2.346991571391319837e+02
1.990261054640644716e+02 2.351711052399752191e+02
2.002226097840820671e+02 2.356063864456403110e+02
2.014191141040996627e+02 2.359967146960225648e+02
2.026156184241172582e+02 2.363451210542213232e+02
2.038121227441348253e+02 2.366537385157268716e+02
2.050086270641523924e+02 2.369339108602871988e+02
2.062051313841699880e+02 2.371925842284937289e+02
2.074016357041875835e+02 2.374340429028679864e+02
2.085981400242051791e+02 2.376625494149446638e+02
2.097946443442227462e+02 2.378767876068096712e+02
2.109911486642403418e+02 2.380769700970711824e+02
2.121876529842579089e+02 2.382610485440263801e+02
2.133841573042755044e+02 2.384278628097741830e+02
2.145806616242931000e+02 2.385784536728877185e+02
2.157771659443106955e+02 2.387120451810734210e+02
2.169736702643282626e+02 2.388319964450428188e+02
2.181701745843458298e+02 2.389429925720365588e+02
2.193666789043634253e+02 2.390467359662454214e+02
2.205631832243810209e+02 2.391408608890376399e+02
2.217596875443986164e+02 2.392262470696565231e+02
2.229561918644161835e+02 2.393011633225480637e+02
2.241526961844337791e+02 2.393636071060386143e+02
2.253492005044513462e+02 2.394128064833324459e+02
2.265457048244689418e+02 2.394534055031369348e+02
2.277422091444865373e+02 2.394951903509662827e+02
2.289387134645041328e+02 2.395446098354472610e+02
2.301352177845217000e+02 2.396009411979501351e+02
2.313317221045392671e+02 2.396764203016591637e+02
2.325282264245568626e+02 2.397846570918670466e+02
2.337247307445744582e+02 2.399372532998341967e+02
2.349212350645920537e+02 2.401355433786318656e+02
2.361177393846096493e+02 2.403758011605311253e+02
2.373142437046272164e+02 2.406573264393419151e+02
2.385107480246447835e+02 2.409920248031565109e+02
2.397072523446623791e+02 2.413831612791721568e+02
2.409037566646799746e+02 2.418326952163294550e+02
2.421002609846975702e+02 2.423360013505293296e+02
2.432967653047151373e+02 2.428866466398390855e+02
2.444932696247327328e+02 2.434887117023349106e+02
2.456897739447503000e+02 2.441394792271275378e+02
2.468862782647678955e+02 2.448468359120225841e+02
2.480827825847854911e+02 2.456097453448812189e+02
2.492792869048030866e+02 2.464306875642418220e+02
2.504757912248206537e+02 2.472967616754797575e+02
2.516722955448382208e+02 2.481759191377943523e+02
2.528687998648558164e+02 2.490694123053228566e+02
2.540653041848734119e+02 2.499711932230397906e+02
2.552618085048910075e+02 2.508789275215535781e+02
2.564583128249086030e+02 2.517965106174783898e+02
2.576548171449261417e+02 2.527237108454688723e+02
2.588513214649437373e+02 2.536608423026834771e+02
2.600478257849613328e+02 2.546084975581105141e+02
2.612443301049789284e+02 2.555629128547170126e+02
2.624408344249965239e+02 2.565258325637796020e+02
2.636373387450140626e+02 2.574956074353976305e+02
2.648338430650317150e+02 2.584720239559359243e+02
2.660303473850492537e+02 2.594552733358855221e+02
2.672268517050668493e+02 2.604438283110005159e+02
2.684233560250844448e+02 2.614361700408203433e+02
2.696198603451019835e+02 2.624307840751247340e+02
2.708163646651196359e+02 2.634260796814143077e+02
2.720128689851371746e+02 2.644212591831225154e+02
2.732093733051547702e+02 2.654152918514524231e+02
2.744058776251723657e+02 2.664084170200479775e+02
2.756023819451899044e+02 2.674011068886968587e+02
2.767988862652075568e+02 2.683935376751176136e+02
2.779953905852250955e+02 2.693863135409838492e+02
2.791918949052426910e+02 2.703803636160266706e+02
2.803883992252602866e+02 2.713763941991702495e+02
2.815849035452778821e+02 2.723750063753513473e+02
2.827814078652954777e+02 2.733783010808929248e+02
2.839779121853130164e+02 2.743882827676010834e+02
2.851744165053306688e+02 2.754069354427358007e+02
2.863709208253482075e+02 2.764364105939879437e+02
2.875674251453658030e+02 2.774764381691706490e+02
2.887639294653833986e+02 2.785256694720808923e+02
2.899604337854009373e+02 2.795829087719055224e+02
2.911569381054185897e+02 2.806458456888278192e+02
2.923534424254361284e+02 2.817118414220134355e+02
2.935499467454537239e+02 2.827787214155818560e+02
2.947464510654713195e+02 2.838451322347594328e+02
2.959429553854888582e+02 2.849112312041551149e+02
2.971394597055065105e+02 2.859777060579278896e+02
2.983359640255240492e+02 2.870442138767199367e+02
2.995324683455416448e+02 2.881089630758178828e+02
3.007289726655592403e+02 2.891695555115425691e+02
3.019254769855768359e+02 2.902243224744034364e+02
3.031219813055944314e+02 2.912715585550094488e+02
3.043184856256119701e+02 2.923115861831576012e+02
3.055149899456295657e+02 2.933584777368097321e+02
3.067114942656471612e+02 2.944105372891972365e+02
3.079079985856647568e+02 2.954656855257491088e+02
3.091045029056823523e+02 2.965239299257379457e+02
3.103010072256998910e+02 2.975831032808430905e+02
3.114975115457175434e+02 2.986457264960118323e+02
3.126940158657350821e+02 2.997149437711454425e+02
3.138905201857526777e+02 3.007923454964418397e+02
3.150870245057702732e+02 3.018797126889630817e+02
3.162835288257878119e+02 3.029779108795310663e+02
3.174800331458054643e+02 3.040863548427283831e+02
3.186765374658230030e+02 3.052036766217431705e+02
3.198730417858405985e+02 3.063314408278665155e+02
3.210695461058581941e+02 3.074758333081130104e+02
3.222660504258757328e+02 3.086413667845507121e+02
3.234625547458933852e+02 3.098358785513329394e+02
3.246590590659109239e+02 3.110466579178581696e+02
3.258555633859285194e+02 3.122466734250244826e+02
3.270520677059461150e+02 3.134473882202669870e+02
3.282485720259637105e+02 3.146470414427886908e+02
3.294450763459813061e+02 3.158308499995842453e+02
3.306415806659988448e+02 3.169966297784426956e+02
3.318380849860164972e+02 3.181582917984512733e+02
3.330345893060340359e+02 3.193199538184597941e+02
3.342310936260516314e+02 3.204816158384683717e+02
3.354275979460692270e+02 3.216432778584769494e+02
3.366241022660867657e+02 3.228049398784855839e+02
3.378206065861044181e+02 3.239666018984941616e+02
3.390171109061219568e+02 3.251282639185026824e+02
3.402136152261395523e+02 3.262899259385113169e+02
3.414101195461571479e+02 3.274515879585198945e+02
3.426066238661746866e+02 3.286132499785284153e+02
3.438031281861923389e+02 3.297749119985370498e+02
3.449996325062098776e+02 3.309365740185455707e+02
3.461961368262274732e+02 3.320982360385541483e+02
3.473926411462450687e+02 3.332598980585627260e+02
3.485891454662626643e+02 3.344215600785713605e+02
3.497856497862802598e+02 3.355832220985799381e+02
3.509821541062977985e+02 3.367448841185884589e+02
3.521786584263153941e+02 3.379065461385970366e+02
3.533751627463329896e+02 3.390682081586056142e+02
3.545716670663505852e+02 3.402298701786141919e+02
3.557681713863681807e+02 3.413915321986227696e+02
3.569646757063857194e+02 3.425531942186312904e+02
3.581611800264033718e+02 3.437148562386399817e+02
3.593576843464209105e+02 3.448765182586485025e+02
3.605541886664385061e+02 3.460381802786570802e+02
3.617506929864561016e+02 3.471998422986656578e+02
3.629471973064736403e+02 3.483615043186742355e+02
3.641437016264912927e+02 3.495231663386828131e+02
3.653402059465088314e+02 3.506848283586913340e+02
