1.263239456195370281e+02 2.120891300025515136e+02
1.274700599506879541e+02 2.123744216992250813e+02
1.286161742818388802e+02 2.126597133958986490e+02
1.297622886129898347e+02 2.129450050925722167e+02
1.309084029441407608e+02 2.132302967892457843e+02
1.320545172752916869e+02 2.135155884859193520e+02
1.332006316064426130e+02 2.138008801825929481e+02
1.343467459375935391e+02 2.140861718792665158e+02
1.354928602687444936e+02 2.143714635759400835e+02
1.366389745998954197e+02 2.146567552726136796e+02
1.377850889310463458e+02 2.149420469692872189e+02
1.389312032621972719e+02 2.152273386659608150e+02
1.400773175933481980e+02 2.155126303626343542e+02
1.412234319244991525e+02 2.157979220593079503e+02
1.423695462556500786e+02 2.160832137559815180e+02
1.435156605868010047e+02 2.163685054526550857e+02
1.446617749179519308e+02 2.166537971493286534e+02
1.458078892491028569e+02 2.169390888460022211e+02
1.469540035802538114e+02 2.172243805426758172e+02
1.481001179114047375e+02 2.175096722393493565e+02
1.492462322425556636e+02 2.177949639360229810e+02
1.503923465737065897e+02 2.180802556326965203e+02
1.515384609048575157e+02 2.183655473293700879e+02
1.526845752360084703e+02 2.186508390260436840e+02
1.538306895671593963e+02 2.189361307227172233e+02
1.549768038983103224e+02 2.192214224193908194e+02
1.561229182294612485e+02 2.195067141160643587e+02
1.572690325606121746e+02 2.197920058127379548e+02
1.584151468917631291e+02 2.200726844976261987e+02
1.595612612229140552e+02 2.203473174713338096e+02
1.607073755540649813e+02 2.206205433087702090e+02
1.618534898852159074e+02 2.208934714748899637e+02
1.629996042163668335e+02 2.211668213964232450e+02
1.641457185475177880e+02 2.214414274279555457e+02
1.652918328786687141e+02 2.217235939291965678e+02
1.664379472098196402e+02 2.220155985722967387e+02
1.675840615409705663e+02 2.223249850261547635e+02
1.687301758721214924e+02 2.226472498339025208e+02
1.698762902032724469e+02 2.229851422597041619e+02
1.710224045344233730e+02 2.233384805460235896e+02
1.721685188655742991e+02 2.237022174258041787e+02
1.733146331967252252e+02 2.240781519452531825e+02
1.744607475278761513e+02 2.244651545083989390e+02
1.756068618590271058e+02 2.248613410289530634e+02
1.767529761901780319e+02 2.252645581992795201e+02
1.778990905213289579e+02 2.256739364824855443e+02
1.790452048524798840e+02 2.260855858002092305e+02
1.801913191836308101e+02 2.265007982594405007e+02
1.813374335147817646e+02 2.269164538648762459e+02
1.824835478459326907e+02 2.273327607712678287e+02
1.836296621770836168e+02 2.277597141465846278e+02
1.847757765082345429e+02 2.282142218998088197e+02
1.859218908393854690e+02 2.287095744061854532e+02
1.870680051705364235e+02 2.292497492509875201e+02
1.882141195016873496e+02 2.298156515727087310e+02
1.893602338328382757e+02 2.304006932838927071e+02
1.905063481639892302e+02 2.309875957924385261e+02
1.916524624951401279e+02 2.315751103321442770e+02
1.927985768262910824e+02 2.321510282567789147e+02
1.939446911574420085e+02 2.327148641204413479e+02
1.950908054885929346e+02 2.332645099633361383e+02
1.962369198197438891e+02 2.337930513772353152e+02
1.973830341508947868e+02 2.342976408419942231e+02
1.985291484820457413e+02 2.347614176988544159e+02
1.996752628131966674e+02 2.351826104688568648e+02
2.008213771443475935e+02 2.355537241686361369e+02
2.019674914754985480e+02 2.358685166355590468e+02
2.031136058066494456e+02 2.361361909175917617e+02
2.042597201378004002e+02 2.363645772557378280e+02
2.054058344689513262e+02 2.365658659819769696e+02
2.065519488001022523e+02 2.367467526954808363e+02
2.076980631312532068e+02 2.369112885913364153e+02
2.088441774624041045e+02 2.370628499159042235e+02
2.099902917935550590e+02 2.372110598514407229e+02
2.111364061247059851e+02 2.373558231015504134e+02
2.122825204558569112e+02 2.374960128633737781e+02
2.134286347870078657e+02 2.376276620922918710e+02
2.145747491181587634e+02 2.377516188974715590e+02
2.157208634493097179e+02 2.378632167173413166e+02
2.168669777804606440e+02 2.379644382205208899e+02
2.180130921116115701e+02 2.380501304378198597e+02
2.191592064427625246e+02 2.381239601682057128e+02
2.203053207739134223e+02 2.381834116119845248e+02
2.214514351050643768e+02 2.382305391985622123e+02
2.225975494362153029e+02 2.382739741823599502e+02
2.237436637673662290e+02 2.383182653683148828e+02
2.248897780985171835e+02 2.383692795613519024e+02
2.260358924296680811e+02 2.384311058453233159e+02
2.271820067608190357e+02 2.385079945796068159e+02
2.283281210919699618e+02 2.386024581229336832e+02
2.294742354231208878e+02 2.387170488704155673e+02
2.306203497542718424e+02 2.388504588439088820e+02
2.317664640854227400e+02 2.390153910043078440e+02
2.329125784165736945e+02 2.392162360835280879e+02
2.340586927477246206e+02 2.394524739523052972e+02
2.352048070788755467e+02 2.397195613371205809e+02
2.363509214100265012e+02 2.400188385854466731e+02
2.374970357411773989e+02 2.403587987228269753e+02
2.386431500723283534e+02 2.407461773425874583e+02
2.397892644034792795e+02 2.411759835831504688e+02
2.409353787346302056e+02 2.416458891793367343e+02
2.420814930657811601e+02 2.421479811965938609e+02
2.432276073969320578e+02 2.426755042415971388e+02
2.443737217280830123e+02 2.432369042664090273e+02
2.455198360592339384e+02 2.438375066834842073e+02
2.466659503903848645e+02 2.444860916402299722e+02
2.478120647215358190e+02 2.451805125913490713e+02
2.489581790526867167e+02 2.459059053114145854e+02
2.501042933838376712e+02 2.466483662659265974e+02
2.512504077149885973e+02 2.474092881717934915e+02
2.523965220461395234e+02 2.481920748133487109e+02
2.535426363772904779e+02 2.490021311424915496e+02
2.546887507084414040e+02 2.498429815502643976e+02
2.558348650395923300e+02 2.507084206572825451e+02
2.569809793707432846e+02 2.515877850857396822e+02
2.581270937018941822e+02 2.524794590322432555e+02
2.592732080330451367e+02 2.533829737582806558e+02
2.604193223641960913e+02 2.542977094747399747e+02
2.615654366953469889e+02 2.552229838662420889e+02
2.627115510264978866e+02 2.561601654743726613e+02
2.638576653576488411e+02 2.571109293645953926e+02
2.650037796887997956e+02 2.580758868234676129e+02
2.661498940199506933e+02 2.590538026786501291e+02
2.672960083511016478e+02 2.600427193323204165e+02
2.684421226822526023e+02 2.610392772483139652e+02
2.695882370134035000e+02 2.620394051489788581e+02
2.707343513445544545e+02 2.630401172194651735e+02
2.718804656757054090e+02 2.640383152753479408e+02
2.730265800068563067e+02 2.650315695005782004e+02
2.741726943380072044e+02 2.660188182636719034e+02
2.753188086691581589e+02 2.669993600311197497e+02
2.764649230003091134e+02 2.679741985869125074e+02
2.776110373314600110e+02 2.689450168111111452e+02
2.787571516626109656e+02 2.699142495305038096e+02
2.799032659937619201e+02 2.708821582204913625e+02
2.810493803249128177e+02 2.718498335299537416e+02
2.821954946560637723e+02 2.728180956277581686e+02
2.833416089872147268e+02 2.737886011357501843e+02
2.844877233183656244e+02 2.747627573257420863e+02
2.856338376495165221e+02 2.757417214251656787e+02
2.867799519806674766e+02 2.767255300993903688e+02
2.879260663118184311e+02 2.777131051595894178e+02
2.890721806429693288e+02 2.787017811826788147e+02
2.902182949741202833e+02 2.796887821007346133e+02
2.913644093052712378e+02 2.806736744822611058e+02
2.925105236364221355e+02 2.816581545423387638e+02
2.936566379675730900e+02 2.826447637403077806e+02
2.948027522987240445e+02 2.836340700223245221e+02
2.959488666298749422e+02 2.846260061286309337e+02
2.970949809610258399e+02 2.856196838919337893e+02
2.982410952921767944e+02 2.866147833011546027e+02
2.993872096233277489e+02 2.876111187289060354e+02
3.005333239544786466e+02 2.886079881221897381e+02
3.016794382856296011e+02 2.896045886834784824e+02
3.028255526167805556e+02 2.905998703440812960e+02
3.039716669479314533e+02 2.915945833849986570e+02
3.051177812790824078e+02 2.925940955030337136e+02
3.062638956102333623e+02 2.936035924943910231e+02
3.074100099413842599e+02 2.946259057546469649e+02
3.085561242725351576e+02 2.956576028950407817e+02
3.097022386036861121e+02 2.966996135718413825e+02
3.108483529348370666e+02 2.977629731588091317e+02
3.119944672659879643e+02 2.988532129906366777e+02
3.131405815971389188e+02 2.999729795512636201e+02
3.142866959282898733e+02 3.011179081966974991e+02
3.154328102594407710e+02 3.022661699005307128e+02
3.165789245905917255e+02 3.034004262745377218e+02
3.177250389217426800e+02 3.045234995659819788e+02
3.188711532528935777e+02 3.056360349251389721e+02
3.200172675840444754e+02 3.067367826218179516e+02
3.211633819151954867e+02 3.078375303184970448e+02
3.223094962463463844e+02 3.089382780151760812e+02
3.234556105774972821e+02 3.100390257118550608e+02
3.246017249086482366e+02 3.111397734085340971e+02
3.257478392397991911e+02 3.122405211052131904e+02
3.268939535709500888e+02 3.133412688018921699e+02
3.280400679021010433e+02 3.144420164985712063e+02
3.291861822332519978e+02 3.155427641952502995e+02
3.303322965644028955e+02 3.166435118919292790e+02
3.314784108955537931e+02 3.177442595886082586e+02
3.326245252267048045e+02 3.188450072852874086e+02
3.337706395578557022e+02 3.199457549819663882e+02
3.349167538890065998e+02 3.210465026786454246e+02
3.360628682201575543e+02 3.221472503753244609e+02
3.372089825513085088e+02 3.232479980720034973e+02
3.383550968824594065e+02 3.243487457686824769e+02
3.395012112136103610e+02 3.254494934653615701e+02
3.406473255447613155e+02 3.265502411620405496e+02
3.417934398759122132e+02 3.276509888587195860e+02
3.429395542070631109e+02 3.287517365553986224e+02
3.440856685382141222e+02 3.298524842520777156e+02
3.452317828693650199e+02 3.309532319487567520e+02
3.463778972005159176e+02 3.320539796454357315e+02
3.475240115316668721e+02 3.331547273421147679e+02
3.486701258628178266e+02 3.342554750387938611e+02
3.498162401939687243e+02 3.353562227354727838e+02
3.509623545251196788e+02 3.364569704321518770e+02
3.521084688562706333e+02 3.375577181288309134e+02
3.532545831874215310e+02 3.386584658255098930e+02
3.544006975185724855e+02 3.397592135221889862e+02
