1.263162435320137718e+02 2.098074393500701831e+02
1.273127773004058838e+02 2.101093427048875810e+02
1.283093110687979959e+02 2.104112460597050074e+02
1.293058448371901363e+02 2.107131494145224053e+02
1.303023786055822484e+02 2.110150527693398033e+02
1.312989123739743604e+02 2.113169561241572012e+02
1.322954461423664725e+02 2.116188594789745707e+02
1.332919799107585845e+02 2.119207628337920255e+02
1.342885136791507250e+02 2.122226661886094234e+02
1.352850474475428371e+02 2.125245695434268214e+02
1.362815812159349491e+02 2.128264728982442193e+02
1.372781149843270612e+02 2.131283762530616173e+02
1.382746487527191732e+02 2.134302796078790152e+02
1.392711825211113137e+02 2.137321829626964416e+02
1.402677162895034257e+02 2.140340863175138395e+02
1.412642500578955378e+02 2.143359896723312090e+02
1.422607838262876498e+02 2.146378930271486070e+02
1.432573175946797619e+02 2.149397963819660333e+02
1.442538513630718739e+02 2.152416997367834313e+02
1.452503851314640144e+02 2.155436030916008576e+02
1.462469188998561265e+02 2.158455064464182271e+02
1.472434526682482385e+02 2.161474098012356535e+02
1.482399864366403506e+02 2.164493131560530514e+02
1.492365202050324910e+02 2.167512165108704494e+02
1.502330539734246031e+02 2.170531198656878473e+02
1.512295877418167152e+02 2.173550232205052453e+02
1.522261215102088272e+02 2.176569265753226432e+02
1.532226552786009393e+02 2.179588299301400411e+02
1.542191890469930513e+02 2.182607332849574675e+02
1.552157228153851918e+02 2.185626366397748654e+02
1.562122565837773038e+02 2.188645399945922350e+02
1.572087903521694159e+02 2.191664433494096613e+02
1.582053241205615279e+02 2.194683467042270593e+02
1.592018578889536684e+02 2.197754938022169995e+02
1.601983916573457805e+02 2.200751996071728058e+02
1.611949254257378925e+02 2.203712638263539532e+02
1.621914591941300046e+02 2.206667911809735187e+02
1.631879929625221166e+02 2.209643055660033895e+02
1.641845267309142287e+02 2.212638610648615440e+02
1.651810604993063407e+02 2.215705524209658108e+02
1.661775942676984812e+02 2.218849215086748927e+02
1.671741280360905932e+02 2.222102001905791440e+02
1.681706618044827053e+02 2.225453622217533507e+02
1.691671955728748458e+02 2.228912913603444963e+02
1.701637293412669578e+02 2.232471787357864343e+02
1.711602631096590699e+02 2.236110885796114758e+02
1.721567968780511819e+02 2.239807772879010770e+02
1.731533306464432940e+02 2.243552120642652596e+02
1.741498644148354060e+02 2.247314031354166275e+02
1.751463981832275181e+02 2.251118983400812965e+02
1.761429319516196585e+02 2.254917444971352154e+02
1.771394657200117706e+02 2.258719503173136331e+02
1.781359994884038827e+02 2.262534566518718293e+02
1.791325332567959947e+02 2.266348015798478741e+02
1.801290670251881352e+02 2.270154285578200870e+02
1.811256007935802472e+02 2.273938747959992952e+02
1.821221345619723593e+02 2.277690320593409865e+02
1.831186683303644713e+02 2.281414545782094194e+02
1.841152020987565834e+02 2.285113782837119913e+02
1.851117358671486954e+02 2.288825789631035263e+02
1.861082696355408359e+02 2.292649684010303872e+02
1.871048034039329480e+02 2.296839177568911623e+02
1.881013371723250600e+02 2.301284509124282351e+02
1.890978709407171721e+02 2.306080328420466401e+02
1.900944047091093125e+02 2.311012486246816309e+02
1.910909384775014246e+02 2.316092610232391280e+02
1.920874722458935366e+02 2.321174531119095832e+02
1.930840060142856487e+02 2.326239603564312688e+02
1.940805397826777607e+02 2.331281305865526576e+02
1.950770735510698728e+02 2.336250905951046946e+02
1.960736073194619848e+02 2.341144223159020044e+02
1.970701410878541253e+02 2.345924352348292814e+02
1.980666748562462374e+02 2.350499966995630530e+02
1.990632086246383778e+02 2.354868507164827633e+02
2.000597423930304899e+02 2.358949941486572754e+02
2.010562761614226019e+02 2.362727147323963948e+02
2.020528099298147140e+02 2.366210592588562918e+02
2.030493436982068260e+02 2.369413014332014882e+02
2.040458774665989381e+02 2.372349699365650508e+02
2.050424112349910502e+02 2.375050960646577778e+02
2.060389450033831622e+02 2.377571130006396629e+02
2.070354787717753027e+02 2.379966378219406238e+02
2.080320125401674147e+02 2.382264899710402801e+02
2.090285463085595268e+02 2.384477607658402292e+02
2.100250800769516673e+02 2.386592479619631604e+02
2.110216138453437793e+02 2.388588427399865850e+02
2.120181476137358914e+02 2.390444196408711832e+02
2.130146813821280034e+02 2.392169861623485758e+02
2.140112151505201155e+02 2.393770126170506671e+02
2.150077489189122275e+02 2.395218435600252747e+02
2.160042826873043396e+02 2.396533520511979418e+02
2.170008164556964800e+02 2.397715707988771214e+02
2.179973502240885921e+02 2.398787344858283745e+02
2.189938839924807041e+02 2.399758785269279144e+02
2.199904177608728446e+02 2.400686128909488275e+02
2.209869515292649567e+02 2.401544863934544480e+02
2.219834852976570687e+02 2.402332451251973566e+02
2.229800190660491808e+02 2.403081222242921626e+02
2.239765528344412928e+02 2.403777073609906836e+02
2.249730866028334049e+02 2.404424596956832261e+02
2.259696203712255169e+02 2.405011085878254846e+02
2.269661541396176290e+02 2.405519409833890450e+02
2.279626879080097694e+02 2.405945864023100569e+02
2.289592216764018815e+02 2.406312067345409957e+02
2.299557554447940220e+02 2.406715112068464464e+02
2.309522892131861340e+02 2.407443860992598275e+02
2.319488229815782461e+02 2.408606584155510291e+02
2.329453567499703581e+02 2.410202093677898461e+02
2.339418905183624702e+02 2.412194586699271497e+02
2.349384242867545822e+02 2.414496453365925959e+02
2.359349580551466943e+02 2.417116117843954157e+02
2.369314918235388063e+02 2.419966799788683147e+02
2.379280255919309468e+02 2.423124599539454493e+02
2.389245593603230589e+02 2.426488124988852633e+02
2.399210931287151993e+02 2.430178770644275517e+02
2.409176268971073114e+02 2.434116824117431008e+02
2.419141606654994234e+02 2.438286792884409238e+02
2.429106944338915355e+02 2.442607001436664405e+02
2.439072282022836475e+02 2.447085568335853054e+02
2.449037619706757596e+02 2.451665887184984456e+02
2.459002957390678716e+02 2.456420169063277967e+02
2.468968295074599837e+02 2.461367664080660802e+02
2.478933632758521242e+02 2.466489377330293564e+02
2.488898970442442362e+02 2.471791372831640103e+02
2.498864308126363483e+02 2.477213882683163320e+02
2.508829645810284887e+02 2.482781154320676364e+02
2.518794983494206008e+02 2.488519837745215284e+02
2.528760321178127128e+02 2.494528263673655317e+02
2.538725658862048249e+02 2.500800087265416209e+02
2.548690996545969369e+02 2.507349997766064291e+02
2.558656334229890490e+02 2.514037318078467536e+02
2.568621671913812179e+02 2.520799284071180466e+02
2.578587009597732731e+02 2.527638782464317728e+02
2.588552347281654420e+02 2.534620282236830349e+02
2.598517684965574972e+02 2.541766684414963038e+02
2.608483022649496661e+02 2.549094344054617238e+02
2.618448360333417781e+02 2.556589234943726012e+02
2.628413698017338902e+02 2.564254411426411480e+02
2.638379035701260023e+02 2.572003631284026710e+02
2.648344373385181143e+02 2.579811040554943702e+02
2.658309711069102264e+02 2.587646049576201221e+02
2.668275048753023384e+02 2.595484937712786859e+02
2.678240386436945073e+02 2.603320401068924639e+02
2.688205724120865625e+02 2.611142111557236376e+02
2.698171061804787314e+02 2.618935164116921328e+02
2.708136399488707866e+02 2.626697877985019431e+02
2.718101737172629555e+02 2.634429297645407360e+02
2.728067074856550676e+02 2.642125018518604520e+02
2.738032412540471796e+02 2.649781945088956832e+02
2.747997750224392917e+02 2.657403153633559327e+02
2.757963087908314037e+02 2.664990077818916916e+02
2.767928425592235158e+02 2.672543490971997358e+02
2.777893763276156278e+02 2.680037993165627199e+02
2.787859100960077967e+02 2.687491172273560665e+02
2.797824438643998519e+02 2.694904500889461474e+02
2.807789776327920208e+02 2.702286910444989303e+02
2.817755114011840760e+02 2.709638752591574757e+02
2.827720451695762449e+02 2.716962506742271444e+02
2.837685789379683570e+02 2.724253680720437387e+02
2.847651127063604690e+02 2.731515328065947870e+02
2.857616464747525811e+02 2.738742563934827103e+02
2.867581802431446931e+02 2.745938173856213211e+02
2.877547140115368620e+02 2.753108821667450457e+02
2.887512477799289172e+02 2.760260469251371660e+02
2.897477815483210861e+02 2.767398286110246204e+02
2.907443153167131413e+02 2.774524334953621292e+02
2.917408490851053102e+02 2.781650491140227928e+02
2.927373828534974223e+02 2.788802004815344731e+02
2.937339166218895343e+02 2.795990622726739616e+02
2.947304503902816464e+02 2.803239636992397550e+02
2.957269841586737584e+02 2.810595477103173607e+02
2.967235179270658705e+02 2.818104213998410614e+02
2.977200516954579825e+02 2.825702693192166066e+02
2.987165854638501514e+02 2.833290228030066373e+02
2.997131192322422066e+02 2.840867155687415675e+02
3.007096530006343755e+02 2.848444083344764977e+02
3.017061867690264307e+02 2.856021011002114278e+02
3.027027205374185996e+02 2.863597938659464148e+02
3.036992543058107117e+02 2.871174866316813450e+02
3.046957880742028237e+02 2.878751793974163320e+02
3.056923218425949358e+02 2.886328721631512622e+02
3.066888556109870478e+02 2.893905649288861923e+02
3.076853893793792167e+02 2.901482576946211793e+02
3.086819231477712719e+02 2.909059504603560526e+02
3.096784569161634408e+02 2.916636432260910965e+02
3.106749906845554960e+02 2.924213359918259698e+02
3.116715244529476649e+02 2.931790287575610137e+02
3.126680582213397770e+02 2.939367215232958870e+02
3.136645919897318890e+02 2.946944142890308740e+02
3.146611257581240011e+02 2.954521070547658042e+02
3.156576595265161131e+02 2.962097998205007343e+02
3.166541932949082252e+02 2.969674925862357213e+02
3.176507270633003372e+02 2.977251853519706515e+02
3.186472608316925061e+02 2.984828781177056385e+02
3.196437946000845614e+02 2.992405708834405687e+02
3.206403283684767302e+02 2.999982636491754988e+02
3.216368621368687855e+02 3.007559564149104290e+02
3.226333959052609544e+02 3.015136491806454160e+02
3.236299296736530664e+02 3.022713419463804030e+02
3.246264634420451785e+02 3.030290347121153331e+02
