1.254902094802031058e+02 2.117570570330812814e+02
1.265964783067714023e+02 2.120427746081602152e+02
1.277027471333396988e+02 2.123284921832391490e+02
1.288090159599080096e+02 2.126142097583180828e+02
1.299152847864762919e+02 2.128999273333969882e+02
1.310215536130446026e+02 2.131856449084759220e+02
1.321278224396128849e+02 2.134713624835548558e+02
1.332340912661811956e+02 2.137570800586337612e+02
1.343403600927494779e+02 2.140427976337126950e+02
1.354466289193177886e+02 2.143285152087916003e+02
1.365528977458860709e+02 2.146142327838705341e+02
1.376591665724543816e+02 2.148999503589494680e+02
1.387654353990226639e+02 2.151856679340284018e+02
1.398717042255909746e+02 2.154713855091073356e+02
1.409779730521592569e+02 2.157571030841862694e+02
1.420842418787275676e+02 2.160428206592651748e+02
1.431905107052958499e+02 2.163285382343441086e+02
1.442967795318641606e+02 2.166142558094230139e+02
1.454030483584324429e+02 2.168999733845019477e+02
1.465093171850007536e+02 2.171856909595808816e+02
1.476155860115690359e+02 2.174714085346597869e+02
1.487218548381373466e+02 2.177571261097387492e+02
1.498281236647056289e+02 2.180428436848176261e+02
1.509343924912739396e+02 2.183285612598965599e+02
1.520406613178422219e+02 2.186142788349755222e+02
1.531469301444105326e+02 2.188999964100544275e+02
1.542531989709788149e+02 2.191857139851333613e+02
1.553594677975471257e+02 2.194714315602122667e+02
1.564657366241154364e+02 2.197774589148322661e+02
1.575720054506837187e+02 2.200820802625638919e+02
1.586782742772520010e+02 2.203753438281892443e+02
1.597845431038203117e+02 2.206608139424179171e+02
1.608908119303886224e+02 2.209403934410792090e+02
1.619970807569569047e+02 2.212164397596182255e+02
1.631033495835251870e+02 2.214913214600885567e+02
1.642096184100934977e+02 2.217649600166669188e+02
1.653158872366618084e+02 2.220391397416773032e+02
1.664221560632300907e+02 2.223202541669430161e+02
1.675284248897983730e+02 2.226102902292667522e+02
1.686346937163666837e+02 2.229168765153481218e+02
1.697409625429349944e+02 2.232374667084466751e+02
1.708472313695032767e+02 2.235729644844314805e+02
1.719535001960715874e+02 2.239205039453474910e+02
1.730597690226398697e+02 2.242782060186960678e+02
1.741660378492081804e+02 2.246414287424879035e+02
1.752723066757764627e+02 2.250079742291005687e+02
1.763785755023447734e+02 2.253762237706960434e+02
1.774848443289130557e+02 2.257456478064065664e+02
1.785911131554813664e+02 2.261147582203418551e+02
1.796973819820496487e+02 2.264817213358863057e+02
1.808036508086179595e+02 2.268481362726300290e+02
1.819099196351862417e+02 2.272393359261500905e+02
1.830161884617545525e+02 2.276685250896672414e+02
1.841224572883228348e+02 2.281431568139821593e+02
1.852287261148911455e+02 2.286588373871012720e+02
1.863349949414594278e+02 2.292037753765202694e+02
1.874412637680277385e+02 2.297597954200861068e+02
1.885475325945960208e+02 2.303226216468752341e+02
1.896538014211643315e+02 2.308873600295956692e+02
1.907600702477326422e+02 2.314553060246161635e+02
1.918663390743009245e+02 2.320207855919939846e+02
1.929726079008692068e+02 2.325840830274402151e+02
1.940788767274375175e+02 2.331435796830812706e+02
1.951851455540058282e+02 2.336936573704513478e+02
1.962914143805741105e+02 2.342247265432364998e+02
1.973976832071423928e+02 2.347316130954527296e+02
1.985039520337107035e+02 2.351949894498677338e+02
1.996102208602790142e+02 2.356168791755918619e+02
2.007164896868472965e+02 2.359979329904497547e+02
2.018227585134155788e+02 2.363383181686901935e+02
2.029290273399838895e+02 2.366448062850045062e+02
2.040352961665522002e+02 2.369238203920367312e+02
2.051415649931204825e+02 2.371769756315617315e+02
2.062478338196887648e+02 2.374151675096395593e+02
2.073541026462570755e+02 2.376413690149837521e+02
2.084603714728253863e+02 2.378543752875697237e+02
2.095666402993936686e+02 2.380498559642553573e+02
2.106729091259619508e+02 2.382265545111662846e+02
2.117791779525302616e+02 2.383825437871558961e+02
2.128854467790985723e+02 2.385179447402538244e+02
2.139917156056668546e+02 2.386310940667549687e+02
2.150979844322351653e+02 2.387300387687659793e+02
2.162042532588034760e+02 2.388148727940926506e+02
2.173105220853717583e+02 2.388883227373838736e+02
2.184167909119400406e+02 2.389547515954683377e+02
2.195230597385083513e+02 2.390139920304114867e+02
2.206293285650766620e+02 2.390674717920386456e+02
2.217355973916449443e+02 2.391160811932819001e+02
2.228418662182132266e+02 2.391614092454361185e+02
2.239481350447815373e+02 2.392005502173643663e+02
2.250544038713498480e+02 2.392357439081462189e+02
2.261606726979181303e+02 2.392662765504047115e+02
2.272669415244864126e+02 2.392946696338434549e+02
2.283732103510547233e+02 2.393316243914403003e+02
2.294794791776230340e+02 2.393832075498024494e+02
2.305857480041913163e+02 2.394510959270368176e+02
2.316920168307595986e+02 2.395306966811691893e+02
2.327982856573279093e+02 2.396205814395526374e+02
2.339045544838962201e+02 2.397309178659843951e+02
2.350108233104645024e+02 2.398899931754812656e+02
2.361170921370327846e+02 2.401214413916306682e+02
2.372233609636010954e+02 2.404477614900305866e+02
2.383296297901694061e+02 2.408630205607066159e+02
2.394358986167376884e+02 2.413557628028432305e+02
2.405421674433059707e+02 2.419046654553025633e+02
2.416484362698742814e+02 2.424863917626284717e+02
2.427547050964425921e+02 2.430977493068205604e+02
2.438609739230108744e+02 2.437378779973835776e+02
2.449672427495791567e+02 2.444045142445547185e+02
2.460735115761474674e+02 2.451000098785970920e+02
2.471797804027157781e+02 2.458151601020838655e+02
2.482860492292840604e+02 2.465501756347534013e+02
2.493923180558523711e+02 2.473061491173870934e+02
2.504985868824206818e+02 2.480800701810094040e+02
2.516048557089889641e+02 2.488626996770986182e+02
2.527111245355572464e+02 2.496509014920743255e+02
2.538173933621255571e+02 2.504426301870199438e+02
2.549236621886938394e+02 2.512394239827742695e+02
2.560299310152621501e+02 2.520411701546134964e+02
2.571361998418304324e+02 2.528503237447797574e+02
2.582424686683987147e+02 2.536676274073689115e+02
2.593487374949670539e+02 2.544945335804879960e+02
2.604550063215353362e+02 2.553325502037071146e+02
2.615612751481036184e+02 2.561834380770508233e+02
2.626675439746719576e+02 2.570482649469014405e+02
2.637738128012401830e+02 2.579259231701853423e+02
2.648800816278085222e+02 2.588146996354886937e+02
2.659863504543768045e+02 2.597135945995822794e+02
2.670926192809450868e+02 2.606196421806350827e+02
2.681988881075134259e+02 2.615295577914488376e+02
2.693051569340817082e+02 2.624412543244530980e+02
2.704114257606499905e+02 2.633525559525414792e+02
2.715176945872183296e+02 2.642621807058945933e+02
2.726239634137866119e+02 2.651683862336336688e+02
2.737302322403548942e+02 2.660719257617148514e+02
2.748365010669232333e+02 2.669738420877245630e+02
2.759427698934914588e+02 2.678752839454231776e+02
2.770490387200597979e+02 2.687778387097204700e+02
2.781553075466280802e+02 2.696826173298551339e+02
2.792615763731963625e+02 2.705907385295981271e+02
2.803678451997647016e+02 2.715032344218267326e+02
2.814741140263329839e+02 2.724216241703101105e+02
2.825803828529012662e+02 2.733470375175384675e+02
2.836866516794696054e+02 2.742787027921963272e+02
2.847929205060378308e+02 2.752157214372166436e+02
2.858991893326061700e+02 2.761567240953934288e+02
2.870054581591744522e+02 2.770997308681270397e+02
2.881117269857427345e+02 2.780428186006462852e+02
2.892179958123110737e+02 2.789855299762456298e+02
2.903242646388793560e+02 2.799283363613590723e+02
2.914305334654476383e+02 2.808712287860957986e+02
2.925368022920159774e+02 2.818142900302054841e+02
2.936430711185842028e+02 2.827569360922915962e+02
2.947493399451525420e+02 2.837006737400400311e+02
2.958556087717208243e+02 2.846445323937606418e+02
2.969618775982891066e+02 2.855833883139083014e+02
2.980681464248574457e+02 2.865132828488492009e+02
2.991744152514257280e+02 2.874360287108999614e+02
3.002806840779940103e+02 2.883554978333477834e+02
3.013869529045623494e+02 2.892754068001642054e+02
3.024932217311305749e+02 2.902064169219946734e+02
3.035994905576989140e+02 2.911560545010023588e+02
3.047057593842672532e+02 2.921337614938473166e+02
3.058120282108354786e+02 2.931392963398038205e+02
3.069182970374038177e+02 2.941593909983017738e+02
3.080245658639721000e+02 2.951845271249580946e+02
3.091308346905403823e+02 2.962093966939488610e+02
3.102371035171087215e+02 2.972283946861292634e+02
3.113433723436770038e+02 2.982399960899830376e+02
3.124496411702452860e+02 2.992460131907679397e+02
3.135559099968136252e+02 3.002493851074632403e+02
3.146621788233818506e+02 3.012544823417184716e+02
3.157684476499501898e+02 3.022588550195500829e+02
3.168747164765184721e+02 3.032568348810908105e+02
3.179809853030867544e+02 3.042554135973622351e+02
3.190872541296550935e+02 3.052539923136336597e+02
3.201935229562233758e+02 3.062525710299050843e+02
3.212997917827916581e+02 3.072511497461765089e+02
3.224060606093599972e+02 3.082497284624479903e+02
3.235123294359282227e+02 3.092483071787193012e+02
3.246185982624965618e+02 3.102468858949907826e+02
3.257248670890648441e+02 3.112454646112622072e+02
3.268311359156331264e+02 3.122440433275335749e+02
3.279374047422014655e+02 3.132426220438049995e+02
3.290436735687697478e+02 3.142412007600764241e+02
3.301499423953380301e+02 3.152397794763478487e+02
3.312562112219063692e+02 3.162383581926193301e+02
3.323624800484745947e+02 3.172369369088906979e+02
3.334687488750429338e+02 3.182355156251621224e+02
3.345750177016112161e+02 3.192340943414335470e+02
3.356812865281794984e+02 3.202326730577049716e+02
3.367875553547478376e+02 3.212312517739763962e+02
3.378938241813161198e+02 3.222298304902477639e+02
3.390000930078844021e+02 3.232284092065191885e+02
3.401063618344527413e+02 3.242269879227906131e+02
3.412126306610210236e+02 3.252255666390620377e+02
3.423188994875893059e+02 3.262241453553335191e+02
3.434251683141576450e+02 3.272227240716049437e+02
3.445314371407258704e+02 3.282213027878763114e+02
3.456377059672942096e+02 3.292198815041477360e+02
