1.267523836471948471e+02 2.112634567996399824e+02
1.278939493212291296e+02 2.115951367210814169e+02
1.290355149952634122e+02 2.119268166425228230e+02
1.301770806692976805e+02 2.122584965639642292e+02
1.313186463433319773e+02 2.125901764854056637e+02
1.324602120173662456e+02 2.129218564068470414e+02
1.336017776914005424e+02 2.132535363282884759e+02
1.347433433654348107e+02 2.135852162497298536e+02
1.358849090394691075e+02 2.139168961711712882e+02
1.370264747135033758e+02 2.142485760926126943e+02
1.381680403875376442e+02 2.145802560140540720e+02
1.393096060615719409e+02 2.149119359354955066e+02
1.404511717356062093e+02 2.152436158569369127e+02
1.415927374096405060e+02 2.155752957783782904e+02
1.427343030836747744e+02 2.159069756998197249e+02
1.438758687577090711e+02 2.162386556212611310e+02
1.450174344317433395e+02 2.165703355427025372e+02
1.461590001057776362e+02 2.169020154641439717e+02
1.473005657798119046e+02 2.172336953855853778e+02
1.484421314538462013e+02 2.175653753070267840e+02
1.495836971278804697e+02 2.178970552284681901e+02
1.507252628019147664e+02 2.182287351499095962e+02
1.518668284759490348e+02 2.185604150713510023e+02
1.530083941499833031e+02 2.188920949927924084e+02
1.541499598240175999e+02 2.192237749142337861e+02
1.552915254980518682e+02 2.195554548356751923e+02
1.564330911720861650e+02 2.198871347571166268e+02
1.575746568461204333e+02 2.202188146785580045e+02
1.587162225201547301e+02 2.205481569874786203e+02
1.598577881941889984e+02 2.208703526370738359e+02
1.609993538682232952e+02 2.211850707365492497e+02
1.621409195422575635e+02 2.214951179925964482e+02
1.632824852162918319e+02 2.218022388320297580e+02
1.644240508903261286e+02 2.221068663282582634e+02
1.655656165643604254e+02 2.224172065072799001e+02
1.667071822383946937e+02 2.227372262473186879e+02
1.678487479124289621e+02 2.230739369885410781e+02
1.689903135864632588e+02 2.234267460426108300e+02
1.701318792604975272e+02 2.237944355534258420e+02
1.712734449345318239e+02 2.241744274631462304e+02
1.724150106085660923e+02 2.245639450201125555e+02
1.735565762826003606e+02 2.249603161265560516e+02
1.746981419566346574e+02 2.253615841559262662e+02
1.758397076306689542e+02 2.257655983059978553e+02
1.769812733047032225e+02 2.261720907440288784e+02
1.781228389787374908e+02 2.265802334927142283e+02
1.792644046527717876e+02 2.269886532268749306e+02
1.804059703268060559e+02 2.273946552238146808e+02
1.815475360008403527e+02 2.277983178697515996e+02
1.826891016748746210e+02 2.282099473159046283e+02
1.838306673489089178e+02 2.286486743635740595e+02
1.849722330229431861e+02 2.291134921713717176e+02
1.861137986969774829e+02 2.296093455079420380e+02
1.872553643710117512e+02 2.301307689141714548e+02
1.883969300450460196e+02 2.306709019830948364e+02
1.895384957190803163e+02 2.312182831691047511e+02
1.906800613931146131e+02 2.317657465912949419e+02
1.918216270671488815e+02 2.323013709829384652e+02
1.929631927411831498e+02 2.328204869342542338e+02
1.941047584152174181e+02 2.333272332331322616e+02
1.952463240892517149e+02 2.338169420323825420e+02
1.963878897632860117e+02 2.342933242189848499e+02
1.975294554373202800e+02 2.347500024774907388e+02
1.986710211113545483e+02 2.351740928238917547e+02
1.998125867853888451e+02 2.355547841150697650e+02
2.009541524594231419e+02 2.358888038498242850e+02
2.020957181334574102e+02 2.361832941864649342e+02
2.032372838074916785e+02 2.364420558670651644e+02
2.043788494815259753e+02 2.366709592626192489e+02
2.055204151555602721e+02 2.368794344991933372e+02
2.066619808295945404e+02 2.370704821637239661e+02
2.078035465036288088e+02 2.372463691315193728e+02
2.089451121776630771e+02 2.374099050995873199e+02
2.100866778516973739e+02 2.375609457701562519e+02
2.112282435257316706e+02 2.377008747183340063e+02
2.123698091997659390e+02 2.378316159165836154e+02
2.135113748738002073e+02 2.379518413959696090e+02
2.146529405478345041e+02 2.380681346637144316e+02
2.157945062218688008e+02 2.381778576761705040e+02
2.169360718959030692e+02 2.382831187569255462e+02
2.180776375699373375e+02 2.383779250612025464e+02
2.192192032439716058e+02 2.384629688477194804e+02
2.203607689180059026e+02 2.385345469394667361e+02
2.215023345920401994e+02 2.385946394824611332e+02
2.226439002660744677e+02 2.386486660317415271e+02
2.237854659401087360e+02 2.386970852007729604e+02
2.249270316141430328e+02 2.387379840020693393e+02
2.260685972881773296e+02 2.387736824761503840e+02
2.272101629622115979e+02 2.388182535648854810e+02
2.283517286362458663e+02 2.388725419922159290e+02
2.294932943102801630e+02 2.389485650067318829e+02
2.306348599843144314e+02 2.390541479392078372e+02
2.317764256583487281e+02 2.391923902289850048e+02
2.329179913323829965e+02 2.393659035854997796e+02
2.340595570064172648e+02 2.395755349669481973e+02
2.352011226804515616e+02 2.398347263203843056e+02
2.363426883544858583e+02 2.401467585041971802e+02
2.374842540285201267e+02 2.405111715424744716e+02
2.386258197025543950e+02 2.409206691161030562e+02
2.397673853765886918e+02 2.413655469792140309e+02
2.409089510506229885e+02 2.418429791532380193e+02
2.420505167246572569e+02 2.423577397532832833e+02
2.431920823986915252e+02 2.429113493204228575e+02
2.443336480727257936e+02 2.434970024668827477e+02
2.454752137467600903e+02 2.441190465955897366e+02
2.466167794207943871e+02 2.447875949478072357e+02
2.477583450948286554e+02 2.455028612068450116e+02
2.488999107688629238e+02 2.462445835005096910e+02
2.500414764428972205e+02 2.470006385886121336e+02
2.511830421169315173e+02 2.477640859494127028e+02
2.523246077909657856e+02 2.485390740339962861e+02
2.534661734650000540e+02 2.493269237556326914e+02
2.546077391390343507e+02 2.501325305656785076e+02
2.557493048130686191e+02 2.509525886524419320e+02
2.568908704871029158e+02 2.517923979382232744e+02
2.580324361611371842e+02 2.526451100583142306e+02
2.591740018351714525e+02 2.535141733853738515e+02
2.603155675092057209e+02 2.543982905017309122e+02
2.614571331832399892e+02 2.552944092477722506e+02
2.625986988572743144e+02 2.562009708505321441e+02
2.637402645313085827e+02 2.571168265553442325e+02
2.648818302053429079e+02 2.580382447075082837e+02
2.660233958793771762e+02 2.589634678417427267e+02
2.671649615534114446e+02 2.598912843963167347e+02
2.683065272274457129e+02 2.608200457719004817e+02
2.694480929014799813e+02 2.617484050938933251e+02
2.705896585755142496e+02 2.626756433845711172e+02
2.717312242495485748e+02 2.636009405045934955e+02
2.728727899235828431e+02 2.645249099092660003e+02
2.740143555976171115e+02 2.654511330254756558e+02
2.751559212716514367e+02 2.663797620661348446e+02
2.762974869456857050e+02 2.673115364403294620e+02
2.774390526197199733e+02 2.682465760359792171e+02
2.785806182937542417e+02 2.691870559982204441e+02
2.797221839677885100e+02 2.701349906448482443e+02
2.808637496418227784e+02 2.710928876627096997e+02
2.820053153158571035e+02 2.720607390217514308e+02
2.831468809898913719e+02 2.730387141040212100e+02
2.842884466639256971e+02 2.740250786651776593e+02
2.854300123379599654e+02 2.750190845037733425e+02
2.865715780119942337e+02 2.760189191479234410e+02
2.877131436860285021e+02 2.770237977923451353e+02
2.888547093600627704e+02 2.780339330669822289e+02
2.899962750340970388e+02 2.790492666986007180e+02
2.911378407081313071e+02 2.800690138821896653e+02
2.922794063821656323e+02 2.810913743225417534e+02
2.934209720561999006e+02 2.821145251968146113e+02
2.945625377302342258e+02 2.831372143531908705e+02
2.957041034042684942e+02 2.841586498295047249e+02
2.968456690783027625e+02 2.851784982326008162e+02
2.979872347523370308e+02 2.861954182472355228e+02
2.991288004263712992e+02 2.872080114328878153e+02
3.002703661004055675e+02 2.882169380228745013e+02
3.014119317744398359e+02 2.892243746310626307e+02
3.025534974484741610e+02 2.902337219912166688e+02
3.036950631225084294e+02 2.912491554338932929e+02
3.048366287965427546e+02 2.922759948014178235e+02
3.059781944705770229e+02 2.933185436642832542e+02
3.071197601446112913e+02 2.943741053172335000e+02
3.082613258186455596e+02 2.954362534026366802e+02
3.094028914926798279e+02 2.964995923669712852e+02
3.105444571667140963e+02 2.975602450927288487e+02
3.116860228407483646e+02 2.986107188794044873e+02
3.128275885147826898e+02 2.996443484211002328e+02
3.139691541888169581e+02 3.006570306628899516e+02
3.151107198628512833e+02 3.016493626952831164e+02
3.162522855368855517e+02 3.026235257426893668e+02
3.173938512109198200e+02 3.035849738721871063e+02
3.185354168849540883e+02 3.045186501147109652e+02
3.196769825589883567e+02 3.054205462044440083e+02
3.208185482330226250e+02 3.063039321341943264e+02
3.219601139070568934e+02 3.071616419445905990e+02
3.231016795810912186e+02 3.080328153811011589e+02
3.242432452551254869e+02 3.089122633668794151e+02
3.253848109291598121e+02 3.097917113526577850e+02
3.265263766031940804e+02 3.106711593384360413e+02
3.276679422772283488e+02 3.115506073242142975e+02
3.288095079512626171e+02 3.124300553099926105e+02
3.299510736252968854e+02 3.133095032957708668e+02
3.310926392993311538e+02 3.141889512815491798e+02
3.322342049733654790e+02 3.150683992673274929e+02
3.333757706473997473e+02 3.159478472531057491e+02
3.345173363214340156e+02 3.168272952388840622e+02
3.356589019954683408e+02 3.177067432246623184e+02
3.368004676695026092e+02 3.185861912104406315e+02
3.379420333435368775e+02 3.194656391962189446e+02
3.390835990175711459e+02 3.203450871819972008e+02
3.402251646916054142e+02 3.212245351677754570e+02
3.413667303656396825e+02 3.221039831535537701e+02
3.425082960396740077e+02 3.229834311393320831e+02
3.436498617137082761e+02 3.238628791251103394e+02
3.447914273877426012e+02 3.247423271108887093e+02
3.459329930617768696e+02 3.256217750966669655e+02
3.470745587358111379e+02 3.265012230824452786e+02
3.482161244098454063e+02 3.273806710682235348e+02
3.493576900838796746e+02 3.282601190540017910e+02
3.504992557579139429e+02 3.291395670397801041e+02
3.516408214319482113e+02 3.300190150255583603e+02
3.527823871059825365e+02 3.308984630113366734e+02
3.539239527800168048e+02 3.317779109971149865e+02
