1.261868979999999993e+02 2.099434809999999629e+02
1.269638199999999983e+02 2.101648636195164386e+02
1.277407419999999973e+02 2.103862462390328858e+02
1.285176639999999963e+02 2.106076288585493330e+02
1.292945860000000096e+02 2.108290114780657802e+02
1.300715079999999944e+02 2.110503940975821990e+02
1.308484300000000076e+02 2.112717767170986463e+02
1.316253519999999924e+02 2.114931593366151219e+02
1.324022740000000056e+02 2.117145419561315691e+02
1.331791959999999904e+02 2.119359245756480163e+02
1.339561180000000036e+02 2.121573071951644920e+02
1.347330399999999884e+02 2.123786898146809108e+02
1.355099620000000016e+02 2.126000724341973864e+02
1.362868839999999864e+02 2.128214550537138052e+02
1.370638059999999996e+02 2.130428376732302524e+02
1.378407280000000128e+02 2.132642202927467281e+02
1.386176499999999976e+02 2.134856029122631753e+02
1.393945720000000108e+02 2.137069855317796225e+02
1.401714939999999956e+02 2.139283681512960698e+02
1.409484160000000088e+02 2.141497507708125170e+02
1.417253379999999936e+02 2.143711333903289642e+02
1.425022600000000068e+02 2.145925160098454114e+02
1.432791819999999916e+02 2.148045634106364901e+02
1.440561040000000048e+02 2.150115510565851480e+02
1.448330260000000180e+02 2.152237007982190562e+02
1.456099480000000028e+02 2.154529216074612066e+02
1.463868699999999876e+02 2.156938203015238571e+02
1.471637920000000008e+02 2.159489730660103817e+02
1.479407140000000140e+02 2.162155702836137152e+02
1.487176359999999988e+02 2.164875454811141253e+02
1.494945580000000120e+02 2.167738372819794677e+02
1.502714799999999968e+02 2.170669093333443129e+02
1.510484020000000100e+02 2.173682613570974809e+02
1.518253239999999948e+02 2.176768018250248247e+02
1.526022460000000081e+02 2.179904284773432437e+02
1.533791679999999928e+02 2.183051902078396438e+02
1.541560900000000061e+02 2.185986903832717303e+02
1.549330120000000193e+02 2.188802879635490797e+02
1.557099340000000041e+02 2.191516748347179373e+02
1.564868559999999889e+02 2.194153961527450463e+02
1.572637780000000021e+02 2.196753387979474610e+02
1.580407000000000153e+02 2.199347073855219605e+02
1.588176220000000001e+02 2.201955334378371276e+02
1.595945440000000133e+02 2.204528767469182355e+02
1.603714659999999981e+02 2.207092748231889345e+02
1.611483880000000113e+02 2.209648772215464305e+02
1.619253099999999961e+02 2.212233879359973230e+02
1.627022320000000093e+02 2.214854244605154463e+02
1.634791539999999941e+02 2.217622950180648047e+02
1.642560760000000073e+02 2.220491142850030428e+02
1.650329980000000205e+02 2.223417502540868611e+02
1.658099200000000053e+02 2.226437474054079360e+02
1.665868419999999901e+02 2.229494988598422651e+02
1.673637640000000033e+02 2.232635800524682566e+02
1.681406860000000165e+02 2.235824219958661558e+02
1.689176080000000013e+02 2.239082257099104254e+02
1.696945300000000145e+02 2.242386003420423606e+02
1.704714519999999993e+02 2.245764065495515638e+02
1.712483740000000125e+02 2.249154819133726448e+02
1.720252959999999973e+02 2.252609511850714625e+02
1.728022180000000105e+02 2.256088996188928490e+02
1.735791399999999953e+02 2.259575799752140881e+02
1.743560620000000085e+02 2.263043504211923675e+02
1.751329840000000218e+02 2.266470339422702409e+02
1.759099060000000065e+02 2.269830099405923249e+02
1.766868279999999913e+02 2.273161890168752564e+02
1.774637500000000045e+02 2.276465000504802845e+02
1.782406720000000178e+02 2.279723160889777205e+02
1.790175940000000026e+02 2.282938751076214885e+02
1.797945160000000158e+02 2.286126178733306915e+02
1.805714380000000006e+02 2.289307120795845663e+02
1.813483600000000138e+02 2.292441594738101003e+02
1.821252819999999986e+02 2.295517601192493089e+02
1.829022040000000118e+02 2.298549925893993588e+02
1.836791259999999966e+02 2.301544639683737898e+02
1.844560480000000098e+02 2.304490348585396191e+02
1.852329700000000230e+02 2.307404269842385531e+02
1.860098920000000078e+02 2.310301144256062003e+02
1.867868139999999926e+02 2.313190268923018493e+02
1.875637360000000058e+02 2.316060367316570989e+02
1.883406580000000190e+02 2.318965381467021416e+02
1.891175800000000038e+02 2.322016656411908571e+02
1.898945020000000170e+02 2.325188988723454884e+02
1.906714240000000018e+02 2.328435463549573115e+02
1.914483460000000150e+02 2.331803405946716907e+02
1.922252680000000282e+02 2.335264098153840280e+02
1.930021900000000130e+02 2.338760324674508411e+02
1.937791119999999978e+02 2.342220249921976745e+02
1.945560340000000110e+02 2.345659052041015116e+02
1.953329560000000242e+02 2.349109580192090334e+02
1.961098780000000090e+02 2.352548765119453833e+02
1.968867999999999938e+02 2.356001454657471754e+02
1.976637220000000070e+02 2.359447657954387410e+02
1.984406440000000202e+02 2.362848940028512175e+02
1.992175660000000050e+02 2.366178485994229561e+02
1.999944879999999898e+02 2.369384318759113626e+02
2.007714100000000030e+02 2.372482861583553131e+02
2.015483320000000163e+02 2.375505983604701328e+02
2.023252540000000295e+02 2.378366016900951365e+02
2.031021760000000143e+02 2.381054674981202197e+02
2.038790979999999990e+02 2.383575001150073831e+02
2.046560200000000123e+02 2.385962390764444194e+02
2.054329420000000255e+02 2.388214205660872551e+02
2.062098640000000103e+02 2.390278438254674711e+02
2.069867859999999951e+02 2.392211480471544860e+02
2.077637080000000083e+02 2.393981394984846531e+02
2.085406300000000215e+02 2.395666251305744368e+02
2.093175520000000063e+02 2.397282215082549328e+02
2.100944739999999911e+02 2.398844805889208374e+02
2.108713960000000043e+02 2.400323241792150100e+02
2.116483180000000175e+02 2.401682225835795634e+02
2.124252400000000307e+02 2.402968108471081337e+02
2.132021620000000155e+02 2.404170923055824858e+02
2.139790840000000003e+02 2.405250924441858729e+02
2.147560060000000135e+02 2.406310223654685387e+02
2.155329280000000267e+02 2.407368808783559189e+02
2.163098500000000115e+02 2.408427845451616349e+02
2.170867719999999963e+02 2.409477766709423179e+02
2.178636940000000095e+02 2.410501477001622845e+02
2.186406160000000227e+02 2.411486976191318092e+02
2.194175380000000075e+02 2.412377570342469539e+02
2.201944599999999923e+02 2.413229296308992389e+02
2.209713820000000055e+02 2.414009592044585872e+02
2.217483040000000187e+02 2.414725859795143492e+02
2.225252260000000319e+02 2.415399491070119780e+02
2.233021480000000167e+02 2.416055423839577543e+02
2.240790700000000015e+02 2.416700093116942014e+02
2.248559920000000147e+02 2.417340441875067540e+02
2.256329140000000280e+02 2.417960804250654974e+02
2.264098360000000127e+02 2.418547633854608421e+02
2.271867579999999975e+02 2.419097348486930628e+02
2.279636800000000108e+02 2.419638348426808534e+02
2.287406020000000240e+02 2.420357255138363257e+02
2.295175240000000088e+02 2.421195799405233231e+02
2.302944459999999935e+02 2.422274287496401257e+02
2.310713680000000068e+02 2.423461943751183298e+02
2.318482900000000200e+02 2.424811408720925101e+02
2.326252120000000332e+02 2.426288169879199756e+02
2.334021340000000180e+02 2.427904735314897096e+02
2.341790560000000028e+02 2.429610829093447819e+02
2.349559780000000160e+02 2.431435057185370283e+02
2.357329000000000292e+02 2.433320693923626550e+02
2.365098220000000140e+02 2.435377693293960988e+02
2.372867439999999988e+02 2.437492216340123150e+02
2.380636660000000120e+02 2.439695478315393871e+02
2.388405880000000252e+02 2.441966640712382173e+02
2.396175100000000100e+02 2.444294154820204881e+02
2.403944319999999948e+02 2.446695486250540625e+02
2.411713540000000080e+02 2.449163629720853805e+02
2.419482760000000212e+02 2.451668087053408840e+02
2.427251980000000344e+02 2.454219684172664984e+02
2.435021200000000192e+02 2.456850371693821558e+02
2.442790420000000040e+02 2.459574283998351802e+02
2.450559640000000172e+02 2.462373954793891073e+02
2.458328860000000304e+02 2.465329642361172660e+02
2.466098080000000152e+02 2.468380750709741278e+02
2.473867300000000000e+02 2.471568870147303301e+02
2.481636520000000132e+02 2.475024737810803117e+02
2.489405740000000264e+02 2.478569760008736012e+02
2.497174960000000112e+02 2.482235960670270174e+02
2.504944179999999960e+02 2.486005835938155428e+02
2.512713400000000092e+02 2.489937481795645056e+02
2.520482620000000225e+02 2.494062898772010612e+02
2.528251840000000357e+02 2.498677283661348270e+02
2.536021060000000205e+02 2.503635300520731732e+02
2.543790280000000052e+02 2.508985384228865883e+02
2.551559500000000185e+02 2.514746420215628859e+02
2.559328720000000317e+02 2.520957103623665034e+02
2.567097940000000449e+02 2.527533428717189850e+02
2.574867160000000013e+02 2.533096441632509084e+02
2.582636380000000145e+02 2.538356928244758990e+02
2.590405600000000277e+02 2.543617414857008328e+02
2.598174820000000409e+02 2.548877901469258234e+02
2.605944039999999973e+02 2.554138388081507856e+02
2.613713260000000105e+02 2.559398874693757762e+02
2.621482480000000237e+02 2.564659361306007099e+02
2.629251700000000369e+02 2.569919847918257005e+02
2.637020919999999933e+02 2.575180334530506343e+02
2.644790140000000065e+02 2.580440821142756249e+02
2.652559360000000197e+02 2.585701307755006155e+02
2.660328580000000329e+02 2.590961794367255493e+02
2.668097800000000461e+02 2.596222280979505399e+02
2.675867020000000025e+02 2.601482767591754737e+02
2.683636240000000157e+02 2.606743254204004643e+02
2.691405460000000289e+02 2.612003740816254549e+02
2.699174680000000421e+02 2.617264227428504455e+02
2.706943899999999985e+02 2.622524714040753793e+02
2.714713120000000117e+02 2.627785200653003699e+02
2.722482340000000249e+02 2.633045687265253605e+02
2.730251560000000381e+02 2.638306173877502943e+02
2.738020779999999945e+02 2.643566660489752280e+02
2.745790000000000077e+02 2.648827147102002186e+02
2.753559220000000209e+02 2.654087633714251524e+02
2.761328440000000342e+02 2.659348120326501430e+02
2.769097660000000474e+02 2.664608606938751336e+02
2.776866880000000037e+02 2.669869093551000674e+02
2.784636100000000170e+02 2.675129580163250580e+02
2.792405320000000302e+02 2.680390066775500486e+02
2.800174540000000434e+02 2.685650553387750392e+02
2.807943759999999997e+02 2.690911039999999730e+02
