1.265598390108191040e+02 2.098411065359439363e+02
1.274454654292018461e+02 2.101206440167652545e+02
1.283310918475845881e+02 2.104001814975865727e+02
1.292167182659673017e+02 2.106797189784079194e+02
1.301023446843500437e+02 2.109592564592292376e+02
1.309879711027327858e+02 2.112387939400505559e+02
1.318735975211155278e+02 2.115183314208718741e+02
1.327592239394982698e+02 2.117978689016932208e+02
1.336448503578810119e+02 2.120774063825145390e+02
1.345304767762637539e+02 2.123569438633358573e+02
1.354161031946464675e+02 2.126364813441572039e+02
1.363017296130292095e+02 2.129160188249784937e+02
1.371873560314119516e+02 2.131955563057998120e+02
1.380729824497946936e+02 2.134750937866211586e+02
1.389586088681774356e+02 2.137546312674424769e+02
1.398442352865601777e+02 2.140341687482638235e+02
1.407298617049428913e+02 2.143137062290851418e+02
1.416154881233256333e+02 2.145932437099064600e+02
1.425011145417083753e+02 2.148727811907277783e+02
1.433867409600911174e+02 2.151523186715490965e+02
1.442723673784738594e+02 2.154318561523704147e+02
1.451579937968566014e+02 2.157113936331917330e+02
1.460436202152393150e+02 2.159909311140130512e+02
1.469292466336220571e+02 2.162704685948343695e+02
1.478148730520047991e+02 2.165500060756557161e+02
1.487004994703875411e+02 2.168295435564770344e+02
1.495861258887702832e+02 2.171090810372983810e+02
1.504717523071530252e+02 2.173886185181196993e+02
1.513573787255357388e+02 2.176681559989410175e+02
1.522430051439184808e+02 2.179476934797623358e+02
1.531286315623012229e+02 2.182272309605836824e+02
1.540142579806839649e+02 2.185067684414050291e+02
1.548998843990667069e+02 2.187863059222263189e+02
1.557855108174494490e+02 2.190658434030476371e+02
1.566711372358321626e+02 2.193453808838689554e+02
1.575567636542149046e+02 2.196249183646903020e+02
1.584423900725976466e+02 2.199044558455116203e+02
1.593280164909803887e+02 2.201839933263329385e+02
1.602136429093631307e+02 2.204608955312172611e+02
1.610992693277458443e+02 2.207348991648979677e+02
1.619848957461285863e+02 2.210089493235668101e+02
1.628705221645113284e+02 2.212863151499061587e+02
1.637561485828940704e+02 2.215678394325773297e+02
1.646417750012768124e+02 2.218600966394465672e+02
1.655274014196595544e+02 2.221629794890245932e+02
1.664130278380422965e+02 2.224777929740503453e+02
1.672986542564250385e+02 2.228038895547734910e+02
1.681842806748077521e+02 2.231416390707779840e+02
1.690699070931904942e+02 2.234864989541753744e+02
1.699555335115732362e+02 2.238394150249270069e+02
1.708411599299559782e+02 2.241952743635449963e+02
1.717267863483387202e+02 2.245517027231439329e+02
1.726124127667214339e+02 2.249061007862014208e+02
1.734980391851041759e+02 2.252586402204288447e+02
1.743836656034869179e+02 2.256053401010200616e+02
1.752692920218696599e+02 2.259507796750046680e+02
1.761549184402524020e+02 2.262961685348512901e+02
1.770405448586351440e+02 2.266416708792612837e+02
1.779261712770178860e+02 2.269853414629493784e+02
1.788117976954005997e+02 2.273274164303542193e+02
1.796974241137833417e+02 2.276677756901681278e+02
1.805830505321660837e+02 2.280034961369372013e+02
1.814686769505488257e+02 2.283377651050512043e+02
1.823543033689315678e+02 2.286664559173853490e+02
1.832399297873142814e+02 2.289935967085280879e+02
1.841255562056970234e+02 2.293170967750974683e+02
1.850111826240797654e+02 2.296431405777580608e+02
1.858968090424625075e+02 2.299861068857694022e+02
1.867824354608452495e+02 2.303592619662698553e+02
1.876680618792279915e+02 2.307502220800986379e+02
1.885536882976107336e+02 2.311713666541474197e+02
1.894393147159934472e+02 2.316101008754046973e+02
1.903249411343761892e+02 2.320653196878506037e+02
1.912105675527589312e+02 2.325361182446194732e+02
1.920961939711416733e+02 2.330099878254564771e+02
1.929818203895243869e+02 2.334775189145150875e+02
1.938674468079071289e+02 2.339350148802055287e+02
1.947530732262898709e+02 2.343864640932858379e+02
1.956386996446726130e+02 2.348266089653078552e+02
1.965243260630553550e+02 2.352546756300260711e+02
1.974099524814380970e+02 2.356685165543996163e+02
1.982955788998208391e+02 2.360608186162070581e+02
1.991812053182035811e+02 2.364282790186350098e+02
2.000668317365863231e+02 2.367745882699063031e+02
2.009524581549690367e+02 2.370964902736402848e+02
2.018380845733517788e+02 2.373966517475618332e+02
2.027237109917345208e+02 2.376785988092413220e+02
2.036093374101172344e+02 2.379463045817731199e+02
2.044949638284999764e+02 2.382062767410204742e+02
2.053805902468827185e+02 2.384578052313120224e+02
2.062662166652654605e+02 2.387031816078841757e+02
2.071518430836482025e+02 2.389415110817747063e+02
2.080374695020309446e+02 2.391735457183073663e+02
2.089230959204136866e+02 2.393974508461155608e+02
2.098087223387964286e+02 2.396158670343041308e+02
2.106943487571791707e+02 2.398237403561035990e+02
2.115799751755618843e+02 2.400225545143492525e+02
2.124656015939446263e+02 2.402104402072663163e+02
2.133512280123273683e+02 2.403846466350325102e+02
2.142368544307101104e+02 2.405492886991611385e+02
2.151224808490928240e+02 2.406986180313710975e+02
2.160081072674755660e+02 2.408328900795680170e+02
2.168937336858583080e+02 2.409538525841867340e+02
2.177793601042410501e+02 2.410561045101149205e+02
2.186649865226237921e+02 2.411468040822689431e+02
2.195506129410065341e+02 2.412196356864818654e+02
2.204362393593892762e+02 2.412821513701819640e+02
2.213218657777720182e+02 2.413340282369537704e+02
2.222074921961547602e+02 2.413808605031820207e+02
2.230931186145374738e+02 2.414247773186797872e+02
2.239787450329202159e+02 2.414663166677693482e+02
2.248643714513029579e+02 2.415038012235779661e+02
2.257499978696856715e+02 2.415397649275087133e+02
2.266356242880684135e+02 2.415765397395414311e+02
2.275212507064511556e+02 2.416137631040479903e+02
2.284068771248338976e+02 2.416512813133088002e+02
2.292925035432166396e+02 2.416906276909728319e+02
2.301781299615993817e+02 2.417301861418023634e+02
2.310637563799821237e+02 2.417712410718031038e+02
2.319493827983648657e+02 2.418132468856132391e+02
2.328350092167476078e+02 2.418639207537375455e+02
2.337206356351303214e+02 2.419334986529852927e+02
2.346062620535130634e+02 2.420292083932206140e+02
2.354918884718958054e+02 2.421484716342545198e+02
2.363775148902785190e+02 2.423017601987044998e+02
2.372631413086612611e+02 2.424960338678559708e+02
2.381487677270440031e+02 2.427217656014913985e+02
2.390343941454267451e+02 2.429857250183869439e+02
2.399200205638094872e+02 2.432825786614614287e+02
2.408056469821922292e+02 2.436108098877627413e+02
2.416912734005749712e+02 2.439747097056650773e+02
2.425768998189577133e+02 2.443790868167258736e+02
2.434625262373404553e+02 2.448130428832968448e+02
2.443481526557231689e+02 2.452624576563844983e+02
2.452337790741059109e+02 2.457305911699191370e+02
2.461194054924886530e+02 2.462168635499194806e+02
2.470050319108713666e+02 2.467178438201671611e+02
2.478906583292541086e+02 2.472314623478441149e+02
2.487762847476368506e+02 2.477541368478470361e+02
2.496619111660195927e+02 2.482846972965657812e+02
2.505475375844023347e+02 2.488198487267882797e+02
2.514331640027850767e+02 2.493625198650723860e+02
2.523187904211678187e+02 2.499098067108101588e+02
2.532044168395505608e+02 2.504628832570552106e+02
2.540900432579333028e+02 2.510276001331243378e+02
2.549756696763160164e+02 2.516019278360583940e+02
2.558612960946987585e+02 2.521818015580241195e+02
2.567469225130814721e+02 2.527685259814592769e+02
2.576325489314642709e+02 2.533597387994025212e+02
2.585181753498469561e+02 2.539572517475466498e+02
2.594038017682296982e+02 2.545606138582772360e+02
2.602894281866124402e+02 2.551675071335143343e+02
2.611750546049951822e+02 2.557807286581236212e+02
2.620606810233779242e+02 2.563986593911641307e+02
2.629463074417606663e+02 2.570238069330657140e+02
2.638319338601434083e+02 2.576563606311541434e+02
2.647175602785260935e+02 2.582940662729010910e+02
2.656031866969088924e+02 2.589360377400486755e+02
2.664888131152915776e+02 2.595763728887901038e+02
2.673744395336743764e+02 2.602143417619482761e+02
2.682600659520570616e+02 2.608443833478584111e+02
2.691456923704398605e+02 2.614744249337685460e+02
2.700313187888225457e+02 2.621044665196786241e+02
2.709169452072052877e+02 2.627345081055888159e+02
2.718025716255880297e+02 2.633645496914988939e+02
2.726881980439707718e+02 2.639945912774090857e+02
2.735738244623535138e+02 2.646246328633192206e+02
2.744594508807362558e+02 2.652546744492293556e+02
2.753450772991189979e+02 2.658847160351394905e+02
2.762307037175016831e+02 2.665147576210496254e+02
2.771163301358844819e+02 2.671447992069597603e+02
2.780019565542671671e+02 2.677748407928698384e+02
2.788875829726499660e+02 2.684048823787800302e+02
2.797732093910326512e+02 2.690349239646901651e+02
2.806588358094153932e+02 2.696649655506003000e+02
2.815444622277981352e+02 2.702950071365104350e+02
2.824300886461808773e+02 2.709250487224205699e+02
2.833157150645636193e+02 2.715550903083307048e+02
2.842013414829463613e+02 2.721851318942408398e+02
2.850869679013291034e+02 2.728151734801509747e+02
2.859725943197117886e+02 2.734452150660611096e+02
2.868582207380945874e+02 2.740752566519712445e+02
2.877438471564772726e+02 2.747052982378813795e+02
2.886294735748600715e+02 2.753353398237915712e+02
2.895150999932427567e+02 2.759653814097017062e+02
2.904007264116255556e+02 2.765954229956118411e+02
2.912863528300082407e+02 2.772254645815219192e+02
2.921719792483909828e+02 2.778555061674320541e+02
2.930576056667737248e+02 2.784855477533421890e+02
2.939432320851564668e+02 2.791155893392523808e+02
2.948288585035392089e+02 2.797456309251625157e+02
2.957144849219219509e+02 2.803756725110726507e+02
2.966001113403046929e+02 2.810057140969827856e+02
2.974857377586873781e+02 2.816357556828929205e+02
2.983713641770701770e+02 2.822657972688030554e+02
2.992569905954528622e+02 2.828958388547131335e+02
3.001426170138356611e+02 2.835258804406233821e+02
3.010282434322183462e+02 2.841559220265334602e+02
3.019138698506011451e+02 2.847859636124436520e+02
3.027994962689838303e+02 2.854160051983537301e+02
