1.248532362666037159e+02 2.094184257875132573e+02
1.256774014092976870e+02 2.097036855978340384e+02
1.265015665519916581e+02 2.099889454081547910e+02
1.273257316946856292e+02 2.102742052184755721e+02
1.281498968373796004e+02 2.105594650287963532e+02
1.289740619800735715e+02 2.108447248391171343e+02
1.297982271227675426e+02 2.111299846494379153e+02
1.306223922654614853e+02 2.114152444597586396e+02
1.314465574081554564e+02 2.117005042700794206e+02
1.322707225508494275e+02 2.119857640804002017e+02
1.330948876935433987e+02 2.122710238907209828e+02
1.339190528362373698e+02 2.125562837010417638e+02
1.347432179789313409e+02 2.128415435113625449e+02
1.355673831216253120e+02 2.131268033216833260e+02
1.363915482643192831e+02 2.134120631320040786e+02
1.372157134070132543e+02 2.136973229423248597e+02
1.380398785497072254e+02 2.139825827526456123e+02
1.388640436924011965e+02 2.142678425629663934e+02
1.396882088350951676e+02 2.145531023732871745e+02
1.405123739777891387e+02 2.148383621836079556e+02
1.413365391204831099e+02 2.151236219939287366e+02
1.421607042631770810e+02 2.154088818042495177e+02
1.429848694058710237e+02 2.156941416145702419e+02
1.438090345485649948e+02 2.159794014248910230e+02
1.446331996912589659e+02 2.162646612352118041e+02
1.454573648339529370e+02 2.165499210455325851e+02
1.462815299766469082e+02 2.168351808558533662e+02
1.471056951193408793e+02 2.171204406661741473e+02
1.479298602620348504e+02 2.174057004764948999e+02
1.487540254047288215e+02 2.176909602868156526e+02
1.495781905474227926e+02 2.179762200971364337e+02
1.504023556901167638e+02 2.182614799074572147e+02
1.512265208328107349e+02 2.185467397177779958e+02
1.520506859755046776e+02 2.188319995280987200e+02
1.528748511181986487e+02 2.191172593384195295e+02
1.536990162608926198e+02 2.194025191487403106e+02
1.545231814035865909e+02 2.196877789590610632e+02
1.553473465462805621e+02 2.199730387693818443e+02
1.561715116889745332e+02 2.202582985797025970e+02
1.569956768316685043e+02 2.205435583900233780e+02
1.578198419743624754e+02 2.208295411344730041e+02
1.586440071170564465e+02 2.211137418157856587e+02
1.594681722597504177e+02 2.213810055845240754e+02
1.602923374024443888e+02 2.216412045538788220e+02
1.611165025451383599e+02 2.219023126038686655e+02
1.619406676878323310e+02 2.221729307712076320e+02
1.627648328305263021e+02 2.224541145647743292e+02
1.635889979732202733e+02 2.227420183463087824e+02
1.644131631159142444e+02 2.230354966005586448e+02
1.652373282586081871e+02 2.233317439497334078e+02
1.660614934013021582e+02 2.236349712407527477e+02
1.668856585439961293e+02 2.239390420933394807e+02
1.677098236866901004e+02 2.242484076941360627e+02
1.685339888293840716e+02 2.245603024164894919e+02
1.693581539720780427e+02 2.248766293002143186e+02
1.701823191147720138e+02 2.251948516289440931e+02
1.710064842574659849e+02 2.255171620781813431e+02
1.718306494001599560e+02 2.258404414790247188e+02
1.726548145428539272e+02 2.261665034656992077e+02
1.734789796855478698e+02 2.264912548433687220e+02
1.743031448282418410e+02 2.268154986724762239e+02
1.751273099709358121e+02 2.271366998015481613e+02
1.759514751136297832e+02 2.274539514795544619e+02
1.767756402563237543e+02 2.277675644138540179e+02
1.775998053990177254e+02 2.280768634094984293e+02
1.784239705417116966e+02 2.283821501785905639e+02
1.792481356844056677e+02 2.286847023955384657e+02
1.800723008270996388e+02 2.289834274905049369e+02
1.808964659697936099e+02 2.292807064020953192e+02
1.817206311124875810e+02 2.295770450997230512e+02
1.825447962551815522e+02 2.298731759995964126e+02
1.833689613978755233e+02 2.301698988704778799e+02
1.841931265405694944e+02 2.304655857596167152e+02
1.850172916832634655e+02 2.307609184359226333e+02
1.858414568259574366e+02 2.310550814081040585e+02
1.866656219686514078e+02 2.313497648052527893e+02
1.874897871113453505e+02 2.316434929407714094e+02
1.883139522540393216e+02 2.319361817963078067e+02
1.891381173967332927e+02 2.322380995335415719e+02
1.899622825394272638e+02 2.325519639776248368e+02
1.907864476821212349e+02 2.328848618444334875e+02
1.916106128248152061e+02 2.332386972073967968e+02
1.924347779675091772e+02 2.336027911814366007e+02
1.932589431102031483e+02 2.339859759956973448e+02
1.940831082528971194e+02 2.343893838072086169e+02
1.949072733955910621e+02 2.347991818360688683e+02
1.957314385382850332e+02 2.352033512082978746e+02
1.965556036809790044e+02 2.356009142728359791e+02
1.973797688236729755e+02 2.359820077240675289e+02
1.982039339663669466e+02 2.363484247582996716e+02
1.990280991090609177e+02 2.366995972508648265e+02
1.998522642517548888e+02 2.370314966153808030e+02
2.006764293944488600e+02 2.373464610587865877e+02
2.015005945371428311e+02 2.376434681579801236e+02
2.023247596798368022e+02 2.379217767698375496e+02
2.031489248225307733e+02 2.381823794101367184e+02
2.039730899652247444e+02 2.384299078743857763e+02
2.047972551079187156e+02 2.386633999362123006e+02
2.056214202506126867e+02 2.388875268259054394e+02
2.064455853933066578e+02 2.391042198465832485e+02
2.072697505360006289e+02 2.393133427322286764e+02
2.080939156786946000e+02 2.395142460477367763e+02
2.089180808213885712e+02 2.397020170135382386e+02
2.097422459640825423e+02 2.398769206503972669e+02
2.105664111067765134e+02 2.400414478413299548e+02
2.113905762494704561e+02 2.401905610878374091e+02
2.122147413921644272e+02 2.403234002057309340e+02
2.130389065348583983e+02 2.404343006785380794e+02
2.138630716775523695e+02 2.405287154502231601e+02
2.146872368202463406e+02 2.406111192553091769e+02
2.155114019629403117e+02 2.406853301039999167e+02
2.163355671056342828e+02 2.407491613693505883e+02
2.171597322483282255e+02 2.408094989231014154e+02
2.179838973910221966e+02 2.408689123332746647e+02
2.188080625337161678e+02 2.409267401425266826e+02
2.196322276764101389e+02 2.409799318116060363e+02
2.204563928191041100e+02 2.410252871046554333e+02
2.212805579617980811e+02 2.410654224541714257e+02
2.221047231044920522e+02 2.411006668361268908e+02
2.229288882471860234e+02 2.411351550373866814e+02
2.237530533898799945e+02 2.411678510559390247e+02
2.245772185325739656e+02 2.412010094099849198e+02
2.254013836752679367e+02 2.412339365501266570e+02
2.262255488179619078e+02 2.412646332828561242e+02
2.270497139606558790e+02 2.413043292285686903e+02
2.278738791033498501e+02 2.413700524151470859e+02
2.286980442460438212e+02 2.414489862506284510e+02
2.295222093887377923e+02 2.415519617656403568e+02
2.303463745314317634e+02 2.416704770206511910e+02
2.311705396741257346e+02 2.418101692949813639e+02
2.319947048168197057e+02 2.419597637651065725e+02
2.328188699595136768e+02 2.421220714652897357e+02
2.336430351022076195e+02 2.422950605650624141e+02
2.344672002449015906e+02 2.424759995736343114e+02
2.352913653875955617e+02 2.426689554988577981e+02
2.361155305302895329e+02 2.428686218838340096e+02
2.369396956729835040e+02 2.430798940834289965e+02
2.377638608156774751e+02 2.432961034069093671e+02
2.385880259583714462e+02 2.435221930190377293e+02
2.394121911010653889e+02 2.437551542469346373e+02
2.402363562437593600e+02 2.439992630567064680e+02
2.410605213864533312e+02 2.442497621871231388e+02
2.418846865291473023e+02 2.445075716046060847e+02
2.427088516718412734e+02 2.447735660334539602e+02
2.435330168145352445e+02 2.450489932901427039e+02
2.443571819572292156e+02 2.453355881768269739e+02
2.451813470999231868e+02 2.456299785023775257e+02
2.460055122426171579e+02 2.459410604658679347e+02
2.468296773853111290e+02 2.462678573390720942e+02
2.476538425280051001e+02 2.466091477381191623e+02
2.484780076706990712e+02 2.469697629731316226e+02
2.493021728133930424e+02 2.473414354856395221e+02
2.501263379560870135e+02 2.477278649429885888e+02
2.509505030987809846e+02 2.481218386447589239e+02
2.517746682414749557e+02 2.485231698022724061e+02
2.525988333841689268e+02 2.489317503151949325e+02
2.534229985268628695e+02 2.493576043497149328e+02
2.542471636695568407e+02 2.498030103204428940e+02
2.550713288122508118e+02 2.502649596770688731e+02
2.558954939549447829e+02 2.507532754790045715e+02
2.567196590976387824e+02 2.512493207159063218e+02
2.575438242403326967e+02 2.517562363893063377e+02
2.583679893830267247e+02 2.522795721197691137e+02
2.591921545257206390e+02 2.528090074244726111e+02
2.600163196684146669e+02 2.533387534947089250e+02
2.608404848111085812e+02 2.538697893091281514e+02
2.616646499538026092e+02 2.543834746559774942e+02
2.624888150964965234e+02 2.548742155601556192e+02
2.633129802391905514e+02 2.553718357157594880e+02
2.641371453818844657e+02 2.558830837662786450e+02
2.649613105245784368e+02 2.563943318167978873e+02
2.657854756672724079e+02 2.569055798673171012e+02
2.666096408099663790e+02 2.574168279178363150e+02
2.674338059526603502e+02 2.579280759683555289e+02
2.682579710953543213e+02 2.584393240188747427e+02
2.690821362380482924e+02 2.589505720693939566e+02
2.699063013807422635e+02 2.594618201199132272e+02
2.707304665234362346e+02 2.599730681704323842e+02
2.715546316661302058e+02 2.604843162209515981e+02
2.723787968088241769e+02 2.609955642714708688e+02
2.732029619515181480e+02 2.615068123219900826e+02
2.740271270942121191e+02 2.620180603725092965e+02
2.748512922369060334e+02 2.625293084230284535e+02
2.756754573796000614e+02 2.630405564735476673e+02
2.764996225222939756e+02 2.635518045240668812e+02
2.773237876649880036e+02 2.640630525745861519e+02
2.781479528076819179e+02 2.645743006251053657e+02
2.789721179503759458e+02 2.650855486756245796e+02
2.797962830930698601e+02 2.655967967261437366e+02
2.806204482357638881e+02 2.661080447766630073e+02
2.814446133784578024e+02 2.666192928271821643e+02
2.822687785211518303e+02 2.671305408777014350e+02
2.830929436638457446e+02 2.676417889282206488e+02
2.839171088065397726e+02 2.681530369787398627e+02
2.847412739492336868e+02 2.686642850292590765e+02
2.855654390919277148e+02 2.691755330797783472e+02
2.863896042346216291e+02 2.696867811302975042e+02
2.872137693773156002e+02 2.701980291808167181e+02
2.880379345200095713e+02 2.707092772313359319e+02
2.888620996627035424e+02 2.712205252818551457e+02
