1.271840287309753705e+02 2.079101271308600190e+02
1.281132515808519372e+02 2.082513994799227817e+02
1.290424744307285323e+02 2.085926718289855444e+02
1.299716972806050990e+02 2.089339441780482787e+02
1.309009201304816941e+02 2.092752165271110698e+02
1.318301429803582607e+02 2.096164888761738325e+02
1.327593658302348558e+02 2.099577612252365952e+02
1.336885886801114225e+02 2.102990335742993295e+02
1.346178115299880176e+02 2.106403059233620922e+02
1.355470343798645843e+02 2.109815782724248265e+02
1.364762572297411793e+02 2.113228506214876177e+02
1.374054800796177460e+02 2.116641229705503520e+02
1.383347029294943411e+02 2.120053953196131147e+02
1.392639257793709078e+02 2.123466676686758774e+02
1.401931486292475029e+02 2.126879400177386401e+02
1.411223714791240695e+02 2.130292123668014028e+02
1.420515943290006646e+02 2.133704847158641371e+02
1.429808171788772313e+02 2.137117570649269283e+02
1.439100400287538264e+02 2.140530294139896625e+02
1.448392628786303931e+02 2.143943017630523968e+02
1.457684857285069882e+02 2.147355741121151880e+02
1.466977085783835548e+02 2.150768464611779507e+02
1.476269314282601499e+02 2.154181188102407134e+02
1.485561542781367166e+02 2.157593911593034477e+02
1.494853771280133117e+02 2.161006635083662104e+02
1.504145999778898783e+02 2.164419358574289731e+02
1.513438228277664734e+02 2.167832082064917358e+02
1.522730456776430401e+02 2.171244805555544986e+02
1.532022685275196352e+02 2.174657529046172613e+02
1.541314913773962019e+02 2.178070252536799956e+02
1.550607142272727970e+02 2.181482976027427867e+02
1.559899370771493636e+02 2.184895699518055210e+02
1.569191599270259587e+02 2.188543414645382654e+02
1.578483827769025254e+02 2.192022287241016443e+02
1.587776056267791205e+02 2.195234192754589344e+02
1.597068284766556872e+02 2.198222199430344972e+02
1.606360513265322538e+02 2.201119903042966826e+02
1.615652741764088489e+02 2.203935562361236293e+02
1.624944970262854440e+02 2.206723684800796264e+02
1.634237198761620107e+02 2.209507423535755493e+02
1.643529427260385773e+02 2.212277179382871282e+02
1.652821655759151724e+02 2.215030543497101974e+02
1.662113884257917675e+02 2.217765734364068066e+02
1.671406112756683342e+02 2.220541292615969837e+02
1.680698341255449009e+02 2.223380873701716212e+02
1.689990569754214960e+02 2.226281398731593413e+02
1.699282798252980911e+02 2.229259413266475462e+02
1.708575026751746577e+02 2.232327761213475128e+02
1.717867255250512244e+02 2.235483146213954342e+02
1.727159483749278195e+02 2.238744963249242232e+02
1.736451712248044146e+02 2.242064128166178421e+02
1.745743940746809812e+02 2.245447405978554229e+02
1.755036169245575479e+02 2.248867424428488277e+02
1.764328397744341430e+02 2.252328923470095390e+02
1.773620626243107097e+02 2.255806163750824851e+02
1.782912854741873048e+02 2.259288656613291550e+02
1.792205083240638714e+02 2.262773436413817763e+02
1.801497311739404665e+02 2.266231788894203873e+02
1.810789540238170332e+02 2.269680964916434505e+02
1.820081768736936283e+02 2.273107465246236245e+02
1.829373997235701950e+02 2.276502445638351446e+02
1.838666225734467901e+02 2.279870872731902693e+02
1.847958454233233567e+02 2.283228599319567707e+02
1.857250682731999518e+02 2.286802165398230500e+02
1.866542911230765185e+02 2.290765125640359088e+02
1.875835139729531136e+02 2.295087823562298297e+02
1.885127368228296802e+02 2.299852891018001628e+02
1.894419596727062753e+02 2.304877545364242906e+02
1.903711825225828420e+02 2.310020277597267295e+02
1.913004053724594087e+02 2.315113240694211640e+02
1.922296282223360038e+02 2.320145227255904388e+02
1.931588510722125989e+02 2.325139339099635549e+02
1.940880739220891655e+02 2.330099361110991367e+02
1.950172967719657322e+02 2.335007609882099473e+02
1.959465196218423273e+02 2.339880642930981764e+02
1.968757424717189224e+02 2.344597509289019399e+02
1.978049653215954891e+02 2.349116605602091852e+02
1.987341881714720557e+02 2.353381708049489305e+02
1.996634110213486508e+02 2.357393118174843778e+02
2.005926338712252459e+02 2.361088665043301660e+02
2.015218567211018126e+02 2.364497298972022463e+02
2.024510795709783793e+02 2.367655459711452863e+02
2.033803024208549743e+02 2.370648540143666594e+02
2.043095252707315694e+02 2.373506106799058273e+02
2.052387481206081361e+02 2.376244494609507854e+02
2.061679709704847028e+02 2.378864199478620662e+02
2.070971938203612979e+02 2.381367224367895687e+02
2.080264166702378930e+02 2.383723595645545856e+02
2.089556395201144596e+02 2.385940386090987886e+02
2.098848623699910263e+02 2.388040323915624867e+02
2.108140852198676214e+02 2.389991155894724670e+02
2.117433080697442165e+02 2.391801198058529963e+02
2.126725309196207832e+02 2.393496300860487906e+02
2.136017537694973498e+02 2.395045379553573639e+02
2.145309766193739449e+02 2.396465959200642999e+02
2.154601994692505400e+02 2.397763599924327309e+02
2.163894223191271067e+02 2.398914712899742483e+02
2.173186451690036733e+02 2.399981480499405393e+02
2.182478680188802684e+02 2.400960194538234305e+02
2.191770908687568635e+02 2.401887538519044938e+02
2.201063137186334302e+02 2.402784591261208504e+02
2.210355365685099969e+02 2.403628501804441271e+02
2.219647594183865920e+02 2.404446104881242832e+02
2.228939822682631871e+02 2.405243859239631661e+02
2.238232051181397537e+02 2.405976541353003313e+02
2.247524279680163204e+02 2.406655455291382850e+02
2.256816508178929155e+02 2.407256522944627477e+02
2.266108736677694822e+02 2.407802598545355011e+02
2.275400965176460772e+02 2.408349194152676773e+02
2.284693193675226439e+02 2.408940074855940452e+02
2.293985422173992106e+02 2.409621271868887220e+02
2.303277650672758057e+02 2.410352990591748039e+02
2.312569879171524008e+02 2.411155960457413983e+02
2.321862107670289674e+02 2.412193927736863657e+02
2.331154336169055341e+02 2.413485974214303269e+02
2.340446564667821292e+02 2.415000959705394337e+02
2.349738793166587243e+02 2.416796216956615240e+02
2.359031021665352910e+02 2.418782700985294980e+02
2.368323250164118576e+02 2.421000618597543053e+02
2.377615478662884527e+02 2.423428432819085572e+02
2.386907707161650478e+02 2.426072302129762761e+02
2.396199935660416145e+02 2.428945495361710698e+02
2.405492164159181812e+02 2.432013890342814193e+02
2.414784392657947762e+02 2.435285967736165276e+02
2.424076621156713713e+02 2.438757895475102657e+02
2.433368849655479380e+02 2.442437184789767457e+02
2.442661078154245047e+02 2.446367296319885725e+02
2.451953306653010998e+02 2.450562800237040051e+02
2.461245535151776949e+02 2.454925698780772052e+02
2.470537763650542615e+02 2.459419606623276877e+02
2.479829992149308282e+02 2.464021454421675230e+02
2.489122220648074233e+02 2.468749004854406621e+02
2.498414449146840184e+02 2.473576450976320018e+02
2.507706677645605851e+02 2.478529384224515582e+02
2.516998906144371517e+02 2.483579766373407836e+02
2.526291134643137468e+02 2.488741478879120450e+02
2.535583363141903419e+02 2.494070609911212557e+02
2.544875591640669086e+02 2.499705184166548975e+02
2.554167820139434752e+02 2.505570005119377583e+02
2.563460048638200988e+02 2.511539487475033638e+02
2.572752277136966086e+02 2.517639989604363677e+02
2.582044505635732321e+02 2.523909657777924451e+02
2.591336734134497988e+02 2.530299397879732624e+02
2.600628962633263654e+02 2.536734531372668471e+02
2.609921191132029890e+02 2.543184980230123813e+02
2.619213419630795556e+02 2.549646366226791088e+02
2.628505648129561223e+02 2.556123139296760201e+02
2.637797876628327458e+02 2.562609761958948411e+02
2.647090105127092556e+02 2.569104034240615988e+02
2.656382333625858791e+02 2.575610044592059467e+02
2.665674562124624458e+02 2.582116267392264035e+02
2.674966790623390125e+02 2.588624662464138737e+02
2.684259019122156360e+02 2.595131594932388452e+02
2.693551247620922027e+02 2.601639566271788340e+02
2.702843476119687693e+02 2.608143800390326987e+02
2.712135704618453929e+02 2.614664663892262979e+02
2.721427933117219027e+02 2.621215608799378742e+02
2.730720161615985262e+02 2.627766553706494506e+02
2.740012390114750929e+02 2.634317498613610269e+02
2.749304618613516595e+02 2.640868443520726032e+02
2.758596847112282830e+02 2.647419388427841795e+02
2.767889075611048497e+02 2.653970333334958127e+02
2.777181304109814164e+02 2.660521278242073322e+02
2.786473532608580399e+02 2.667072223149189654e+02
2.795765761107345497e+02 2.673623168056304849e+02
2.805057989606111732e+02 2.680174112963421180e+02
2.814350218104877399e+02 2.686725057870536375e+02
2.823642446603643066e+02 2.693276002777652138e+02
2.832934675102409301e+02 2.699826947684769038e+02
2.842226903601174968e+02 2.706377892591884233e+02
2.851519132099940634e+02 2.712928837499000565e+02
2.860811360598706301e+02 2.719479782406115191e+02
2.870103589097471968e+02 2.726030727313231523e+02
2.879395817596238203e+02 2.732581672220347855e+02
2.888688046095003870e+02 2.739132617127463050e+02
2.897980274593769536e+02 2.745683562034578813e+02
2.907272503092535771e+02 2.752234506941695145e+02
2.916564731591300870e+02 2.758785451848810339e+02
2.925856960090067105e+02 2.765336396755926671e+02
2.935149188588832772e+02 2.771887341663042434e+02
2.944441417087598438e+02 2.778438286570158198e+02
2.953733645586364673e+02 2.784989231477273961e+02
2.963025874085130340e+02 2.791540176384389724e+02
2.972318102583896007e+02 2.798091121291505488e+02
2.981610331082662242e+02 2.804642066198621251e+02
2.990902559581427340e+02 2.811193011105737014e+02
3.000194788080193575e+02 2.817743956012852777e+02
3.009487016578959242e+02 2.824294900919968541e+02
3.018779245077724909e+02 2.830845845827084304e+02
3.028071473576491144e+02 2.837396790734200636e+02
3.037363702075256811e+02 2.843947735641316399e+02
3.046655930574022477e+02 2.850498680548431594e+02
3.055948159072788712e+02 2.857049625455547925e+02
3.065240387571553811e+02 2.863600570362663689e+02
3.074532616070320046e+02 2.870151515269779452e+02
3.083824844569085712e+02 2.876702460176895215e+02
3.093117073067851379e+02 2.883253405084010978e+02
3.102409301566617614e+02 2.889804349991127310e+02
3.111701530065383281e+02 2.896355294898242505e+02
3.120993758564148948e+02 2.902906239805358268e+02
