1.263252051437757473e+02 2.115818313279142728e+02
1.274784203040162822e+02 2.118762827541695515e+02
1.286316354642568172e+02 2.121707341804248017e+02
1.297848506244973521e+02 2.124651856066800519e+02
1.309380657847378870e+02 2.127596370329352737e+02
1.320912809449784220e+02 2.130540884591905240e+02
1.332444961052189853e+02 2.133485398854458026e+02
1.343977112654595203e+02 2.136429913117010528e+02
1.355509264257000552e+02 2.139374427379563031e+02
1.367041415859405902e+02 2.142318941642115533e+02
1.378573567461811251e+02 2.145263455904668035e+02
1.390105719064216601e+02 2.148207970167220537e+02
1.401637870666621950e+02 2.151152484429773040e+02
1.413170022269027299e+02 2.154096998692325542e+02
1.424702173871432649e+02 2.157041512954878044e+02
1.436234325473837998e+02 2.159986027217430831e+02
1.447766477076243632e+02 2.162930541479983049e+02
1.459298628678648981e+02 2.165875055742535835e+02
1.470830780281054331e+02 2.168819570005088622e+02
1.482362931883459680e+02 2.171764084267640840e+02
1.493895083485865030e+02 2.174708598530193058e+02
1.505427235088270379e+02 2.177653112792746128e+02
1.516959386690675728e+02 2.180597627055298346e+02
1.528491538293081078e+02 2.183542141317850849e+02
1.540023689895486427e+02 2.186486655580403635e+02
1.551555841497891777e+02 2.189431169842956137e+02
1.563087993100297126e+02 2.192375684105508640e+02
1.574620144702702760e+02 2.195320198368061142e+02
1.586152296305107825e+02 2.198280383304183374e+02
1.597684447907513459e+02 2.201150322115478275e+02
1.609216599509918808e+02 2.204018700218498736e+02
1.620748751112324157e+02 2.206918393498464752e+02
1.632280902714729507e+02 2.209844852472986076e+02
1.643813054317134856e+02 2.212804059314859444e+02
1.655345205919540206e+02 2.215834714465846105e+02
1.666877357521945555e+02 2.218931091265836812e+02
1.678409509124351189e+02 2.222152244824400213e+02
1.689941660726756254e+02 2.225475460520844422e+02
1.701473812329161888e+02 2.228895271987802857e+02
1.713005963931567237e+02 2.232407420335449046e+02
1.724538115533972586e+02 2.235986316773983162e+02
1.736070267136377936e+02 2.239604156879069023e+02
1.747602418738783285e+02 2.243251924990063912e+02
1.759134570341188635e+02 2.246930035620855222e+02
1.770666721943593984e+02 2.250627036832585475e+02
1.782198873545999334e+02 2.254354718991938284e+02
1.793731025148404683e+02 2.258116305840287623e+02
1.805263176750810317e+02 2.261895233239325194e+02
1.816795328353215382e+02 2.265724165756076331e+02
1.828327479955621016e+02 2.269724484420864883e+02
1.839859631558026365e+02 2.274068933073349967e+02
1.851391783160431714e+02 2.278834164680390018e+02
1.862923934762837064e+02 2.284089633256184584e+02
1.874456086365242413e+02 2.289882242362082252e+02
1.885988237967647763e+02 2.296055348903016409e+02
1.897520389570053112e+02 2.302474531724442954e+02
1.909052541172458461e+02 2.308873188249643817e+02
1.920584692774863811e+02 2.315263671920045567e+02
1.932116844377269445e+02 2.321572205840739116e+02
1.943648995979674510e+02 2.327758622827981299e+02
1.955181147582080143e+02 2.333656903185115539e+02
1.966713299184485209e+02 2.339171850078126056e+02
1.978245450786890842e+02 2.344279770463630257e+02
1.989777602389296192e+02 2.348971993236498577e+02
2.001309753991701541e+02 2.353269221433079110e+02
2.012841905594106890e+02 2.357213523107871254e+02
2.024374057196512240e+02 2.360856128070903992e+02
2.035906208798917874e+02 2.364148638464006638e+02
2.047438360401322939e+02 2.367073313730717246e+02
2.058970512003728572e+02 2.369646033167973087e+02
2.070502663606133638e+02 2.371870792465326190e+02
2.082034815208539271e+02 2.373722789848754076e+02
2.093566966810944621e+02 2.375349046794162575e+02
2.105099118413349970e+02 2.376796171851432007e+02
2.116631270015755319e+02 2.378147319617695814e+02
2.128163421618160669e+02 2.379409286737146658e+02
2.139695573220566018e+02 2.380534108051664646e+02
2.151227724822971368e+02 2.381550196647169457e+02
2.162759876425377001e+02 2.382481343251714634e+02
2.174292028027782067e+02 2.383328106392959853e+02
2.185824179630187700e+02 2.384109211039339300e+02
2.197356331232592765e+02 2.384798315858664921e+02
2.208888482834998399e+02 2.385410769848401173e+02
2.220420634437403749e+02 2.385929007229847514e+02
2.231952786039809098e+02 2.386355546954990530e+02
2.243484937642214447e+02 2.386699033379186687e+02
2.255017089244619797e+02 2.386963703787516806e+02
2.266549240847025146e+02 2.387155996628592902e+02
2.278081392449430496e+02 2.387294696138197310e+02
2.289613544051836129e+02 2.387417629371410612e+02
2.301145695654241194e+02 2.387890223398262037e+02
2.312677847256646828e+02 2.389041774994538514e+02
2.324209998859051893e+02 2.390784230427208286e+02
2.335742150461457527e+02 2.393019174635997501e+02
2.347274302063862876e+02 2.395576925251679086e+02
2.358806453666268226e+02 2.398461740151542472e+02
2.370338605268673575e+02 2.401646917496340166e+02
2.381870756871078925e+02 2.405131777289910247e+02
2.393402908473484274e+02 2.408988401571327245e+02
2.404935060075889623e+02 2.413218416141576768e+02
2.416467211678295257e+02 2.417935680895306803e+02
2.427999363280700322e+02 2.423126166923317442e+02
2.439531514883105956e+02 2.428779769469032317e+02
2.451063666485511021e+02 2.434820600814939269e+02
2.462595818087916655e+02 2.441173868433232030e+02
2.474127969690322004e+02 2.447795608472445679e+02
2.485660121292727354e+02 2.454647023139976341e+02
2.497192272895132703e+02 2.461737612380518385e+02
2.508724424497538052e+02 2.469068107983489995e+02
2.520256576099943402e+02 2.476647062644125299e+02
2.531788727702348751e+02 2.484503750807486995e+02
2.543320879304754101e+02 2.492446632784527196e+02
2.554853030907159450e+02 2.500564505798239452e+02
2.566385182509565084e+02 2.508890006960007781e+02
2.577917334111970149e+02 2.517451621810638471e+02
2.589449485714375783e+02 2.526269604362037740e+02
2.600981637316781416e+02 2.535299208161572722e+02
2.612513788919186482e+02 2.544521352000523109e+02
2.624045940521591547e+02 2.553856645245751906e+02
2.635578092123997180e+02 2.563316697398863084e+02
2.647110243726402814e+02 2.572845510369561453e+02
2.658642395328807879e+02 2.582444955769734065e+02
2.670174546931212944e+02 2.592085492102787612e+02
2.681706698533619146e+02 2.601751242944097839e+02
2.693238850136024212e+02 2.611423959741050567e+02
2.704771001738429277e+02 2.621085544809676549e+02
2.716303153340834911e+02 2.630716789954624915e+02
2.727835304943240544e+02 2.640314224442241766e+02
2.739367456545645609e+02 2.649872621325357613e+02
2.750899608148050675e+02 2.659405915974055006e+02
2.762431759750456308e+02 2.668937888638959635e+02
2.773963911352861942e+02 2.678491978562849454e+02
2.785496062955267007e+02 2.688090318274923902e+02
2.797028214557672072e+02 2.697745517758073674e+02
2.808560366160078274e+02 2.707466153789301870e+02
2.820092517762483340e+02 2.717262401838611368e+02
2.831624669364888405e+02 2.727143393507771520e+02
2.843156820967294038e+02 2.737100164118359658e+02
2.854688972569699672e+02 2.747124333660058255e+02
2.866221124172104737e+02 2.757205823679269088e+02
2.877753275774509802e+02 2.767341988283737919e+02
2.889285427376915436e+02 2.777533811981655845e+02
2.900817578979321070e+02 2.787803978478270892e+02
2.912349730581726135e+02 2.798186889216918871e+02
2.923881882184131769e+02 2.808698229835467259e+02
2.935414033786537402e+02 2.819344362868736198e+02
2.946946185388942467e+02 2.830110611133079601e+02
2.958478336991347533e+02 2.840972602974515553e+02
2.970010488593753166e+02 2.851876598070888917e+02
2.981542640196158800e+02 2.862771923245773564e+02
2.993074791798563865e+02 2.873626669357549872e+02
3.004606943400968930e+02 2.884430115921753668e+02
3.016139095003374564e+02 2.895183791181308379e+02
3.027671246605780198e+02 2.905910742402974734e+02
3.039203398208185263e+02 2.916670158975052232e+02
3.050735549810590896e+02 2.927503281744083097e+02
3.062267701412996530e+02 2.938433693801995901e+02
3.073799853015401595e+02 2.949419147827110237e+02
3.085332004617806660e+02 2.960400194931361284e+02
3.096864156220212294e+02 2.971322615450471289e+02
3.108396307822617928e+02 2.982133475291821583e+02
3.119928459425022993e+02 2.992773944568521642e+02
3.131460611027428058e+02 3.003227967530646083e+02
3.142992762629833692e+02 3.013525780115146517e+02
3.154524914232239325e+02 3.023690253839847060e+02
3.166057065834644391e+02 3.033699333327209047e+02
3.177589217437050024e+02 3.043566816210841353e+02
3.189121369039455658e+02 3.053391467563610604e+02
3.200653520641860723e+02 3.063204873302464080e+02
3.212185672244265788e+02 3.072935527221594612e+02
3.223717823846671422e+02 3.082478003374685045e+02
3.235249975449077056e+02 3.092117219723214134e+02
3.246782127051482121e+02 3.102026189892246180e+02
3.258314278653887186e+02 3.112112232136121293e+02
3.269846430256292820e+02 3.122276796717839034e+02
3.281378581858698453e+02 3.132086090422571374e+02
3.292910733461103518e+02 3.141838826017055908e+02
3.304442885063509152e+02 3.151890109129643065e+02
3.315975036665914786e+02 3.161941392242230222e+02
3.327507188268319851e+02 3.171992675354816811e+02
3.339039339870724916e+02 3.182043958467403968e+02
3.350571491473130550e+02 3.192095241579991125e+02
3.362103643075536183e+02 3.202146524692577714e+02
3.373635794677941249e+02 3.212197807805164302e+02
3.385167946280346314e+02 3.222249090917750891e+02
3.396700097882751948e+02 3.232300374030338048e+02
3.408232249485157581e+02 3.242351657142925205e+02
3.419764401087562646e+02 3.252402940255511794e+02
3.431296552689968280e+02 3.262454223368099520e+02
3.442828704292373914e+02 3.272505506480686108e+02
3.454360855894778979e+02 3.282556789593272697e+02
3.465893007497184044e+02 3.292608072705859286e+02
3.477425159099589678e+02 3.302659355818446443e+02
3.488957310701995311e+02 3.312710638931033600e+02
3.500489462304400377e+02 3.322761922043620189e+02
3.512021613906805442e+02 3.332813205156206777e+02
3.523553765509211075e+02 3.342864488268794503e+02
3.535085917111616709e+02 3.352915771381381091e+02
3.546618068714021774e+02 3.362967054493968249e+02
3.558150220316427408e+02 3.373018337606554837e+02
