1.266217911329244146e+02 2.095703294061126769e+02
1.276300226617977387e+02 2.098987976863734843e+02
1.286382541906710628e+02 2.102272659666342633e+02
1.296464857195443869e+02 2.105557342468950424e+02
1.306547172484177111e+02 2.108842025271558782e+02
1.316629487772910352e+02 2.112126708074166288e+02
1.326711803061643877e+02 2.115411390876774362e+02
1.336794118350377119e+02 2.118696073679382437e+02
1.346876433639110360e+02 2.121980756481990511e+02
1.356958748927843601e+02 2.125265439284598301e+02
1.367041064216576842e+02 2.128550122087206091e+02
1.377123379505310083e+02 2.131834804889813881e+02
1.387205694794043325e+02 2.135119487692421671e+02
1.397288010082776566e+02 2.138404170495030030e+02
1.407370325371509807e+02 2.141688853297637820e+02
1.417452640660243333e+02 2.144973536100245610e+02
1.427534955948976574e+02 2.148258218902853685e+02
1.437617271237709815e+02 2.151542901705461475e+02
1.447699586526443056e+02 2.154827584508069549e+02
1.457781901815176298e+02 2.158112267310677339e+02
1.467864217103909539e+02 2.161396950113285129e+02
1.477946532392642780e+02 2.164681632915893204e+02
1.488028847681376021e+02 2.167966315718501278e+02
1.498111162970109262e+02 2.171250998521109068e+02
1.508193478258842788e+02 2.174535681323716858e+02
1.518275793547575745e+02 2.177820364126324648e+02
1.528358108836309270e+02 2.181105046928932722e+02
1.538440424125042512e+02 2.184389729731540797e+02
1.548522739413775753e+02 2.187674412534148871e+02
1.558605054702508994e+02 2.190959095336756377e+02
1.568687369991242235e+02 2.194243778139364451e+02
1.578769685279975477e+02 2.198025728789301354e+02
1.588852000568708718e+02 2.201560912342682172e+02
1.598934315857441959e+02 2.204820846388981863e+02
1.609016631146175200e+02 2.207886447001066585e+02
1.619098946434908726e+02 2.210853440798652230e+02
1.629181261723641967e+02 2.213761167566738663e+02
1.639263577012375208e+02 2.216641743844242285e+02
1.649345892301108449e+02 2.219491269754526002e+02
1.659428207589841691e+02 2.222315690340030869e+02
1.669510522878574932e+02 2.225124942708625895e+02
1.679592838167308173e+02 2.228011386034637553e+02
1.689675153456041414e+02 2.231030016568530527e+02
1.699757468744774656e+02 2.234234759464018509e+02
1.709839784033508181e+02 2.237572972344337927e+02
1.719922099322241138e+02 2.241078473250965999e+02
1.730004414610974663e+02 2.244714106724671865e+02
1.740086729899707905e+02 2.248427136230668850e+02
1.750169045188441146e+02 2.252205866455158798e+02
1.760251360477174387e+02 2.256038889468181026e+02
1.770333675765907628e+02 2.259903736600356581e+02
1.780415991054640870e+02 2.263775537185146618e+02
1.790498306343374111e+02 2.267657244702785988e+02
1.800580621632107636e+02 2.271538683343145806e+02
1.810662936920840593e+02 2.275401364190557274e+02
1.820745252209574119e+02 2.279237363202580866e+02
1.830827567498307360e+02 2.283037620295100965e+02
1.840909882787040601e+02 2.286866142998654254e+02
1.850992198075773842e+02 2.290928801500998588e+02
1.861074513364507084e+02 2.295297846435372549e+02
1.871156828653240325e+02 2.300025459467503310e+02
1.881239143941973566e+02 2.305164033202586040e+02
1.891321459230706807e+02 2.310498841605429448e+02
1.901403774519440049e+02 2.316001564728710775e+02
1.911486089808173574e+02 2.321489971141085675e+02
1.921568405096906531e+02 2.326915874671088886e+02
1.931650720385640057e+02 2.332303507732237335e+02
1.941733035674373298e+02 2.337586076488569233e+02
1.951815350963106539e+02 2.342796134765825400e+02
1.961897666251839780e+02 2.347825274214081333e+02
1.971979981540573021e+02 2.352690455173718647e+02
1.982062296829306263e+02 2.357262990989650007e+02
1.992144612118039504e+02 2.361550878085311069e+02
2.002226927406773029e+02 2.365513327104590928e+02
2.012309242695505986e+02 2.369135116077824250e+02
2.022391557984239512e+02 2.372432992775189859e+02
2.032473873272972469e+02 2.375430083669506303e+02
2.042556188561705994e+02 2.378191257382497099e+02
2.052638503850439236e+02 2.380766454481073140e+02
2.062720819139172477e+02 2.383197173053399069e+02
2.072803134427905718e+02 2.385528616217839613e+02
2.082885449716638959e+02 2.387794660800347799e+02
2.092967765005372485e+02 2.389963010174231215e+02
2.103050080294105442e+02 2.392022418924429417e+02
2.113132395582838967e+02 2.393940144461028581e+02
2.123214710871571924e+02 2.395707210520543811e+02
2.133297026160305450e+02 2.397311219878149302e+02
2.143379341449038691e+02 2.398752461053555294e+02
2.153461656737771932e+02 2.400029099225846494e+02
2.163543972026505173e+02 2.401188565635183636e+02
2.173626287315238415e+02 2.402228625709207108e+02
2.183708602603971656e+02 2.403166445894815979e+02
2.193790917892704897e+02 2.404029511565758810e+02
2.203873233181438422e+02 2.404777193761851493e+02
2.213955548470171379e+02 2.405465134603053343e+02
2.224037863758904905e+02 2.406073258643297095e+02
2.234120179047638146e+02 2.406617928094539991e+02
2.244202494336371387e+02 2.407095597115733199e+02
2.254284809625104629e+02 2.407529923733326882e+02
2.264367124913837870e+02 2.407919169156556336e+02
2.274449440202571111e+02 2.408282829343479534e+02
2.284531755491304352e+02 2.408630145242738649e+02
2.294614070780037878e+02 2.409010623079220181e+02
2.304696386068770835e+02 2.409469688158659437e+02
2.314778701357504360e+02 2.410057186000329352e+02
2.324861016646237317e+02 2.411005659096077238e+02
2.334943331934970843e+02 2.412374414728927547e+02
2.345025647223704084e+02 2.414160793065250346e+02
2.355107962512437325e+02 2.416332365373084770e+02
2.365190277801170566e+02 2.418871158601552906e+02
2.375272593089903808e+02 2.421778369826169808e+02
2.385354908378637333e+02 2.425112772872019491e+02
2.395437223667370290e+02 2.428827373454799954e+02
2.405519538956103816e+02 2.432965000546844294e+02
2.415601854244836773e+02 2.437517816801502306e+02
2.425684169533570298e+02 2.442444955210626745e+02
2.435766484822303539e+02 2.447732294375670392e+02
2.445848800111036780e+02 2.453210062200214736e+02
2.455931115399770022e+02 2.458865132338742967e+02
2.466013430688503263e+02 2.464737765064536461e+02
2.476095745977236504e+02 2.470853825889716973e+02
2.486178061265969745e+02 2.477186932498123326e+02
2.496260376554703271e+02 2.483686824169352292e+02
2.506342691843436228e+02 2.490294359495743493e+02
2.516425007132169753e+02 2.496934811315004765e+02
2.526507322420902710e+02 2.503612934899733204e+02
2.536589637709636236e+02 2.510364216927249004e+02
2.546671952998369477e+02 2.517216237192122890e+02
2.556754268287102718e+02 2.524187697248858058e+02
2.566836583575835675e+02 2.531190004968700862e+02
2.576918898864569201e+02 2.538273333316766696e+02
2.587001214153302726e+02 2.545447676907708114e+02
2.597083529442035683e+02 2.552722220093564260e+02
2.607165844730769209e+02 2.560115493034853671e+02
2.617248160019502166e+02 2.567630882981701461e+02
2.627330475308235691e+02 2.575249822631368488e+02
2.637412790596969216e+02 2.582965258218421241e+02
2.647495105885702174e+02 2.590750610162103271e+02
2.657577421174435131e+02 2.598568236081446798e+02
2.667659736463168656e+02 2.606395804711576147e+02
2.677742051751902181e+02 2.614215396168339112e+02
2.687824367040635138e+02 2.622019002791721505e+02
2.697906682329368095e+02 2.629797700660045052e+02
2.707988997618101621e+02 2.637553714635006372e+02
2.718071312906835146e+02 2.645283235837312077e+02
2.728153628195568672e+02 2.652979198104707734e+02
2.738235943484301629e+02 2.660638274549968401e+02
2.748318258773034586e+02 2.668256354013177543e+02
2.758400574061768111e+02 2.675837182117551833e+02
2.768482889350501637e+02 2.683390779015109047e+02
2.778565204639234594e+02 2.690936614729762368e+02
2.788647519927967551e+02 2.698483814898203832e+02
2.798729835216701076e+02 2.706047996966578353e+02
2.808812150505434602e+02 2.713636526904937796e+02
2.818894465794168127e+02 2.721256122847270831e+02
2.828976781082901084e+02 2.728899816153133315e+02
2.839059096371634041e+02 2.736556862901231852e+02
2.849141411660367567e+02 2.744213810663895856e+02
2.859223726949101092e+02 2.751862962669598573e+02
2.869306042237834049e+02 2.759498394069551068e+02
2.879388357526567006e+02 2.767113147751637143e+02
2.889470672815300532e+02 2.774691267551150986e+02
2.899552988104034057e+02 2.782226370681917160e+02
2.909635303392767582e+02 2.789694177781804569e+02
2.919717618681500539e+02 2.797092923111536038e+02
2.929799933970233496e+02 2.804454697861636987e+02
2.939882249258967022e+02 2.811813650381443495e+02
2.949964564547700547e+02 2.819206173104793152e+02
2.960046879836433504e+02 2.826668125323242293e+02
2.970129195125166461e+02 2.834222283638305271e+02
2.980211510413899987e+02 2.841689729889881733e+02
2.990293825702633512e+02 2.849087772843159883e+02
3.000376140991366469e+02 2.856485815796437464e+02
3.010458456280099995e+02 2.863883858749716183e+02
3.020540771568832952e+02 2.871281901702994332e+02
3.030623086857566477e+02 2.878679944656273051e+02
3.040705402146300003e+02 2.886077987609551201e+02
3.050787717435032960e+02 2.893476030562828782e+02
3.060870032723765917e+02 2.900874073516106932e+02
3.070952348012499442e+02 2.908272116469385651e+02
3.081034663301232968e+02 2.915670159422663801e+02
3.091116978589965925e+02 2.923068202375941951e+02
3.101199293878698882e+02 2.930466245329220101e+02
3.111281609167432407e+02 2.937864288282498251e+02
3.121363924456165932e+02 2.945262331235776401e+02
3.131446239744899458e+02 2.952660374189055119e+02
3.141528555033632415e+02 2.960058417142333269e+02
3.151610870322365372e+02 2.967456460095611419e+02
3.161693185611098897e+02 2.974854503048889569e+02
3.171775500899832423e+02 2.982252546002167719e+02
3.181857816188565380e+02 2.989650588955445869e+02
3.191940131477298337e+02 2.997048631908724019e+02
3.202022446766031862e+02 3.004446674862002169e+02
3.212104762054765388e+02 3.011844717815280887e+02
3.222187077343498913e+02 3.019242760768559037e+02
3.232269392632231870e+02 3.026640803721837187e+02
3.242351707920964827e+02 3.034038846675115337e+02
3.252434023209698353e+02 3.041436889628393487e+02
3.262516338498431878e+02 3.048834932581672206e+02
3.272598653787164835e+02 3.056232975534949787e+02
