1.272347511542341465e+02 2.082450087986825906e+02
1.281504461996114514e+02 2.085847601307785055e+02
1.290661412449887564e+02 2.089245114628744204e+02
1.299818362903660613e+02 2.092642627949703069e+02
1.308975313357433947e+02 2.096040141270662502e+02
1.318132263811206997e+02 2.099437654591621936e+02
1.327289214264980046e+02 2.102835167912580516e+02
1.336446164718753096e+02 2.106232681233539950e+02
1.345603115172526145e+02 2.109630194554499099e+02
1.354760065626299195e+02 2.113027707875457963e+02
1.363917016080072244e+02 2.116425221196417397e+02
1.373073966533845294e+02 2.119822734517376261e+02
1.382230916987618627e+02 2.123220247838335695e+02
1.391387867441391677e+02 2.126617761159294560e+02
1.400544817895164726e+02 2.130015274480253424e+02
1.409701768348937776e+02 2.133412787801212858e+02
1.418858718802710825e+02 2.136810301122172007e+02
1.428015669256483875e+02 2.140207814443131156e+02
1.437172619710256924e+02 2.143605327764090589e+02
1.446329570164029974e+02 2.147002841085049454e+02
1.455486520617803308e+02 2.150400354406008603e+02
1.464643471071576357e+02 2.153797867726967752e+02
1.473800421525349407e+02 2.157195381047927185e+02
1.482957371979122456e+02 2.160592894368886050e+02
1.492114322432895506e+02 2.163990407689845199e+02
1.501271272886668555e+02 2.167387921010804064e+02
1.510428223340441605e+02 2.170785434331763213e+02
1.519585173794214938e+02 2.174182947652722646e+02
1.528742124247987988e+02 2.177580460973681511e+02
1.537899074701761037e+02 2.180977974294640944e+02
1.547056025155534087e+02 2.184375487615599809e+02
1.556212975609307136e+02 2.187773000936559242e+02
1.565369926063080186e+02 2.191170514257518107e+02
1.574526876516853235e+02 2.194568027578477256e+02
1.583683826970626285e+02 2.198237318531569429e+02
1.592840777424399334e+02 2.201870147513463394e+02
1.601997727878172668e+02 2.205322359220784278e+02
1.611154678331945718e+02 2.208637835452122999e+02
1.620311628785718767e+02 2.211836082224371296e+02
1.629468579239491817e+02 2.214948621983255350e+02
1.638625529693264866e+02 2.218031434351588302e+02
1.647782480147037916e+02 2.221079556793458210e+02
1.656939430600810965e+02 2.224107929459028128e+02
1.666096381054584299e+02 2.227143292123382992e+02
1.675253331508357348e+02 2.230220100746073797e+02
1.684410281962130398e+02 2.233366163114222900e+02
1.693567232415903447e+02 2.236605744739950978e+02
1.702724182869676497e+02 2.239960813646613360e+02
1.711881133323449546e+02 2.243411771641945620e+02
1.721038083777222596e+02 2.246947699362926869e+02
1.730195034230995930e+02 2.250562742095299313e+02
1.739351984684768695e+02 2.254237920753745925e+02
1.748508935138542029e+02 2.257945728333598936e+02
1.757665885592315078e+02 2.261654290853548730e+02
1.766822836046088128e+02 2.265347836374714348e+02
1.775979786499861177e+02 2.268969343069413753e+02
1.785136736953634227e+02 2.272547346068351430e+02
1.794293687407407276e+02 2.276049048513949060e+02
1.803450637861180326e+02 2.279526346584924283e+02
1.812607588314953659e+02 2.282982730630233732e+02
1.821764538768726709e+02 2.286429442524348303e+02
1.830921489222499758e+02 2.289869266476578673e+02
1.840078439676272808e+02 2.293290840884323529e+02
1.849235390130045857e+02 2.296721962871209257e+02
1.858392340583818907e+02 2.300232166662210034e+02
1.867549291037591956e+02 2.303939210481117357e+02
1.876706241491365290e+02 2.307808456723004440e+02
1.885863191945138340e+02 2.311837436046084235e+02
1.895020142398911389e+02 2.316082055259944354e+02
1.904177092852684439e+02 2.320451485567527072e+02
1.913334043306457488e+02 2.325000192781905355e+02
1.922490993760230538e+02 2.329606453500322800e+02
1.931647944214003587e+02 2.334226290469013065e+02
1.940804894667776921e+02 2.338810272872919711e+02
1.949961845121549686e+02 2.343315874976943860e+02
1.959118795575323020e+02 2.347697336655845675e+02
1.968275746029096069e+02 2.351957906418606399e+02
1.977432696482869119e+02 2.356068781535888093e+02
1.986589646936642168e+02 2.360023775342534123e+02
1.995746597390415218e+02 2.363780503580753134e+02
2.004903547844188552e+02 2.367377348441307277e+02
2.014060498297961317e+02 2.370808164495427093e+02
2.023217448751734651e+02 2.374046336140111180e+02
2.032374399205507416e+02 2.377065680358299744e+02
2.041531349659280750e+02 2.379891660805240576e+02
2.050688300113053799e+02 2.382552872252387886e+02
2.059845250566826849e+02 2.385045925028374256e+02
2.069002201020599898e+02 2.387391151798555597e+02
2.078159151474372948e+02 2.389596759845389045e+02
2.087316101928146281e+02 2.391684895092854504e+02
2.096473052381919047e+02 2.393648324305049186e+02
2.105630002835692380e+02 2.395474126037756832e+02
2.114786953289465430e+02 2.397191395726205201e+02
2.123943903743238479e+02 2.398824791848555833e+02
2.133100854197011529e+02 2.400382934766016092e+02
2.142257804650784578e+02 2.401884855353129353e+02
2.151414755104557912e+02 2.403333878170396360e+02
2.160571705558330677e+02 2.404733724952493219e+02
2.169728656012104011e+02 2.406073763029680777e+02
2.178885606465877061e+02 2.407370257296456941e+02
2.188042556919650110e+02 2.408601450026709472e+02
2.197199507373423160e+02 2.409757041627663341e+02
2.206356457827196209e+02 2.410832455563999304e+02
2.215513408280969543e+02 2.411771867191737897e+02
2.224670358734742308e+02 2.412549207798753343e+02
2.233827309188515642e+02 2.413219487838275654e+02
2.242984259642288407e+02 2.413795091255852867e+02
2.252141210096061741e+02 2.414284148485030528e+02
2.261298160549834790e+02 2.414680462261577816e+02
2.270455111003607840e+02 2.415043421230098772e+02
2.279612061457380889e+02 2.415441655482709962e+02
2.288769011911153939e+02 2.415964524091135672e+02
2.297925962364927273e+02 2.416613333142736337e+02
2.307082912818700038e+02 2.417326384201539895e+02
2.316239863272473372e+02 2.418128118981132104e+02
2.325396813726246421e+02 2.419091006472917513e+02
2.334553764180019471e+02 2.420292832342331621e+02
2.343710714633792520e+02 2.421751101263077146e+02
2.352867665087565570e+02 2.423464946576364127e+02
2.362024615541338903e+02 2.425400616732114258e+02
2.371181565995111669e+02 2.427583703509964437e+02
2.380338516448885002e+02 2.430034608099662137e+02
2.389495466902657768e+02 2.432770272618867011e+02
2.398652417356431101e+02 2.435802064692277611e+02
2.407809367810204151e+02 2.439102413229626904e+02
2.416966318263977200e+02 2.442612305891651658e+02
2.426123268717750250e+02 2.446304592489767629e+02
2.435280219171523299e+02 2.450103768559473849e+02
2.444437169625296633e+02 2.454036587198406210e+02
2.453594120079069398e+02 2.458124438108548588e+02
2.462751070532842732e+02 2.462344659027949660e+02
2.471908020986615782e+02 2.466895101881946744e+02
2.481064971440388831e+02 2.471748005362937306e+02
2.490221921894161881e+02 2.476841172655199728e+02
2.499378872347934930e+02 2.482057948753243863e+02
2.508535822801708264e+02 2.487356057637462072e+02
2.517692773255481029e+02 2.492833861172590559e+02
2.526849723709254363e+02 2.498430378010199888e+02
2.536006674163027412e+02 2.504196407854370250e+02
2.545163624616800462e+02 2.510063708698413052e+02
2.554320575070573511e+02 2.516014698323768926e+02
2.563477525524346561e+02 2.522029084739529594e+02
2.572634475978119326e+02 2.528090590761595138e+02
2.581791426431892660e+02 2.534198852272775184e+02
2.590948376885665994e+02 2.540353045828607321e+02
2.600105327339439327e+02 2.546550729545103025e+02
2.609262277793212093e+02 2.552794964504324469e+02
2.618419228246984858e+02 2.559077746143238983e+02
2.627576178700758192e+02 2.565389718486671313e+02
2.636733129154531525e+02 2.571726014177222055e+02
2.645890079608304291e+02 2.578089545167832739e+02
2.655047030062077056e+02 2.584486738168421880e+02
2.664203980515850390e+02 2.590926697092902486e+02
2.673360930969623723e+02 2.597419571356034567e+02
2.682517881423397057e+02 2.603965618754010620e+02
2.691674831877169822e+02 2.610557875861405250e+02
2.700831782330942588e+02 2.617196966063229979e+02
2.709988732784715921e+02 2.623851742124558086e+02
2.719145683238489255e+02 2.630464518200112138e+02
2.728302633692262020e+02 2.637077294275666191e+02
2.737459584146035354e+02 2.643690070351220811e+02
2.746616534599808119e+02 2.650302846426774295e+02
2.755773485053581453e+02 2.656915622502328915e+02
2.764930435507354787e+02 2.663528398577883536e+02
2.774087385961127552e+02 2.670141174653437588e+02
2.783244336414900317e+02 2.676753950728991640e+02
2.792401286868673651e+02 2.683366726804545692e+02
2.801558237322446985e+02 2.689979502880100313e+02
2.810715187776220318e+02 2.696592278955654365e+02
2.819872138229993084e+02 2.703205055031208417e+02
2.829029088683765849e+02 2.709817831106762469e+02
2.838186039137539183e+02 2.716430607182316521e+02
2.847342989591312516e+02 2.723043383257871142e+02
2.856499940045085282e+02 2.729656159333425194e+02
2.865656890498858047e+02 2.736268935408979246e+02
2.874813840952631381e+02 2.742881711484533298e+02
2.883970791406404715e+02 2.749494487560087919e+02
2.893127741860178048e+02 2.756107263635642539e+02
2.902284692313950814e+02 2.762720039711196023e+02
2.911441642767723579e+02 2.769332815786750643e+02
2.920598593221496913e+02 2.775945591862305264e+02
2.929755543675270246e+02 2.782558367937859316e+02
2.938912494129043012e+02 2.789171144013413368e+02
2.948069444582816345e+02 2.795783920088967989e+02
2.957226395036589111e+02 2.802396696164522041e+02
2.966383345490362444e+02 2.809009472240076093e+02
2.975540295944135778e+02 2.815622248315630713e+02
2.984697246397908543e+02 2.822235024391184766e+02
2.993854196851681309e+02 2.828847800466738249e+02
3.003011147305454642e+02 2.835460576542292870e+02
3.012168097759227976e+02 2.842073352617847490e+02
3.021325048213001310e+02 2.848686128693401542e+02
3.030481998666774075e+02 2.855298904768955595e+02
3.039638949120546840e+02 2.861911680844509647e+02
3.048795899574320174e+02 2.868524456920063699e+02
3.057952850028093508e+02 2.875137232995618319e+02
3.067109800481866273e+02 2.881750009071172371e+02
3.076266750935639038e+02 2.888362785146726424e+02
3.085423701389412372e+02 2.894975561222281044e+02
3.094580651843185706e+02 2.901588337297835096e+02
