1.264287613921108857e+02 2.109580119060509276e+02
1.276129878148738470e+02 2.113110376746826375e+02
1.287972142376368083e+02 2.116640634433142907e+02
1.299814406603997838e+02 2.120170892119459722e+02
1.311656670831627309e+02 2.123701149805776538e+02
1.323498935059257064e+02 2.127231407492093069e+02
1.335341199286886535e+02 2.130761665178409601e+02
1.347183463514516291e+02 2.134291922864726416e+02
1.359025727742145762e+02 2.137822180551042948e+02
1.370867991969775517e+02 2.141352438237360047e+02
1.382710256197404988e+02 2.144882695923676863e+02
1.394552520425034743e+02 2.148412953609993110e+02
1.406394784652664498e+02 2.151943211296310210e+02
1.418237048880293969e+02 2.155473468982627026e+02
1.430079313107923724e+02 2.159003726668943841e+02
1.441921577335553195e+02 2.162533984355260372e+02
1.453763841563182950e+02 2.166064242041577472e+02
1.465606105790812421e+02 2.169594499727894004e+02
1.477448370018442176e+02 2.173124757414210535e+02
1.489290634246071647e+02 2.176655015100527351e+02
1.501132898473701403e+02 2.180185272786844166e+02
1.512975162701330873e+02 2.183715530473160698e+02
1.524817426928960629e+02 2.187245788159477513e+02
1.536659691156590384e+02 2.190776045845794329e+02
1.548501955384219855e+02 2.194306303532111144e+02
1.560344219611849610e+02 2.197836561218427676e+02
1.572186483839479081e+02 2.201366818904744491e+02
1.584028748067108836e+02 2.204993806084547714e+02
1.595871012294738307e+02 2.208479437798477250e+02
1.607713276522368062e+02 2.211838784926284518e+02
1.619555540749997817e+02 2.215175521387814399e+02
1.631397804977627288e+02 2.218521037831613114e+02
1.643240069205256759e+02 2.221905567037574656e+02
1.655082333432886514e+02 2.225343336390297964e+02
1.666924597660516270e+02 2.228866744593775024e+02
1.678766861888145741e+02 2.232464873240931809e+02
1.690609126115775496e+02 2.236177896726072447e+02
1.702451390343404967e+02 2.240002481533574610e+02
1.714293654571034722e+02 2.243930291448043022e+02
1.726135918798664193e+02 2.247961359204828682e+02
1.737978183026293948e+02 2.252085935383114190e+02
1.749820447253923703e+02 2.256278032788724772e+02
1.761662711481553174e+02 2.260486905717090167e+02
1.773504975709182645e+02 2.264707125531655265e+02
1.785347239936812400e+02 2.268917411488195057e+02
1.797189504164442155e+02 2.273086700843740857e+02
1.809031768392071626e+02 2.277203789323343130e+02
1.820874032619701381e+02 2.281258522214843936e+02
1.832716296847330852e+02 2.285224149352816880e+02
1.844558561074960608e+02 2.289097850892430870e+02
1.856400825302590079e+02 2.292958050648016979e+02
1.868243089530219834e+02 2.296979648919698889e+02
1.880085353757849589e+02 2.301296176461765128e+02
1.891927617985479060e+02 2.305938650516041264e+02
1.903769882213108531e+02 2.310818937165950615e+02
1.915612146440738286e+02 2.315901291790075334e+02
1.927454410668368041e+02 2.321015902809998579e+02
1.939296674895997512e+02 2.326135691164119521e+02
1.951138939123626983e+02 2.331263614619992666e+02
1.962981203351257022e+02 2.336371081276736845e+02
1.974823467578886493e+02 2.341450608438802021e+02
1.986665731806515964e+02 2.346425242455689499e+02
1.998507996034145719e+02 2.351247780572880401e+02
2.010350260261775475e+02 2.355801841591146513e+02
2.022192524489404946e+02 2.360004361334446514e+02
2.034034788717034417e+02 2.363776985762036702e+02
2.045877052944664172e+02 2.367106786551657081e+02
2.057719317172293927e+02 2.370042617086015468e+02
2.069561581399923398e+02 2.372636772797054050e+02
2.081403845627552869e+02 2.375034769352367618e+02
2.093246109855182908e+02 2.377279946893186207e+02
2.105088374082812379e+02 2.379385710396883269e+02
2.116930638310441850e+02 2.381353156898585723e+02
2.128772902538071605e+02 2.383169093458075167e+02
2.140615166765701360e+02 2.384828955358246105e+02
2.152457430993330831e+02 2.386331256626574771e+02
2.164299695220960302e+02 2.387688518150839627e+02
2.176141959448590057e+02 2.388875378448402387e+02
2.187984223676219813e+02 2.389927604184051120e+02
2.199826487903849284e+02 2.390849958097327317e+02
2.211668752131479039e+02 2.391671345518487897e+02
2.223511016359108794e+02 2.392392346179849483e+02
2.235353280586738265e+02 2.393046606726413188e+02
2.247195544814367736e+02 2.393650381433303096e+02
2.259037809041997491e+02 2.394210562700233709e+02
2.270880073269627246e+02 2.394724022616811112e+02
2.282722337497256717e+02 2.395181458330117721e+02
2.294564601724886188e+02 2.395563366596225876e+02
2.306406865952515943e+02 2.395900398621625698e+02
2.318249130180145698e+02 2.396429891224506150e+02
2.330091394407775169e+02 2.397362217033100364e+02
2.341933658635404925e+02 2.398881248785217792e+02
2.353775922863034680e+02 2.401067109793258680e+02
2.365618187090664151e+02 2.403901973104659362e+02
2.377460451318293622e+02 2.407355085818206817e+02
2.389302715545923377e+02 2.411255864041752375e+02
2.401144979773553132e+02 2.415555516234567222e+02
2.412987244001182603e+02 2.420317925005945767e+02
2.424829508228812074e+02 2.425601924377397154e+02
2.436671772456441829e+02 2.431337263899876575e+02
2.448514036684071584e+02 2.437519035220024080e+02
2.460356300911701055e+02 2.444068845854427536e+02
2.472198565139330810e+02 2.450892143869409665e+02
2.484040829366960565e+02 2.457945865024600494e+02
2.495883093594590036e+02 2.465336581023699125e+02
2.507725357822219507e+02 2.473087513519961362e+02
2.519567622049849263e+02 2.481137628807625504e+02
2.531409886277479018e+02 2.489534497998861013e+02
2.543252150505108489e+02 2.498296668893844412e+02
2.555094414732738244e+02 2.507252324226852238e+02
2.566936678960367999e+02 2.516297449221926854e+02
2.578778943187997470e+02 2.525436946425528504e+02
2.590621207415626941e+02 2.534708015488859587e+02
2.602463471643256980e+02 2.544125435544549987e+02
2.614305735870885883e+02 2.553704638590386367e+02
2.626148000098515922e+02 2.563429327474622141e+02
2.637990264326145393e+02 2.573314294393628074e+02
2.649832528553774864e+02 2.583326895995363088e+02
2.661674792781404904e+02 2.593416842514050131e+02
2.673517057009034374e+02 2.603563966792829660e+02
2.685359321236663845e+02 2.613746393599229236e+02
2.697201585464293885e+02 2.623943065325733528e+02
2.709043849691923356e+02 2.634142596030291656e+02
2.720886113919552827e+02 2.644330694566242528e+02
2.732728378147182866e+02 2.654499884463300532e+02
2.744570642374811769e+02 2.664644201192269293e+02
2.756412906602441808e+02 2.674758075961136115e+02
2.768255170830071279e+02 2.684833719200663040e+02
2.780097435057700750e+02 2.694872059848775052e+02
2.791939699285330789e+02 2.704887889463195734e+02
2.803781963512960260e+02 2.714890023441553808e+02
2.815624227740589731e+02 2.724883142502105784e+02
2.827466491968219771e+02 2.734875302947697264e+02
2.839308756195849242e+02 2.744863211131191179e+02
2.851151020423478712e+02 2.754848592538992307e+02
2.862993284651108752e+02 2.764835804747368684e+02
2.874835548878737654e+02 2.774831588329982424e+02
2.886677813106367694e+02 2.784848192999585308e+02
2.898520077333997165e+02 2.794895661142128915e+02
2.910362341561626636e+02 2.804984516024954928e+02
2.922204605789256675e+02 2.815128505813134439e+02
2.934046870016886146e+02 2.825333010012446380e+02
2.945889134244515617e+02 2.835604031117790100e+02
2.957731398472145656e+02 2.845935081252421810e+02
2.969573662699775127e+02 2.856318198492389229e+02
2.981415926927404598e+02 2.866746120610400226e+02
2.993258191155034638e+02 2.877214052840547538e+02
3.005100455382663540e+02 2.887723908169992910e+02
3.016942719610293580e+02 2.898283090903954644e+02
3.028784983837923050e+02 2.908891717604843734e+02
3.040627248065552521e+02 2.919550329831190538e+02
3.052469512293182561e+02 2.930259176584920056e+02
3.064311776520812032e+02 2.941026543058511606e+02
3.076154040748441503e+02 2.951879711989154202e+02
3.087996304976071542e+02 2.962813181951217416e+02
3.099838569203701013e+02 2.973724363726151978e+02
3.111680833431330484e+02 2.984614741009312411e+02
3.123523097658960523e+02 2.995574595887587748e+02
3.135365361886589426e+02 3.006590669774865319e+02
3.147207626114219465e+02 3.017644183124037909e+02
3.159049890341849505e+02 3.028719448389200579e+02
3.170892154569478407e+02 3.039802716311201607e+02
3.182734418797108447e+02 3.050976589226227134e+02
3.194576683024737918e+02 3.062354638260061392e+02
3.206418947252367389e+02 3.074008534726375501e+02
3.218261211479997428e+02 3.085919449054828760e+02
3.230103475707626899e+02 3.097962405442821705e+02
3.241945739935256370e+02 3.110007877594830461e+02
3.253788004162886409e+02 3.122044098646662178e+02
3.265630268390515312e+02 3.134132053680497165e+02
3.277472532618145351e+02 3.146134237280201660e+02
3.289314796845775390e+02 3.158055839244237291e+02
3.301157061073404293e+02 3.169976172977053466e+02
3.312999325301034332e+02 3.181955601873015098e+02
3.324841589528663803e+02 3.193977854478512768e+02
3.336683853756293274e+02 3.206116677827696435e+02
3.348526117983923314e+02 3.218255501176881239e+02
3.360368382211552785e+02 3.230394324526064906e+02
3.372210646439182256e+02 3.242533147875248574e+02
3.384052910666812295e+02 3.254671971224432809e+02
3.395895174894441197e+02 3.266810794573616477e+02
3.407737439122071237e+02 3.278949617922800712e+02
3.419579703349701276e+02 3.291088441271984948e+02
3.431421967577330179e+02 3.303227264621168615e+02
3.443264231804960218e+02 3.315366087970352282e+02
3.455106496032589689e+02 3.327504911319536518e+02
3.466948760260219160e+02 3.339643734668720754e+02
3.478791024487849199e+02 3.351782558017904989e+02
3.490633288715478670e+02 3.363921381367088088e+02
3.502475552943108141e+02 3.376060204716272324e+02
3.514317817170738181e+02 3.388199028065456559e+02
3.526160081398367083e+02 3.400337851414640227e+02
3.538002345625997123e+02 3.412476674763824462e+02
3.549844609853627162e+02 3.424615498113008698e+02
3.561686874081256065e+02 3.436754321462191797e+02
3.573529138308886104e+02 3.448893144811376033e+02
3.585371402536515575e+02 3.461031968160559700e+02
3.597213666764145046e+02 3.473170791509744504e+02
3.609055930991775085e+02 3.485309614858928740e+02
3.620898195219404556e+02 3.497448438208112407e+02
