1.266189122419004320e+02 2.097367479056545676e+02
1.276732309077784038e+02 2.100838592235531621e+02
1.287275495736563755e+02 2.104309705414517566e+02
1.297818682395343615e+02 2.107780818593503511e+02
1.308361869054123474e+02 2.111251931772488888e+02
1.318905055712903049e+02 2.114723044951475117e+02
1.329448242371682909e+02 2.118194158130460778e+02
1.339991429030462768e+02 2.121665271309446723e+02
1.350534615689242628e+02 2.125136384488432668e+02
1.361077802348022203e+02 2.128607497667418329e+02
1.371620989006802063e+02 2.132078610846404558e+02
1.382164175665581922e+02 2.135549724025390219e+02
1.392707362324361497e+02 2.139020837204375880e+02
1.403250548983141357e+02 2.142491950383361825e+02
1.413793735641921216e+02 2.145963063562347770e+02
1.424336922300700792e+02 2.149434176741333431e+02
1.434880108959480651e+02 2.152905289920319660e+02
1.445423295618260511e+02 2.156376403099305321e+02
1.455966482277040086e+02 2.159847516278290982e+02
1.466509668935819946e+02 2.163318629457276927e+02
1.477052855594599805e+02 2.166789742636262872e+02
1.487596042253379665e+02 2.170260855815248817e+02
1.498139228912159240e+02 2.173731968994234478e+02
1.508682415570939099e+02 2.177203082173220423e+02
1.519225602229718675e+02 2.180674195352206368e+02
1.529768788888498534e+02 2.184145308531192313e+02
1.540311975547278394e+02 2.187616421710177974e+02
1.550855162206058253e+02 2.191087534889163919e+02
1.561398348864837828e+02 2.194804294782530860e+02
1.571941535523617688e+02 2.198233393881303357e+02
1.582484722182397547e+02 2.201498731080623656e+02
1.593027908841177123e+02 2.204611699064384140e+02
1.603571095499956982e+02 2.207651376181054843e+02
1.614114282158736842e+02 2.210658494994090404e+02
1.624657468817516701e+02 2.213630172219972962e+02
1.635200655476296276e+02 2.216578524877256200e+02
1.645743842135076136e+02 2.219548342248245945e+02
1.656287028793855711e+02 2.222522613700950558e+02
1.666830215452635571e+02 2.225540094546150272e+02
1.677373402111415430e+02 2.228621838035813312e+02
1.687916588770195290e+02 2.231752414147114507e+02
1.698459775428974865e+02 2.234989284095498192e+02
1.709002962087754725e+02 2.238342930406624305e+02
1.719546148746534300e+02 2.241782539655175697e+02
1.730089335405314159e+02 2.245307505468375666e+02
1.740632522064094019e+02 2.248907904385662277e+02
1.751175708722873878e+02 2.252573816558327735e+02
1.761718895381653454e+02 2.256255359100030091e+02
1.772262082040433313e+02 2.259953294145785208e+02
1.782805268699213173e+02 2.263650926352681267e+02
1.793348455357992748e+02 2.267331687926612744e+02
1.803891642016772607e+02 2.271005028647388144e+02
1.814434828675552467e+02 2.274652208021344109e+02
1.824978015334332326e+02 2.278295539010582047e+02
1.835521201993111902e+02 2.282115839001370432e+02
1.846064388651891761e+02 2.286294783012039602e+02
1.856607575310671336e+02 2.290878987694140108e+02
1.867150761969451196e+02 2.295754447263610132e+02
1.877693948628231055e+02 2.300890733798391921e+02
1.888237135287010915e+02 2.306201717353899028e+02
1.898780321945790490e+02 2.311568261484986522e+02
1.909323508604570350e+02 2.316900379217223076e+02
1.919866695263349925e+02 2.322223022901623040e+02
1.930409881922129784e+02 2.327528022530064504e+02
1.940953068580909644e+02 2.332806193392532066e+02
1.951496255239689503e+02 2.338014430977849543e+02
1.962039441898469363e+02 2.343151037509683476e+02
1.972582628557248938e+02 2.348214711787740896e+02
1.983125815216028798e+02 2.353043041390399139e+02
1.993669001874808373e+02 2.357571528744830403e+02
2.004212188533588233e+02 2.361730795780800065e+02
2.014755375192368092e+02 2.365527501435553006e+02
2.025298561851147952e+02 2.368965103277512299e+02
2.035841748509927527e+02 2.372092690010341016e+02
2.046384935168707386e+02 2.375000784367932170e+02
2.056928121827486962e+02 2.377758638095218089e+02
2.067471308486266821e+02 2.380387560159292661e+02
2.078014495145046681e+02 2.382896882244026244e+02
2.088557681803826540e+02 2.385279143740749248e+02
2.099100868462606400e+02 2.387518243086831831e+02
2.109644055121385975e+02 2.389600405153716736e+02
2.120187241780165550e+02 2.391507020877102718e+02
2.130730428438945410e+02 2.393242512297452436e+02
2.141273615097725269e+02 2.394816420633681275e+02
2.151816801756505129e+02 2.396260688602590392e+02
2.162359988415284988e+02 2.397569300291478953e+02
2.172903175074064563e+02 2.398740743439072958e+02
2.183446361732844423e+02 2.399782473623557166e+02
2.193989548391623998e+02 2.400713640888763791e+02
2.204532735050403858e+02 2.401506008126360712e+02
2.215075921709183717e+02 2.402196832392212400e+02
2.225619108367963577e+02 2.402808929775636386e+02
2.236162295026743152e+02 2.403310557203381848e+02
2.246705481685523011e+02 2.403707710321007198e+02
2.257248668344302587e+02 2.404014831458873402e+02
2.267791855003082446e+02 2.404330472054476218e+02
2.278335041661862306e+02 2.404707609576097411e+02
2.288878228320642165e+02 2.405342153440776940e+02
2.299421414979422025e+02 2.406295645751191046e+02
2.309964601638201600e+02 2.407566812383195725e+02
2.320507788296981460e+02 2.409112775469394023e+02
2.331050974955761035e+02 2.410937118263797174e+02
2.341594161614540894e+02 2.413030169359051342e+02
2.352137348273320754e+02 2.415392440844988187e+02
2.362680534932100613e+02 2.418002359265997825e+02
2.373223721590880189e+02 2.420941412016462948e+02
2.383766908249660048e+02 2.424226198962217325e+02
2.394310094908439623e+02 2.427890653644155066e+02
2.404853281567219483e+02 2.431970361390926030e+02
2.415396468225999342e+02 2.436433831878322849e+02
2.425939654884779202e+02 2.441225658303565069e+02
2.436482841543559061e+02 2.446334415594900236e+02
2.447026028202338637e+02 2.451644361424563954e+02
2.457569214861118212e+02 2.457231024786630087e+02
2.468112401519898071e+02 2.463062913318469214e+02
2.478655588178677931e+02 2.469195334752978397e+02
2.489198774837457790e+02 2.475622521156874143e+02
2.499741961496237650e+02 2.482332526571489666e+02
2.510285148155017225e+02 2.489334319584287982e+02
2.520828334813797085e+02 2.496562783202978153e+02
2.531371521472576660e+02 2.503985190787259683e+02
2.541914708131356520e+02 2.511454397366733247e+02
2.552457894790136379e+02 2.519024407132780823e+02
2.563001081448916239e+02 2.526702692093426776e+02
2.573544268107696098e+02 2.534490092682127340e+02
2.584087454766475958e+02 2.542400670542715488e+02
2.594630641425255817e+02 2.550419104868621503e+02
2.605173828084035108e+02 2.558545566905443991e+02
2.615717014742814968e+02 2.566766334710902129e+02
2.626260201401594827e+02 2.575080160199065631e+02
2.636803388060374118e+02 2.583473376504980479e+02
2.647346574719153978e+02 2.591918936970006939e+02
2.657889761377933837e+02 2.600403715753536744e+02
2.668432948036713697e+02 2.608909408543893846e+02
2.678976134695493556e+02 2.617408121940752039e+02
2.689519321354273416e+02 2.625880620424193808e+02
2.700062508013053275e+02 2.634318714000796717e+02
2.710605694671833135e+02 2.642713704865054183e+02
2.721148881330612994e+02 2.651062853122343199e+02
2.731692067989392854e+02 2.659372714828973017e+02
2.742235254648172145e+02 2.667646524826105292e+02
2.752778441306952004e+02 2.675898794982015829e+02
2.763321627965731864e+02 2.684148815059187427e+02
2.773864814624511155e+02 2.692405658354720686e+02
2.784408001283291014e+02 2.700667216836301350e+02
2.794951187942070874e+02 2.708933701054600078e+02
2.805494374600850733e+02 2.717206906653816532e+02
2.816037561259630593e+02 2.725491129067975180e+02
2.826580747918410452e+02 2.733798687701068957e+02
2.837123934577190312e+02 2.742133534556745644e+02
2.847667121235970171e+02 2.750501597186422487e+02
2.858210307894750031e+02 2.758906025664188064e+02
2.868753494553529322e+02 2.767348804951384409e+02
2.879296681212309181e+02 2.775829820626103697e+02
2.889839867871089041e+02 2.784346738638383272e+02
2.900383054529868900e+02 2.792888149689425177e+02
2.910926241188648191e+02 2.801436716753080987e+02
2.921469427847428051e+02 2.809971976221236787e+02
2.932012614506207910e+02 2.818459827763093699e+02
2.942555801164987770e+02 2.826859530888187351e+02
2.953098987823767629e+02 2.835174788335451126e+02
2.963642174482547489e+02 2.843429897769904073e+02
2.974185361141327348e+02 2.851660572202469552e+02
2.984728547800107208e+02 2.859921983138633550e+02
2.995271734458887067e+02 2.868304444939656150e+02
3.005814921117666358e+02 2.876850974133452041e+02
3.016358107776446218e+02 2.885553963503599562e+02
3.026901294435226077e+02 2.894402420663077464e+02
3.037444481094005937e+02 2.903397948203333954e+02
3.047987667752785228e+02 2.912537829339966606e+02
3.058530854411565088e+02 2.921820533434078584e+02
3.069074041070344947e+02 2.930986700526117374e+02
3.079617227729124807e+02 2.940152867618156733e+02
3.090160414387904666e+02 2.949319034710196092e+02
3.100703601046684525e+02 2.958485201802235451e+02
3.111246787705464385e+02 2.967651368894274242e+02
3.121789974364244244e+02 2.976817535986313601e+02
3.132333161023024104e+02 2.985983703078352391e+02
3.142876347681803395e+02 2.995149870170391182e+02
3.153419534340583255e+02 3.004316037262430541e+02
3.163962720999363114e+02 3.013482204354469900e+02
3.174505907658142405e+02 3.022648371446508122e+02
3.185049094316922265e+02 3.031814538538546913e+02
3.195592280975702124e+02 3.040980705630586272e+02
3.206135467634481984e+02 3.050146872722625631e+02
3.216678654293261843e+02 3.059313039814664990e+02
3.227221840952041703e+02 3.068479206906703780e+02
3.237765027610821562e+02 3.077645373998742571e+02
3.248308214269601422e+02 3.086811541090781930e+02
3.258851400928381281e+02 3.095977708182821289e+02
3.269394587587161141e+02 3.105143875274860079e+02
3.279937774245940432e+02 3.114310042366898870e+02
3.290480960904720291e+02 3.123476209458937660e+02
3.301024147563500151e+02 3.132642376550977019e+02
3.311567334222279442e+02 3.141808543643015810e+02
3.322110520881059301e+02 3.150974710735055169e+02
3.332653707539839161e+02 3.160140877827093959e+02
3.343196894198619020e+02 3.169307044919132750e+02
3.353740080857398880e+02 3.178473212011172677e+02
3.364283267516178739e+02 3.187639379103211468e+02
