1.266423076929708031e+02 2.100446910190986216e+02
1.275141619340737975e+02 2.103202600517314522e+02
1.283860161751767919e+02 2.105958290843642544e+02
1.292578704162797578e+02 2.108713981169970282e+02
1.301297246573827522e+02 2.111469671496298588e+02
1.310015788984857465e+02 2.114225361822626610e+02
1.318734331395887409e+02 2.116981052148954632e+02
1.327452873806917353e+02 2.119736742475282654e+02
1.336171416217947012e+02 2.122492432801610676e+02
1.344889958628976956e+02 2.125248123127938698e+02
1.353608501040006900e+02 2.128003813454266719e+02
1.362327043451036843e+02 2.130759503780594457e+02
1.371045585862066787e+02 2.133515194106922763e+02
1.379764128273096446e+02 2.136270884433250785e+02
1.388482670684126390e+02 2.139026574759578807e+02
1.397201213095156334e+02 2.141782265085906829e+02
1.405919755506186277e+02 2.144537955412234851e+02
1.414638297917216221e+02 2.147293645738562873e+02
1.423356840328245880e+02 2.150049336064890895e+02
1.432075382739275824e+02 2.152805026391218917e+02
1.440793925150305768e+02 2.155560716717547223e+02
1.449512467561335711e+02 2.158316407043874960e+02
1.458231009972365655e+02 2.161072097370202982e+02
1.466949552383395314e+02 2.163827787696531004e+02
1.475668094794425258e+02 2.166583478022859026e+02
1.484386637205455202e+02 2.169339168349187048e+02
1.493105179616485145e+02 2.172094858675515354e+02
1.501823722027515089e+02 2.174850549001843092e+02
1.510542264438544748e+02 2.177606239328171114e+02
1.519260806849574692e+02 2.180361929654499420e+02
1.527979349260604636e+02 2.183117619980827158e+02
1.536697891671634579e+02 2.185873310307155464e+02
1.545416434082664523e+02 2.188629000633483486e+02
1.554134976493694182e+02 2.191384690959811508e+02
1.562853518904724126e+02 2.194140381286139529e+02
1.571572061315754070e+02 2.196896071612467551e+02
1.580290603726784013e+02 2.199651761938795858e+02
1.589009146137813957e+02 2.202407452265123595e+02
1.597727688548843616e+02 2.205162775210998518e+02
1.606446230959873560e+02 2.207811063370430134e+02
1.615164773370903504e+02 2.210474264798101274e+02
1.623883315781933447e+02 2.213174021616730442e+02
1.632601858192963391e+02 2.215917300335787559e+02
1.641320400603993335e+02 2.218714157113289787e+02
1.650038943015022994e+02 2.221550005884310792e+02
1.658757485426052938e+02 2.224396559489717902e+02
1.667476027837082881e+02 2.227244314128594738e+02
1.676194570248112825e+02 2.230125133051744228e+02
1.684913112659142485e+02 2.233022628634154216e+02
1.693631655070172428e+02 2.235996457020435457e+02
1.702350197481202372e+02 2.239013387802436057e+02
1.711068739892232315e+02 2.242112675330378693e+02
1.719787282303262259e+02 2.245277748760677810e+02
1.728505824714292203e+02 2.248511616657335708e+02
1.737224367125321862e+02 2.251805002610866495e+02
1.745942909536351806e+02 2.255155475647742662e+02
1.754661451947381750e+02 2.258539114558906533e+02
1.763379994358411693e+02 2.261928051731605080e+02
1.772098536769441353e+02 2.265351375994447380e+02
1.780817079180471296e+02 2.268747310810033753e+02
1.789535621591501240e+02 2.272105324462758063e+02
1.798254164002531184e+02 2.275431773276040985e+02
1.806972706413561127e+02 2.278710925434919830e+02
1.815691248824591071e+02 2.281948456341909832e+02
1.824409791235620730e+02 2.285162561726017998e+02
1.833128333646650674e+02 2.288348470543980397e+02
1.841846876057680618e+02 2.291616497367128886e+02
1.850565418468710561e+02 2.295065325062428201e+02
1.859283960879740221e+02 2.298776228016881475e+02
1.868002503290770164e+02 2.302716177175367989e+02
1.876721045701800108e+02 2.306932644720709504e+02
1.885439588112830052e+02 2.311305117783154515e+02
1.894158130523859995e+02 2.315751070241595926e+02
1.902876672934889939e+02 2.320272503626565026e+02
1.911595215345919883e+02 2.324806206611918071e+02
1.920313757756949542e+02 2.329324646361189934e+02
1.929032300167979486e+02 2.333784243346289600e+02
1.937750842579009145e+02 2.338169246044592455e+02
1.946469384990039089e+02 2.342493000802824952e+02
1.955187927401069032e+02 2.346723576237944826e+02
1.963906469812098976e+02 2.350874509815554063e+02
1.972625012223128920e+02 2.354914975432525637e+02
1.981343554634158863e+02 2.358860240759180442e+02
1.990062097045188807e+02 2.362699361650965102e+02
1.998780639456218751e+02 2.366361650184774703e+02
2.007499181867248410e+02 2.369806335484807960e+02
2.016217724278278354e+02 2.372996008953376759e+02
2.024936266689308013e+02 2.375928302491207660e+02
2.033654809100337957e+02 2.378637065846510268e+02
2.042373351511367900e+02 2.381204243952994943e+02
2.051091893922397844e+02 2.383663418833621108e+02
2.059810436333427788e+02 2.386011984610648540e+02
2.068528978744457731e+02 2.388248399749519422e+02
2.077247521155487675e+02 2.390350518554935206e+02
2.085966063566517619e+02 2.392364940256078967e+02
2.094684605977547278e+02 2.394271601892195918e+02
2.103403148388577222e+02 2.396109014789503817e+02
2.112121690799606881e+02 2.397859347328333115e+02
2.120840233210636825e+02 2.399518145818159383e+02
2.129558775621666769e+02 2.401055920041986553e+02
2.138277318032696712e+02 2.402498811667437053e+02
2.146995860443726656e+02 2.403816759465291284e+02
2.155714402854756599e+02 2.405060444380387707e+02
2.164432945265786543e+02 2.406216220977388502e+02
2.173151487676816487e+02 2.407298380530378950e+02
2.181870030087846146e+02 2.408291129818887555e+02
2.190588572498876090e+02 2.409214762939785146e+02
2.199307114909905749e+02 2.410045539461323187e+02
2.208025657320935693e+02 2.410811105824412266e+02
2.216744199731965637e+02 2.411478235567299464e+02
2.225462742142995580e+02 2.412081030433187721e+02
2.234181284554025524e+02 2.412622103707231531e+02
2.242899826965055468e+02 2.413130255537493269e+02
2.251618369376085411e+02 2.413605025330487592e+02
2.260336911787115355e+02 2.414033389354032124e+02
2.269055454198145014e+02 2.414412247555625868e+02
2.277773996609174958e+02 2.414744922665447291e+02
2.286492539020204617e+02 2.415045433115516005e+02
2.295211081431234561e+02 2.415323348544867201e+02
2.303929623842264505e+02 2.415583161591562202e+02
2.312648166253294448e+02 2.415824086167859832e+02
2.321366708664324392e+02 2.416044999307832768e+02
2.330085251075354336e+02 2.416258044954899731e+02
2.338803793486384279e+02 2.416657852772260640e+02
2.347522335897414223e+02 2.417298944018744180e+02
2.356240878308443882e+02 2.418231541990444953e+02
2.364959420719473826e+02 2.419442202432956037e+02
2.373677963130503485e+02 2.421030645581700753e+02
2.382396505541533429e+02 2.423030044989088196e+02
2.391115047952563373e+02 2.425520962580768298e+02
2.399833590363593316e+02 2.428430586222604006e+02
2.408552132774623260e+02 2.431619419790130792e+02
2.417270675185653204e+02 2.435030887457513700e+02
2.425989217596683147e+02 2.438620441602956248e+02
2.434707760007713091e+02 2.442316278084446424e+02
2.443426302418742750e+02 2.446120447905713036e+02
2.452144844829772694e+02 2.450033165043981853e+02
2.460863387240802354e+02 2.454031483696788030e+02
2.469581929651832297e+02 2.458159482267036253e+02
2.478300472062862241e+02 2.462536573581448067e+02
2.487019014473892184e+02 2.467136456207519757e+02
2.495737556884922128e+02 2.471992153112950348e+02
2.504456099295952072e+02 2.477098584860363815e+02
2.513174641706982015e+02 2.482326618443258610e+02
2.521893184118011959e+02 2.487684852635376842e+02
2.530611726529041619e+02 2.493160178288938766e+02
2.539330268940071562e+02 2.498726304170922106e+02
2.548048811351101506e+02 2.504433638352990101e+02
2.556767353762131449e+02 2.510266768483192834e+02
2.565485896173161109e+02 2.516174142273911229e+02
2.574204438584191053e+02 2.522107402820524271e+02
2.582922980995220996e+02 2.528098961697138805e+02
2.591641523406250940e+02 2.534122522885307092e+02
2.600360065817280883e+02 2.540183541997151337e+02
2.609078608228310259e+02 2.546280835630138313e+02
2.617797150639340771e+02 2.552390025856622060e+02
2.626515693050370146e+02 2.558532423649001259e+02
2.635234235461400658e+02 2.564690705094403711e+02
2.643952777872430033e+02 2.570887258824205333e+02
2.652671320283459977e+02 2.577102227572936499e+02
2.661389862694489921e+02 2.583347239926683301e+02
2.670108405105519864e+02 2.589613546227534471e+02
2.678826947516549808e+02 2.595888712861886916e+02
2.687545489927579752e+02 2.602196194210029603e+02
2.696264032338609695e+02 2.608518153718884491e+02
2.704982574749639070e+02 2.614840113227739948e+02
2.713701117160669583e+02 2.621162072736595405e+02
2.722419659571698958e+02 2.627484032245450862e+02
2.731138201982729470e+02 2.633805991754306319e+02
2.739856744393758845e+02 2.640127951263161208e+02
2.748575286804788789e+02 2.646449910772016665e+02
2.757293829215818732e+02 2.652771870280872122e+02
2.766012371626848676e+02 2.659093829789727579e+02
2.774730914037878620e+02 2.665415789298583036e+02
2.783449456448907995e+02 2.671737748807437924e+02
2.792167998859938507e+02 2.678059708316293950e+02
2.800886541270967882e+02 2.684381667825148838e+02
2.809605083681998394e+02 2.690703627334004864e+02
2.818323626093027769e+02 2.697025586842859752e+02
2.827042168504057713e+02 2.703347546351715209e+02
2.835760710915087657e+02 2.709669505860570098e+02
2.844479253326117600e+02 2.715991465369426123e+02
2.853197795737147544e+02 2.722313424878281012e+02
2.861916338148177488e+02 2.728635384387136469e+02
2.870634880559207431e+02 2.734957343895991926e+02
2.879353422970236807e+02 2.741279303404846814e+02
2.888071965381267319e+02 2.747601262913702840e+02
2.896790507792296694e+02 2.753923222422557728e+02
2.905509050203327206e+02 2.760245181931413754e+02
2.914227592614356581e+02 2.766567141440268642e+02
2.922946135025386525e+02 2.772889100949124099e+02
2.931664677436416468e+02 2.779211060457979556e+02
2.940383219847446412e+02 2.785533019966835013e+02
2.949101762258476356e+02 2.791854979475690470e+02
2.957820304669505731e+02 2.798176938984545359e+02
2.966538847080536243e+02 2.804498898493401384e+02
2.975257389491565618e+02 2.810820858002256273e+02
2.983975931902596130e+02 2.817142817511112298e+02
2.992694474313625506e+02 2.823464777019967187e+02
3.001413016724655449e+02 2.829786736528822075e+02
