1.258647833952641406e+02 2.103177899762193022e+02
1.268432412251793835e+02 2.106141283542155804e+02
1.278216990550946406e+02 2.109104667322119155e+02
1.288001568850098977e+02 2.112068051102081938e+02
1.297786147149251406e+02 2.115031434882045005e+02
1.307570725448403834e+02 2.117994818662008072e+02
1.317355303747556263e+02 2.120958202441970570e+02
1.327139882046708976e+02 2.123921586221933921e+02
1.336924460345861405e+02 2.126884970001896988e+02
1.346709038645013834e+02 2.129848353781860055e+02
1.356493616944166547e+02 2.132811737561822838e+02
1.366278195243318976e+02 2.135775121341785905e+02
1.376062773542471405e+02 2.138738505121748972e+02
1.385847351841623833e+02 2.141701888901711754e+02
1.395631930140776262e+02 2.144665272681674537e+02
1.405416508439928975e+02 2.147628656461637888e+02
1.415201086739081404e+02 2.150592040241600671e+02
1.424985665038233833e+02 2.153555424021563738e+02
1.434770243337386546e+02 2.156518807801526805e+02
1.444554821636538975e+02 2.159482191581489587e+02
1.454339399935691404e+02 2.162445575361452939e+02
1.464123978234843833e+02 2.165408959141415721e+02
1.473908556533996261e+02 2.168372342921378504e+02
1.483693134833148974e+02 2.171335726701341287e+02
1.493477713132301403e+02 2.174299110481304638e+02
1.503262291431453832e+02 2.177262494261267420e+02
1.513046869730606545e+02 2.180225878041230771e+02
1.522831448029758974e+02 2.183189261821193838e+02
1.532616026328911403e+02 2.186152645601156621e+02
1.542400604628063832e+02 2.189116029381119404e+02
1.552185182927216260e+02 2.192079413161082471e+02
1.561969761226368973e+02 2.195042796941045538e+02
1.571754339525521402e+02 2.198006180721008320e+02
1.581538917824673831e+02 2.201003183296678571e+02
1.591323496123826544e+02 2.203943315815360222e+02
1.601108074422978973e+02 2.206845251357763971e+02
1.610892652722131402e+02 2.209723728993035650e+02
1.620677231021283831e+02 2.212575497290198427e+02
1.630461809320436259e+02 2.215390152292312678e+02
1.640246387619588972e+02 2.218196038611674794e+02
1.650030965918741401e+02 2.220996115274258500e+02
1.659815544217893830e+02 2.223829019460536074e+02
1.669600122517046543e+02 2.226718657864863644e+02
1.679384700816198972e+02 2.229644904146458657e+02
1.689169279115351401e+02 2.232659956845515126e+02
1.698953857414503830e+02 2.235765180834073078e+02
1.708738435713656258e+02 2.238994414234516626e+02
1.718523014012808972e+02 2.242324327549953864e+02
1.728307592311961400e+02 2.245778107966265225e+02
1.738092170611113829e+02 2.249308405032360838e+02
1.747876748910266542e+02 2.252892130212940174e+02
1.757661327209418971e+02 2.256533767436647224e+02
1.767445905508571400e+02 2.260173086751787537e+02
1.777230483807723829e+02 2.263818492760146341e+02
1.787015062106876258e+02 2.267438045708367724e+02
1.796799640406028971e+02 2.271037227837802561e+02
1.806584218705181399e+02 2.274616570530085653e+02
1.816368797004333828e+02 2.278178800182184318e+02
1.826153375303486541e+02 2.281737267245648582e+02
1.835937953602638970e+02 2.285269900808607986e+02
1.845722531901791399e+02 2.288933613339683291e+02
1.855507110200943828e+02 2.292846207836642805e+02
1.865291688500096257e+02 2.297150606128190873e+02
1.875076266799248970e+02 2.301729512887418423e+02
1.884860845098401398e+02 2.306476219717655169e+02
1.894645423397553827e+02 2.311234031927941714e+02
1.904430001696706540e+02 2.316033105389770981e+02
1.914214579995858969e+02 2.320862966030756240e+02
1.923999158295011398e+02 2.325773761218611639e+02
1.933783736594163827e+02 2.330689021422547853e+02
1.943568314893316256e+02 2.335509828659141931e+02
1.953352893192468969e+02 2.340205906157759728e+02
1.963137471491621397e+02 2.344697888132238006e+02
1.972922049790773826e+02 2.348976684829256669e+02
1.982706628089926539e+02 2.353016569513191598e+02
1.992491206389078968e+02 2.356823842473180264e+02
2.002275784688231397e+02 2.360345763188798287e+02
2.012060362987383826e+02 2.363631272000430386e+02
2.021844941286536255e+02 2.366686945047629820e+02
2.031629519585688968e+02 2.369546470538044787e+02
2.041414097884841397e+02 2.372241419841739685e+02
2.051198676183993825e+02 2.374819358020951086e+02
2.060983254483146538e+02 2.377342464084369453e+02
2.070767832782298967e+02 2.379796643940658782e+02
2.080552411081451396e+02 2.382187050077563129e+02
2.090336989380603825e+02 2.384464801116209287e+02
2.100121567679756254e+02 2.386639925579710280e+02
2.109906145978908967e+02 2.388730429189996300e+02
2.119690724278061396e+02 2.390694404988099393e+02
2.129475302577213824e+02 2.392570866496436963e+02
2.139259880876366537e+02 2.394293398497196677e+02
2.149044459175518966e+02 2.395894693207492310e+02
2.158829037474671395e+02 2.397364482802470604e+02
2.168613615773823824e+02 2.398692135386696123e+02
2.178398194072976253e+02 2.399885820054256556e+02
2.188182772372128966e+02 2.400930999356362747e+02
2.197967350671281395e+02 2.401862333655882367e+02
2.207751928970433823e+02 2.402654250296417899e+02
2.217536507269586536e+02 2.403393411110499756e+02
2.227321085568738965e+02 2.404093474409054352e+02
2.237105663867891394e+02 2.404757290635084814e+02
2.246890242167043823e+02 2.405372483497397127e+02
2.256674820466196252e+02 2.405930295798510201e+02
2.266459398765348965e+02 2.406425425473410371e+02
2.276243977064501394e+02 2.406901470344614893e+02
2.286028555363653822e+02 2.407376320324036953e+02
2.295813133662806536e+02 2.407844536490533187e+02
2.305597711961958964e+02 2.408428464769233130e+02
2.315382290261111393e+02 2.409179495803018654e+02
2.325166868560263822e+02 2.410117968927510788e+02
2.334951446859416251e+02 2.411294066248118781e+02
2.344736025158568964e+02 2.412705167529236689e+02
2.354520603457721393e+02 2.414374787770264845e+02
2.364305181756873822e+02 2.416336431269498632e+02
2.374089760056026535e+02 2.418606070627760118e+02
2.383874338355178963e+02 2.421140823369946702e+02
2.393658916654331392e+02 2.423979920009404054e+02
2.403443494953483821e+02 2.427143255148659193e+02
2.413228073252636250e+02 2.430565181132763257e+02
2.423012651551788963e+02 2.434325056254261881e+02
2.432797229850941392e+02 2.438318536712916398e+02
2.442581808150093821e+02 2.442517551455342755e+02
2.452366386449246534e+02 2.446983028274961498e+02
2.462150964748398962e+02 2.451693926028540602e+02
2.471935543047551391e+02 2.456647602698494950e+02
2.481720121346703820e+02 2.461802226550600494e+02
2.491504699645856249e+02 2.467205859158439694e+02
2.501289277945008962e+02 2.472848110567111917e+02
2.511073856244161391e+02 2.478726354600383388e+02
2.520858434543313820e+02 2.484851975913039723e+02
2.530643012842466533e+02 2.491206132101968365e+02
2.540427591141618962e+02 2.497716988015068011e+02
2.550212169440771390e+02 2.504422633114486132e+02
2.559996747739923819e+02 2.511268136219199221e+02
2.569781326039076248e+02 2.518152790653566626e+02
2.579565904338228961e+02 2.525066258607659506e+02
2.589350482637381674e+02 2.532001033854425884e+02
2.599135060936533819e+02 2.538955032785906951e+02
2.608919639235685963e+02 2.545938802210113749e+02
2.618704217534839245e+02 2.552953170042434294e+02
2.628488795833991389e+02 2.560000436592920892e+02
2.638273374133143534e+02 2.567093359513339692e+02
2.648057952432296815e+02 2.574233417517422140e+02
2.657842530731448960e+02 2.581410521034593444e+02
2.667627109030601105e+02 2.588630900167300979e+02
2.677411687329753818e+02 2.595890068728198230e+02
2.687196265628906531e+02 2.603185573061965670e+02
2.696980843928058675e+02 2.610519557834251714e+02
2.706765422227211388e+02 2.617871843416397724e+02
2.716550000526364101e+02 2.625228925095172485e+02
2.726334578825516246e+02 2.632564460371511927e+02
2.736119157124668959e+02 2.639887655897921377e+02
2.745903735423821672e+02 2.647162887086596470e+02
2.755688313722973817e+02 2.654393502082414216e+02
2.765472892022125961e+02 2.661568043475351146e+02
2.775257470321279243e+02 2.668680601309741292e+02
2.785042048620431387e+02 2.675724864354606325e+02
2.794826626919583532e+02 2.682731361081188197e+02
2.804611205218736814e+02 2.689691068425374851e+02
2.814395783517888958e+02 2.696619090364170006e+02
2.824180361817041103e+02 2.703506678205069989e+02
2.833964940116193816e+02 2.710368158305887505e+02
2.843749518415346529e+02 2.717230117089185342e+02
2.853534096714498673e+02 2.724115502276010830e+02
2.863318675013651387e+02 2.731036446599521810e+02
2.873103253312804100e+02 2.737999004239053988e+02
2.882887831611956244e+02 2.745003990306373112e+02
2.892672409911108957e+02 2.752042937549967405e+02
2.902456988210261670e+02 2.759014611329176319e+02
2.912241566509413815e+02 2.765937389186362907e+02
2.922026144808565959e+02 2.772860167043549495e+02
2.931810723107719241e+02 2.779782944900737220e+02
2.941595301406871386e+02 2.786705722757923809e+02
2.951379879706023530e+02 2.793628500615110397e+02
2.961164458005176812e+02 2.800551278472298122e+02
2.970949036304328956e+02 2.807474056329484711e+02
2.980733614603481101e+02 2.814396834186671299e+02
2.990518192902633814e+02 2.821319612043858456e+02
3.000302771201786527e+02 2.828242389901045613e+02
3.010087349500938672e+02 2.835165167758232201e+02
3.019871927800091385e+02 2.842087945615419358e+02
3.029656506099244098e+02 2.849010723472606514e+02
3.039441084398396242e+02 2.855933501329793103e+02
3.049225662697548955e+02 2.862856279186980828e+02
3.059010240996701668e+02 2.869779057044167416e+02
3.068794819295853813e+02 2.876701834901354005e+02
3.078579397595005958e+02 2.883624612758541161e+02
3.088363975894159239e+02 2.890547390615728318e+02
3.098148554193311384e+02 2.897470168472915475e+02
3.107933132492463528e+02 2.904392946330102063e+02
3.117717710791616810e+02 2.911315724187289220e+02
3.127502289090768954e+02 2.918238502044475808e+02
3.137286867389921099e+02 2.925161279901662965e+02
3.147071445689073812e+02 2.932084057758850122e+02
3.156856023988226525e+02 2.939006835616036710e+02
3.166640602287378670e+02 2.945929613473223867e+02
3.176425180586531383e+02 2.952852391330410455e+02
3.186209758885684096e+02 2.959775169187598181e+02
3.195994337184836240e+02 2.966697947044784769e+02
3.205778915483988953e+02 2.973620724901971357e+02
