1.266020072237054421e+02 2.102879810901090138e+02
1.277059980506098640e+02 2.106341900013748045e+02
1.288099888775142858e+02 2.109803989126405668e+02
1.299139797044187219e+02 2.113266078239063290e+02
1.310179705313231580e+02 2.116728167351721481e+02
1.321219613582275656e+02 2.120190256464379104e+02
1.332259521851320017e+02 2.123652345577036726e+02
1.343299430120364377e+02 2.127114434689694633e+02
1.354339338389408454e+02 2.130576523802352256e+02
1.365379246658452814e+02 2.134038612915010162e+02
1.376419154927496891e+02 2.137500702027667785e+02
1.387459063196541251e+02 2.140962791140325407e+02
1.398498971465585612e+02 2.144424880252983030e+02
1.409538879734629688e+02 2.147886969365640653e+02
1.420578788003674049e+02 2.151349058478298844e+02
1.431618696272718410e+02 2.154811147590956466e+02
1.442658604541762486e+02 2.158273236703614089e+02
1.453698512810806847e+02 2.161735325816271711e+02
1.464738421079850923e+02 2.165197414928929618e+02
1.475778329348895284e+02 2.168659504041587240e+02
1.486818237617939644e+02 2.172121593154245147e+02
1.497858145886983721e+02 2.175583682266902485e+02
1.508898054156028081e+02 2.179045771379560392e+02
1.519937962425072442e+02 2.182507860492218015e+02
1.530977870694116518e+02 2.185969949604875922e+02
1.542017778963160879e+02 2.189432038717533544e+02
1.553057687232205240e+02 2.192894127830191451e+02
1.564097595501249316e+02 2.196394568174440280e+02
1.575137503770293677e+02 2.200286109154571079e+02
1.586177412039338037e+02 2.203871667984099076e+02
1.597217320308382114e+02 2.207181071512595736e+02
1.608257228577426474e+02 2.210380141510510157e+02
1.619297136846470835e+02 2.213475942503501415e+02
1.630337045115514911e+02 2.216504391007144363e+02
1.641376953384559272e+02 2.219476567862915886e+02
1.652416861653603632e+02 2.222385918120286021e+02
1.663456769922647709e+02 2.225267388238637523e+02
1.674496678191692070e+02 2.228083487218839309e+02
1.685536586460736146e+02 2.230935802805230139e+02
1.696576494729780507e+02 2.233829144900939809e+02
1.707616402998824583e+02 2.236850241250176055e+02
1.718656311267868944e+02 2.239977958321292135e+02
1.729696219536913304e+02 2.243201165083128217e+02
1.740736127805957381e+02 2.246523155708725312e+02
1.751776036075001741e+02 2.249907525476604633e+02
1.762815944344046102e+02 2.253369461934792923e+02
1.773855852613090178e+02 2.256873712504051355e+02
1.784895760882134539e+02 2.260419721027598143e+02
1.795935669151178899e+02 2.263988870581184756e+02
1.806975577420222976e+02 2.267573440017168025e+02
1.818015485689267337e+02 2.271176647390116727e+02
1.829055393958311697e+02 2.274923030700939250e+02
1.840095302227355774e+02 2.278953794575022016e+02
1.851135210496400134e+02 2.283355065402398054e+02
1.862175118765444495e+02 2.288211248043578792e+02
1.873215027034488571e+02 2.293522967905515486e+02
1.884254935303532932e+02 2.299203317621362714e+02
1.895294843572577292e+02 2.305108623105279264e+02
1.906334751841621369e+02 2.311063194534668810e+02
1.917374660110665729e+02 2.316942702601779160e+02
1.928414568379710090e+02 2.322735297936624761e+02
1.939454476648754166e+02 2.328429598748226681e+02
1.950494384917798243e+02 2.333996688702421807e+02
1.961534293186842888e+02 2.339362629504111908e+02
1.972574201455886964e+02 2.344458978604704100e+02
1.983614109724931041e+02 2.349230651792318270e+02
1.994654017993975685e+02 2.353581740169726970e+02
2.005693926263019762e+02 2.357451006795921558e+02
2.016733834532063838e+02 2.360875875004706188e+02
2.027773742801108199e+02 2.363908018490427025e+02
2.038813651070152559e+02 2.366577546516042219e+02
2.049853559339196636e+02 2.368979356758903805e+02
2.060893467608240996e+02 2.371182578469270652e+02
2.071933375877285357e+02 2.373281188586788062e+02
2.082973284146329433e+02 2.375286398108768253e+02
2.094013192415373794e+02 2.377184669034889737e+02
2.105053100684418155e+02 2.378973173163993238e+02
2.116093008953462231e+02 2.380656335328518480e+02
2.127132917222506592e+02 2.382236374349792527e+02
2.138172825491550952e+02 2.383693485256266342e+02
2.149212733760595029e+02 2.385043609303150447e+02
2.160252642029639389e+02 2.386273955238610824e+02
2.171292550298683750e+02 2.387401065399357094e+02
2.182332458567727826e+02 2.388435125005817667e+02
2.193372366836772187e+02 2.389383719612075083e+02
2.204412275105816548e+02 2.390174719339537717e+02
2.215452183374860624e+02 2.390800743575605907e+02
2.226492091643904701e+02 2.391275036069671103e+02
2.237531999912949345e+02 2.391685491907315679e+02
2.248571908181993422e+02 2.392083312213443378e+02
2.259611816451037498e+02 2.392449162997078815e+02
2.270651724720082143e+02 2.392853985216589763e+02
2.281691632989126219e+02 2.393291148404615569e+02
2.292731541258170296e+02 2.393742690291973361e+02
2.303771449527214656e+02 2.394315619499124068e+02
2.314811357796259017e+02 2.395154810374524175e+02
2.325851266065303093e+02 2.396310111925144497e+02
2.336891174334347454e+02 2.397764452279940883e+02
2.347931082603391815e+02 2.399469985280255742e+02
2.358970990872435891e+02 2.401461614340312281e+02
2.370010899141480252e+02 2.403890074218682855e+02
2.381050807410524612e+02 2.406845419650767326e+02
2.392090715679568689e+02 2.410426746300834395e+02
2.403130623948613049e+02 2.414695453469771849e+02
2.414170532217657410e+02 2.419454912680300822e+02
2.425210440486701486e+02 2.424561802126054886e+02
2.436250348755745847e+02 2.430253071148016204e+02
2.447290257024790208e+02 2.436606986771854224e+02
2.458330165293834284e+02 2.443321869915101843e+02
2.469370073562878645e+02 2.450392800449349693e+02
2.480409981831923005e+02 2.457650758326236087e+02
2.491449890100967082e+02 2.465100284352477047e+02
2.502489798370011442e+02 2.472688522676471052e+02
2.513529706639055803e+02 2.480338658864255308e+02
2.524569614908099879e+02 2.488083034841079666e+02
2.535609523177143956e+02 2.496008785823850076e+02
2.546649431446188316e+02 2.504148910578025493e+02
2.557689339715232677e+02 2.512520245468314215e+02
2.568729247984276753e+02 2.521063319734388131e+02
2.579769156253321398e+02 2.529754410155325957e+02
2.590809064522365475e+02 2.538538995875732098e+02
2.601848972791409551e+02 2.547449486417219191e+02
2.612888881060454196e+02 2.556462116859869127e+02
2.623928789329498272e+02 2.565585439285950429e+02
2.634968697598542349e+02 2.574818513901531674e+02
2.646008605867586994e+02 2.584140888132449163e+02
2.657048514136631070e+02 2.593550453512654030e+02
2.668088422405675146e+02 2.603024306999665782e+02
2.679128330674719791e+02 2.612541084750777145e+02
2.690168238943763868e+02 2.622076994343416914e+02
2.701208147212807944e+02 2.631603570980870472e+02
2.712248055481852589e+02 2.641098850189958398e+02
2.723287963750896665e+02 2.650549857310601283e+02
2.734327872019940742e+02 2.659957862355773841e+02
2.745367780288985387e+02 2.669325768489795792e+02
2.756407688558028894e+02 2.678655967645579494e+02
2.767447596827073539e+02 2.687952878930641418e+02
2.778487505096118184e+02 2.697223919228670184e+02
2.789527413365161692e+02 2.706475613651094818e+02
2.800567321634206337e+02 2.715719242927145274e+02
2.811607229903250982e+02 2.724969414193978992e+02
2.822647138172294490e+02 2.734236607485449895e+02
2.833687046441339135e+02 2.743532224332082023e+02
2.844726954710383779e+02 2.752858191753431925e+02
2.855766862979427287e+02 2.762218386259644944e+02
2.866806771248471932e+02 2.771598975395479556e+02
2.877846679517516577e+02 2.780975231590491603e+02
2.888886587786560085e+02 2.790313328068332339e+02
2.899926496055604730e+02 2.799571745043853070e+02
2.910966404324648806e+02 2.808720753816973001e+02
2.922006312593692883e+02 2.817752648453535471e+02
2.933046220862737528e+02 2.826693827508843810e+02
2.944086129131781604e+02 2.835594751487279268e+02
2.955126037400825680e+02 2.844519128180228904e+02
2.966165945669870325e+02 2.853570077910226814e+02
2.977205853938914402e+02 2.862799987537116522e+02
2.988245762207958478e+02 2.872215636835873056e+02
2.999285670477003123e+02 2.881790165528545344e+02
3.010325578746047199e+02 2.891462410128076499e+02
3.021365487015091276e+02 2.901191973056964457e+02
3.032405395284135921e+02 2.910975897196179858e+02
3.043445303553179997e+02 2.920825563358579302e+02
3.054485211822224073e+02 2.930768807381479064e+02
3.065525120091268718e+02 2.940817986451853585e+02
3.076565028360312795e+02 2.950985199585007308e+02
3.087604936629356871e+02 2.961243788951903753e+02
3.098644844898401516e+02 2.971522928006135658e+02
3.109684753167445592e+02 2.981739134961453601e+02
3.120724661436489669e+02 2.991853921168811326e+02
3.131764569705534313e+02 3.001856843932712877e+02
3.142804477974578390e+02 3.011754575412169288e+02
3.153844386243622466e+02 3.021557759399329370e+02
3.164884294512667111e+02 3.031265188499974101e+02
3.175924202781711188e+02 3.041234768711096308e+02
3.186964111050755264e+02 3.051204348922219083e+02
3.198004019319799909e+02 3.061173929133341858e+02
3.209043927588843985e+02 3.071143509344465201e+02
3.220083835857888062e+02 3.081113089555587408e+02
3.231123744126932706e+02 3.091082669766710751e+02
3.242163652395976783e+02 3.101052249977833526e+02
3.253203560665020859e+02 3.111021830188956301e+02
3.264243468934065504e+02 3.120991410400079076e+02
3.275283377203109580e+02 3.130960990611201851e+02
3.286323285472153657e+02 3.140930570822324626e+02
3.297363193741198302e+02 3.150900151033447401e+02
3.308403102010242378e+02 3.160869731244570744e+02
3.319443010279286455e+02 3.170839311455692950e+02
3.330482918548331099e+02 3.180808891666816294e+02
3.341522826817374607e+02 3.190778471877939069e+02
3.352562735086419252e+02 3.200748052089062412e+02
3.363602643355463897e+02 3.210717632300185187e+02
3.374642551624507405e+02 3.220687212511307393e+02
3.385682459893552050e+02 3.230656792722430737e+02
3.396722368162596695e+02 3.240626372933553512e+02
3.407762276431640203e+02 3.250595953144675718e+02
3.418802184700684847e+02 3.260565533355799062e+02
3.429842092969729492e+02 3.270535113566922405e+02
3.440882001238773000e+02 3.280504693778044611e+02
3.451921909507817645e+02 3.290474273989167955e+02
3.462961817776861722e+02 3.300443854200290161e+02
