1.267171519682735550e+02 2.098397451582396513e+02
1.278038956525005574e+02 2.101901253331447492e+02
1.288906393367275598e+02 2.105405055080498755e+02
1.299773830209545622e+02 2.108908856829549734e+02
1.310641267051815646e+02 2.112412658578600428e+02
1.321508703894085670e+02 2.115916460327651407e+02
1.332376140736355694e+02 2.119420262076702670e+02
1.343243577578625718e+02 2.122924063825753649e+02
1.354111014420895742e+02 2.126427865574804343e+02
1.364978451263165766e+02 2.129931667323855322e+02
1.375845888105435790e+02 2.133435469072906301e+02
1.386713324947705814e+02 2.136939270821957564e+02
1.397580761789975838e+02 2.140443072571008258e+02
1.408448198632245862e+02 2.143946874320059521e+02
1.419315635474515886e+02 2.147450676069110216e+02
1.430183072316785911e+02 2.150954477818161195e+02
1.441050509159055935e+02 2.154458279567212173e+02
1.451917946001325959e+02 2.157962081316263436e+02
1.462785382843595983e+02 2.161465883065314415e+02
1.473652819685866007e+02 2.164969684814365110e+02
1.484520256528135747e+02 2.168473486563416373e+02
1.495387693370406055e+02 2.171977288312467351e+02
1.506255130212675795e+02 2.175481090061518046e+02
1.517122567054946103e+02 2.178984891810569025e+02
1.527990003897215843e+02 2.182488693559620287e+02
1.538857440739485867e+02 2.185992495308670982e+02
1.549724877581755891e+02 2.190083702568566650e+02
1.560592314424025915e+02 2.194035431901476443e+02
1.571459751266295939e+02 2.197576481418768424e+02
1.582327188108565963e+02 2.200794878406375688e+02
1.593194624950835987e+02 2.203815325564303862e+02
1.604062061793106011e+02 2.206673404337398949e+02
1.614929498635376035e+02 2.209504123157553579e+02
1.625796935477646059e+02 2.212383274674182303e+02
1.636664372319916083e+02 2.215362205109613285e+02
1.647531809162186107e+02 2.218438213439203537e+02
1.658399246004456131e+02 2.221656747067128492e+02
1.669266682846726155e+02 2.225018641544155003e+02
1.680134119688996179e+02 2.228508856505789311e+02
1.691001556531266203e+02 2.232135795930153108e+02
1.701868993373536227e+02 2.235863097063801774e+02
1.712736430215806251e+02 2.239672865288178798e+02
1.723603867058076275e+02 2.243551135407076913e+02
1.734471303900346300e+02 2.247466025963117886e+02
1.745338740742616324e+02 2.251387669314725599e+02
1.756206177584886348e+02 2.255324416358030248e+02
1.767073614427156372e+02 2.259236231799354755e+02
1.777941051269426396e+02 2.263130858222173458e+02
1.788808488111696420e+02 2.266998883909500933e+02
1.799675924953966444e+02 2.270832006417675473e+02
1.810543361796236468e+02 2.274640866507261308e+02
1.821410798638506492e+02 2.278437219622181260e+02
1.832278235480776516e+02 2.282196850252942681e+02
1.843145672323046540e+02 2.285956190412769047e+02
1.854013109165316564e+02 2.289815740535538566e+02
1.864880546007586588e+02 2.293908640623832298e+02
1.875747982849856612e+02 2.298292911906304994e+02
1.886615419692126636e+02 2.303046135543677622e+02
1.897482856534396660e+02 2.308184801132559869e+02
1.908350293376666400e+02 2.313631372674797149e+02
1.919217730218936708e+02 2.319435420681621736e+02
1.930085167061206448e+02 2.325310526464377574e+02
1.940952603903476756e+02 2.331201936787326758e+02
1.951820040745746496e+02 2.337049357330504904e+02
1.962687477588016804e+02 2.342734439769621986e+02
1.973554914430286544e+02 2.348135198989897106e+02
1.984422351272556853e+02 2.353161235843718373e+02
1.995289788114826592e+02 2.357726101454708214e+02
2.006157224957096901e+02 2.361839468125400003e+02
2.017024661799366640e+02 2.365561015948978536e+02
2.027892098641636949e+02 2.368944321286865602e+02
2.038759535483906689e+02 2.372073440014713697e+02
2.049626972326176997e+02 2.374952415698703589e+02
2.060494409168446737e+02 2.377615559445033284e+02
2.071361846010717045e+02 2.380091004472600957e+02
2.082229282852986785e+02 2.382397053241095932e+02
2.093096719695256809e+02 2.384560305269822038e+02
2.103964156537526833e+02 2.386589812679958982e+02
2.114831593379796857e+02 2.388466573298248647e+02
2.125699030222066881e+02 2.390168135823258808e+02
2.136566467064336905e+02 2.391743958652278650e+02
2.147433903906606929e+02 2.393221339426855820e+02
2.158301340748876953e+02 2.394618948035718802e+02
2.169168777591146977e+02 2.395939272845722883e+02
2.180036214433417001e+02 2.397191684806674630e+02
2.190903651275687025e+02 2.398361158628035525e+02
2.201771088117957049e+02 2.399448471972494303e+02
2.212638524960227073e+02 2.400460088604374107e+02
2.223505961802497097e+02 2.401404368925925894e+02
2.234373398644767121e+02 2.402253198910840410e+02
2.245240835487037145e+02 2.402984554634469418e+02
2.256108272329307169e+02 2.403649652599737863e+02
2.266975709171577194e+02 2.404346336218311535e+02
2.277843146013847218e+02 2.405109559447959668e+02
2.288710582856117242e+02 2.405937285200816405e+02
2.299578019698387266e+02 2.406971993277509796e+02
2.310445456540657290e+02 2.408334924525834424e+02
2.321312893382927314e+02 2.410058551940501559e+02
2.332180330225197054e+02 2.412143340276863626e+02
2.343047767067467362e+02 2.414558891955824720e+02
2.353915203909737102e+02 2.417218072609594230e+02
2.364782640752007410e+02 2.420177155662350117e+02
2.375650077594277150e+02 2.423384605342585871e+02
2.386517514436547458e+02 2.426833295640440724e+02
2.397384951278817198e+02 2.430531594454397180e+02
2.408252388121087506e+02 2.434545446401668869e+02
2.419119824963357246e+02 2.438846851401618778e+02
2.429987261805627554e+02 2.443525421382006186e+02
2.440854698647897294e+02 2.448568085630497819e+02
2.451722135490167602e+02 2.453988924531378757e+02
2.462589572332437342e+02 2.459767396076569241e+02
2.473457009174707650e+02 2.465788587178336400e+02
2.484324446016977390e+02 2.472002275662906925e+02
2.495191882859247698e+02 2.478490674326031638e+02
2.506059319701517438e+02 2.485250488515399638e+02
2.516926756543787747e+02 2.492219295913868109e+02
2.527794193386057486e+02 2.499388216337329993e+02
2.538661630228327795e+02 2.506775135392313132e+02
2.549529067070597534e+02 2.514399078771459131e+02
2.560396503912867274e+02 2.522173530789073652e+02
2.571263940755137583e+02 2.530064283338125790e+02
2.582131377597407891e+02 2.538090493475568792e+02
2.592998814439677631e+02 2.546293153470030006e+02
2.603866251281947370e+02 2.554697388255393378e+02
2.614733688124217679e+02 2.563333490753578872e+02
2.625601124966487987e+02 2.572169297918267148e+02
2.636468561808757727e+02 2.581184716842766989e+02
2.647335998651027467e+02 2.590377907790624477e+02
2.658203435493297775e+02 2.599655531907380350e+02
2.669070872335568083e+02 2.609012989500838557e+02
2.679938309177837823e+02 2.618407381651121568e+02
2.690805746020107563e+02 2.627808235793522726e+02
2.701673182862377871e+02 2.637181849361126069e+02
2.712540619704648179e+02 2.646498197121026692e+02
2.723408056546917919e+02 2.655735887212159128e+02
2.734275493389187659e+02 2.664884189655565478e+02
2.745142930231457967e+02 2.673931914205596172e+02
2.756010367073728275e+02 2.682885789431522880e+02
2.766877803915998015e+02 2.691760302938857876e+02
2.777745240758267755e+02 2.700579128700840670e+02
2.788612677600538063e+02 2.709372468397748435e+02
2.799480114442808372e+02 2.718155134476491526e+02
2.810347551285078112e+02 2.726941798328335267e+02
2.821214988127347851e+02 2.735737167003232457e+02
2.832082424969618160e+02 2.744547234248938139e+02
2.842949861811888468e+02 2.753373197766456997e+02
2.853817298654158208e+02 2.762213722391664987e+02
2.864684735496427948e+02 2.771066545868132494e+02
2.875552172338698256e+02 2.779921323334937711e+02
2.886419609180968564e+02 2.788763175957577118e+02
2.897287046023237735e+02 2.797574809569543959e+02
2.908154482865508044e+02 2.806332957776234593e+02
2.919021919707778352e+02 2.815027324117166927e+02
2.929889356550048092e+02 2.823653157745541762e+02
2.940756793392317832e+02 2.832243536131489350e+02
2.951624230234588140e+02 2.840852721445361340e+02
2.962491667076858448e+02 2.849530974899532225e+02
2.973359103919128188e+02 2.858327600923239515e+02
2.984226540761397928e+02 2.867287172180415951e+02
2.995093977603668236e+02 2.876464076196826909e+02
3.005961414445938544e+02 2.885866474528492063e+02
3.016828851288208284e+02 2.895429460434310158e+02
3.027696288130478024e+02 2.905075568403329385e+02
3.038563724972748332e+02 2.914749489264772819e+02
3.049431161815018640e+02 2.924415903336167730e+02
3.060298598657288380e+02 2.934075686765971795e+02
3.071166035499558120e+02 2.943751697520473840e+02
3.082033472341828428e+02 2.953480376665735321e+02
3.092900909184098737e+02 2.963265465229448523e+02
3.103768346026368476e+02 2.973085477318008998e+02
3.114635782868638216e+02 2.982899581642301428e+02
3.125503219710908525e+02 2.992553894117969548e+02
3.136370656553178833e+02 3.001987544371787635e+02
3.147238093395448573e+02 3.011236685886214559e+02
3.158105530237718312e+02 3.020470546921151822e+02
3.168972967079988621e+02 3.029800701024735190e+02
3.179840403922258929e+02 3.039130855128318558e+02
3.190707840764528669e+02 3.048461009231900789e+02
3.201575277606798409e+02 3.057791163335484157e+02
3.212442714449068717e+02 3.067121317439067525e+02
3.223310151291339025e+02 3.076451471542650324e+02
3.234177588133608765e+02 3.085781625646233124e+02
3.245045024975878505e+02 3.095111779749815923e+02
3.255912461818148813e+02 3.104441933853399291e+02
3.266779898660419121e+02 3.113772087956982659e+02
3.277647335502688861e+02 3.123102242060565459e+02
3.288514772344958601e+02 3.132432396164147690e+02
3.299382209187228909e+02 3.141762550267731058e+02
3.310249646029499218e+02 3.151092704371314426e+02
3.321117082871768957e+02 3.160422858474896657e+02
3.331984519714038697e+02 3.169753012578480025e+02
3.342851956556309005e+02 3.179083166682062824e+02
3.353719393398579314e+02 3.188413320785646192e+02
3.364586830240848485e+02 3.197743474889228423e+02
3.375454267083118793e+02 3.207073628992811791e+02
3.386321703925389102e+02 3.216403783096394591e+02
3.397189140767658841e+02 3.225733937199977390e+02
3.408056577609928581e+02 3.235064091303560190e+02
3.418924014452198890e+02 3.244394245407143558e+02
3.429791451294469198e+02 3.253724399510726357e+02
