1.262384838050567737e+02 2.113561272254689243e+02
1.272923929651207828e+02 2.116385961296803089e+02
1.283463021251847920e+02 2.119210650338916935e+02
1.294002112852487869e+02 2.122035339381030781e+02
1.304541204453128103e+02 2.124860028423144911e+02
1.315080296053768052e+02 2.127684717465258757e+02
1.325619387654408285e+02 2.130509406507372887e+02
1.336158479255048235e+02 2.133334095549486733e+02
1.346697570855688468e+02 2.136158784591600579e+02
1.357236662456328418e+02 2.138983473633714425e+02
1.367775754056968651e+02 2.141808162675828271e+02
1.378314845657608601e+02 2.144632851717942401e+02
1.388853937258248834e+02 2.147457540760056531e+02
1.399393028858888783e+02 2.150282229802170377e+02
1.409932120459529017e+02 2.153106918844283939e+02
1.420471212060168966e+02 2.155931607886398069e+02
1.431010303660809200e+02 2.158756296928511915e+02
1.441549395261449149e+02 2.161580985970625761e+02
1.452088486862089098e+02 2.164405675012740176e+02
1.462627578462729332e+02 2.167230364054853453e+02
1.473166670063369281e+02 2.170055053096967299e+02
1.483705761664009515e+02 2.172879742139081429e+02
1.494244853264649464e+02 2.175704431181195559e+02
1.504783944865289698e+02 2.178529120223309405e+02
1.515323036465929647e+02 2.181353809265423251e+02
1.525862128066569881e+02 2.184178498307537382e+02
1.536401219667209830e+02 2.187003187349651512e+02
1.546940311267850063e+02 2.189827876391765074e+02
1.557479402868490013e+02 2.192652565433878920e+02
1.568018494469130246e+02 2.195477254475993050e+02
1.578557586069770196e+02 2.198301943518106896e+02
1.589096677670410145e+02 2.201391307206004058e+02
1.599635769271050378e+02 2.204277006278829845e+02
1.610174860871690612e+02 2.207039066193323436e+02
1.620713952472330561e+02 2.209731273064168704e+02
1.631253044072970511e+02 2.212358385404159833e+02
1.641792135673610744e+02 2.214941438084103140e+02
1.652331227274250693e+02 2.217496183773276073e+02
1.662870318874890927e+02 2.220018055504988297e+02
1.673409410475530876e+02 2.222502833888133011e+02
1.683948502076171110e+02 2.224963591166542756e+02
1.694487593676811059e+02 2.227530626952508612e+02
1.705026685277451293e+02 2.230252367097445472e+02
1.715565776878091242e+02 2.233152329179708886e+02
1.726104868478731191e+02 2.236172226867317079e+02
1.736643960079371425e+02 2.239359880162642185e+02
1.747183051680011658e+02 2.242676732895037617e+02
1.757722143280651608e+02 2.246080914767024979e+02
1.768261234881291557e+02 2.249593817649164862e+02
1.778800326481931791e+02 2.253177012212007071e+02
1.789339418082572024e+02 2.256819641717092679e+02
1.799878509683211973e+02 2.260497248434179767e+02
1.810417601283851923e+02 2.264193947698362877e+02
1.820956692884492156e+02 2.267916444419466302e+02
1.831495784485132106e+02 2.271789720556085967e+02
1.842034876085772339e+02 2.276053244467752279e+02
1.852573967686412288e+02 2.280630324807094382e+02
1.863113059287052522e+02 2.285682210276926583e+02
1.873652150887692471e+02 2.291120021862791702e+02
1.884191242488332705e+02 2.296878995238782295e+02
1.894730334088972654e+02 2.302724534046468250e+02
1.905269425689612603e+02 2.308606075067034453e+02
1.915808517290252837e+02 2.314490610401498429e+02
1.926347608890893071e+02 2.320368082489092103e+02
1.936886700491533020e+02 2.326188207466399547e+02
1.947425792092172969e+02 2.331920172551630799e+02
1.957964883692813203e+02 2.337544506033675304e+02
1.968503975293453436e+02 2.343001711581124766e+02
1.979043066894093386e+02 2.348124826757850769e+02
1.989582158494733335e+02 2.352875520409938872e+02
2.000121250095373568e+02 2.357152348437114711e+02
2.010660341696013802e+02 2.360951323634996584e+02
2.021199433296653751e+02 2.364293793868711759e+02
2.031738524897293701e+02 2.367247888709762833e+02
2.042277616497933650e+02 2.369904109942621346e+02
2.052816708098573883e+02 2.372364158424322795e+02
2.063355799699214117e+02 2.374737959808172718e+02
2.073894891299854066e+02 2.377010822814966673e+02
2.084433982900494016e+02 2.379204995252327421e+02
2.094973074501134249e+02 2.381306031401124983e+02
2.105512166101774483e+02 2.383298586453467180e+02
2.116051257702414432e+02 2.385180661309300945e+02
2.126590349303054381e+02 2.386933040216102313e+02
2.137129440903694615e+02 2.388536331367809566e+02
2.147668532504334848e+02 2.390003121320349351e+02
2.158207624104974798e+02 2.391326570685878039e+02
2.168746715705614747e+02 2.392516993233347762e+02
2.179285807306254981e+02 2.393617683577331263e+02
2.189824898906894930e+02 2.394654044240743644e+02
2.200363990507535163e+02 2.395617986318332555e+02
2.210903082108175113e+02 2.396533101566562891e+02
2.221442173708815062e+02 2.397394209283534110e+02
2.231981265309455296e+02 2.398162419622067318e+02
2.242520356910095529e+02 2.398832273982449692e+02
2.253059448510735479e+02 2.399403240505646977e+02
2.263598540111375428e+02 2.399906748071652487e+02
2.274137631712015661e+02 2.400485329765316180e+02
2.284676723312655895e+02 2.401217627998477155e+02
2.295215814913295844e+02 2.402214174567509701e+02
2.305754906513935794e+02 2.403518008406710180e+02
2.316293998114576027e+02 2.405119966057566216e+02
2.326833089715216261e+02 2.406924472613306420e+02
2.337372181315856210e+02 2.408930328785305619e+02
2.347911272916496159e+02 2.411028913351204892e+02
2.358450364517136393e+02 2.413229203340522986e+02
2.368989456117776342e+02 2.415587779153901238e+02
2.379528547718416576e+02 2.418133561084958956e+02
2.390067639319056525e+02 2.420989340367315208e+02
2.400606730919696474e+02 2.424156670665790330e+02
2.411145822520336708e+02 2.427688204307683577e+02
2.421684914120976941e+02 2.431606306585569541e+02
2.432224005721616891e+02 2.435874751778678444e+02
2.442763097322256840e+02 2.440456449625868629e+02
2.453302188922897074e+02 2.445323772899799337e+02
2.463841280523537307e+02 2.450435613551346421e+02
2.474380372124177256e+02 2.455785817728534823e+02
2.484919463724817206e+02 2.461320238515178005e+02
2.495458555325457439e+02 2.467039129803100650e+02
2.505997646926097673e+02 2.473056291706525940e+02
2.516536738526737622e+02 2.479437389544489179e+02
2.527075830127377571e+02 2.486217532858106267e+02
2.537614921728017521e+02 2.493241419410116464e+02
2.548154013328657754e+02 2.500360319216189282e+02
2.558693104929297988e+02 2.507642203712552487e+02
2.569232196529937937e+02 2.515075670456802754e+02
2.579771288130577886e+02 2.522706823480525600e+02
2.590310379731217836e+02 2.530527613692390787e+02
2.600849471331858354e+02 2.538520296849652880e+02
2.611388562932498303e+02 2.546583916053066616e+02
2.621927654533138252e+02 2.554696998297379196e+02
2.632466746133778770e+02 2.562855546946136656e+02
2.643005837734418719e+02 2.571076502544309506e+02
2.653544929335058669e+02 2.579350046373877490e+02
2.664084020935698618e+02 2.587660177784736675e+02
2.674623112536338567e+02 2.595987075138725118e+02
2.685162204136978517e+02 2.604301103930000068e+02
2.695701295737619034e+02 2.612580069991041682e+02
2.706240387338258984e+02 2.620813763499941160e+02
2.716779478938899501e+02 2.629010816789494243e+02
2.727318570539539451e+02 2.637192225151667913e+02
2.737857662140179400e+02 2.645369639368237813e+02
2.748396753740819349e+02 2.653550484525576394e+02
2.758935845341459299e+02 2.661740692055096247e+02
2.769474936942099248e+02 2.669948960211680742e+02
2.780014028542739766e+02 2.678180667983532430e+02
2.790553120143379715e+02 2.686444420288805759e+02
2.801092211744019664e+02 2.694747189498407920e+02
2.811631303344660182e+02 2.703088893604016221e+02
2.822170394945300131e+02 2.711462740151305297e+02
2.832709486545940081e+02 2.719859268262705427e+02
2.843248578146580030e+02 2.728265599297338326e+02
2.853787669747219979e+02 2.736668116016796830e+02
2.864326761347859929e+02 2.745061270568263012e+02
2.874865852948500446e+02 2.753434029460669876e+02
2.885404944549140396e+02 2.761720438743943760e+02
2.895944036149780914e+02 2.769904498015386025e+02
2.906483127750420863e+02 2.777984786491666114e+02
2.917022219351060812e+02 2.785987728347249686e+02
2.927561310951700762e+02 2.793934769991039957e+02
2.938100402552340711e+02 2.801846228565481738e+02
2.948639494152980660e+02 2.809736248603180115e+02
2.959178585753620609e+02 2.817631165605083652e+02
2.969717677354261127e+02 2.825536069587819270e+02
2.980256768954901077e+02 2.833449430803065638e+02
2.990795860555541594e+02 2.841425679081391422e+02
3.001334952156181544e+02 2.849452259243192884e+02
3.011874043756821493e+02 2.857533953462387899e+02
3.022413135357461442e+02 2.865630027149478565e+02
3.032952226958101392e+02 2.873726100836569799e+02
3.043491318558741341e+02 2.881822174523661033e+02
3.054030410159381859e+02 2.889918248210752836e+02
3.064569501760021808e+02 2.898014321897844070e+02
3.075108593360662326e+02 2.906110395584935304e+02
3.085647684961302275e+02 2.914206469272026538e+02
3.096186776561942224e+02 2.922302542959117204e+02
3.106725868162582174e+02 2.930398616646208438e+02
3.117264959763222123e+02 2.938494690333299673e+02
3.127804051363862072e+02 2.946590764020390907e+02
3.138343142964502022e+02 2.954686837707481573e+02
3.148882234565142539e+02 2.962782911394573375e+02
3.159421326165782489e+02 2.970878985081664609e+02
3.169960417766423006e+02 2.978975058768755844e+02
3.180499509367062956e+02 2.987071132455847078e+02
3.191038600967702905e+02 2.995167206142938312e+02
3.201577692568342854e+02 3.003263279830028978e+02
3.212116784168982804e+02 3.011359353517120212e+02
3.222655875769622753e+02 3.019455427204211446e+02
3.233194967370263271e+02 3.027551500891303249e+02
3.243734058970903220e+02 3.035647574578393915e+02
3.254273150571543738e+02 3.043743648265485717e+02
3.264812242172183687e+02 3.051839721952576951e+02
3.275351333772823637e+02 3.059935795639668186e+02
3.285890425373463586e+02 3.068031869326758851e+02
3.296429516974103535e+02 3.076127943013850086e+02
3.306968608574743484e+02 3.084224016700941320e+02
3.317507700175383434e+02 3.092320090388031986e+02
3.328046791776023952e+02 3.100416164075123788e+02
3.338585883376663901e+02 3.108512237762214454e+02
3.349124974977304419e+02 3.116608311449306257e+02
3.359664066577944368e+02 3.124704385136397491e+02
