1.263715567588338615e+02 2.109909020395398898e+02
1.272746524312224068e+02 2.112474701326586057e+02
1.281777481036109521e+02 2.115040382257773217e+02
1.290808437759994831e+02 2.117606063188960093e+02
1.299839394483880426e+02 2.120171744120147252e+02
1.308870351207765736e+02 2.122737425051334412e+02
1.317901307931651331e+02 2.125303105982521572e+02
1.326932264655536642e+02 2.127868786913708732e+02
1.335963221379422237e+02 2.130434467844895892e+02
1.344994178103307547e+02 2.133000148776082767e+02
1.354025134827193142e+02 2.135565829707270211e+02
1.363056091551078453e+02 2.138131510638457371e+02
1.372087048274964047e+02 2.140697191569644247e+02
1.381118004998849358e+02 2.143262872500831406e+02
1.390148961722734953e+02 2.145828553432018566e+02
1.399179918446620263e+02 2.148394234363205726e+02
1.408210875170505858e+02 2.150959915294392886e+02
1.417241831894391169e+02 2.153525596225579761e+02
1.426272788618276763e+02 2.156091277156767205e+02
1.435303745342162074e+02 2.158656958087954081e+02
1.444334702066047669e+02 2.161222639019141525e+02
1.453365658789932979e+02 2.163788319950328400e+02
1.462396615513818574e+02 2.166354000881515560e+02
1.471427572237703885e+02 2.168919681812702720e+02
1.480458528961589479e+02 2.171485362743889880e+02
1.489489485685474790e+02 2.174051043675077040e+02
1.498520442409360385e+02 2.176616724606263915e+02
1.507551399133245695e+02 2.179182405537451075e+02
1.516582355857131290e+02 2.181748086468638235e+02
1.525613312581016601e+02 2.184313767399825394e+02
1.534644269304902195e+02 2.186879448331012554e+02
1.543675226028787506e+02 2.189445129262199430e+02
1.552706182752673101e+02 2.192010810193386874e+02
1.561737139476558411e+02 2.194576491124574034e+02
1.570768096200444006e+02 2.197142172055761193e+02
1.579799052924329317e+02 2.199707852986948353e+02
1.588830009648214912e+02 2.202273533918135229e+02
1.597860966372100222e+02 2.204843856382303215e+02
1.606891923095985817e+02 2.207357709128399392e+02
1.615922879819871127e+02 2.209876140840000858e+02
1.624953836543756722e+02 2.212524729778015455e+02
1.633984793267642033e+02 2.215243616056525866e+02
1.643015749991527628e+02 2.218092600026607784e+02
1.652046706715412938e+02 2.221069540714489676e+02
1.661077663439298533e+02 2.224120162769762032e+02
1.670108620163183843e+02 2.227299506881022353e+02
1.679139576887069438e+02 2.230549349866970488e+02
1.688170533610954749e+02 2.233889883943066081e+02
1.697201490334840344e+02 2.237282431573076451e+02
1.706232447058725654e+02 2.240738283728069291e+02
1.715263403782611249e+02 2.244226135019872856e+02
1.724294360506496560e+02 2.247746104995449627e+02
1.733325317230382154e+02 2.251270673693733215e+02
1.742356273954267465e+02 2.254818015923722783e+02
1.751387230678153060e+02 2.258361288606644166e+02
1.760418187402038370e+02 2.261911880579812646e+02
1.769449144125923965e+02 2.265462535353303224e+02
1.778480100849809276e+02 2.268993022920225258e+02
1.787511057573694870e+02 2.272511825352139851e+02
1.796542014297580181e+02 2.276000740425033086e+02
1.805572971021465776e+02 2.279487147188134770e+02
1.814603927745351086e+02 2.282953314617681997e+02
1.823634884469236681e+02 2.286431769957422091e+02
1.832665841193121992e+02 2.289920612068698063e+02
1.841696797917007586e+02 2.293404630930501185e+02
1.850727754640892897e+02 2.296909138849941030e+02
1.859758711364778492e+02 2.300409439808352374e+02
1.868789668088663802e+02 2.303909569491304126e+02
1.877820624812549397e+02 2.307438349829850495e+02
1.886851581536434708e+02 2.311097984874260760e+02
1.895882538260320302e+02 2.315017527577099941e+02
1.904913494984205613e+02 2.319173151033984936e+02
1.913944451708090924e+02 2.323591178169830584e+02
1.922975408431976518e+02 2.328357838880761790e+02
1.932006365155862113e+02 2.333249285725769653e+02
1.941037321879747424e+02 2.338231183298648830e+02
1.950068278603632734e+02 2.343131167626361275e+02
1.959099235327518329e+02 2.347857201184936571e+02
1.968130192051403924e+02 2.352425327275622635e+02
1.977161148775289234e+02 2.356708346081646255e+02
1.986192105499174545e+02 2.360756895919285228e+02
1.995223062223060140e+02 2.364512476981049076e+02
2.004254018946945735e+02 2.368020329405090934e+02
2.013284975670831045e+02 2.371295278859599875e+02
2.022315932394716356e+02 2.374323594086560547e+02
2.031346889118601950e+02 2.377178623670055515e+02
2.040377845842487545e+02 2.379897819977626341e+02
2.049408802566372856e+02 2.382524819221691530e+02
2.058439759290258166e+02 2.385051389072564518e+02
2.067470716014143761e+02 2.387483078147151900e+02
2.076501672738029356e+02 2.389804770837496903e+02
2.085532629461914667e+02 2.392023967569850242e+02
2.094563586185799977e+02 2.394133635723341627e+02
2.103594542909685572e+02 2.396125035501593175e+02
2.112625499633571167e+02 2.398003886018753406e+02
2.121656456357456477e+02 2.399770227490433285e+02
2.130687413081341788e+02 2.401403877109788141e+02
2.139718369805227383e+02 2.402945294429512160e+02
2.148749326529112977e+02 2.404333717452332166e+02
2.157780283252998288e+02 2.405607267184660998e+02
2.166811239976883599e+02 2.406723884326692087e+02
2.175842196700769193e+02 2.407746243682145177e+02
2.184873153424654788e+02 2.408683990083757749e+02
2.193904110148540099e+02 2.409552321512800006e+02
2.202935066872425409e+02 2.410336674897378941e+02
2.211966023596311004e+02 2.411070846600730420e+02
2.220996980320196599e+02 2.411727933562605131e+02
2.230027937044081909e+02 2.412313403260034477e+02
2.239058893767967220e+02 2.412850753019191075e+02
2.248089850491852815e+02 2.413313913256757814e+02
2.257120807215738409e+02 2.413738262774275256e+02
2.266151763939623720e+02 2.414131138545077988e+02
2.275182720663509031e+02 2.414513755063104270e+02
2.284213677387394625e+02 2.414891412481474902e+02
2.293244634111280220e+02 2.415267919161137229e+02
2.302275590835165531e+02 2.415651808936901261e+02
2.311306547559050841e+02 2.416045778610464936e+02
2.320337504282936436e+02 2.416636279261097400e+02
2.329368461006822031e+02 2.417501444669323973e+02
2.338399417730707341e+02 2.418666721464925331e+02
2.347430374454592652e+02 2.420125315093040967e+02
2.356461331178478247e+02 2.421864555709067304e+02
2.365492287902363842e+02 2.423891121685398389e+02
2.374523244626249152e+02 2.426131727752889446e+02
2.383554201350134463e+02 2.428600255763590496e+02
2.392585158074020057e+02 2.431312019902809709e+02
2.401616114797905652e+02 2.434183905842154161e+02
2.410647071521790963e+02 2.437274578086231713e+02
2.419678028245676273e+02 2.440466120691003482e+02
2.428708984969561868e+02 2.443867570471737167e+02
2.437739941693447463e+02 2.447446802198907108e+02
2.446770898417332774e+02 2.451350481532990671e+02
2.455801855141218084e+02 2.455472444795608169e+02
2.464832811865103679e+02 2.459942153581369269e+02
2.473863768588989274e+02 2.464637602591857046e+02
2.482894725312874584e+02 2.469550236763751627e+02
2.491925682036759895e+02 2.474668072021182184e+02
2.500956638760645490e+02 2.479915739248621662e+02
2.509987595484531084e+02 2.485248234031554375e+02
2.519018552208416395e+02 2.490694381021877746e+02
2.528049508932301705e+02 2.496206513231574888e+02
2.537080465656187300e+02 2.501769450592950079e+02
2.546111422380072611e+02 2.507422946666129633e+02
2.555142379103958206e+02 2.513174608192231574e+02
2.564173335827843516e+02 2.518977265844002034e+02
2.573204292551729395e+02 2.524839888124204776e+02
2.582235249275614706e+02 2.530836368075151199e+02
2.591266205999500016e+02 2.536987567567934434e+02
2.600297162723385327e+02 2.543170513386428979e+02
2.609328119447270637e+02 2.549354148260463546e+02
2.618359076171155948e+02 2.555579168030973847e+02
2.627390032895041827e+02 2.561834978065902533e+02
2.636420989618927138e+02 2.568138509830170619e+02
2.645451946342813017e+02 2.574489826763775682e+02
2.654482903066698327e+02 2.580894048146690807e+02
2.663513859790583638e+02 2.587352127097384482e+02
2.672544816514468948e+02 2.593865251507446601e+02
2.681575773238354259e+02 2.600432393451615667e+02
2.690606729962239569e+02 2.607062160308963712e+02
2.699637686686125448e+02 2.613725819441477825e+02
2.708668643410010759e+02 2.620436958271558865e+02
2.717699600133896638e+02 2.627069089201221459e+02
2.726730556857781949e+02 2.633639344471637287e+02
2.735761513581667259e+02 2.640209599742053115e+02
2.744792470305552570e+02 2.646779855012468374e+02
2.753823427029437880e+02 2.653350110282884771e+02
2.762854383753323191e+02 2.659920365553300030e+02
2.771885340477209070e+02 2.666490620823716426e+02
2.780916297201094380e+02 2.673060876094132254e+02
2.789947253924980259e+02 2.679631131364548082e+02
2.798978210648865570e+02 2.686201386634963910e+02
2.808009167372750881e+02 2.692771641905379738e+02
2.817040124096636191e+02 2.699341897175795566e+02
2.826071080820521502e+02 2.705912152446211394e+02
2.835102037544406812e+02 2.712482407716627222e+02
2.844132994268292691e+02 2.719052662987043050e+02
2.853163950992178002e+02 2.725622918257459446e+02
2.862194907716063881e+02 2.732193173527875274e+02
2.871225864439949191e+02 2.738763428798291102e+02
2.880256821163834502e+02 2.745333684068706930e+02
2.889287777887719812e+02 2.751903939339122758e+02
2.898318734611605123e+02 2.758474194609538586e+02
2.907349691335490434e+02 2.765044449879953845e+02
2.916380648059376313e+02 2.771614705150370241e+02
2.925411604783261623e+02 2.778184960420786069e+02
2.934442561507147502e+02 2.784755215691202466e+02
2.943473518231032813e+02 2.791325470961617725e+02
2.952504474954918123e+02 2.797895726232034121e+02
2.961535431678803434e+02 2.804465981502449381e+02
2.970566388402688744e+02 2.811036236772865209e+02
2.979597345126574055e+02 2.817606492043281037e+02
2.988628301850459934e+02 2.824176747313697433e+02
2.997659258574345245e+02 2.830747002584113261e+02
3.006690215298231124e+02 2.837317257854529089e+02
3.015721172022116434e+02 2.843887513124944917e+02
3.024752128746001745e+02 2.850457768395360745e+02
3.033783085469887055e+02 2.857028023665776573e+02
3.042814042193772366e+02 2.863598278936192401e+02
3.051844998917657676e+02 2.870168534206607660e+02
3.060875955641543555e+02 2.876738789477024056e+02
