1.265119236413965211e+02 2.091194406412717797e+02
1.273694325678541048e+02 2.094062202597490057e+02
1.282269414943116885e+02 2.096929998782262317e+02
1.290844504207692864e+02 2.099797794967034292e+02
1.299419593472268843e+02 2.102665591151806552e+02
1.307994682736844538e+02 2.105533387336578528e+02
1.316569772001420517e+02 2.108401183521351072e+02
1.325144861265996212e+02 2.111268979706123048e+02
1.333719950530572191e+02 2.114136775890895308e+02
1.342295039795148170e+02 2.117004572075667568e+02
1.350870129059723865e+02 2.119872368260439828e+02
1.359445218324299844e+02 2.122740164445211803e+02
1.368020307588875824e+02 2.125607960629983779e+02
1.376595396853451518e+02 2.128475756814756039e+02
1.385170486118027497e+02 2.131343552999528015e+02
1.393745575382603192e+02 2.134211349184300275e+02
1.402320664647179171e+02 2.137079145369072535e+02
1.410895753911755151e+02 2.139946941553844511e+02
1.419470843176330845e+02 2.142814737738616770e+02
1.428045932440906824e+02 2.145682533923388746e+02
1.436621021705482804e+02 2.148550330108161006e+02
1.445196110970058498e+02 2.151418126292933266e+02
1.453771200234634478e+02 2.154285922477705526e+02
1.462346289499210457e+02 2.157153718662477786e+02
1.470921378763786151e+02 2.160021514847250046e+02
1.479496468028362131e+02 2.162889311032021737e+02
1.488071557292937825e+02 2.165757107216793997e+02
1.496646646557513805e+02 2.168624903401566257e+02
1.505221735822089784e+02 2.171492699586338517e+02
1.513796825086665478e+02 2.174360495771110777e+02
1.522371914351241458e+02 2.177228291955882753e+02
1.530947003615817152e+02 2.180096088140655013e+02
1.539522092880393132e+02 2.182963884325426989e+02
1.548097182144969111e+02 2.185831680510199533e+02
1.556672271409544805e+02 2.188699476694971224e+02
1.565247360674120785e+02 2.191567272879743484e+02
1.573822449938696764e+02 2.194435069064515460e+02
1.582397539203272459e+02 2.197452015609824230e+02
1.590972628467848438e+02 2.200600129964620635e+02
1.599547717732424417e+02 2.203666397067509024e+02
1.608122806997000112e+02 2.206592800278476147e+02
1.616697896261576091e+02 2.209447361049172116e+02
1.625272985526152070e+02 2.212214436783920917e+02
1.633848074790727765e+02 2.214985629546579275e+02
1.642423164055303744e+02 2.217846480367410891e+02
1.650998253319879439e+02 2.220807025698297537e+02
1.659573342584455418e+02 2.223935784359073864e+02
1.668148431849031113e+02 2.227152256661715910e+02
1.676723521113607092e+02 2.230484640563063863e+02
1.685298610378183071e+02 2.233916412646890421e+02
1.693873699642758766e+02 2.237425099557727890e+02
1.702448788907334745e+02 2.240988312962539339e+02
1.711023878171910724e+02 2.244611041211101963e+02
1.719598967436486419e+02 2.248257200713932775e+02
1.728174056701062398e+02 2.251922323288124517e+02
1.736749145965638377e+02 2.255566456247634335e+02
1.745324235230214072e+02 2.259168591154122794e+02
1.753899324494790051e+02 2.262727433327234792e+02
1.762474413759366030e+02 2.266227754916669994e+02
1.771049503023941725e+02 2.269665418809797757e+02
1.779624592288517704e+02 2.273064314891356616e+02
1.788199681553093399e+02 2.276406352627932961e+02
1.796774770817669378e+02 2.279724675932409355e+02
1.805349860082245073e+02 2.283036602720402755e+02
1.813924949346821052e+02 2.286350117112294242e+02
1.822500038611397031e+02 2.289660322425110053e+02
1.831075127875972726e+02 2.292956577162449889e+02
1.839650217140548705e+02 2.296232140855385637e+02
1.848225306405124684e+02 2.299503822762866889e+02
1.856800395669700379e+02 2.302754073842672540e+02
1.865375484934276358e+02 2.305983606541441020e+02
1.873950574198852337e+02 2.309202639762820297e+02
1.882525663463428032e+02 2.312422257830119747e+02
1.891100752728004011e+02 2.315726190738081982e+02
1.899675841992579990e+02 2.319106484960919943e+02
1.908250931257155685e+02 2.322577841509981340e+02
1.916826020521731664e+02 2.326151063426771373e+02
1.925401109786307643e+02 2.329788976937857399e+02
1.933976199050883338e+02 2.333438004105275922e+02
1.942551288315459033e+02 2.337160608409731992e+02
1.951126377580035296e+02 2.340928305174785748e+02
1.959701466844610991e+02 2.344723041022024290e+02
1.968276556109186686e+02 2.348531710241575752e+02
1.976851645373762665e+02 2.352346481325362504e+02
1.985426734638338644e+02 2.356116867457316175e+02
1.994001823902914339e+02 2.359773054537781150e+02
2.002576913167490318e+02 2.363348175233959410e+02
2.011152002432066297e+02 2.366798826189248075e+02
2.019727091696641992e+02 2.370139908506126574e+02
2.028302180961217971e+02 2.373302900672750582e+02
2.036877270225793950e+02 2.376335517017760139e+02
2.045452359490369645e+02 2.379174426943731646e+02
2.054027448754945624e+02 2.381836981173010201e+02
2.062602538019521603e+02 2.384258314048802276e+02
2.071177627284097298e+02 2.386498376951020077e+02
2.079752716548672993e+02 2.388593100438763486e+02
2.088327805813249256e+02 2.390598180750628217e+02
2.096902895077824951e+02 2.392508123727263865e+02
2.105477984342400646e+02 2.394295173221403559e+02
2.114053073606976909e+02 2.396002313660471259e+02
2.122628162871552604e+02 2.397611828064744373e+02
2.131203252136128299e+02 2.399167286342282637e+02
2.139778341400704278e+02 2.400675721782998266e+02
2.148353430665280257e+02 2.402096903991219392e+02
2.156928519929855952e+02 2.403399346847417064e+02
2.165503609194431931e+02 2.404613736068275784e+02
2.174078698459007910e+02 2.405683407054550571e+02
2.182653787723583605e+02 2.406682761510844273e+02
2.191228876988159584e+02 2.407596290582418987e+02
2.199803966252735563e+02 2.408434222392053243e+02
2.208379055517311258e+02 2.409213917359910795e+02
2.216954144781887237e+02 2.409943101004223820e+02
2.225529234046463216e+02 2.410598254179366506e+02
2.234104323311038911e+02 2.411205927919374687e+02
2.242679412575614606e+02 2.411770002336890002e+02
2.251254501840190869e+02 2.412278842898649032e+02
2.259829591104766564e+02 2.412755242451816287e+02
2.268404680369342259e+02 2.413190479936052384e+02
2.276979769633918238e+02 2.413602877696025644e+02
2.285554858898494217e+02 2.413998080548730059e+02
2.294129948163069912e+02 2.414395686268130135e+02
2.302705037427645891e+02 2.414793194041246238e+02
2.311280126692221870e+02 2.415220483897352040e+02
2.319855215956797565e+02 2.415675711329331534e+02
2.328430305221373544e+02 2.416240266000706924e+02
2.337005394485949523e+02 2.417035009651422968e+02
2.345580483750525218e+02 2.418056206156786345e+02
2.354155573015101197e+02 2.419341482386785742e+02
2.362730662279677176e+02 2.420812700821531678e+02
2.371305751544252871e+02 2.422685708972744010e+02
2.379880840808828850e+02 2.424882260707672685e+02
2.388455930073404829e+02 2.427516355482197241e+02
2.397031019337980524e+02 2.430376770899687813e+02
2.405606108602556219e+02 2.433575630222985637e+02
2.414181197867132482e+02 2.436951631955223547e+02
2.422756287131708177e+02 2.440568857059600987e+02
2.431331376396283872e+02 2.444385339231280341e+02
2.439906465660859851e+02 2.448324754567224772e+02
2.448481554925435830e+02 2.452424666722815232e+02
2.457056644190011525e+02 2.456648243715140438e+02
2.465631733454587504e+02 2.461014325918742145e+02
2.474206822719163483e+02 2.465533256629053653e+02
2.482781911983739178e+02 2.470212346484266845e+02
2.491357001248315157e+02 2.475080238485989241e+02
2.499932090512891136e+02 2.480062257934161210e+02
2.508507179777466831e+02 2.485178482126041501e+02
2.517082269042042810e+02 2.490434259404237878e+02
2.525657358306618789e+02 2.495742403048389519e+02
2.534232447571194484e+02 2.501102338061133992e+02
2.542807536835770179e+02 2.506550882770789030e+02
2.551382626100346158e+02 2.512031220403422367e+02
2.559957715364922137e+02 2.517586572391555819e+02
2.568532804629497832e+02 2.523255840792789684e+02
2.577107893894074095e+02 2.528982661272732173e+02
2.585682983158649790e+02 2.534736493377612305e+02
2.594258072423225485e+02 2.540536972259588424e+02
2.602833161687801748e+02 2.546377953943888599e+02
2.611408250952377443e+02 2.552266481740662414e+02
2.619983340216953138e+02 2.558163128510121567e+02
2.628558429481529402e+02 2.564081213271695674e+02
2.637133518746105096e+02 2.570006482088355710e+02
2.645708608010680791e+02 2.575948467170845220e+02
2.654283697275257055e+02 2.581887615808979035e+02
2.662858786539832749e+02 2.587824687557478569e+02
2.671433875804408444e+02 2.593747746688423490e+02
2.680008965068984708e+02 2.599644749551321183e+02
2.688584054333559834e+02 2.605509549790710366e+02
2.697159143598136097e+02 2.611396092438424148e+02
2.705734232862712361e+02 2.617429136567516252e+02
2.714309322127287487e+02 2.623647916151239770e+02
2.722884411391863750e+02 2.629925429942965707e+02
2.731459500656440014e+02 2.636105954990179043e+02
2.740034589921015140e+02 2.642286480037391243e+02
2.748609679185591403e+02 2.648467005084604580e+02
2.757184768450167098e+02 2.654647530131817348e+02
2.765759857714742793e+02 2.660828055179030116e+02
2.774334946979319056e+02 2.667008580226243453e+02
2.782910036243894751e+02 2.673189105273456221e+02
2.791485125508470446e+02 2.679369630320668989e+02
2.800060214773046710e+02 2.685550155367882326e+02
2.808635304037622404e+02 2.691730680415095094e+02
2.817210393302198099e+02 2.697911205462307862e+02
2.825785482566774363e+02 2.704091730509521199e+02
2.834360571831350057e+02 2.710272255556734535e+02
2.842935661095925752e+02 2.716452780603946735e+02
2.851510750360502016e+02 2.722633305651160072e+02
2.860085839625077710e+02 2.728813830698372840e+02
2.868660928889653405e+02 2.734994355745586176e+02
2.877236018154229669e+02 2.741174880792798945e+02
2.885811107418805364e+02 2.747355405840011713e+02
2.894386196683381058e+02 2.753535930887225049e+02
2.902961285947957322e+02 2.759716455934437818e+02
2.911536375212533017e+02 2.765896980981650586e+02
2.920111464477108711e+02 2.772077506028863922e+02
2.928686553741684975e+02 2.778258031076076691e+02
2.937261643006260670e+02 2.784438556123290027e+02
2.945836732270836364e+02 2.790619081170502795e+02
2.954411821535412628e+02 2.796799606217715564e+02
2.962986910799988323e+02 2.802980131264928332e+02
2.971562000064564018e+02 2.809160656312141100e+02
