1.274958583264379399e+02 2.123957431589837199e+02
1.286499724677340168e+02 2.127111039845697746e+02
1.298040866090300938e+02 2.130264648101558009e+02
1.309582007503261707e+02 2.133418256357418556e+02
1.321123148916222476e+02 2.136571864613278819e+02
1.332664290329183530e+02 2.139725472869139367e+02
1.344205431742144299e+02 2.142879081124999630e+02
1.355746573155105068e+02 2.146032689380860177e+02
1.367287714568065837e+02 2.149186297636720440e+02
1.378828855981026607e+02 2.152339905892580987e+02
1.390369997393987376e+02 2.155493514148441250e+02
1.401911138806948145e+02 2.158647122404301797e+02
1.413452280219908914e+02 2.161800730660162060e+02
1.424993421632869683e+02 2.164954338916022607e+02
1.436534563045830737e+02 2.168107947171883154e+02
1.448075704458791506e+02 2.171261555427743133e+02
1.459616845871752275e+02 2.174415163683603964e+02
1.471157987284713045e+02 2.177568771939464227e+02
1.482699128697673814e+02 2.180722380195324490e+02
1.494240270110634583e+02 2.183875988451184753e+02
1.505781411523595352e+02 2.187029596707045584e+02
1.517322552936556121e+02 2.190183204962905847e+02
1.528863694349516891e+02 2.193336813218766110e+02
1.540404835762477660e+02 2.196490421474626373e+02
1.551945977175438713e+02 2.199644029730487205e+02
1.563487118588399483e+02 2.202797637986347468e+02
1.575028260001360252e+02 2.205951246242207731e+02
1.586569401414321021e+02 2.209104854498068278e+02
1.598110542827281790e+02 2.212278573089829194e+02
1.609651684240242560e+02 2.215455063597838432e+02
1.621192825653203329e+02 2.218584020732229476e+02
1.632733967066164382e+02 2.221683763040907422e+02
1.644275108479125151e+02 2.224757511898751545e+02
1.655816249892085921e+02 2.227841004855239646e+02
1.667357391305046690e+02 2.230938373478639392e+02
1.678898532718007459e+02 2.234081915704977348e+02
1.690439674130968228e+02 2.237301777164686314e+02
1.701980815543928998e+02 2.240573047959978794e+02
1.713521956956889767e+02 2.243945742645970824e+02
1.725063098369850536e+02 2.247393013965132127e+02
1.736604239782811305e+02 2.250911173239488221e+02
1.748145381195772075e+02 2.254498060146203784e+02
1.759686522608732844e+02 2.258135203902536432e+02
1.771227664021693897e+02 2.261798386416758149e+02
1.782768805434654666e+02 2.265458591091662583e+02
1.794309946847615436e+02 2.269105724847279362e+02
1.805851088260576205e+02 2.272693286275165292e+02
1.817392229673536974e+02 2.276240447702842573e+02
1.828933371086497743e+02 2.279858769457230494e+02
1.840474512499458513e+02 2.283840970894568443e+02
1.852015653912419566e+02 2.288266465603948348e+02
1.863556795325380335e+02 2.293122281519766545e+02
1.875097936738341105e+02 2.298213323619917787e+02
1.886639078151301874e+02 2.303463249691204169e+02
1.898180219564262643e+02 2.308787878995213418e+02
1.909721360977223412e+02 2.314144517840498736e+02
1.921262502390184181e+02 2.319515699607287047e+02
1.932803643803144951e+02 2.324841658686760866e+02
1.944344785216105720e+02 2.330057683521659726e+02
1.955885926629066489e+02 2.335123354890459382e+02
1.967427068042027258e+02 2.340025508766886446e+02
1.978968209454988028e+02 2.344713454544017566e+02
1.990509350867949081e+02 2.349156788526477442e+02
2.002050492280909850e+02 2.353342570635255697e+02
2.013591633693870619e+02 2.357205862233622895e+02
2.025132775106831389e+02 2.360779925379399913e+02
2.036673916519792158e+02 2.364092910964354246e+02
2.048215057932753211e+02 2.367185754655976666e+02
2.059756199345713981e+02 2.370049643660582319e+02
2.071297340758674750e+02 2.372660254609154151e+02
2.082838482171635519e+02 2.375041742958763393e+02
2.094379623584596288e+02 2.377222308323138691e+02
2.105920764997557058e+02 2.379187608806259959e+02
2.117461906410517827e+02 2.380974525544449989e+02
2.129003047823478596e+02 2.382591590189659314e+02
2.140544189236439365e+02 2.384020323142161430e+02
2.152085330649400134e+02 2.385307042559214494e+02
2.163626472062360904e+02 2.386443332114731390e+02
2.175167613475321673e+02 2.387459684348969517e+02
2.186708754888282442e+02 2.388349056202537213e+02
2.198249896301243496e+02 2.389129370809027364e+02
2.209791037714204265e+02 2.389828733384936186e+02
2.221332179127165034e+02 2.390458668319074320e+02
2.232873320540125803e+02 2.391043658853095621e+02
2.244414461953086573e+02 2.391600813388673146e+02
2.255955603366047626e+02 2.392130679275014415e+02
2.267496744779008395e+02 2.392637893170334848e+02
2.279037886191969164e+02 2.393124721502922228e+02
2.290579027604929934e+02 2.393608290925282063e+02
2.302120169017890703e+02 2.394125318799636375e+02
2.313661310430851472e+02 2.394727520389331801e+02
2.325202451843812241e+02 2.395464720041432827e+02
2.336743593256773011e+02 2.396606775774118319e+02
2.348284734669733780e+02 2.398374877798568434e+02
2.359825876082694549e+02 2.400849329651267396e+02
2.371367017495655318e+02 2.404081858975092416e+02
2.382908158908616088e+02 2.408072960475946900e+02
2.394449300321576857e+02 2.412723168196863526e+02
2.405990441734537626e+02 2.417939032563550654e+02
2.417531583147498679e+02 2.423533267507141034e+02
2.429072724560459449e+02 2.429394228772051179e+02
2.440613865973420218e+02 2.435581777767443441e+02
2.452155007386380987e+02 2.442119323198926679e+02
2.463696148799342041e+02 2.448974118950935122e+02
2.475237290212302810e+02 2.456100868574447418e+02
2.486778431625263579e+02 2.463478599724902267e+02
2.498319573038224348e+02 2.471100673180788476e+02
2.509860714451185117e+02 2.478937544020302255e+02
2.521401855864145887e+02 2.487011075086184917e+02
2.532942997277106656e+02 2.495329866052953776e+02
2.544484138690067425e+02 2.503839318913818204e+02
2.556025280103028194e+02 2.512449162329732530e+02
2.567566421515988964e+02 2.521179682761989511e+02
2.579107562928949733e+02 2.530015372997934833e+02
2.590648704341910502e+02 2.538986013250364522e+02
2.602189845754871840e+02 2.548098540210534395e+02
2.613730987167832609e+02 2.557370507912538642e+02
2.625272128580793378e+02 2.566800571065040231e+02
2.636813269993754147e+02 2.576372095274160188e+02
2.648354411406714917e+02 2.586059122927081262e+02
2.659895552819675686e+02 2.595856121276721638e+02
2.671436694232636455e+02 2.605713670342323098e+02
2.682977835645597224e+02 2.615627924197654011e+02
2.694518977058557994e+02 2.625570220492635372e+02
2.706060118471518763e+02 2.635517164426858017e+02
2.717601259884479532e+02 2.645449301112079183e+02
2.729142401297440301e+02 2.655344574432010631e+02
2.740683542710401071e+02 2.665179586657307027e+02
2.752224684123361840e+02 2.674934050974336515e+02
2.763765825536322609e+02 2.684591047081539159e+02
2.775306966949283378e+02 2.694153588430886543e+02
2.786848108362244147e+02 2.703639325843442407e+02
2.798389249775204917e+02 2.713077630751255356e+02
2.809930391188165686e+02 2.722542034826786903e+02
2.821471532601126455e+02 2.732093995232308430e+02
2.833012674014087224e+02 2.741766861702552092e+02
2.844553815427047994e+02 2.751570779609397164e+02
2.856094956840008763e+02 2.761499417732529764e+02
2.867636098252969532e+02 2.771555195093881139e+02
2.879177239665930301e+02 2.781713004124881081e+02
2.890718381078891071e+02 2.791956180753742274e+02
2.902259522491851840e+02 2.802243477077005309e+02
2.913800663904813177e+02 2.812525642712409990e+02
2.925341805317773947e+02 2.822743730778154827e+02
2.936882946730734716e+02 2.833008610892426873e+02
2.948424088143695485e+02 2.843511316000266334e+02
2.959965229556656254e+02 2.854230206674708938e+02
2.971506370969617024e+02 2.865125429761651503e+02
2.983047512382577793e+02 2.876149706839689770e+02
2.994588653795538562e+02 2.887250897670006680e+02
3.006129795208499331e+02 2.898369738554007427e+02
3.017670936621460669e+02 2.909473240882009009e+02
3.029212078034421438e+02 2.920534459178145994e+02
3.040753219447382207e+02 2.931543810383187747e+02
3.052294360860342977e+02 2.942480893905449193e+02
3.063835502273303746e+02 2.953288991490255171e+02
3.075376643686264515e+02 2.963974330717713315e+02
3.086917785099225284e+02 2.974664028819635746e+02
3.098458926512186054e+02 2.985431641561585820e+02
3.110000067925146823e+02 2.996301878574640796e+02
3.121541209338107592e+02 3.007284694801048204e+02
3.133082350751068361e+02 3.018396513590596442e+02
3.144623492164029130e+02 3.029623648803786864e+02
3.156164633576989900e+02 3.040779310514018334e+02
3.167705774989950669e+02 3.051726751069529087e+02
3.179246916402911438e+02 3.062449740828880067e+02
3.190788057815872207e+02 3.072933873265759530e+02
3.202329199228832977e+02 3.083194199215795379e+02
3.213870340641793746e+02 3.093272755728701782e+02
3.225411482054754515e+02 3.103219206970534287e+02
3.236952623467715284e+02 3.113158437246920585e+02
3.248493764880676054e+02 3.123349824756189150e+02
3.260034906293636823e+02 3.133541212265457716e+02
3.271576047706597592e+02 3.143732599774726850e+02
3.283117189119558361e+02 3.153923987283995416e+02
3.294658330532519130e+02 3.164115374793263982e+02
3.306199471945479900e+02 3.174306762302532547e+02
3.317740613358440669e+02 3.184498149811801113e+02
3.329281754771401438e+02 3.194689537321069679e+02
3.340822896184362776e+02 3.204880924830338813e+02
3.352364037597323545e+02 3.215072312339607379e+02
3.363905179010284314e+02 3.225263699848876513e+02
3.375446320423245083e+02 3.235455087358144510e+02
3.386987461836205853e+02 3.245646474867413644e+02
3.398528603249166622e+02 3.255837862376681642e+02
3.410069744662127391e+02 3.266029249885950776e+02
3.421610886075088160e+02 3.276220637395218773e+02
3.433152027488048930e+02 3.286412024904487907e+02
3.444693168901010267e+02 3.296603412413757042e+02
3.456234310313971037e+02 3.306794799923025607e+02
3.467775451726931806e+02 3.316986187432294173e+02
3.479316593139892575e+02 3.327177574941562739e+02
3.490857734552853344e+02 3.337368962450831873e+02
3.502398875965814113e+02 3.347560349960099870e+02
3.513940017378774883e+02 3.357751737469368436e+02
3.525481158791735652e+02 3.367943124978637002e+02
3.537022300204696421e+02 3.378134512487905567e+02
3.548563441617657190e+02 3.388325899997174702e+02
3.560104583030617960e+02 3.398517287506443267e+02
3.571645724443578729e+02 3.408708675015711833e+02
