1.251382313565787001e+02 2.107591103816320128e+02
1.263024523871172136e+02 2.110868903626558506e+02
1.274666734176557270e+02 2.114146703436797168e+02
1.286308944481942547e+02 2.117424503247035261e+02
1.297951154787327823e+02 2.120702303057273639e+02
1.309593365092712816e+02 2.123980102867512016e+02
1.321235575398098092e+02 2.127257902677750110e+02
1.332877785703483084e+02 2.130535702487988488e+02
1.344519996008868361e+02 2.133813502298226865e+02
1.356162206314253638e+02 2.137091302108465243e+02
1.367804416619638630e+02 2.140369101918703336e+02
1.379446626925023907e+02 2.143646901728941714e+02
1.391088837230408899e+02 2.146924701539180091e+02
1.402731047535794175e+02 2.150202501349418469e+02
1.414373257841179452e+02 2.153480301159656847e+02
1.426015468146564444e+02 2.156758100969894940e+02
1.437657678451949721e+02 2.160035900780133602e+02
1.449299888757334998e+02 2.163313700590371695e+02
1.460942099062719990e+02 2.166591500400610073e+02
1.472584309368105266e+02 2.169869300210848451e+02
1.484226519673490543e+02 2.173147100021086544e+02
1.495868729978875535e+02 2.176424899831324922e+02
1.507510940284260812e+02 2.179702699641563299e+02
1.519153150589645804e+02 2.182980499451801677e+02
1.530795360895031081e+02 2.186258299262039770e+02
1.542437571200416357e+02 2.189536099072278432e+02
1.554079781505801350e+02 2.192813898882516810e+02
1.565721991811186626e+02 2.196197048218570558e+02
1.577364202116571619e+02 2.199478974124440924e+02
1.589006412421956895e+02 2.202553610100933383e+02
1.600648622727342172e+02 2.205555010067518822e+02
1.612290833032727164e+02 2.208499266211394740e+02
1.623933043338112441e+02 2.211443276578483790e+02
1.635575253643497717e+02 2.214394194415907577e+02
1.647217463948882710e+02 2.217364818434840572e+02
1.658859674254267986e+02 2.220356827846590306e+02
1.670501884559653263e+02 2.223437152909360179e+02
1.682144094865038255e+02 2.226634541585340799e+02
1.693786305170423532e+02 2.230004375595580655e+02
1.705428515475808808e+02 2.233525956686387701e+02
1.717070725781193801e+02 2.237179817410476517e+02
1.728712936086578793e+02 2.240933831208178901e+02
1.740355146391964070e+02 2.244765781170384003e+02
1.751997356697349346e+02 2.248644995337425314e+02
1.763639567002734339e+02 2.252540018465875562e+02
1.775281777308119615e+02 2.256429921728121428e+02
1.786923987613504892e+02 2.260289388039454934e+02
1.798566197918889884e+02 2.264098895988337858e+02
1.810208408224275161e+02 2.267850721953647053e+02
1.821850618529660437e+02 2.271571776082078031e+02
1.833492828835045430e+02 2.275550662012619227e+02
1.845135039140430706e+02 2.279874931834747542e+02
1.856777249445815983e+02 2.284599612870081842e+02
1.868419459751200975e+02 2.289774454636280439e+02
1.880061670056586252e+02 2.295184084000794655e+02
1.891703880361971528e+02 2.300735176764482333e+02
1.903346090667356520e+02 2.306271301001310405e+02
1.914988300972741513e+02 2.311749796402393144e+02
1.926630511278126789e+02 2.317158099144822359e+02
1.938272721583512066e+02 2.322497620907087139e+02
1.949914931888897058e+02 2.327756498562977470e+02
1.961557142194282335e+02 2.332953566152167468e+02
1.973199352499667611e+02 2.338015774782458607e+02
1.984841562805052604e+02 2.342809653350091139e+02
1.996483773110437880e+02 2.347313992183733831e+02
2.008125983415823157e+02 2.351459579222159562e+02
2.019768193721208149e+02 2.355212137071579264e+02
2.031410404026593426e+02 2.358592089762102262e+02
2.043052614331978702e+02 2.361644088571883344e+02
2.054694824637363695e+02 2.364410673162995238e+02
2.066337034942748971e+02 2.366897437740285000e+02
2.077979245248134248e+02 2.369126997593081683e+02
2.089621455553519240e+02 2.371122178556526023e+02
2.101263665858904233e+02 2.372895208696580767e+02
2.112905876164289509e+02 2.374468524993502854e+02
2.124548086469674786e+02 2.375885786457862991e+02
2.136190296775059778e+02 2.377132149608278553e+02
2.147832507080445055e+02 2.378244830803508307e+02
2.159474717385830331e+02 2.379200080978064307e+02
2.171116927691215324e+02 2.379976890442577542e+02
2.182759137996600600e+02 2.380593386226060488e+02
2.194401348301985877e+02 2.381098691540152004e+02
2.206043558607370869e+02 2.381591993958142837e+02
2.217685768912756146e+02 2.382056713437986559e+02
2.229327979218141422e+02 2.382465984494518239e+02
2.240970189523526415e+02 2.382836652972830507e+02
2.252612399828911691e+02 2.383159450816209528e+02
2.264254610134296968e+02 2.383458094740261402e+02
2.275896820439681960e+02 2.383745917836799890e+02
2.287539030745066952e+02 2.384030189377694171e+02
2.299181241050452229e+02 2.384551930314257788e+02
2.310823451355837506e+02 2.385509180908871940e+02
2.322465661661222498e+02 2.386988746225381419e+02
2.334107871966607775e+02 2.389029862842201624e+02
2.345750082271993051e+02 2.391622084259609551e+02
2.357392292577378043e+02 2.394756464049843032e+02
2.369034502882763320e+02 2.398402783701553176e+02
2.380676713188148597e+02 2.402570239331981270e+02
2.392318923493533589e+02 2.407288598163349320e+02
2.403961133798918866e+02 2.412525683763758479e+02
2.415603344104304142e+02 2.418148047521057720e+02
2.427245554409689134e+02 2.424107543053615643e+02
2.438887764715074411e+02 2.430400414583109523e+02
2.450529975020459688e+02 2.436962437676372701e+02
2.462172185325844680e+02 2.443756844264779033e+02
2.473814395631229672e+02 2.450767278331259433e+02
2.485456605936614949e+02 2.458031447162902339e+02
2.497098816242000225e+02 2.465560862741421033e+02
2.508741026547385218e+02 2.473395075751236902e+02
2.520383236852770494e+02 2.481409645756109228e+02
2.532025447158155771e+02 2.489561003511851141e+02
2.543667657463540763e+02 2.497881885096850851e+02
2.555309867768926040e+02 2.506423150208254356e+02
2.566952078074311316e+02 2.515205155736857421e+02
2.578594288379696309e+02 2.524263212691659533e+02
2.590236498685081870e+02 2.533595972605449731e+02
2.601878708990466293e+02 2.543198770627829219e+02
2.613520919295851854e+02 2.553041209222330110e+02
2.625163129601237415e+02 2.563073034743718495e+02
2.636805339906621839e+02 2.573264368504289905e+02
2.648447550212007400e+02 2.583558005142881484e+02
2.660089760517392961e+02 2.593900500332089223e+02
2.671731970822777384e+02 2.604261684930177694e+02
2.683374181128162945e+02 2.614620754617133684e+02
2.695016391433548506e+02 2.624967740115878883e+02
2.706658601738932930e+02 2.635302503265149880e+02
2.718300812044318491e+02 2.645630870451791452e+02
2.729943022349703483e+02 2.655962033240498386e+02
2.741585232655088475e+02 2.666304444651839276e+02
2.753227442960474036e+02 2.676665384773427832e+02
2.764869653265859029e+02 2.687049765396002954e+02
2.776511863571244021e+02 2.697457671352543684e+02
2.788154073876629582e+02 2.707882099684722448e+02
2.799796284182014574e+02 2.718318993441286011e+02
2.811438494487399566e+02 2.728740633058048388e+02
2.823080704792785127e+02 2.739186049830211118e+02
2.834722915098170120e+02 2.749669020201127410e+02
2.846365125403555112e+02 2.760158885393061610e+02
2.858007335708940673e+02 2.770644654172041328e+02
2.869649546014325665e+02 2.781125557094860596e+02
2.881291756319710657e+02 2.791618165291015430e+02
2.892933966625096218e+02 2.802136526189058827e+02
2.904576176930481211e+02 2.812715919652846992e+02
2.916218387235866203e+02 2.823371561715709390e+02
2.927860597541251764e+02 2.834128222194489695e+02
2.939502807846636756e+02 2.844946660196214907e+02
2.951145018152021748e+02 2.855810896783992234e+02
2.962787228457407309e+02 2.866692131047159933e+02
2.974429438762791733e+02 2.877577475609093085e+02
2.986071649068177294e+02 2.888453991306482180e+02
2.997713859373562855e+02 2.899301017432853200e+02
3.009356069678947279e+02 2.910118263994551739e+02
3.020998279984332839e+02 2.920921463955496620e+02
3.032640490289718400e+02 2.931896419987947979e+02
3.044282700595102824e+02 2.943088336748592724e+02
3.055924910900488385e+02 2.954433128045716899e+02
3.067567121205873946e+02 2.965866842845314295e+02
3.079209331511258370e+02 2.977449357336128628e+02
3.090851541816643930e+02 2.989190152511563383e+02
3.102493752122028923e+02 3.001068634910958508e+02
3.114135962427413915e+02 3.013044907362595382e+02
3.125778172732799476e+02 3.025064310543429542e+02
3.137420383038184468e+02 3.037179059341453922e+02
3.149062593343569461e+02 3.049443268591084006e+02
3.160704803648955021e+02 3.061831306990493999e+02
3.172347013954340014e+02 3.074347641424240010e+02
3.183989224259725006e+02 3.086949455683322867e+02
3.195631434565110567e+02 3.099435968035120368e+02
3.207273644870495559e+02 3.111635834538976724e+02
3.218915855175880552e+02 3.123542351813274536e+02
3.230558065481266112e+02 3.135115075597733494e+02
3.242200275786651105e+02 3.146406301686378697e+02
3.253842486092036097e+02 3.157781293140698722e+02
3.265484696397421658e+02 3.169417243011163237e+02
3.277126906702806650e+02 3.181053192881627183e+02
3.288769117008191643e+02 3.192689142752091698e+02
3.300411327313577203e+02 3.204325092622556213e+02
3.312053537618962196e+02 3.215961042493019590e+02
3.323695747924347188e+02 3.227596992363484105e+02
3.335337958229732749e+02 3.239232942233948620e+02
3.346980168535117173e+02 3.250868892104411998e+02
3.358622378840502734e+02 3.262504841974877081e+02
3.370264589145888294e+02 3.274140791845341028e+02
3.381906799451272718e+02 3.285776741715804974e+02
3.393549009756658279e+02 3.297412691586269489e+02
3.405191220062043840e+02 3.309048641456734003e+02
3.416833430367428264e+02 3.320684591327197381e+02
3.428475640672813824e+02 3.332320541197661896e+02
3.440117850978199385e+02 3.343956491068126979e+02
3.451760061283583809e+02 3.355592440938590357e+02
3.463402271588969370e+02 3.367228390809054872e+02
3.475044481894354362e+02 3.378864340679518818e+02
3.486686692199739355e+02 3.390500290549982765e+02
3.498328902505124915e+02 3.402136240420447280e+02
3.509971112810509908e+02 3.413772190290911226e+02
3.521613323115894900e+02 3.425408140161375172e+02
3.533255533421280461e+02 3.437044090031840256e+02
3.544897743726665453e+02 3.448680039902304202e+02
3.556539954032050446e+02 3.460315989772768717e+02
3.568182164337436006e+02 3.471951939643232663e+02
