1.274228496262919066e+02 2.121314267292862610e+02
1.285805725735325780e+02 2.124410684265704106e+02
1.297382955207732778e+02 2.127507101238545317e+02
1.308960184680139491e+02 2.130603518211386813e+02
1.320537414152546489e+02 2.133699935184228309e+02
1.332114643624953203e+02 2.136796352157069805e+02
1.343691873097360201e+02 2.139892769129911301e+02
1.355269102569766915e+02 2.142989186102752512e+02
1.366846332042173913e+02 2.146085603075594008e+02
1.378423561514580626e+02 2.149182020048435504e+02
1.390000790986987624e+02 2.152278437021277000e+02
1.401578020459394338e+02 2.155374853994118212e+02
1.413155249931801336e+02 2.158471270966959707e+02
1.424732479404208050e+02 2.161567687939801203e+02
1.436309708876615048e+02 2.164664104912642699e+02
1.447886938349021761e+02 2.167760521885484195e+02
1.459464167821428759e+02 2.170856938858325407e+02
1.471041397293835473e+02 2.173953355831166618e+02
1.482618626766242471e+02 2.177049772804008398e+02
1.494195856238649185e+02 2.180146189776849610e+02
1.505773085711056183e+02 2.183242606749691106e+02
1.517350315183462897e+02 2.186339023722532602e+02
1.528927544655869610e+02 2.189435440695374098e+02
1.540504774128276608e+02 2.192531857668215309e+02
1.552082003600683606e+02 2.195628274641056805e+02
1.563659233073090320e+02 2.198724691613898301e+02
1.575236462545497034e+02 2.201821108586739797e+02
1.586813692017904032e+02 2.204917525559581293e+02
1.598390921490310745e+02 2.207996098868852357e+02
1.609968150962717743e+02 2.211036147003873964e+02
1.621545380435124457e+02 2.214083987516778791e+02
1.633122609907531455e+02 2.217136742552814326e+02
1.644699839379938169e+02 2.220196757701024524e+02
1.656277068852345167e+02 2.223274087614592531e+02
1.667854298324751881e+02 2.226407184168996025e+02
1.679431527797158878e+02 2.229576237926127078e+02
1.691008757269565592e+02 2.232822353897160212e+02
1.702585986741972590e+02 2.236166557882934285e+02
1.714163216214379304e+02 2.239651245874676988e+02
1.725740445686786302e+02 2.243272761962601294e+02
1.737317675159193016e+02 2.247000306495841642e+02
1.748894904631599729e+02 2.250790640383040113e+02
1.760472134104006727e+02 2.254611078129616715e+02
1.772049363576413725e+02 2.258428826872823834e+02
1.783626593048820439e+02 2.262218833672261553e+02
1.795203822521227153e+02 2.265970169898973836e+02
1.806781051993634151e+02 2.269678536385762300e+02
1.818358281466041149e+02 2.273339169352422573e+02
1.829935510938447862e+02 2.276976512687459717e+02
1.841512740410854576e+02 2.280857127941653744e+02
1.853089969883261574e+02 2.285151599676959790e+02
1.864667199355668288e+02 2.289893799562579204e+02
1.876244428828075286e+02 2.295206240696190321e+02
1.887821658300482000e+02 2.300875369299419617e+02
1.899398887772888997e+02 2.306631940956645508e+02
1.910976117245295711e+02 2.312403015642848345e+02
1.922553346717702425e+02 2.318208087917600722e+02
1.934130576190109423e+02 2.324067740298535796e+02
1.945707805662516421e+02 2.329870857001461104e+02
1.957285035134923135e+02 2.335519296916147596e+02
1.968862264607329848e+02 2.340903916458269691e+02
1.980439494079736846e+02 2.346000070298057665e+02
1.992016723552143844e+02 2.350761640404405739e+02
2.003593953024550558e+02 2.355164861113701704e+02
2.015171182496957272e+02 2.359207755428353153e+02
2.026748411969364270e+02 2.362928659414096728e+02
2.038325641441771268e+02 2.366314649336079015e+02
2.049902870914177981e+02 2.369378508031356318e+02
2.061480100386584695e+02 2.372158233240113816e+02
2.073057329858991693e+02 2.374673801311414252e+02
2.084634559331398691e+02 2.376952551504490430e+02
2.096211788803805405e+02 2.379049230146720788e+02
2.107789018276212119e+02 2.380930739723670513e+02
2.119366247748619116e+02 2.382604825616011226e+02
2.130943477221026114e+02 2.384111384579403818e+02
2.142520706693432544e+02 2.385485556134682383e+02
2.154097936165839542e+02 2.386756123462552637e+02
2.165675165638246540e+02 2.387943457858730198e+02
2.177252395110653254e+02 2.389027705416633296e+02
2.188829624583059967e+02 2.389984410214655668e+02
2.200406854055466965e+02 2.390803767580777048e+02
2.211984083527873963e+02 2.391489332539830457e+02
2.223561313000280677e+02 2.392040196410710848e+02
2.235138542472687391e+02 2.392484470230739078e+02
2.246715771945094389e+02 2.392856409431958582e+02
2.258293001417501387e+02 2.393171302336073722e+02
2.269870230889908100e+02 2.393454185565855710e+02
2.281447460362314814e+02 2.393717686533046844e+02
2.293024689834721812e+02 2.394110877543371885e+02
2.304601919307128810e+02 2.394739004060244270e+02
2.316179148779535524e+02 2.395596373100702863e+02
2.327756378251942238e+02 2.396672704633071476e+02
2.339333607724349235e+02 2.397997855262948690e+02
2.350910837196756233e+02 2.399649134563779285e+02
2.362488066669162947e+02 2.401727780088372128e+02
2.374065296141569661e+02 2.404334927199947742e+02
2.385642525613976659e+02 2.407540412922218422e+02
2.397219755086383373e+02 2.411358916885223209e+02
2.408796984558790086e+02 2.415795539205677755e+02
2.420374214031197084e+02 2.420855608530035852e+02
2.431951443503604082e+02 2.426464429711378443e+02
2.443528672976010796e+02 2.432556003990605973e+02
2.455105902448417510e+02 2.439095123435429286e+02
2.466683131920824508e+02 2.445951608053066479e+02
2.478260361393231506e+02 2.453173082320211051e+02
2.489837590865638219e+02 2.460731175538748516e+02
2.501414820338044933e+02 2.468546819132652672e+02
2.512992049810451931e+02 2.476613647155102740e+02
2.524569279282858929e+02 2.484918544624530341e+02
2.536146508755265643e+02 2.493385896548653591e+02
2.547723738227672357e+02 2.501978849772519595e+02
2.559300967700079354e+02 2.510686471957586150e+02
2.570878197172486352e+02 2.519499621359294110e+02
2.582455426644893350e+02 2.528429437740401511e+02
2.594032656117299780e+02 2.537449598665958774e+02
2.605609885589706778e+02 2.546574405095773841e+02
2.617187115062113207e+02 2.555815432835816239e+02
2.628764344534520205e+02 2.565186709929913036e+02
2.640341574006927203e+02 2.574670012339066147e+02
2.651918803479334201e+02 2.584267804302142508e+02
2.663496032951741199e+02 2.593955902218455094e+02
2.675073262424148197e+02 2.603720020420688002e+02
2.686650491896554627e+02 2.613528862032287634e+02
2.698227721368961625e+02 2.623361878504373976e+02
2.709804950841368054e+02 2.633199763526787933e+02
2.721382180313775052e+02 2.643023955909815186e+02
2.732959409786182050e+02 2.652824826910604088e+02
2.744536639258589048e+02 2.662593465103349217e+02
2.756113868730996046e+02 2.672326555360318707e+02
2.767691098203402476e+02 2.682023545666343125e+02
2.779268327675809473e+02 2.691696820089657649e+02
2.790845557148215903e+02 2.701362183787879871e+02
2.802422786620622901e+02 2.711042377957407439e+02
2.814000016093029899e+02 2.720759020853911352e+02
2.825577245565436897e+02 2.730530549217460248e+02
2.837154475037843895e+02 2.740367851726189201e+02
2.848731704510250893e+02 2.750272016276987301e+02
2.860308933982657322e+02 2.760233447038580152e+02
2.871886163455064320e+02 2.770241866789231722e+02
2.883463392927470750e+02 2.780286022359716753e+02
2.895040622399877748e+02 2.790369489690904174e+02
2.906617851872284746e+02 2.800499535082370812e+02
2.918195081344691744e+02 2.810689631750054787e+02
2.929772310817098742e+02 2.820958949937127045e+02
2.941349540289505740e+02 2.831333017440468325e+02
2.952926769761912169e+02 2.841820749903184833e+02
2.964503999234319167e+02 2.852436670942396972e+02
2.976081228706725597e+02 2.863172033910996106e+02
2.987658458179132595e+02 2.873980236751006032e+02
2.999235687651539592e+02 2.884791911548777534e+02
3.010812917123946590e+02 2.895566584235500613e+02
3.022390146596353588e+02 2.906256361461422557e+02
3.033967376068760018e+02 2.916932595414925800e+02
3.045544605541167016e+02 2.927768992131017853e+02
3.057121835013573445e+02 2.938747658323969745e+02
3.068699064485980443e+02 2.949809760082620755e+02
3.080276293958387441e+02 2.960948888951095341e+02
3.091853523430794439e+02 2.972139548720410289e+02
3.103430752903201437e+02 2.983353137942990543e+02
3.115007982375608435e+02 2.994537758531570830e+02
3.126585211848014865e+02 3.005646500415045352e+02
3.138162441320421863e+02 3.016643042995152086e+02
3.149739670792828292e+02 3.027508496829301521e+02
3.161316900265235290e+02 3.038256526844379550e+02
3.172894129737642288e+02 3.048886080114295396e+02
3.184471359210049286e+02 3.059395281403928948e+02
3.196048588682456284e+02 3.069794135995749116e+02
3.207625818154863282e+02 3.080113770603483090e+02
3.219203047627269711e+02 3.090395739765176017e+02
3.230780277099676709e+02 3.100691474787759034e+02
3.242357506572083139e+02 3.110764111008924715e+02
3.253934736044490137e+02 3.120617382456790665e+02
3.265511965516897135e+02 3.130403114325710590e+02
3.277089194989304133e+02 3.140120669034660636e+02
3.288666424461711131e+02 3.149803902054716218e+02
3.300243653934117560e+02 3.159487135074771800e+02
3.311820883406524558e+02 3.169170368094827381e+02
3.323398112878930988e+02 3.178853601114882963e+02
3.334975342351337986e+02 3.188536834134938545e+02
3.346552571823744984e+02 3.198220067154994695e+02
3.358129801296151982e+02 3.207903300175049708e+02
3.369707030768558980e+02 3.217586533195105289e+02
3.381284260240965978e+02 3.227269766215161440e+02
3.392861489713372407e+02 3.236952999235216453e+02
3.404438719185779405e+02 3.246636232255272034e+02
3.416015948658185835e+02 3.256319465275328184e+02
3.427593178130592833e+02 3.266002698295383198e+02
3.439170407602999830e+02 3.275685931315439348e+02
3.450747637075406828e+02 3.285369164335494929e+02
3.462324866547813826e+02 3.295052397355550511e+02
3.473902096020220824e+02 3.304735630375606661e+02
3.485479325492627254e+02 3.314418863395661674e+02
3.497056554965034252e+02 3.324102096415717824e+02
3.508633784437440681e+02 3.333785329435772837e+02
3.520211013909847679e+02 3.343468562455828419e+02
3.531788243382254677e+02 3.353151795475884001e+02
3.543365472854661675e+02 3.362835028495940151e+02
3.554942702327068673e+02 3.372518261515995732e+02
3.566519931799475103e+02 3.382201494536051314e+02
3.578097161271882101e+02 3.391884727556106327e+02
