1.275086950846779530e+02 2.105074930468198602e+02
1.284550798039353481e+02 2.107982690481555323e+02
1.294014645231927716e+02 2.110890450494912045e+02
1.303478492424501667e+02 2.113798210508268767e+02
1.312942339617075618e+02 2.116705970521625488e+02
1.322406186809649853e+02 2.119613730534982210e+02
1.331870034002223804e+02 2.122521490548338647e+02
1.341333881194797755e+02 2.125429250561695369e+02
1.350797728387371990e+02 2.128337010575052091e+02
1.360261575579945941e+02 2.131244770588408528e+02
1.369725422772519892e+02 2.134152530601765534e+02
1.379189269965093843e+02 2.137060290615121971e+02
1.388653117157668078e+02 2.139968050628478977e+02
1.398116964350242029e+02 2.142875810641835415e+02
1.407580811542815979e+02 2.145783570655192136e+02
1.417044658735390215e+02 2.148691330668548858e+02
1.426508505927964165e+02 2.151599090681905295e+02
1.435972353120538116e+02 2.154506850695261733e+02
1.445436200313112352e+02 2.157414610708618738e+02
1.454900047505686302e+02 2.160322370721975460e+02
1.464363894698260253e+02 2.163230130735332182e+02
1.473827741890834204e+02 2.166137890748688619e+02
1.483291589083408439e+02 2.169045650762045057e+02
1.492755436275982390e+02 2.171953410775402062e+02
1.502219283468556341e+02 2.174861170788758500e+02
1.511683130661130576e+02 2.177768930802115221e+02
1.521146977853704527e+02 2.180676690815471943e+02
1.530610825046278478e+02 2.183584450828828381e+02
1.540074672238852713e+02 2.186492210842185386e+02
1.549538519431426664e+02 2.189399970855541824e+02
1.559002366624000615e+02 2.192307730868898545e+02
1.568466213816574850e+02 2.195215490882255551e+02
1.577930061009148801e+02 2.198260453730099471e+02
1.587393908201722752e+02 2.201530447114541857e+02
1.596857755394296987e+02 2.204552001580057095e+02
1.606321602586870938e+02 2.207447691183154177e+02
1.615785449779444889e+02 2.210220288385857543e+02
1.625249296972019124e+02 2.212944492175046207e+02
1.634713144164593075e+02 2.215657462069743815e+02
1.644176991357167026e+02 2.218358826373620047e+02
1.653640838549741261e+02 2.221060198363593372e+02
1.663104685742315212e+02 2.223777359345281752e+02
1.672568532934889163e+02 2.226537915944435042e+02
1.682032380127463398e+02 2.229346176366993859e+02
1.691496227320037349e+02 2.232271737051353284e+02
1.700960074512611300e+02 2.235286203840105941e+02
1.710423921705185535e+02 2.238440243255693076e+02
1.719887768897759486e+02 2.241659277132843044e+02
1.729351616090333437e+02 2.244981410498583330e+02
1.738815463282907388e+02 2.248333759117202817e+02
1.748279310475481338e+02 2.251721492936638640e+02
1.757743157668055574e+02 2.255149261645060506e+02
1.767207004860629525e+02 2.258572673913704705e+02
1.776670852053203475e+02 2.262047114745928411e+02
1.786134699245777711e+02 2.265533530163003775e+02
1.795598546438351661e+02 2.269080065744136050e+02
1.805062393630925612e+02 2.272671513964790222e+02
1.814526240823499847e+02 2.276277654319921453e+02
1.823990088016073798e+02 2.279882548057638587e+02
1.833453935208647749e+02 2.283486254173843406e+02
1.842917782401221984e+02 2.287195449669256675e+02
1.852381629593795935e+02 2.291131625238781453e+02
1.861845476786369886e+02 2.295343695710049019e+02
1.871309323978944121e+02 2.299735569945101190e+02
1.880773171171518072e+02 2.304415422660271702e+02
1.890237018364092023e+02 2.309237402812204891e+02
1.899700865556666258e+02 2.314215239404459794e+02
1.909164712749240209e+02 2.319257467682750473e+02
1.918628559941814160e+02 2.324223968023529210e+02
1.928092407134388395e+02 2.329122709030444014e+02
1.937556254326962346e+02 2.334005699954646786e+02
1.947020101519536297e+02 2.338789693307776361e+02
1.956483948712110532e+02 2.343464482834472165e+02
1.965947795904684483e+02 2.348082894893005346e+02
1.975411643097258434e+02 2.352542802556047832e+02
1.984875490289832669e+02 2.356869368992877298e+02
1.994339337482406620e+02 2.361055027666305364e+02
2.003803184674980571e+02 2.365054988799038540e+02
2.013267031867554806e+02 2.368814962957863202e+02
2.022730879060128473e+02 2.372316246237845121e+02
2.032194726252702708e+02 2.375566387926139384e+02
2.041658573445276943e+02 2.378543797638907620e+02
2.051122420637850610e+02 2.381349421952366754e+02
2.060586267830424845e+02 2.383952500005212869e+02
2.070050115022998796e+02 2.386463672406713101e+02
2.079513962215572747e+02 2.388826680362920172e+02
2.088977809408146982e+02 2.391008977452028432e+02
2.098441656600720933e+02 2.393042186606330120e+02
2.107905503793294884e+02 2.394938346794684492e+02
2.117369350985869119e+02 2.396761225589842752e+02
2.126833198178443070e+02 2.398465326078362239e+02
2.136297045371017020e+02 2.400071178955767834e+02
2.145760892563591256e+02 2.401525856091964499e+02
2.155224739756165206e+02 2.402885422421641124e+02
2.164688586948739157e+02 2.404114344832398444e+02
2.174152434141313393e+02 2.405253098910162919e+02
2.183616281333887343e+02 2.406306372069236375e+02
2.193080128526461294e+02 2.407261471275839995e+02
2.202543975719035529e+02 2.408153555638077989e+02
2.212007822911609480e+02 2.408963892393643960e+02
2.221471670104183431e+02 2.409711272913866651e+02
2.230935517296757666e+02 2.410426659778103158e+02
2.240399364489331617e+02 2.411073344189557019e+02
2.249863211681905568e+02 2.411637473982765414e+02
2.259327058874479803e+02 2.412129629631799048e+02
2.268790906067053754e+02 2.412568890898834297e+02
2.278254753259627705e+02 2.412991074642959006e+02
2.287718600452201940e+02 2.413407096393655991e+02
2.297182447644775891e+02 2.413854163042724963e+02
2.306646294837349842e+02 2.414441824908110732e+02
2.316110142029924077e+02 2.415289665733802735e+02
2.325573989222497744e+02 2.416457922614908966e+02
2.335037836415071979e+02 2.417938893317556506e+02
2.344501683607646214e+02 2.419684010646834622e+02
2.353965530800219881e+02 2.421676479565520310e+02
2.363429377992794116e+02 2.423846905159791163e+02
2.372893225185368067e+02 2.426132872353874461e+02
2.382357072377942018e+02 2.428486044908664212e+02
2.391820919570516253e+02 2.430947284946908553e+02
2.401284766763090204e+02 2.433606538717598937e+02
2.410748613955664155e+02 2.436563853690227575e+02
2.420212461148238390e+02 2.439882699795913368e+02
2.429676308340812341e+02 2.443575806905327852e+02
2.439140155533386292e+02 2.447613489949964105e+02
2.448604002725960527e+02 2.451972206260902567e+02
2.458067849918534478e+02 2.456610092149232969e+02
2.467531697111108429e+02 2.461512073058346743e+02
2.476995544303682664e+02 2.466600547411985360e+02
2.486459391496256615e+02 2.471905164152987595e+02
2.495923238688830565e+02 2.477523538714563074e+02
2.505387085881404801e+02 2.483326153345638261e+02
2.514850933073978752e+02 2.489256705684631470e+02
2.524314780266552702e+02 2.495382524885187934e+02
2.533778627459126938e+02 2.501583298461583240e+02
2.543242474651700888e+02 2.507833900386514756e+02
2.552706321844274839e+02 2.514157240516257730e+02
2.562170169036849074e+02 2.520583186213013107e+02
2.571634016229422741e+02 2.527159029450845082e+02
2.581097863421996976e+02 2.533899703014959641e+02
2.590561710614571211e+02 2.540827157334707067e+02
2.600025557807144878e+02 2.547944961029094770e+02
2.609489404999719113e+02 2.555200035407465862e+02
2.618953252192293348e+02 2.562476143952538905e+02
2.628417099384867015e+02 2.569726694954452455e+02
2.637880946577441250e+02 2.576953098943072860e+02
2.647344793770015485e+02 2.584147614844462737e+02
2.656808640962589152e+02 2.591285912571571544e+02
2.666272488155163387e+02 2.598374622476738978e+02
2.675736335347737622e+02 2.605395015228335183e+02
2.685200182540311289e+02 2.612329618879491591e+02
2.694664029732885524e+02 2.619188954601580690e+02
2.704127876925459759e+02 2.625983139632157304e+02
2.713591724118033426e+02 2.632717360151083881e+02
2.723055571310607661e+02 2.639395944956028188e+02
2.732519418503181896e+02 2.646037925283478671e+02
2.741983265695755563e+02 2.652655877320992772e+02
2.751447112888329798e+02 2.659255861024003025e+02
2.760910960080904033e+02 2.665852694476924398e+02
2.770374807273477700e+02 2.672448424072990747e+02
2.779838654466051935e+02 2.679056162320794101e+02
2.789302501658626170e+02 2.685684578205534763e+02
2.798766348851199837e+02 2.692334380120354353e+02
2.808230196043774072e+02 2.699011277931710424e+02
2.817694043236348307e+02 2.705708895269076493e+02
2.827157890428921974e+02 2.712423037774003660e+02
2.836621737621496209e+02 2.719146867697046446e+02
2.846085584814070444e+02 2.725866516568947873e+02
2.855549432006644111e+02 2.732589936868133691e+02
2.865013279199217777e+02 2.739310750073428835e+02
2.874477126391792581e+02 2.746034345215956591e+02
2.883940973584366247e+02 2.752777352855338222e+02
2.893404820776939914e+02 2.759676153402186856e+02
2.902868667969514718e+02 2.766582383009487671e+02
2.912332515162088384e+02 2.773488612616787350e+02
2.921796362354662051e+02 2.780394842224087597e+02
2.931260209547236855e+02 2.787301071831388981e+02
2.940724056739810521e+02 2.794207301438688091e+02
2.950187903932384188e+02 2.801113531045988339e+02
2.959651751124958992e+02 2.808019760653289154e+02
2.969115598317532658e+02 2.814925990260588833e+02
2.978579445510106325e+02 2.821832219867889080e+02
2.988043292702681129e+02 2.828738449475189327e+02
2.997507139895254795e+02 2.835644679082489574e+02
3.006970987087828462e+02 2.842550908689789821e+02
3.016434834280403265e+02 2.849457138297090069e+02
3.025898681472976932e+02 2.856363367904390316e+02
3.035362528665550599e+02 2.863269597511690563e+02
3.044826375858124834e+02 2.870175827118990810e+02
3.054290223050699069e+02 2.877082056726291057e+02
3.063754070243272736e+02 2.883988286333591304e+02
3.073217917435846971e+02 2.890894515940891552e+02
3.082681764628421206e+02 2.897800745548191799e+02
3.092145611820994873e+02 2.904706975155492046e+02
3.101609459013569108e+02 2.911613204762792293e+02
3.111073306206143343e+02 2.918519434370092540e+02
3.120537153398717010e+02 2.925425663977392219e+02
3.130001000591291245e+02 2.932331893584692466e+02
3.139464847783865480e+02 2.939238123191992713e+02
3.148928694976439147e+02 2.946144352799292960e+02
3.158392542169013382e+02 2.953050582406593207e+02
