1.261785008468260685e+02 2.094730280052474427e+02
1.271285624034215544e+02 2.097766969156821233e+02
1.280786239600170404e+02 2.100803658261168607e+02
1.290286855166125406e+02 2.103840347365515697e+02
1.299787470732080408e+02 2.106877036469862503e+02
1.309288086298035125e+02 2.109913725574209593e+02
1.318788701863990127e+02 2.112950414678556683e+02
1.328289317429945129e+02 2.115987103782903489e+02
1.337789932995899846e+02 2.119023792887250579e+02
1.347290548561854848e+02 2.122060481991597385e+02
1.356791164127809850e+02 2.125097171095944759e+02
1.366291779693764568e+02 2.128133860200291565e+02
1.375792395259719569e+02 2.131170549304638371e+02
1.385293010825674571e+02 2.134207238408985745e+02
1.394793626391629289e+02 2.137243927513332551e+02
1.404294241957584291e+02 2.140280616617679357e+02
1.413794857523539292e+02 2.143317305722026447e+02
1.423295473089494010e+02 2.146353994826373537e+02
1.432796088655449012e+02 2.149390683930720627e+02
1.442296704221404013e+02 2.152427373035067717e+02
1.451797319787359015e+02 2.155464062139414523e+02
1.461297935353313733e+02 2.158500751243761329e+02
1.470798550919268735e+02 2.161537440348108703e+02
1.480299166485223736e+02 2.164574129452455509e+02
1.489799782051178454e+02 2.167610818556802883e+02
1.499300397617133456e+02 2.170647507661149689e+02
1.508801013183088457e+02 2.173684196765496779e+02
1.518301628749043175e+02 2.176720885869843585e+02
1.527802244314998177e+02 2.179757574974190391e+02
1.537302859880953179e+02 2.182794264078537481e+02
1.546803475446907896e+02 2.185830953182884571e+02
1.556304091012862898e+02 2.188867642287231661e+02
1.565804706578817900e+02 2.191904331391578751e+02
1.575305322144772617e+02 2.195017229163353818e+02
1.584805937710727619e+02 2.198357574346233037e+02
1.594306553276682621e+02 2.201414865515463930e+02
1.603807168842637338e+02 2.204345376807522712e+02
1.613307784408592340e+02 2.207156405417032943e+02
1.622808399974547342e+02 2.209922541330304568e+02
1.632309015540502060e+02 2.212658322690895147e+02
1.641809631106457061e+02 2.215362974171002577e+02
1.651310246672412063e+02 2.218034711320940744e+02
1.660810862238366781e+02 2.220675390299522576e+02
1.670311477804321783e+02 2.223323123084377357e+02
1.679812093370276784e+02 2.226065653754458253e+02
1.689312708936231502e+02 2.228884910088035554e+02
1.698813324502186504e+02 2.231867164949287883e+02
1.708313940068141505e+02 2.234949176909815662e+02
1.717814555634096223e+02 2.238135196109790002e+02
1.727315171200051225e+02 2.241426098872625232e+02
1.736815786766006227e+02 2.244803258370653509e+02
1.746316402331960944e+02 2.248288352359939779e+02
1.755817017897915946e+02 2.251841855767499396e+02
1.765317633463870948e+02 2.255459086098550188e+02
1.774818249029825665e+02 2.259106225602374991e+02
1.784318864595780667e+02 2.262743696282097403e+02
1.793819480161735669e+02 2.266370978507098073e+02
1.803320095727690386e+02 2.269976012746305969e+02
1.812820711293645388e+02 2.273569515245296770e+02
1.822321326859600390e+02 2.277154290063909343e+02
1.831821942425555108e+02 2.280715788637034507e+02
1.841322557991510109e+02 2.284293159733313416e+02
1.850823173557465111e+02 2.288045651024518179e+02
1.860323789123419829e+02 2.292129251643926011e+02
1.869824404689374830e+02 2.296530763523518601e+02
1.879325020255329832e+02 2.301214265025512873e+02
1.888825635821284550e+02 2.306118982898189529e+02
1.898326251387239552e+02 2.311169247242848428e+02
1.907826866953194553e+02 2.316240094312981910e+02
1.917327482519149271e+02 2.321296526506591249e+02
1.926828098085104273e+02 2.326318877250797357e+02
1.936328713651059275e+02 2.331285315396581836e+02
1.945829329217013992e+02 2.336200738101583738e+02
1.955329944782968994e+02 2.341054999495112270e+02
1.964830560348923996e+02 2.345814692981914504e+02
1.974331175914878713e+02 2.350447211852240059e+02
1.983831791480833715e+02 2.354891550238743889e+02
1.993332407046788717e+02 2.359098247614661545e+02
2.002833022612743434e+02 2.363085064774182911e+02
2.012333638178698436e+02 2.366789240639153036e+02
2.021834253744653438e+02 2.370214282811894009e+02
2.031334869310608156e+02 2.373316454671198130e+02
2.040835484876563157e+02 2.376171642526323922e+02
2.050336100442518159e+02 2.378889410493937930e+02
2.059836716008472877e+02 2.381469030710387642e+02
2.069337331574427878e+02 2.383901756442341764e+02
2.078837947140382880e+02 2.386210402522952450e+02
2.088338562706337598e+02 2.388392603109136871e+02
2.097839178272292600e+02 2.390461020890190298e+02
2.107339793838247601e+02 2.392408314120770001e+02
2.116840409404202319e+02 2.394272095430688410e+02
2.126341024970157321e+02 2.396016207179095261e+02
2.135841640536112322e+02 2.397678818031574792e+02
2.145342256102067040e+02 2.399258846161781378e+02
2.154842871668022042e+02 2.400742331081689542e+02
2.164343487233977044e+02 2.402143449569739175e+02
2.173844102799931761e+02 2.403460802334322466e+02
2.183344718365886763e+02 2.404686290901915129e+02
2.192845333931841765e+02 2.405827449636267374e+02
2.202345949497796482e+02 2.406879339710403087e+02
2.211846565063751484e+02 2.407848058132934739e+02
2.221347180629706486e+02 2.408745701033746514e+02
2.230847796195661203e+02 2.409551094906036894e+02
2.240348411761616205e+02 2.410209589577731890e+02
2.249849027327571207e+02 2.410775113760064130e+02
2.259349642893525925e+02 2.411283129644859571e+02
2.268850258459480926e+02 2.411747740547760372e+02
2.278350874025435928e+02 2.412355405030514248e+02
2.287851489591390646e+02 2.413053301693110484e+02
2.297352105157345648e+02 2.413843952758838043e+02
2.306852720723300649e+02 2.414694353835360232e+02
2.316353336289255367e+02 2.415566875906463906e+02
2.325853951855210369e+02 2.416507071751562989e+02
2.335354567421165370e+02 2.417542191561907430e+02
2.344855182987120088e+02 2.418699512959448157e+02
2.354355798553075374e+02 2.419980991550129943e+02
2.363856414119030092e+02 2.421499884737571051e+02
2.373357029684984809e+02 2.423306279988667313e+02
2.382857645250940095e+02 2.425443501495452949e+02
2.392358260816894813e+02 2.427827000921532203e+02
2.401858876382849530e+02 2.430484347538138650e+02
2.411359491948804816e+02 2.433290168231395967e+02
2.420860107514759534e+02 2.436280631066675255e+02
2.430360723080714251e+02 2.439606524491507571e+02
2.439861338646669537e+02 2.443239193061182277e+02
2.449361954212624255e+02 2.447229089678799596e+02
2.458862569778578973e+02 2.451532540303371093e+02
2.468363185344534259e+02 2.456131582255139278e+02
2.477863800910488976e+02 2.460975785262069735e+02
2.487364416476443694e+02 2.466069742673975611e+02
2.496865032042398980e+02 2.471357217868080625e+02
2.506365647608353697e+02 2.476924552330116285e+02
2.515866263174308415e+02 2.482665426173087440e+02
2.525366878740263701e+02 2.488648102345117081e+02
2.534867494306218418e+02 2.494767114014185836e+02
2.544368109872173420e+02 2.501021064797822078e+02
2.553868725438128138e+02 2.507441820335125158e+02
2.563369341004083140e+02 2.514036395238215391e+02
2.572869956570037857e+02 2.520732923377587724e+02
2.582370572135993143e+02 2.527477101405333144e+02
2.591871187701947861e+02 2.534286087728667098e+02
2.601371803267902578e+02 2.541141459948739225e+02
2.610872418833857864e+02 2.548030642575381819e+02
2.620373034399812582e+02 2.554920233614037102e+02
2.629873649965767299e+02 2.561856213502115907e+02
2.639374265531722585e+02 2.568811154758161592e+02
2.648874881097677303e+02 2.575815123390095209e+02
2.658375496663632020e+02 2.582830547227498528e+02
2.667876112229587307e+02 2.589843992565805024e+02
2.677376727795542024e+02 2.596820236179377730e+02
2.686877343361496742e+02 2.603767807561675909e+02
2.696377958927452028e+02 2.610672584684431285e+02
2.705878574493406745e+02 2.617543936106773685e+02
2.715379190059361463e+02 2.624372589742493460e+02
2.724879805625316749e+02 2.631161536937639198e+02
2.734380421191271466e+02 2.637916902941444732e+02
2.743881036757226184e+02 2.644640830374819984e+02
2.753381652323181470e+02 2.651332797363397162e+02
2.762882267889136187e+02 2.658000681799489939e+02
2.772382883455090905e+02 2.664648365272155957e+02
2.781883499021046191e+02 2.671281717251838472e+02
2.791384114587000909e+02 2.677886042147453054e+02
2.800884730152955626e+02 2.684490367043067636e+02
2.810385345718910912e+02 2.691094691938683354e+02
2.819885961284865630e+02 2.697699016834297936e+02
2.829386576850820347e+02 2.704303341729912518e+02
2.838887192416775633e+02 2.710907666625527668e+02
2.848387807982730351e+02 2.717511991521142249e+02
2.857888423548685068e+02 2.724116316416757400e+02
2.867389039114640354e+02 2.730720641312372550e+02
2.876889654680595072e+02 2.737324966207987131e+02
2.886390270246549790e+02 2.743929291103601713e+02
2.895890885812505076e+02 2.750533615999216863e+02
2.905391501378459793e+02 2.757137940894831445e+02
2.914892116944414511e+02 2.763742265790446595e+02
2.924392732510369797e+02 2.770346590686061745e+02
2.933893348076324514e+02 2.776950915581676327e+02
2.943393963642279232e+02 2.783555240477290909e+02
2.952894579208234518e+02 2.790159565372906627e+02
2.962395194774189235e+02 2.796763890268521209e+02
2.971895810340143953e+02 2.803368215164135790e+02
2.981396425906099239e+02 2.809972540059750941e+02
2.990897041472053957e+02 2.816576864955365522e+02
3.000397657038008674e+02 2.823181189850980672e+02
3.009898272603963960e+02 2.829785514746595823e+02
3.019398888169918678e+02 2.836389839642210404e+02
3.028899503735873395e+02 2.842994164537824986e+02
3.038400119301828681e+02 2.849598489433440136e+02
3.047900734867783399e+02 2.856202814329054718e+02
3.057401350433738116e+02 2.862807139224669299e+02
3.066901965999693402e+02 2.869411464120285018e+02
3.076402581565648120e+02 2.876015789015899600e+02
3.085903197131602838e+02 2.882620113911514181e+02
3.095403812697558124e+02 2.889224438807129332e+02
3.104904428263512841e+02 2.895828763702743913e+02
3.114405043829467559e+02 2.902433088598358495e+02
3.123905659395422845e+02 2.909037413493974213e+02
3.133406274961377562e+02 2.915641738389588795e+02
3.142906890527332280e+02 2.922246063285203377e+02
3.152407506093287566e+02 2.928850388180818527e+02
