1.269418959841379717e+02 2.100942649912996103e+02
1.280142856593182614e+02 2.104325218376917803e+02
1.290866753344985227e+02 2.107707786840839219e+02
1.301590650096788124e+02 2.111090355304760919e+02
1.312314546848590737e+02 2.114472923768682620e+02
1.323038443600393634e+02 2.117855492232604320e+02
1.333762340352196247e+02 2.121238060696525736e+02
1.344486237103999144e+02 2.124620629160447152e+02
1.355210133855802042e+02 2.128003197624368852e+02
1.365934030607604655e+02 2.131385766088290552e+02
1.376657927359407552e+02 2.134768334552212536e+02
1.387381824111210165e+02 2.138150903016133952e+02
1.398105720863013062e+02 2.141533471480055368e+02
1.408829617614815959e+02 2.144916039943977069e+02
1.419553514366618572e+02 2.148298608407898769e+02
1.430277411118421469e+02 2.151681176871820469e+02
1.441001307870224082e+02 2.155063745335741601e+02
1.451725204622026979e+02 2.158446313799663301e+02
1.462449101373829876e+02 2.161828882263585285e+02
1.473172998125632489e+02 2.165211450727506701e+02
1.483896894877435386e+02 2.168594019191428401e+02
1.494620791629237999e+02 2.171976587655350102e+02
1.505344688381040896e+02 2.175359156119271233e+02
1.516068585132843509e+02 2.178741724583193218e+02
1.526792481884646406e+02 2.182124293047114918e+02
1.537516378636449303e+02 2.185506861511036334e+02
1.548240275388251916e+02 2.189142383010963613e+02
1.558964172140054814e+02 2.192973991738630843e+02
1.569688068891857426e+02 2.196463525512369870e+02
1.580411965643660324e+02 2.199767091604688858e+02
1.591135862395462937e+02 2.202909105204286675e+02
1.601859759147265834e+02 2.205998649106827543e+02
1.612583655899068731e+02 2.209044921498290250e+02
1.623307552650871344e+02 2.212069031625337630e+02
1.634031449402674241e+02 2.215081566164913056e+02
1.644755346154477138e+02 2.218082924893731729e+02
1.655479242906279751e+02 2.221067034119487289e+02
1.666203139658082648e+02 2.224019125321725028e+02
1.676927036409885261e+02 2.226974152840681995e+02
1.687650933161688158e+02 2.229999338580365418e+02
1.698374829913490771e+02 2.233083429853215875e+02
1.709098726665293668e+02 2.236268025595821882e+02
1.719822623417096565e+02 2.239563435134213023e+02
1.730546520168899178e+02 2.242911126919913158e+02
1.741270416920702075e+02 2.246341739758068456e+02
1.751994313672504688e+02 2.249852788303453792e+02
1.762718210424307586e+02 2.253414371805509973e+02
1.773442107176110198e+02 2.257005171423678291e+02
1.784166003927913096e+02 2.260629270729898508e+02
1.794889900679715993e+02 2.264246470087184662e+02
1.805613797431518606e+02 2.267863841161154710e+02
1.816337694183321503e+02 2.271643476100083774e+02
1.827061590935124400e+02 2.275734947992856405e+02
1.837785487686927013e+02 2.280181399916480132e+02
1.848509384438729910e+02 2.285071814553073182e+02
1.859233281190532523e+02 2.290350434921712122e+02
1.869957177942335420e+02 2.295921506428828422e+02
1.880681074694138033e+02 2.301627095011591848e+02
1.891404971445940930e+02 2.307413465792441229e+02
1.902128868197743827e+02 2.313292193062006845e+02
1.912852764949546440e+02 2.319161746779365672e+02
1.923576661701349053e+02 2.324982741606598893e+02
1.934300558453152235e+02 2.330702181436921023e+02
1.945024455204954847e+02 2.336286284602672367e+02
1.955748351956757460e+02 2.341693143998316771e+02
1.966472248708560357e+02 2.346812438492719366e+02
1.977196145460363255e+02 2.351585049450581266e+02
1.987920042212165868e+02 2.355978098267619600e+02
1.998643938963968765e+02 2.359962881029517234e+02
2.009367835715771662e+02 2.363558353792195135e+02
2.020091732467574275e+02 2.366800875982317507e+02
2.030815629219376888e+02 2.369783319278429303e+02
2.041539525971179785e+02 2.372544983815727448e+02
2.052263422722982682e+02 2.375133724153308776e+02
2.062987319474785295e+02 2.377533128416874888e+02
2.073711216226588192e+02 2.379793834155427135e+02
2.084435112978391089e+02 2.381878441277942500e+02
2.095159009730193702e+02 2.383798251999102433e+02
2.105882906481996315e+02 2.385533971074138435e+02
2.116606803233799496e+02 2.387071544932942402e+02
2.127330699985602109e+02 2.388511286453000650e+02
2.138054596737404722e+02 2.389849390229129256e+02
2.148778493489207619e+02 2.391082079757478027e+02
2.159502390241010517e+02 2.392240037005453814e+02
2.170226286992813129e+02 2.393301821013744473e+02
2.180950183744616027e+02 2.394302231461819872e+02
2.191674080496418924e+02 2.395233727526710368e+02
2.202397977248221537e+02 2.396112755932474272e+02
2.213121874000024150e+02 2.396934756646993492e+02
2.223845770751827047e+02 2.397713779576139359e+02
2.234569667503629944e+02 2.398456140000800190e+02
2.245293564255432557e+02 2.399154515261258496e+02
2.256017461007235454e+02 2.399778399549596770e+02
2.266741357759038351e+02 2.400374139853038855e+02
2.277465254510840964e+02 2.401035919092799418e+02
2.288189151262643577e+02 2.401807649692357529e+02
2.298913048014446474e+02 2.402662285991674480e+02
2.309636944766249371e+02 2.403590350652162613e+02
2.320360841518051984e+02 2.404646847519618689e+02
2.331084738269854881e+02 2.406007194656110357e+02
2.341808635021657778e+02 2.407820908858373627e+02
2.352532531773460391e+02 2.410148076435006601e+02
2.363256428525263289e+02 2.412935827066477543e+02
2.373980325277066186e+02 2.416185937037101041e+02
2.384704222028868799e+02 2.419840167591743523e+02
2.395428118780671412e+02 2.423889050348284968e+02
2.406152015532474309e+02 2.428310548872905770e+02
2.416875912284277206e+02 2.433064773580681219e+02
2.427599809036079819e+02 2.438093765778264981e+02
2.438323705787882716e+02 2.443373729320626637e+02
2.449047602539685613e+02 2.448864485498917816e+02
2.459771499291488226e+02 2.454539278897520944e+02
2.470495396043290839e+02 2.460453594780973390e+02
2.481219292795093736e+02 2.466734570586967266e+02
2.491943189546896633e+02 2.473345171440390686e+02
2.502667086298699246e+02 2.480200974549025261e+02
2.513390983050502143e+02 2.487282935038329299e+02
2.524114879802305040e+02 2.494602804890716357e+02
2.534838776554107653e+02 2.502076984115539062e+02
2.545562673305910266e+02 2.509674392298584849e+02
2.556286570057713163e+02 2.517343342529997585e+02
2.567010466809516060e+02 2.525113977851103186e+02
2.577734363561318673e+02 2.533011507901571235e+02
2.588458260313121855e+02 2.541036245546816303e+02
2.599182157064924468e+02 2.549200582392179513e+02
2.609906053816727081e+02 2.557515514392510738e+02
2.620629950568529694e+02 2.565967174073471710e+02
2.631353847320332306e+02 2.574558758383291206e+02
2.642077744072135488e+02 2.583280235418762913e+02
2.652801640823938669e+02 2.592132131077226518e+02
2.663525537575741282e+02 2.601105842273582311e+02
2.674249434327543895e+02 2.610172207551411248e+02
2.684973331079346508e+02 2.619326352290246973e+02
2.695697227831149121e+02 2.628548582638067046e+02
2.706421124582952302e+02 2.637813853242168420e+02
2.717145021334754915e+02 2.647088196263810573e+02
2.727868918086558097e+02 2.656343221122107821e+02
2.738592814838360709e+02 2.665572719241507684e+02
2.749316711590163322e+02 2.674781396037133163e+02
2.760040608341965935e+02 2.683984066948400482e+02
2.770764505093768548e+02 2.693178443696524482e+02
2.781488401845571730e+02 2.702371304629365341e+02
2.792212298597374343e+02 2.711559439673812903e+02
2.802936195349177524e+02 2.720757127436633027e+02
2.813660092100980137e+02 2.729978735985472440e+02
2.824383988852782750e+02 2.739258083001167279e+02
2.835107885604585363e+02 2.748621953203162320e+02
2.845831782356387976e+02 2.758096276744437318e+02
2.856555679108191157e+02 2.767668987011508079e+02
2.867279575859993770e+02 2.777296041811609371e+02
2.878003472611796951e+02 2.786908907917643319e+02
2.888727369363599564e+02 2.796448446803393040e+02
2.899451266115402177e+02 2.805858247033519319e+02
2.910175162867204790e+02 2.815097087854698543e+02
2.920899059619007403e+02 2.824127247598028703e+02
2.931622956370810584e+02 2.832949405800171689e+02
2.942346853122613197e+02 2.841587500009203495e+02
2.953070749874416379e+02 2.850095759787832890e+02
2.963794646626218992e+02 2.858517203649611247e+02
2.974518543378021604e+02 2.866901812524905608e+02
2.985242440129824217e+02 2.875280491204553073e+02
2.995966336881626830e+02 2.883710355371916876e+02
3.006690233633430012e+02 2.892250679196307033e+02
3.017414130385233193e+02 2.900911821419623493e+02
3.028138027137035806e+02 2.909669642644072951e+02
3.038861923888838419e+02 2.918479695018134521e+02
3.049585820640641032e+02 2.927318530914992039e+02
3.060309717392443645e+02 2.936189496773256451e+02
3.071033614144246258e+02 2.945103784834174121e+02
3.081757510896049439e+02 2.954080720493399213e+02
3.092481407647852620e+02 2.963137449965355472e+02
3.103205304399655233e+02 2.972299330914139546e+02
3.113929201151457846e+02 2.981556525348583477e+02
3.124653097903260459e+02 2.990898581188640719e+02
3.135376994655063072e+02 3.000240637028697392e+02
3.146100891406866253e+02 3.009582692868755771e+02
3.156824788158668866e+02 3.018924748708813013e+02
3.167548684910472048e+02 3.028266804548870255e+02
3.178272581662274661e+02 3.037608860388927496e+02
3.188996478414077274e+02 3.046950916228984738e+02
3.199720375165879886e+02 3.056292972069041980e+02
3.210444271917682499e+02 3.065635027909098653e+02
3.221168168669485681e+02 3.074977083749156463e+02
3.231892065421288294e+02 3.084319139589214274e+02
3.242615962173091475e+02 3.093661195429271515e+02
3.253339858924894088e+02 3.103003251269328757e+02
3.264063755676696701e+02 3.112345307109385431e+02
3.274787652428499314e+02 3.121687362949443241e+02
3.285511549180301927e+02 3.131029418789500482e+02
3.296235445932105108e+02 3.140371474629557724e+02
3.306959342683907721e+02 3.149713530469614966e+02
3.317683239435710902e+02 3.159055586309672776e+02
3.328407136187513515e+02 3.168397642149730018e+02
3.339131032939316128e+02 3.177739697989787260e+02
3.349854929691118741e+02 3.187081753829844502e+02
3.360578826442921354e+02 3.196423809669901743e+02
3.371302723194724535e+02 3.205765865509958985e+02
3.382026619946527148e+02 3.215107921350016227e+02
3.392750516698330330e+02 3.224449977190074605e+02
3.403474413450132943e+02 3.233792033030131279e+02
