1.261787199169699818e+02 2.103108106959064685e+02
1.272765620315129667e+02 2.106557523805119843e+02
1.283744041460559515e+02 2.110006940651174716e+02
1.294722462605989222e+02 2.113456357497229874e+02
1.305700883751418928e+02 2.116905774343284747e+02
1.316679304896848635e+02 2.120355191189339621e+02
1.327657726042278625e+02 2.123804608035395063e+02
1.338636147187708332e+02 2.127254024881449936e+02
1.349614568333138038e+02 2.130703441727505378e+02
1.360592989478567745e+02 2.134152858573560252e+02
1.371571410623997735e+02 2.137602275419615410e+02
1.382549831769427442e+02 2.141051692265670567e+02
1.393528252914857148e+02 2.144501109111724872e+02
1.404506674060287139e+02 2.147950525957780314e+02
1.415485095205716846e+02 2.151399942803835472e+02
1.426463516351146552e+02 2.154849359649890346e+02
1.437441937496576259e+02 2.158298776495945503e+02
1.448420358642006249e+02 2.161748193342000945e+02
1.459398779787435956e+02 2.165197610188055819e+02
1.470377200932865662e+02 2.168647027034110693e+02
1.481355622078295369e+02 2.172096443880165566e+02
1.492334043223725359e+02 2.175545860726221008e+02
1.503312464369155066e+02 2.178995277572275882e+02
1.514290885514584772e+02 2.182444694418330755e+02
1.525269306660014763e+02 2.185894111264386197e+02
1.536247727805444470e+02 2.189343528110441071e+02
1.547226148950874176e+02 2.192792944956496228e+02
1.558204570096303883e+02 2.196242361802551102e+02
1.569182991241733873e+02 2.199790599145219403e+02
1.580161412387163580e+02 2.203697125806549479e+02
1.591139833532593286e+02 2.207223219941804189e+02
1.602118254678023277e+02 2.210414388777976455e+02
1.613096675823452983e+02 2.213442777524839755e+02
1.624075096968882690e+02 2.216341069041210972e+02
1.635053518114312396e+02 2.219181794161370078e+02
1.646031939259742103e+02 2.221978060936543784e+02
1.657010360405172094e+02 2.224732134165937509e+02
1.667988781550601800e+02 2.227526690640727907e+02
1.678967202696031791e+02 2.230376502706712074e+02
1.689945623841461497e+02 2.233318466971306009e+02
1.700924044986891204e+02 2.236338570389355027e+02
1.711902466132320910e+02 2.239458828401537858e+02
1.722880887277750617e+02 2.242650393571598784e+02
1.733859308423180607e+02 2.245923586175564139e+02
1.744837729568610314e+02 2.249278879100107815e+02
1.755816150714040020e+02 2.252707283482549201e+02
1.766794571859470011e+02 2.256193021268702523e+02
1.777772993004899718e+02 2.259724154783629615e+02
1.788751414150329424e+02 2.263277815753429252e+02
1.799729835295759131e+02 2.266822590632824870e+02
1.810708256441189121e+02 2.270349249052707705e+02
1.821686677586618828e+02 2.273855740089833830e+02
1.832665098732048534e+02 2.277356398205169512e+02
1.843643519877478525e+02 2.281023076109489409e+02
1.854621941022908231e+02 2.285080075433223215e+02
1.865600362168337938e+02 2.289630958689807301e+02
1.876578783313767644e+02 2.294693450452342631e+02
1.887557204459197351e+02 2.300130464132499810e+02
1.898535625604627342e+02 2.305894958858318944e+02
1.909514046750057048e+02 2.311755055279996895e+02
1.920492467895487039e+02 2.317584377779663782e+02
1.931470889040916745e+02 2.323402059787287044e+02
1.942449310186346452e+02 2.329249170430543927e+02
1.953427731331776158e+02 2.335045646575100591e+02
1.964406152477205865e+02 2.340671063906815448e+02
1.975384573622635855e+02 2.346031461940780503e+02
1.986362994768065562e+02 2.351035279619255220e+02
1.997341415913495553e+02 2.355659268059904434e+02
2.008319837058925259e+02 2.359918682691386778e+02
2.019298258204354966e+02 2.363832764512561653e+02
2.030276679349784672e+02 2.367441835915990396e+02
2.041255100495214378e+02 2.370826055475126850e+02
2.052233521640644085e+02 2.374068311947762027e+02
2.063211942786074076e+02 2.377148871351948003e+02
2.074190363931503782e+02 2.380057944297055599e+02
2.085168785076933773e+02 2.382803353636500674e+02
2.096147206222363479e+02 2.385364298339622167e+02
2.107125627367793186e+02 2.387720787658998347e+02
2.118104048513222892e+02 2.389838813468834928e+02
2.129082469658652599e+02 2.391692011322733720e+02
2.140060890804082590e+02 2.393317418517360124e+02
2.151039311949512296e+02 2.394724718356239919e+02
2.162017733094942287e+02 2.395950925070119979e+02
2.172996154240371993e+02 2.397030844104323251e+02
2.183974575385801700e+02 2.398040082504931547e+02
2.194952996531231406e+02 2.398983147263620879e+02
2.205931417676661113e+02 2.399855552626951010e+02
2.216909838822091103e+02 2.400649107650396559e+02
2.227888259967520810e+02 2.401358519280510677e+02
2.238866681112950801e+02 2.401978744489559006e+02
2.249845102258380507e+02 2.402500927122224823e+02
2.260823523403810213e+02 2.402929694427264735e+02
2.271801944549239920e+02 2.403284269487118081e+02
2.282780365694669626e+02 2.403603442154530683e+02
2.293758786840099333e+02 2.403922703004728874e+02
2.304737207985529324e+02 2.404288280529902124e+02
2.315715629130959030e+02 2.405029696603101002e+02
2.326694050276389021e+02 2.406300730715718714e+02
2.337672471421818727e+02 2.408102308864748125e+02
2.348650892567248434e+02 2.410316961301821834e+02
2.359629313712678140e+02 2.412915008991002139e+02
2.370607734858107847e+02 2.415883646534525724e+02
2.381586156003537837e+02 2.419172711610364388e+02
2.392564577148967544e+02 2.422874898323095749e+02
2.403542998294397535e+02 2.426945085501072299e+02
2.414521419439827241e+02 2.431452867717662230e+02
2.425499840585256948e+02 2.436405634063974048e+02
2.436478261730686654e+02 2.441760819704167886e+02
2.447456682876116361e+02 2.447432589944632468e+02
2.458435104021546351e+02 2.453416696633395304e+02
2.469413525166976058e+02 2.459644505163864210e+02
2.480391946312406048e+02 2.466091475267090516e+02
2.491370367457835755e+02 2.472760642705818555e+02
2.502348788603265461e+02 2.479627631745246106e+02
2.513327209748695168e+02 2.486609700036158870e+02
2.524305630894124874e+02 2.493711244026948179e+02
2.535284052039554581e+02 2.500945429240578051e+02
2.546262473184984572e+02 2.508352881835758126e+02
2.557240894330414278e+02 2.515955422954632184e+02
2.568219315475844269e+02 2.523684561973222458e+02
2.579197736621273975e+02 2.531540462684160104e+02
2.590176157766703682e+02 2.539557514412650505e+02
2.601154578912133388e+02 2.547770547442829638e+02
2.612133000057563095e+02 2.556205941997802711e+02
2.623111421202993370e+02 2.564846548706090630e+02
2.634089842348422508e+02 2.573669638174570196e+02
2.645068263493852783e+02 2.582605789117662312e+02
2.656046684639282489e+02 2.591620586987402248e+02
2.667025105784712196e+02 2.600675060840046058e+02
2.678003526930141902e+02 2.609747004110933517e+02
2.688981948075571609e+02 2.618825447932379120e+02
2.699960369221001883e+02 2.627905518127217306e+02
2.710938790366431022e+02 2.636982374515774836e+02
2.721917211511861296e+02 2.646051120086704032e+02
2.732895632657291003e+02 2.655104548801870692e+02
2.743874053802720709e+02 2.664133467060329394e+02
2.754852474948150416e+02 2.673131370083872298e+02
2.765830896093580122e+02 2.682095633546337012e+02
2.776809317239010397e+02 2.691033656346986618e+02
2.787787738384439535e+02 2.699955918511858499e+02
2.798766159529869810e+02 2.708872216887248214e+02
2.809744580675299517e+02 2.717780121983337267e+02
2.820723001820729223e+02 2.726679519741686022e+02
2.831701422966158930e+02 2.735568164042138051e+02
2.842679844111588636e+02 2.744445135527169555e+02
2.853658265257018911e+02 2.753311129712772640e+02
2.864636686402448049e+02 2.762170297134211410e+02
2.875615107547878324e+02 2.771031982767867134e+02
2.886593528693307462e+02 2.779915241000710466e+02
2.897571949838737737e+02 2.788837227361442501e+02
2.908550370984167444e+02 2.797803278765317714e+02
2.919528792129597150e+02 2.806803300532121739e+02
2.930507213275027425e+02 2.815807122999418652e+02
2.941485634420456563e+02 2.824770296745785458e+02
2.952464055565886838e+02 2.833657456460703656e+02
2.963442476711315976e+02 2.842488716429886608e+02
2.974420897856746251e+02 2.851417489774015621e+02
2.985399319002175957e+02 2.860507746500298936e+02
2.996377740147605664e+02 2.869776500862053012e+02
3.007356161293035370e+02 2.879217658576840222e+02
3.018334582438465077e+02 2.888820578272033117e+02
3.029313003583895352e+02 2.898575440810586201e+02
3.040291424729324490e+02 2.908455435082775580e+02
3.051269845874754765e+02 2.918429819189296381e+02
3.062248267020184471e+02 2.928471066013331665e+02
3.073226688165614178e+02 2.938569681619695757e+02
3.084205109311043884e+02 2.948729934274961693e+02
3.095183530456473591e+02 2.958970210275815020e+02
3.106161951601903866e+02 2.969303736558854894e+02
3.117140372747333004e+02 2.979754679669433131e+02
3.128118793892763279e+02 2.990348434189999125e+02
3.139097215038192985e+02 3.001118631539571879e+02
3.150075636183622692e+02 3.011954147657742169e+02
3.161054057329052398e+02 3.022869845575310705e+02
3.172032478474482105e+02 3.033893552874765192e+02
3.183010899619912379e+02 3.044917260174219109e+02
3.193989320765341517e+02 3.055940967473673027e+02
3.204967741910771792e+02 3.066964674773127513e+02
3.215946163056201499e+02 3.077988382072581430e+02
3.226924584201631205e+02 3.089012089372035916e+02
3.237903005347060912e+02 3.100035796671489834e+02
3.248881426492490618e+02 3.111059503970943751e+02
3.259859847637920893e+02 3.122083211270398806e+02
3.270838268783350031e+02 3.133106918569851587e+02
3.281816689928780306e+02 3.144130625869307210e+02
3.292795111074210013e+02 3.155154333168760559e+02
3.303773532219639719e+02 3.166178040468215045e+02
3.314751953365069426e+02 3.177201747767668962e+02
3.325730374510499132e+02 3.188225455067122880e+02
3.336708795655929407e+02 3.199249162366577934e+02
3.347687216801358545e+02 3.210272869666031283e+02
3.358665637946788820e+02 3.221296576965485770e+02
3.369644059092217958e+02 3.232320284264939119e+02
3.380622480237648233e+02 3.243343991564394173e+02
3.391600901383077939e+02 3.254367698863848091e+02
3.402579322528507646e+02 3.265391406163302008e+02
3.413557743673937921e+02 3.276415113462757063e+02
3.424536164819367059e+02 3.287438820762210412e+02
3.435514585964797334e+02 3.298462528061664898e+02
3.446493007110227040e+02 3.309486235361118815e+02
