1.264210548464563431e+02 2.095088460773549173e+02
1.273984109986609781e+02 2.098248089268594185e+02
1.283757671508656131e+02 2.101407717763639198e+02
1.293531233030702765e+02 2.104567346258684211e+02
1.303304794552749115e+02 2.107726974753729223e+02
1.313078356074795465e+02 2.110886603248773952e+02
1.322851917596841815e+02 2.114046231743819249e+02
1.332625479118888450e+02 2.117205860238864261e+02
1.342399040640934800e+02 2.120365488733909274e+02
1.352172602162981150e+02 2.123525117228954286e+02
1.361946163685027500e+02 2.126684745723999299e+02
1.371719725207074134e+02 2.129844374219044312e+02
1.381493286729120484e+02 2.133004002714089040e+02
1.391266848251166834e+02 2.136163631209134053e+02
1.401040409773213185e+02 2.139323259704178781e+02
1.410813971295259819e+02 2.142482888199224078e+02
1.420587532817306169e+02 2.145642516694268807e+02
1.430361094339352519e+02 2.148802145189314103e+02
1.440134655861398869e+02 2.151961773684358832e+02
1.449908217383445503e+02 2.155121402179404413e+02
1.459681778905491853e+02 2.158281030674448857e+02
1.469455340427538204e+02 2.161440659169494154e+02
1.479228901949584554e+02 2.164600287664538882e+02
1.489002463471631188e+02 2.167759916159584179e+02
1.498776024993677538e+02 2.170919544654628908e+02
1.508549586515723888e+02 2.174079173149673920e+02
1.518323148037770238e+02 2.177238801644718933e+02
1.528096709559816873e+02 2.180398430139763946e+02
1.537870271081863223e+02 2.183558058634808958e+02
1.547643832603909573e+02 2.186717687129853687e+02
1.557417394125955923e+02 2.189877315624898699e+02
1.567190955648002557e+02 2.193036944119943712e+02
1.576964517170048907e+02 2.196196572614988725e+02
1.586738078692095257e+02 2.199515905185643874e+02
1.596511640214141607e+02 2.202699513296406053e+02
1.606285201736188242e+02 2.205757874534427287e+02
1.616058763258234592e+02 2.208718759743777298e+02
1.625832324780280942e+02 2.211658976537586909e+02
1.635605886302327292e+02 2.214574823062289965e+02
1.645379447824373642e+02 2.217465697000842511e+02
1.655153009346420276e+02 2.220329185822088220e+02
1.664926570868466627e+02 2.223165211868505935e+02
1.674700132390512977e+02 2.226014741561218955e+02
1.684473693912559611e+02 2.228905512466437528e+02
1.694247255434605961e+02 2.231902544449191055e+02
1.704020816956652311e+02 2.234998899156831556e+02
1.713794378478698661e+02 2.238247129247410214e+02
1.723567940000745011e+02 2.241589729018688786e+02
1.733341501522791646e+02 2.244963579525774833e+02
1.743115063044837996e+02 2.248396219554382469e+02
1.752888624566884346e+02 2.251839769344527440e+02
1.762662186088930980e+02 2.255302403026615252e+02
1.772435747610977330e+02 2.258780414770155858e+02
1.782209309133023680e+02 2.262243658639675914e+02
1.791982870655070030e+02 2.265718672016635367e+02
1.801756432177116380e+02 2.269188828341499118e+02
1.811529993699163015e+02 2.272644306684920252e+02
1.821303555221209365e+02 2.276090101001169614e+02
1.831077116743255715e+02 2.279524319656979401e+02
1.840850678265302349e+02 2.283154201852113943e+02
1.850624239787348699e+02 2.287013616283513784e+02
1.860397801309395049e+02 2.291206232263661491e+02
1.870171362831441400e+02 2.295734025209574725e+02
1.879944924353487750e+02 2.300597508997897762e+02
1.889718485875534384e+02 2.305808903645279884e+02
1.899492047397580734e+02 2.311168329674791266e+02
1.909265608919627084e+02 2.316576856748979480e+02
1.919039170441673718e+02 2.321989804296043758e+02
1.928812731963719784e+02 2.327396529894214723e+02
1.938586293485766419e+02 2.332750929253842571e+02
1.948359855007812769e+02 2.338072396601488663e+02
1.958133416529859119e+02 2.343292002115889829e+02
1.967906978051905753e+02 2.348399035344547201e+02
1.977680539573952103e+02 2.353278366629237155e+02
1.987454101095998453e+02 2.357918347445920517e+02
1.997227662618045088e+02 2.362232466841200278e+02
2.007001224140091153e+02 2.366203539338771975e+02
2.016774785662137788e+02 2.369841729189290902e+02
2.026548347184184138e+02 2.373179175227403732e+02
2.036321908706230488e+02 2.376289491580915296e+02
2.046095470228277122e+02 2.379197054469156001e+02
2.055869031750323472e+02 2.381953028859894914e+02
2.065642593272369822e+02 2.384606078350954874e+02
2.075416154794416457e+02 2.387143014836387920e+02
2.085189716316462523e+02 2.389573229866821862e+02
2.094963277838509157e+02 2.391877356873668532e+02
2.104736839360555507e+02 2.394053438374132270e+02
2.114510400882601857e+02 2.396070829497691079e+02
2.124283962404648491e+02 2.397930013419605189e+02
2.134057523926694842e+02 2.399612254746218127e+02
2.143831085448741192e+02 2.401179049784199719e+02
2.153604646970787826e+02 2.402625362945038887e+02
2.163378208492833892e+02 2.403929770682738649e+02
2.173151770014880526e+02 2.405139768594684710e+02
2.182925331536926876e+02 2.406249458842337958e+02
2.192698893058973226e+02 2.407279162219234649e+02
2.202472454581019861e+02 2.408258506525409075e+02
2.212246016103066211e+02 2.409166115360912670e+02
2.222019577625112561e+02 2.410030804043558419e+02
2.231793139147159195e+02 2.410828217203546160e+02
2.241566700669205261e+02 2.411589045237541313e+02
2.251340262191251895e+02 2.412298617428530179e+02
2.261113823713298245e+02 2.412961099356963359e+02
2.270887385235344595e+02 2.413550774787508431e+02
2.280660946757391230e+02 2.414066232302897674e+02
2.290434508279437580e+02 2.414493372980536492e+02
2.300208069801483930e+02 2.414945635213770743e+02
2.309981631323530564e+02 2.415763510149092497e+02
2.319755192845576630e+02 2.417013021677853715e+02
2.329528754367623264e+02 2.418586037512158100e+02
2.339302315889669615e+02 2.420467019061786971e+02
2.349075877411715965e+02 2.422634471936103182e+02
2.358849438933762599e+02 2.424998414853219515e+02
2.368623000455808949e+02 2.427577177306607155e+02
2.378396561977855299e+02 2.430344440641701738e+02
2.388170123499901933e+02 2.433334711982055296e+02
2.397943685021947999e+02 2.436559983072510818e+02
2.407717246543994634e+02 2.440023894405770761e+02
2.417490808066040984e+02 2.443764900785889722e+02
2.427264369588087334e+02 2.447767833406221882e+02
2.437037931110133968e+02 2.452050068074055389e+02
2.446811492632180318e+02 2.456520727453036557e+02
2.456585054154226668e+02 2.461132439576148556e+02
2.466358615676273303e+02 2.465829361170705170e+02
2.476132177198319368e+02 2.470636563430492743e+02
2.485905738720366003e+02 2.475579743445618988e+02
2.495679300242412353e+02 2.480767320913710421e+02
2.505452861764458703e+02 2.486160290258264354e+02
2.515226423286505337e+02 2.491704547341279294e+02
2.524999984808551403e+02 2.497401938514814788e+02
2.534773546330598037e+02 2.503297637038415644e+02
2.544547107852644388e+02 2.509414242352405608e+02
2.554320669374690738e+02 2.515779462575414414e+02
2.564094230896737372e+02 2.522262458763957795e+02
2.573867792418783438e+02 2.528831324045358997e+02
2.583641353940830072e+02 2.535506496410795592e+02
2.593414915462876706e+02 2.542294497815300929e+02
2.603188476984922772e+02 2.549198580835895598e+02
2.612962038506969407e+02 2.556212067385000068e+02
2.622735600029016041e+02 2.563312611377600092e+02
2.632509161551062107e+02 2.570500596071609607e+02
2.642282723073108741e+02 2.577763904038098985e+02
2.652056284595155375e+02 2.585084086003436710e+02
2.661829846117201441e+02 2.592442682390899904e+02
2.671603407639247507e+02 2.599829278982181791e+02
2.681376969161294710e+02 2.607224951390431329e+02
2.691150530683340776e+02 2.614623351020533164e+02
2.700924092205386842e+02 2.622014368073944866e+02
2.710697653727433476e+02 2.629401785071782456e+02
2.720471215249480110e+02 2.636774802006893310e+02
2.730244776771526176e+02 2.644134917978782369e+02
2.740018338293572810e+02 2.651464105230721771e+02
2.749791899815619445e+02 2.658761615211767548e+02
2.759565461337665511e+02 2.666032930656658664e+02
2.769339022859712145e+02 2.673286470361405804e+02
2.779112584381758779e+02 2.680542606588610397e+02
2.788886145903804845e+02 2.687817054997976811e+02
2.798659707425851479e+02 2.695121809546288887e+02
2.808433268947898114e+02 2.702462495501764579e+02
2.818206830469944180e+02 2.709845965189791741e+02
2.827980391991990246e+02 2.717279414031994520e+02
2.837753953514037448e+02 2.724774613233136620e+02
2.847527515036083514e+02 2.732328971648439051e+02
2.857301076558129580e+02 2.739914202336225344e+02
2.867074638080176214e+02 2.747518815081921844e+02
2.876848199602222849e+02 2.755141598821860498e+02
2.886621761124268915e+02 2.762792100623361193e+02
2.896395322646315549e+02 2.770460927103446807e+02
2.906168884168362183e+02 2.778078898304335098e+02
2.915942445690408249e+02 2.785696869505222821e+02
2.925716007212454883e+02 2.793314840706110544e+02
2.935489568734501518e+02 2.800932811906998836e+02
2.945263130256547583e+02 2.808550783107886559e+02
2.955036691778594218e+02 2.816168754308774851e+02
2.964810253300640852e+02 2.823786725509662574e+02
2.974583814822686918e+02 2.831404696710550297e+02
2.984357376344732984e+02 2.839022667911438020e+02
2.994130937866780187e+02 2.846640639112326880e+02
3.003904499388826252e+02 2.854258610313214604e+02
3.013678060910872318e+02 2.861876581514102327e+02
3.023451622432918953e+02 2.869494552714990050e+02
3.033225183954965587e+02 2.877112523915878342e+02
3.042998745477011653e+02 2.884730495116766065e+02
3.052772306999058287e+02 2.892348466317654356e+02
3.062545868521104921e+02 2.899966437518542079e+02
3.072319430043150987e+02 2.907584408719429803e+02
3.082092991565197622e+02 2.915202379920318094e+02
3.091866553087244256e+02 2.922820351121206386e+02
3.101640114609290322e+02 2.930438322322094109e+02
3.111413676131336956e+02 2.938056293522982401e+02
3.121187237653383590e+02 2.945674264723870692e+02
3.130960799175429656e+02 2.953292235924757847e+02
3.140734360697475722e+02 2.960910207125646139e+02
3.150507922219522356e+02 2.968528178326533862e+02
3.160281483741568991e+02 2.976146149527422153e+02
3.170055045263615057e+02 2.983764120728309308e+02
3.179828606785661691e+02 2.991382091929197600e+02
3.189602168307708325e+02 2.999000063130085891e+02
3.199375729829754391e+02 3.006618034330974183e+02
3.209149291351801025e+02 3.014236005531861906e+02
