1.263548904729997844e+02 2.111929767681252770e+02
1.275354495082463728e+02 2.115413788697462110e+02
1.287160085434929613e+02 2.118897809713671734e+02
1.298965675787395639e+02 2.122381830729881358e+02
1.310771266139861382e+02 2.125865851746090698e+02
1.322576856492327408e+02 2.129349872762300322e+02
1.334382446844793151e+02 2.132833893778509946e+02
1.346188037197259177e+02 2.136317914794719570e+02
1.357993627549724920e+02 2.139801935810928626e+02
1.369799217902190946e+02 2.143285956827138534e+02
1.381604808254656689e+02 2.146769977843347874e+02
1.393410398607122715e+02 2.150253998859557214e+02
1.405215988959588458e+02 2.153738019875766554e+02
1.417021579312054484e+02 2.157222040891976178e+02
1.428827169664520227e+02 2.160706061908185802e+02
1.440632760016986254e+02 2.164190082924395142e+02
1.452438350369451996e+02 2.167674103940604766e+02
1.464243940721918023e+02 2.171158124956814390e+02
1.476049531074383765e+02 2.174642145973023730e+02
1.487855121426849792e+02 2.178126166989233354e+02
1.499660711779315534e+02 2.181610188005442978e+02
1.511466302131781561e+02 2.185094209021652603e+02
1.523271892484247587e+02 2.188578230037862227e+02
1.535077482836713330e+02 2.192062251054071567e+02
1.546883073189179072e+02 2.195546272070280907e+02
1.558688663541645099e+02 2.199030293086490531e+02
1.570494253894111125e+02 2.202514314102699871e+02
1.582299844246576868e+02 2.205998335118909210e+02
1.594105434599042894e+02 2.209591617426332562e+02
1.605911024951508637e+02 2.213155985808895707e+02
1.617716615303974663e+02 2.216684889072205067e+02
1.629522205656440406e+02 2.220226257392708931e+02
1.641327796008906432e+02 2.223783491510994850e+02
1.653133386361372175e+02 2.227361264115964161e+02
1.664938976713838201e+02 2.230969488693048675e+02
1.676744567066303944e+02 2.234641721462695045e+02
1.688550157418769970e+02 2.238434507701887242e+02
1.700355747771235713e+02 2.242338052505210158e+02
1.712161338123701739e+02 2.246335356552454527e+02
1.723966928476167482e+02 2.250417919196472667e+02
1.735772518828633508e+02 2.254563619683989089e+02
1.747578109181099535e+02 2.258752814925916255e+02
1.759383699533565277e+02 2.262966926148309312e+02
1.771189289886031020e+02 2.267197920096821804e+02
1.782994880238497046e+02 2.271413324924952803e+02
1.794800470590963073e+02 2.275580094257657038e+02
1.806606060943428815e+02 2.279683778463698616e+02
1.818411651295894558e+02 2.283699556135567832e+02
1.830217241648360584e+02 2.287659003742828645e+02
1.842022832000826611e+02 2.291730289359601898e+02
1.853828422353292353e+02 2.296114374413537575e+02
1.865634012705758380e+02 2.300799369659687272e+02
1.877439603058224122e+02 2.305810934996187029e+02
1.889245193410690149e+02 2.311160608155256568e+02
1.901050783763155891e+02 2.316793865143490052e+02
1.912856374115621918e+02 2.322488299343916935e+02
1.924661964468087945e+02 2.328148070647709460e+02
1.936467554820553687e+02 2.333684377636814986e+02
1.948273145173019429e+02 2.339136472674661036e+02
1.960078735525485456e+02 2.344472407184267411e+02
1.971884325877951483e+02 2.349688646452278249e+02
1.983689916230417225e+02 2.354659648720891028e+02
1.995495506582882967e+02 2.359316210938946767e+02
2.007301096935348994e+02 2.363498135555061594e+02
2.019106687287815021e+02 2.367189539986941895e+02
2.030912277640280763e+02 2.370394326615498528e+02
2.042717867992746505e+02 2.373184263150783977e+02
2.054523458345212532e+02 2.375686061718564019e+02
2.066329048697678559e+02 2.377971203609302222e+02
2.078134639050144301e+02 2.380078340884927570e+02
2.089940229402610044e+02 2.382042176814544234e+02
2.101745819755076070e+02 2.383877325578751254e+02
2.113551410107542097e+02 2.385591307523225737e+02
2.125357000460007839e+02 2.387187963534109372e+02
2.137162590812473582e+02 2.388663693137081339e+02
2.148968181164939892e+02 2.390011352261244610e+02
2.160773771517405635e+02 2.391215232329608398e+02
2.172579361869871377e+02 2.392269980109429639e+02
2.184384952222337404e+02 2.393182932639734588e+02
2.196190542574803430e+02 2.393935056500230303e+02
2.207996132927269173e+02 2.394567160306706626e+02
2.219801723279734915e+02 2.395090189185339682e+02
2.231607313632200942e+02 2.395542806573440089e+02
2.243412903984666968e+02 2.395929081315111091e+02
2.255218494337132711e+02 2.396284361542372494e+02
2.267024084689598453e+02 2.396638793942364600e+02
2.278829675042064480e+02 2.397005909474538612e+02
2.290635265394530506e+02 2.397502890743402020e+02
2.302440855746996249e+02 2.398467334677938538e+02
2.314246446099461991e+02 2.399944530227433290e+02
2.326052036451928018e+02 2.401909027117375217e+02
2.337857626804394044e+02 2.404330781868081885e+02
2.349663217156859787e+02 2.407178297474394526e+02
2.361468807509325529e+02 2.410373204603555735e+02
2.373274397861791556e+02 2.413857177649600771e+02
2.385079988214257583e+02 2.417647266083709496e+02
2.396885578566723325e+02 2.421682339218594109e+02
2.408691168919189352e+02 2.426019060112260490e+02
2.420496759271655378e+02 2.430698059012987642e+02
2.432302349624121121e+02 2.435740359244861111e+02
2.444107939976586863e+02 2.441230039716012357e+02
2.455913530329052890e+02 2.447155021418990941e+02
2.467719120681518916e+02 2.453625375599325196e+02
2.479524711033984659e+02 2.460605321384184094e+02
2.491330301386450401e+02 2.467996621224633600e+02
2.503135891738916428e+02 2.475771583300993370e+02
2.514941482091382454e+02 2.483784632819897240e+02
2.526747072443848197e+02 2.492042018159682755e+02
2.538552662796313939e+02 2.500553051040011781e+02
2.550358253148779966e+02 2.509342790492834467e+02
2.562163843501245992e+02 2.518307900404472548e+02
2.573969433853711735e+02 2.527417021579881009e+02
2.585775024206177477e+02 2.536711859076305018e+02
2.597580614558643219e+02 2.546221084761009479e+02
2.609386204911109530e+02 2.555966182124033139e+02
2.621191795263575273e+02 2.565925527365548646e+02
2.632997385616041583e+02 2.576071045300635660e+02
2.644802975968507326e+02 2.586348002862281987e+02
2.656608566320973068e+02 2.596686195387761700e+02
2.668414156673438811e+02 2.607023386316033111e+02
2.680219747025904553e+02 2.617367554946083601e+02
2.692025337378370295e+02 2.627712140170143584e+02
2.703830927730836606e+02 2.638047419714863508e+02
2.715636518083302349e+02 2.648355650292844530e+02
2.727442108435768660e+02 2.658630981492493106e+02
2.739247698788234402e+02 2.668839045254456437e+02
2.751053289140700144e+02 2.678960828749634970e+02
2.762858879493165887e+02 2.688987821808835292e+02
2.774664469845631629e+02 2.698918614603390438e+02
2.786470060198097940e+02 2.708756877971999870e+02
2.798275650550563682e+02 2.718509921757197390e+02
2.810081240903029993e+02 2.728200764861143170e+02
2.821886831255495736e+02 2.737836409697359841e+02
2.833692421607961478e+02 2.747432434664771108e+02
2.845498011960427220e+02 2.757004922529725377e+02
2.857303602312892963e+02 2.766572552711048729e+02
2.869109192665358705e+02 2.776150084557025934e+02
2.880914783017825016e+02 2.785772211006336079e+02
2.892720373370290758e+02 2.795487914264344909e+02
2.904525963722757069e+02 2.805353614931591437e+02
2.916331554075222812e+02 2.815429779747144607e+02
2.928137144427688554e+02 2.825713074763693839e+02
2.939942734780154296e+02 2.836171324956770832e+02
2.951748325132620039e+02 2.846756523572702804e+02
2.963553915485085781e+02 2.857440354463975609e+02
2.975359505837552092e+02 2.868190950182339520e+02
2.987165096190017834e+02 2.878995814495493164e+02
2.998970686542484145e+02 2.889849385700802600e+02
3.010776276894949888e+02 2.900759348078886433e+02
3.022581867247415630e+02 2.911723535803183154e+02
3.034387457599881373e+02 2.922736285538487664e+02
3.046193047952347115e+02 2.933812191706207955e+02
3.057998638304813426e+02 2.944965711354112159e+02
3.069804228657279168e+02 2.956174447278174284e+02
3.081609819009745479e+02 2.967396898332951878e+02
3.093415409362211221e+02 2.978602083688062407e+02
3.105220999714676964e+02 2.989736865196979352e+02
3.117026590067142706e+02 3.000785819002389303e+02
3.128832180419608449e+02 3.011756555073380923e+02
3.140637770772074191e+02 3.022653006991652092e+02
3.152443361124540502e+02 3.033478208451139153e+02
3.164248951477006244e+02 3.044240336344508364e+02
3.176054541829472555e+02 3.055059541558147203e+02
3.187860132181938297e+02 3.066092136167620765e+02
3.199665722534404040e+02 3.077412714427585456e+02
3.211471312886869782e+02 3.088908419157334606e+02
3.223276903239335525e+02 3.100613002224949355e+02
3.235082493591801267e+02 3.112727538744089770e+02
3.246888083944267578e+02 3.125263486807435811e+02
3.258693674296733320e+02 3.137939284416984833e+02
3.270499264649199631e+02 3.150573865421699793e+02
3.282304855001665373e+02 3.163155555155278762e+02
3.294110445354131116e+02 3.175784019016963384e+02
3.305916035706596858e+02 3.188566610156835281e+02
3.317721626059062601e+02 3.201349201296706610e+02
3.329527216411528912e+02 3.214131792436579076e+02
3.341332806763994654e+02 3.226914383576450973e+02
3.353138397116460965e+02 3.239696974716323439e+02
3.364943987468926707e+02 3.252479565856195904e+02
3.376749577821392450e+02 3.265262156996067233e+02
3.388555168173858192e+02 3.278044748135939130e+02
3.400360758526323934e+02 3.290827339275811028e+02
3.412166348878789677e+02 3.303609930415682925e+02
3.423971939231255988e+02 3.316392521555555390e+02
3.435777529583721730e+02 3.329175112695427288e+02
3.447583119936188041e+02 3.341957703835299753e+02
3.459388710288653783e+02 3.354740294975171651e+02
3.471194300641119526e+02 3.367522886115042979e+02
3.482999890993585268e+02 3.380305477254914877e+02
3.494805481346051010e+02 3.393088068394787342e+02
3.506611071698516753e+02 3.405870659534658671e+02
3.518416662050983064e+02 3.418653250674531137e+02
3.530222252403448806e+02 3.431435841814403034e+02
3.542027842755915117e+02 3.444218432954275499e+02
3.553833433108380859e+02 3.457001024094147397e+02
3.565639023460846602e+02 3.469783615234019294e+02
3.577444613813312344e+02 3.482566206373890623e+02
3.589250204165778086e+02 3.495348797513762520e+02
3.601055794518244397e+02 3.508131388653634986e+02
3.612861384870710140e+02 3.520913979793506883e+02
