1.268132203531292816e+02 2.101599451908759022e+02
1.276381152652303825e+02 2.104226661449933431e+02
1.284630101773314834e+02 2.106853870991107556e+02
1.292879050894325985e+02 2.109481080532281396e+02
1.301128000015336852e+02 2.112108290073455237e+02
1.309376949136348003e+02 2.114735499614629930e+02
1.317625898257359154e+02 2.117362709155804055e+02
1.325874847378370021e+02 2.119989918696977895e+02
1.334123796499381172e+02 2.122617128238152020e+02
1.342372745620392038e+02 2.125244337779325861e+02
1.350621694741403189e+02 2.127871547320500270e+02
1.358870643862414340e+02 2.130498756861674678e+02
1.367119592983425207e+02 2.133125966402848235e+02
1.375368542104436358e+02 2.135753175944022360e+02
1.383617491225447225e+02 2.138380385485196484e+02
1.391866440346458376e+02 2.141007595026370609e+02
1.400115389467469242e+02 2.143634804567544734e+02
1.408364338588480393e+02 2.146262014108718859e+02
1.416613287709491544e+02 2.148889223649892983e+02
1.424862236830502411e+02 2.151516433191067108e+02
1.433111185951513562e+02 2.154143642732241233e+02
1.441360135072524429e+02 2.156770852273415358e+02
1.449609084193535580e+02 2.159398061814589198e+02
1.457858033314546731e+02 2.162025271355763323e+02
1.466106982435557597e+02 2.164652480896937732e+02
1.474355931556568748e+02 2.167279690438111288e+02
1.482604880677579615e+02 2.169906899979285697e+02
1.490853829798590766e+02 2.172534109520459822e+02
1.499102778919601633e+02 2.175161319061633947e+02
1.507351728040612784e+02 2.177788528602807787e+02
1.515600677161623935e+02 2.180415738143981912e+02
1.523849626282634802e+02 2.183042947685156037e+02
1.532098575403645953e+02 2.185670157226330446e+02
1.540347524524656819e+02 2.188297366767504286e+02
1.548596473645667970e+02 2.190924576308678411e+02
1.556845422766679121e+02 2.193551785849852251e+02
1.565094371887689988e+02 2.196178995391026660e+02
1.573343321008701139e+02 2.198806204932200785e+02
1.581592270129712006e+02 2.201454287658870612e+02
1.589841219250723157e+02 2.204043858414424903e+02
1.598090168371734308e+02 2.206657488865895402e+02
1.606339117492745174e+02 2.209254696382918155e+02
1.614588066613756325e+02 2.211845374201868140e+02
1.622837015734767192e+02 2.214430079610310713e+02
1.631085964855778343e+02 2.217004098565492427e+02
1.639334913976789494e+02 2.219579808107972099e+02
1.647583863097800361e+02 2.222160881027232620e+02
1.655832812218811512e+02 2.224763717370370841e+02
1.664081761339822378e+02 2.227372418595297461e+02
1.672330710460833529e+02 2.230034931235255726e+02
1.680579659581844680e+02 2.232780326912695728e+02
1.688828608702855547e+02 2.235586979891054966e+02
1.697077557823866698e+02 2.238522543796516118e+02
1.705326506944877565e+02 2.241514714466939040e+02
1.713575456065888716e+02 2.244593718787496641e+02
1.721824405186899867e+02 2.247705344309742941e+02
1.730073354307910733e+02 2.250838873913500038e+02
1.738322303428921600e+02 2.254005463024767266e+02
1.746571252549932751e+02 2.257193340492237326e+02
1.754820201670943902e+02 2.260419818518035413e+02
1.763069150791955053e+02 2.263660426189534292e+02
1.771318099912965920e+02 2.266898451112021462e+02
1.779567049033976787e+02 2.270127413811133010e+02
1.787815998154987938e+02 2.273353676404553312e+02
1.796064947275999089e+02 2.276552329903100258e+02
1.804313896397009955e+02 2.279729233481598385e+02
1.812562845518021106e+02 2.282889989349067719e+02
1.820811794639031973e+02 2.286021096930903695e+02
1.829060743760043124e+02 2.289125810983523479e+02
1.837309692881054275e+02 2.292211960775609043e+02
1.845558642002065142e+02 2.295289029049499163e+02
1.853807591123076293e+02 2.298481899896108871e+02
1.862056540244087159e+02 2.301886608274347168e+02
1.870305489365098310e+02 2.305688380647165729e+02
1.878554438486109461e+02 2.309662102222799831e+02
1.886803387607120328e+02 2.313840196049427504e+02
1.895052336728131479e+02 2.318056116299387384e+02
1.903301285849142346e+02 2.322272211179620456e+02
1.911550234970153497e+02 2.326544641561687286e+02
1.919799184091164648e+02 2.330808284398115120e+02
1.928048133212175514e+02 2.335034027384061801e+02
1.936297082333186665e+02 2.339281547616216130e+02
1.944546031454197532e+02 2.343521834946598119e+02
1.952794980575208683e+02 2.347744351721419491e+02
1.961043929696219834e+02 2.351966035986853001e+02
1.969292878817230701e+02 2.356116870085507173e+02
1.977541827938241568e+02 2.360128697833728779e+02
1.985790777059252719e+02 2.363903197052050018e+02
1.994039726180263870e+02 2.367482338119961582e+02
2.002288675301275021e+02 2.370759209948873263e+02
2.010537624422285887e+02 2.373849941519348477e+02
2.018786573543296754e+02 2.376711779922844698e+02
2.027035522664307905e+02 2.379407965074694857e+02
2.035284471785319056e+02 2.381917953969114592e+02
2.043533420906330207e+02 2.384264402329577592e+02
2.051782370027341074e+02 2.386429888244052790e+02
2.060031319148351940e+02 2.388511301355770513e+02
2.068280268269363091e+02 2.390540035431532999e+02
2.076529217390374242e+02 2.392491187438432689e+02
2.084778166511385393e+02 2.394377604545356917e+02
2.093027115632396260e+02 2.396157166787536710e+02
2.101276064753407127e+02 2.397847980889454789e+02
2.109525013874418278e+02 2.399449307300039322e+02
2.117773962995429429e+02 2.400981249493927692e+02
2.126022912116440580e+02 2.402480548361321269e+02
2.134271861237451446e+02 2.403936337738731197e+02
2.142520810358462313e+02 2.405354815816006635e+02
2.150769759479473464e+02 2.406694118918300944e+02
2.159018708600484615e+02 2.407951563366657979e+02
2.167267657721495766e+02 2.409094730239169451e+02
2.175516606842506633e+02 2.410125906507235527e+02
2.183765555963517500e+02 2.411080089257760619e+02
2.192014505084528651e+02 2.411898063987571561e+02
2.200263454205539801e+02 2.412589451653444144e+02
2.208512403326550668e+02 2.413228569216831261e+02
2.216761352447561819e+02 2.413775720403168918e+02
2.225010301568572686e+02 2.414246767014932118e+02
2.233259250689583837e+02 2.414675117924360848e+02
2.241508199810594988e+02 2.415069256902654899e+02
2.249757148931605855e+02 2.415418619027400950e+02
2.258006098052617006e+02 2.415754573662082976e+02
2.266255047173627872e+02 2.416082832064618913e+02
2.274503996294639023e+02 2.416397855721484405e+02
2.282752945415650174e+02 2.416702611708461177e+02
2.291001894536661041e+02 2.416992584866879668e+02
2.299250843657671908e+02 2.417273973192848757e+02
2.307499792778683059e+02 2.417569488953476480e+02
2.315748741899694210e+02 2.417889999775889009e+02
2.323997691020705361e+02 2.418281036750591682e+02
2.332246640141716227e+02 2.418718878683499156e+02
2.340495589262727094e+02 2.419186624651352986e+02
2.348744538383738245e+02 2.419792854454557585e+02
2.356993487504749396e+02 2.420577073878265537e+02
2.365242436625760547e+02 2.421628965413243577e+02
2.373491385746771414e+02 2.422937193204943469e+02
2.381740334867782281e+02 2.424603051658629624e+02
2.389989283988793431e+02 2.426644917516389910e+02
2.398238233109804582e+02 2.428987004858910268e+02
2.406487182230815733e+02 2.431549044441214846e+02
2.414736131351826600e+02 2.434301972045120124e+02
2.422985080472837467e+02 2.437352342270336862e+02
2.431234029593848618e+02 2.440632445707627483e+02
2.439482978714859769e+02 2.444178099266981974e+02
2.447731927835870920e+02 2.447984936175439259e+02
2.455980876956881787e+02 2.451944383940290209e+02
2.464229826077892653e+02 2.456061648305075096e+02
2.472478775198903804e+02 2.460337595818988916e+02
2.480727724319914955e+02 2.464721037581862220e+02
2.488976673440926106e+02 2.469175779079820359e+02
2.497225622561936973e+02 2.473778012381746692e+02
2.505474571682947840e+02 2.478515945418053832e+02
2.513723520803958991e+02 2.483369404241480254e+02
2.521972469924970142e+02 2.488304859765189576e+02
2.530221419045981008e+02 2.493285855953156727e+02
2.538470368166992159e+02 2.498375050189332001e+02
2.546719317288003026e+02 2.503589787530605406e+02
2.554968266409014177e+02 2.508979388914207220e+02
2.563217215530025328e+02 2.514419502873641932e+02
2.571466164651036479e+02 2.519894313824005394e+02
2.579715113772047062e+02 2.525390465499261836e+02
2.587964062893058212e+02 2.530935512712914317e+02
2.596213012014069363e+02 2.536524116362900827e+02
2.604461961135080514e+02 2.542154422048064077e+02
2.612710910256091665e+02 2.547840396206726723e+02
2.620959859377102248e+02 2.553565020993141275e+02
2.629208808498113399e+02 2.559335709395325296e+02
2.637457757619124550e+02 2.565134126441441822e+02
2.645706706740135701e+02 2.570882340845319050e+02
2.653955655861146852e+02 2.576630514571882031e+02
2.662204604982157434e+02 2.582378688298444445e+02
2.670453554103168585e+02 2.588126862025006858e+02
2.678702503224179736e+02 2.593875035751569271e+02
2.686951452345190319e+02 2.599623209478131685e+02
2.695200401466202038e+02 2.605371383204695235e+02
2.703449350587212621e+02 2.611119556931257080e+02
2.711698299708223772e+02 2.616867730657820061e+02
2.719947248829234923e+02 2.622615904384382475e+02
2.728196197950245505e+02 2.628364078110944888e+02
2.736445147071257225e+02 2.634112251837507870e+02
2.744694096192267807e+02 2.639860425564070283e+02
2.752943045313278958e+02 2.645608599290632696e+02
2.761191994434290109e+02 2.651356773017195110e+02
2.769440943555300692e+02 2.657104946743758092e+02
2.777689892676312411e+02 2.662853120470321073e+02
2.785938841797322993e+02 2.668601294196883487e+02
2.794187790918334144e+02 2.674349467923445900e+02
2.802436740039345295e+02 2.680097641650008882e+02
2.810685689160355878e+02 2.685845815376570727e+02
2.818934638281367597e+02 2.691593989103133708e+02
2.827183587402378180e+02 2.697342162829696690e+02
2.835432536523389331e+02 2.703090336556258535e+02
2.843681485644400482e+02 2.708838510282821517e+02
2.851930434765411064e+02 2.714586684009383930e+02
2.860179383886422784e+02 2.720334857735946912e+02
2.868428333007433366e+02 2.726083031462509325e+02
2.876677282128444517e+02 2.731831205189071738e+02
2.884926231249455668e+02 2.737579378915634720e+02
2.893175180370466251e+02 2.743327552642196565e+02
2.901424129491477970e+02 2.749075726368760115e+02
2.909673078612488553e+02 2.754823900095321960e+02
