1.269893786033626100e+02 2.105520555489313779e+02
1.281363112217645437e+02 2.109060260536139992e+02
1.292832438401664490e+02 2.112599965582966206e+02
1.304301764585683827e+02 2.116139670629792136e+02
1.315771090769702880e+02 2.119679375676618349e+02
1.327240416953722217e+02 2.123219080723444279e+02
1.338709743137741270e+02 2.126758785770270492e+02
1.350179069321760608e+02 2.130298490817096990e+02
1.361648395505779661e+02 2.133838195863922351e+02
1.373117721689798998e+02 2.137377900910748849e+02
1.384587047873818051e+02 2.140917605957574779e+02
1.396056374057837388e+02 2.144457311004400708e+02
1.407525700241856441e+02 2.147997016051227206e+02
1.418995026425875778e+02 2.151536721098053135e+02
1.430464352609894831e+02 2.155076426144879065e+02
1.441933678793914169e+02 2.158616131191705279e+02
1.453403004977933506e+02 2.162155836238531208e+02
1.464872331161952559e+02 2.165695541285357422e+02
1.476341657345971612e+02 2.169235246332183635e+02
1.487810983529990949e+02 2.172774951379009565e+02
1.499280309714010286e+02 2.176314656425835778e+02
1.510749635898029339e+02 2.179854361472661708e+02
1.522218962082048677e+02 2.183394066519487922e+02
1.533688288266067730e+02 2.186933771566313567e+02
1.545157614450087067e+02 2.190473476613140065e+02
1.556626940634106120e+02 2.194437877922364351e+02
1.568096266818125457e+02 2.198462288412904115e+02
1.579565593002144510e+02 2.202095099829172113e+02
1.591034919186163847e+02 2.205464390511070292e+02
1.602504245370183185e+02 2.208648123384372184e+02
1.613973571554202238e+02 2.211744050342390153e+02
1.625442897738221291e+02 2.214815923581349466e+02
1.636912223922240628e+02 2.217892819980063734e+02
1.648381550106259965e+02 2.220988939249950818e+02
1.659850876290279018e+02 2.224108108801453056e+02
1.671320202474298071e+02 2.227319455058980395e+02
1.682789528658317408e+02 2.230629125730035867e+02
1.694258854842336746e+02 2.234052477944109683e+02
1.705728181026355799e+02 2.237583961626691007e+02
1.717197507210375136e+02 2.241181431298596181e+02
1.728666833394394189e+02 2.244808460924719782e+02
1.740136159578413526e+02 2.248450014753722144e+02
1.751605485762432579e+02 2.252088084281809870e+02
1.763074811946451916e+02 2.255715979522287853e+02
1.774544138130470969e+02 2.259317871373550588e+02
1.786013464314490307e+02 2.262871785480157030e+02
1.797482790498509644e+02 2.266387979024818264e+02
1.808952116682528697e+02 2.269860772328599694e+02
1.820421442866547750e+02 2.273296634173151745e+02
1.831890769050567087e+02 2.276890071559452906e+02
1.843360095234586424e+02 2.280853779042765836e+02
1.854829421418605477e+02 2.285251947809000512e+02
1.866298747602624530e+02 2.290086283003336689e+02
1.877768073786643868e+02 2.295341270551930961e+02
1.889237399970663205e+02 2.300819390290691899e+02
1.900706726154682258e+02 2.306343879742938725e+02
1.912176052338701595e+02 2.311906773978769820e+02
1.923645378522720648e+02 2.317493771849211157e+02
1.935114704706739985e+02 2.323108636441190811e+02
1.946584030890759323e+02 2.328658677399960766e+02
1.958053357074778376e+02 2.334015695951447924e+02
1.969522683258797429e+02 2.339055397475678433e+02
1.980992009442816766e+02 2.343774062881214491e+02
1.992461335626836103e+02 2.348212916402875408e+02
2.003930661810855156e+02 2.352436923171481169e+02
2.015399987994874209e+02 2.356401506994318709e+02
2.026869314178893546e+02 2.360125316474007491e+02
2.038338640362912884e+02 2.363522147360300494e+02
2.049807966546931937e+02 2.366518810446283396e+02
2.061277292730950990e+02 2.369116706315155625e+02
2.072746618914970327e+02 2.371360474867642552e+02
2.084215945098989664e+02 2.373310207606733684e+02
2.095685271283008717e+02 2.375029097247889922e+02
2.107154597467028054e+02 2.376548844682018569e+02
2.118623923651047107e+02 2.377829569892189170e+02
2.130093249835066445e+02 2.378966478407797638e+02
2.141562576019085782e+02 2.380016731757927460e+02
2.153031902203104835e+02 2.381049388998887366e+02
2.164501228387123888e+02 2.382052036665382388e+02
2.175970554571143225e+02 2.382980822639282792e+02
2.187439880755162562e+02 2.383795103025166782e+02
2.198909206939181615e+02 2.384495204712378609e+02
2.210378533123200668e+02 2.385066838154424147e+02
2.221847859307220006e+02 2.385517252625575111e+02
2.233317185491239343e+02 2.385894295716578881e+02
2.244786511675258396e+02 2.386215066731863317e+02
2.256255837859277449e+02 2.386504290196324973e+02
2.267725164043296786e+02 2.386787798629960378e+02
2.279194490227316123e+02 2.387090984101383810e+02
2.290663816411335461e+02 2.387464930556728575e+02
2.302133142595354514e+02 2.387953735416981829e+02
2.313602468779373567e+02 2.388687873722559232e+02
2.325071794963392904e+02 2.389798911470832081e+02
2.336541121147412241e+02 2.391514131094475601e+02
2.348010447331431294e+02 2.393776237216556524e+02
2.359479773515450347e+02 2.396628826089548738e+02
2.370949099699469684e+02 2.400100451804766521e+02
2.382418425883489022e+02 2.404118434701707656e+02
2.393887752067508075e+02 2.408642526169895746e+02
2.405357078251527128e+02 2.413675653049304515e+02
2.416826404435546465e+02 2.419123478256356634e+02
2.428295730619565802e+02 2.424796593876089332e+02
2.439765056803584855e+02 2.430765171397456186e+02
2.451234382987603908e+02 2.437105836311437486e+02
2.462703709171623245e+02 2.443702895524791643e+02
2.474173035355642583e+02 2.450592559905398105e+02
2.485642361539661920e+02 2.457842146228246634e+02
2.497111687723680973e+02 2.465385725395789223e+02
2.508581013907700026e+02 2.473166503055627459e+02
2.520050340091719363e+02 2.481236189846465265e+02
2.531519666275738700e+02 2.489485242097003379e+02
2.542988992459757753e+02 2.497928498125090186e+02
2.554458318643777091e+02 2.506560905686673664e+02
2.565927644827796144e+02 2.515396201031894918e+02
2.577396971011815481e+02 2.524411198026583918e+02
2.588866297195834250e+02 2.533612612426503290e+02
2.600335623379853587e+02 2.542990420585838933e+02
2.611804949563872924e+02 2.552510563159045773e+02
2.623274275747892261e+02 2.562176248940203322e+02
2.634743601931911599e+02 2.571963648903941930e+02
2.646212928115930936e+02 2.581855716251845365e+02
2.657682254299949705e+02 2.591801355692998641e+02
2.669151580483969042e+02 2.601740019826736443e+02
2.680620906667987811e+02 2.611643978352697673e+02
2.692090232852007148e+02 2.621481490246293902e+02
2.703559559036026485e+02 2.631238348470423034e+02
2.715028885220045822e+02 2.640896038537346158e+02
2.726498211404065160e+02 2.650449036505076492e+02
2.737967537588084497e+02 2.659904511844111994e+02
2.749436863772103834e+02 2.669279453913729299e+02
2.760906189956122603e+02 2.678605786765044172e+02
2.772375516140141940e+02 2.687896588796459696e+02
2.783844842324160709e+02 2.697173476117299060e+02
2.795314168508180046e+02 2.706486925106630110e+02
2.806783494692199383e+02 2.715885465219377011e+02
2.818252820876218721e+02 2.725402299826168928e+02
2.829722147060238058e+02 2.735040750571818648e+02
2.841191473244257395e+02 2.744794804229670717e+02
2.852660799428276164e+02 2.754656654290565712e+02
2.864130125612295501e+02 2.764597645726525457e+02
2.875599451796314270e+02 2.774589829988202041e+02
2.887068777980333607e+02 2.784624390838355907e+02
2.898538104164352944e+02 2.794695459357638470e+02
2.910007430348372282e+02 2.804833914163828581e+02
2.921476756532391619e+02 2.815125605828106359e+02
2.932946082716410956e+02 2.825689702472553790e+02
2.944415408900430293e+02 2.836625797050854771e+02
2.955884735084449062e+02 2.847922789397977112e+02
2.967354061268468399e+02 2.859527065896884324e+02
2.978823387452487168e+02 2.871257904136486445e+02
2.990292713636506505e+02 2.882920059301920901e+02
3.001762039820525843e+02 2.894472304605752697e+02
3.013231366004545180e+02 2.905876068301909640e+02
3.024700692188564517e+02 2.917090776763396889e+02
3.036170018372583854e+02 2.928167616548946626e+02
3.047639344556602623e+02 2.939157248752418354e+02
3.059108670740621960e+02 2.950126999186570629e+02
3.070577996924640729e+02 2.961156788106819704e+02
3.082047323108660066e+02 2.972429390767726431e+02
3.093516649292679404e+02 2.983854493584819352e+02
3.104985975476698741e+02 2.995267485547569777e+02
3.116455301660718078e+02 3.006620439024966913e+02
3.127924627844737415e+02 3.017896077115066191e+02
3.139393954028756752e+02 3.029099242800138541e+02
3.150863280212775521e+02 3.040264674668011367e+02
3.162332606396794858e+02 3.051412242299327318e+02
3.173801932580813627e+02 3.062542898359891979e+02
3.185271258764832965e+02 3.073651166396890630e+02
3.196740584948852302e+02 3.084785647753380431e+02
3.208209911132871639e+02 3.095869381650948640e+02
3.219679237316890976e+02 3.106745812776981666e+02
3.231148563500910313e+02 3.117561402274672560e+02
3.242617889684929082e+02 3.128428670388935871e+02
3.254087215868948419e+02 3.139534461458982832e+02
3.265556542052967188e+02 3.150640252529029794e+02
3.277025868236986526e+02 3.161746043599077893e+02
3.288495194421005863e+02 3.172851834669125424e+02
3.299964520605025200e+02 3.183957625739172954e+02
3.311433846789044537e+02 3.195063416809219916e+02
3.322903172973063874e+02 3.206169207879268015e+02
3.334372499157083212e+02 3.217274998949315545e+02
3.345841825341101980e+02 3.228380790019362507e+02
3.357311151525121318e+02 3.239486581089410038e+02
3.368780477709140087e+02 3.250592372159457000e+02
3.380249803893159424e+02 3.261698163229504530e+02
3.391719130077178761e+02 3.272803954299552061e+02
3.403188456261198098e+02 3.283909745369599591e+02
3.414657782445217435e+02 3.295015536439647121e+02
3.426127108629236773e+02 3.306121327509694652e+02
3.437596434813255541e+02 3.317227118579741614e+02
3.449065760997274879e+02 3.328332909649789144e+02
3.460535087181293648e+02 3.339438700719836675e+02
3.472004413365312985e+02 3.350544491789884205e+02
3.483473739549332322e+02 3.361650282859931167e+02
3.494943065733351659e+02 3.372756073929979266e+02
3.506412391917370996e+02 3.383861865000026796e+02
3.517881718101390334e+02 3.394967656070074327e+02
3.529351044285409671e+02 3.406073447140121289e+02
3.540820370469428440e+02 3.417179238210168251e+02
3.552289696653447777e+02 3.428285029280216349e+02
