1.262158252314810341e+02 2.111421102991789667e+02
1.273676804331636987e+02 2.114651548591414496e+02
1.285195356348463633e+02 2.117881994191039325e+02
1.296713908365290138e+02 2.121112439790664155e+02
1.308232460382116926e+02 2.124342885390288984e+02
1.319751012398943431e+02 2.127573330989913813e+02
1.331269564415770219e+02 2.130803776589538643e+02
1.342788116432596723e+02 2.134034222189163188e+02
1.354306668449423512e+02 2.137264667788788302e+02
1.365825220466250016e+02 2.140495113388412847e+02
1.377343772483076805e+02 2.143725558988037676e+02
1.388862324499903309e+02 2.146956004587662505e+02
1.400380876516730098e+02 2.150186450187287051e+02
1.411899428533556602e+02 2.153416895786912164e+02
1.423417980550383390e+02 2.156647341386536993e+02
1.434936532567209895e+02 2.159877786986161823e+02
1.446455084584036683e+02 2.163108232585786652e+02
1.457973636600863188e+02 2.166338678185411482e+02
1.469492188617689976e+02 2.169569123785036311e+02
1.481010740634516480e+02 2.172799569384661140e+02
1.492529292651343269e+02 2.176030014984285685e+02
1.504047844668169773e+02 2.179260460583910799e+02
1.515566396684996562e+02 2.182490906183535344e+02
1.527084948701823066e+02 2.185721351783160458e+02
1.538603500718649855e+02 2.188951797382785003e+02
1.550122052735476359e+02 2.192182242982409832e+02
1.561640604752303148e+02 2.195412688582034662e+02
1.573159156769129652e+02 2.198702829338475908e+02
1.584677708785956440e+02 2.201898806550338463e+02
1.596196260802782945e+02 2.205039754614011827e+02
1.607714812819609733e+02 2.208117841752098798e+02
1.619233364836436238e+02 2.211139878181874678e+02
1.630751916853263026e+02 2.214122264094514207e+02
1.642270468870089530e+02 2.217064650540074524e+02
1.653789020886916319e+02 2.219977302106781281e+02
1.665307572903742823e+02 2.222872419211607848e+02
1.676826124920569612e+02 2.225743313196090298e+02
1.688344676937396116e+02 2.228565602996350776e+02
1.699863228954222905e+02 2.231386084324008152e+02
1.711381780971049409e+02 2.234199823990190339e+02
1.722900332987876197e+02 2.237069253521219991e+02
1.734418885004702702e+02 2.240009529432313968e+02
1.745937437021529490e+02 2.243105792099695464e+02
1.757455989038355995e+02 2.246305834472969138e+02
1.768974541055182783e+02 2.249668584325461893e+02
1.780493093072009287e+02 2.253216747492285208e+02
1.792011645088836076e+02 2.256928735979061571e+02
1.803530197105662580e+02 2.260796231600738224e+02
1.815048749122489085e+02 2.264917726492682846e+02
1.826567301139315873e+02 2.269456701120814159e+02
1.838085853156142662e+02 2.274531674570952191e+02
1.849604405172969166e+02 2.280044788696221190e+02
1.861122957189795670e+02 2.286047282414726567e+02
1.872641509206622459e+02 2.292249852705160720e+02
1.884160061223449247e+02 2.298669710144937142e+02
1.895678613240275752e+02 2.305262064842628718e+02
1.907197165257102256e+02 2.311956688518468468e+02
1.918715717273929044e+02 2.318612496207032905e+02
1.930234269290755833e+02 2.325186392435148832e+02
1.941752821307582337e+02 2.331511313314801441e+02
1.953271373324408842e+02 2.337544245697761198e+02
1.964789925341235630e+02 2.343265409513066970e+02
1.976308477358062419e+02 2.348609330407088009e+02
1.987827029374888923e+02 2.353544743708392275e+02
1.999345581391715427e+02 2.358032544431613644e+02
2.010864133408542216e+02 2.362039302890018746e+02
2.022382685425369004e+02 2.365598386460710003e+02
2.033901237442195509e+02 2.368686128640522668e+02
2.045419789459022013e+02 2.371304453199847160e+02
2.056938341475848802e+02 2.373584452417440502e+02
2.068456893492675590e+02 2.375593579929118278e+02
2.079975445509502094e+02 2.377395421713141843e+02
2.091493997526328599e+02 2.378998638504554037e+02
2.103012549543155387e+02 2.380414254544892287e+02
2.114531101559982176e+02 2.381717951655570289e+02
2.126049653576808680e+02 2.382901937110425479e+02
2.137568205593635184e+02 2.383949244118973638e+02
2.149086757610461973e+02 2.384911137869323738e+02
2.160605309627288761e+02 2.385816377187767330e+02
2.172123861644115266e+02 2.386617418236081960e+02
2.183642413660941770e+02 2.387295237704421993e+02
2.195160965677768559e+02 2.387865747609108382e+02
2.206679517694595347e+02 2.388306771507403425e+02
2.218198069711421851e+02 2.388628763682758063e+02
2.229716621728248356e+02 2.388851201753130340e+02
2.241235173745075144e+02 2.388960818587704011e+02
2.252753725761901933e+02 2.388986120243156392e+02
2.264272277778728437e+02 2.388943201573464421e+02
2.275790829795554941e+02 2.388852366800151970e+02
2.287309381812381730e+02 2.388732486687076459e+02
2.298827933829208519e+02 2.388635483117857916e+02
2.310346485846035023e+02 2.388660743982238159e+02
2.321865037862861527e+02 2.389097122734708876e+02
2.333383589879688316e+02 2.390284162439861007e+02
2.344902141896515104e+02 2.392107941569188938e+02
2.356420693913341609e+02 2.394461673602178280e+02
2.367939245930168113e+02 2.397423453683273920e+02
2.379457797946994901e+02 2.401014610496479236e+02
2.390976349963821406e+02 2.405186765899087789e+02
2.402494901980647910e+02 2.409891296184961220e+02
2.414013453997474699e+02 2.415087792467025452e+02
2.425532006014301487e+02 2.420679515365387715e+02
2.437050558031127991e+02 2.426642193108758363e+02
2.448569110047954496e+02 2.432923370712483120e+02
2.460087662064781284e+02 2.439527532772041809e+02
2.471606214081608073e+02 2.446406755639554547e+02
2.483124766098434577e+02 2.453485712945332295e+02
2.494643318115261081e+02 2.460741773278946312e+02
2.506161870132087870e+02 2.468216284403706311e+02
2.517680422148914658e+02 2.475973462604729320e+02
2.529198974165741163e+02 2.483912907708674425e+02
2.540717526182567667e+02 2.492038671781505172e+02
2.552236078199394456e+02 2.500333769619324755e+02
2.563754630216221244e+02 2.508818946268071102e+02
2.575273182233047464e+02 2.517479660287382899e+02
2.586791734249874253e+02 2.526326068608594824e+02
2.598310286266701041e+02 2.535357305636107981e+02
2.609828838283527830e+02 2.544563603922890707e+02
2.621347390300354618e+02 2.553931404493985724e+02
2.632865942317181407e+02 2.563439663107641309e+02
2.644384494334007627e+02 2.573051191966207512e+02
2.655903046350834416e+02 2.582736644841152156e+02
2.667421598367660636e+02 2.592449024047789976e+02
2.678940150384487424e+02 2.602148722816160671e+02
2.690458702401314213e+02 2.611811175319990639e+02
2.701977254418141001e+02 2.621420709105330502e+02
2.713495806434967790e+02 2.630973627068659084e+02
2.725014358451794578e+02 2.640479021336120127e+02
2.736532910468620798e+02 2.649951195935349233e+02
2.748051462485447018e+02 2.659400842663740150e+02
2.759570014502273807e+02 2.668833432866678663e+02
2.771088566519100596e+02 2.678271282724854245e+02
2.782607118535927384e+02 2.687728297515891995e+02
2.794125670552754173e+02 2.697229056862583434e+02
2.805644222569580961e+02 2.706787808529214203e+02
2.817162774586407181e+02 2.716414155707966529e+02
2.828681326603233970e+02 2.726095733465883768e+02
2.840199878620060190e+02 2.735820392439622992e+02
2.851718430636886978e+02 2.745575006096494235e+02
2.863236982653713767e+02 2.755349669874352685e+02
2.874755534670540555e+02 2.765132283443340953e+02
2.886274086687367344e+02 2.774918546385943614e+02
2.897792638704194133e+02 2.784702745229212724e+02
2.909311190721020353e+02 2.794505861018419637e+02
2.920829742737847141e+02 2.804349467462103576e+02
2.932348294754673361e+02 2.814282189273710060e+02
2.943866846771500150e+02 2.824339754219440692e+02
2.955385398788326938e+02 2.834537231665686932e+02
2.966903950805153727e+02 2.844885455691751872e+02
2.978422502821980515e+02 2.855400548419937650e+02
2.989941054838807304e+02 2.866026918047816139e+02
3.001459606855633524e+02 2.876718110732144851e+02
3.012978158872460313e+02 2.887431893996989629e+02
3.024496710889286533e+02 2.898168900659150609e+02
3.036015262906113321e+02 2.908924816063722574e+02
3.047533814922940110e+02 2.919695417688756720e+02
3.059052366939766898e+02 2.930479454142604254e+02
3.070570918956593687e+02 2.941313756337723930e+02
3.082089470973420475e+02 2.952246217884732005e+02
3.093608022990246695e+02 2.963325252330194530e+02
3.105126575007073484e+02 2.974552626013014560e+02
3.116645127023899704e+02 2.985862497990377733e+02
3.128163679040726493e+02 2.997172723740349056e+02
3.139682231057553281e+02 3.008420126892877988e+02
3.151200783074380070e+02 3.019527963536122570e+02
3.162719335091206858e+02 3.030468030845915450e+02
3.174237887108033647e+02 3.041245972794956742e+02
3.185756439124859867e+02 3.051919693798541857e+02
3.197274991141686655e+02 3.062579417401640285e+02
3.208793543158512875e+02 3.073333630196708555e+02
3.220312095175339664e+02 3.084173758172451585e+02
3.231830647192166452e+02 3.094929801637319997e+02
3.243349199208993241e+02 3.105566423608623268e+02
3.254867751225820030e+02 3.116057790145194417e+02
3.266386303242646818e+02 3.126197591343579347e+02
3.277904855259473038e+02 3.136272948295900278e+02
3.289423407276299827e+02 3.146669851214685423e+02
3.300941959293126047e+02 3.157066754133471704e+02
3.312460511309952835e+02 3.167463657052256849e+02
3.323979063326779624e+02 3.177860559971043699e+02
3.335497615343606412e+02 3.188257462889829412e+02
3.347016167360433201e+02 3.198654365808615125e+02
3.358534719377259989e+02 3.209051268727401407e+02
3.370053271394086210e+02 3.219448171646186552e+02
3.381571823410912998e+02 3.229845074564973402e+02
3.393090375427739218e+02 3.240241977483758546e+02
3.404608927444566007e+02 3.250638880402544828e+02
3.416127479461392795e+02 3.261035783321330541e+02
3.427646031478219584e+02 3.271432686240116254e+02
3.439164583495046372e+02 3.281829589158902536e+02
3.450683135511873161e+02 3.292226492077688249e+02
3.462201687528699381e+02 3.302623394996473962e+02
3.473720239545525601e+02 3.313020297915259107e+02
3.485238791562352390e+02 3.323417200834045389e+02
3.496757343579179178e+02 3.333814103752831102e+02
3.508275895596005967e+02 3.344211006671617383e+02
3.519794447612832755e+02 3.354607909590403096e+02
3.531312999629659544e+02 3.365004812509189378e+02
3.542831551646485764e+02 3.375401715427974523e+02
3.554350103663312552e+02 3.385798618346760804e+02
