1.266874091798237885e+02 2.132357102459718874e+02
1.278138433115092596e+02 2.134900844226418428e+02
1.289402774431947307e+02 2.137444585993117698e+02
1.300667115748802019e+02 2.139988327759817253e+02
1.311931457065657014e+02 2.142532069526516807e+02
1.323195798382511725e+02 2.145075811293216361e+02
1.334460139699366437e+02 2.147619553059915631e+02
1.345724481016221148e+02 2.150163294826615186e+02
1.356988822333075859e+02 2.152707036593314740e+02
1.368253163649930571e+02 2.155250778360014294e+02
1.379517504966785282e+02 2.157794520126713564e+02
1.390781846283640277e+02 2.160338261893413119e+02
1.402046187600494989e+02 2.162882003660112673e+02
1.413310528917349700e+02 2.165425745426812227e+02
1.424574870234204411e+02 2.167969487193511497e+02
1.435839211551059122e+02 2.170513228960211336e+02
1.447103552867913834e+02 2.173056970726910890e+02
1.458367894184768829e+02 2.175600712493609876e+02
1.469632235501623541e+02 2.178144454260309715e+02
1.480896576818478252e+02 2.180688196027009269e+02
1.492160918135332963e+02 2.183231937793708539e+02
1.503425259452187674e+02 2.185775679560408093e+02
1.514689600769042386e+02 2.188319421327107648e+02
1.525953942085897097e+02 2.190863163093807202e+02
1.537218283402751808e+02 2.193406904860506472e+02
1.548482624719606804e+02 2.195950646627206027e+02
1.559746966036461515e+02 2.198494388393905865e+02
1.571011307353316226e+02 2.201038130160605135e+02
1.582275648670170938e+02 2.203581871927304405e+02
1.593539989987025649e+02 2.206200657190834420e+02
1.604804331303880645e+02 2.208847383045160200e+02
1.616068672620735356e+02 2.211516402072164169e+02
1.627333013937590067e+02 2.214218568764835595e+02
1.638597355254444778e+02 2.216950175566161931e+02
1.649861696571299490e+02 2.219707937463447252e+02
1.661126037888154201e+02 2.222490164988829804e+02
1.672390379205008912e+02 2.225297040054568924e+02
1.683654720521863624e+02 2.228177714474949767e+02
1.694919061838718619e+02 2.231141033013700792e+02
1.706183403155573330e+02 2.234262968021829181e+02
1.717447744472428042e+02 2.237520294532906746e+02
1.728712085789282753e+02 2.240932742586916504e+02
1.739976427106137464e+02 2.244459024463999981e+02
1.751240768422992460e+02 2.248062808570778941e+02
1.762505109739847171e+02 2.251720630614897516e+02
1.773769451056701882e+02 2.255417036626606659e+02
1.785033792373556594e+02 2.259128501193559089e+02
1.796298133690411305e+02 2.262851767458494407e+02
1.807562475007266016e+02 2.266573420746897796e+02
1.818826816324120728e+02 2.270292302652630383e+02
1.830091157640975439e+02 2.274271606544517681e+02
1.841355498957830150e+02 2.278606605661113917e+02
1.852619840274685146e+02 2.283372786946201813e+02
1.863884181591539857e+02 2.288686887247459651e+02
1.875148522908394568e+02 2.294364527947430474e+02
1.886412864225249280e+02 2.300276277584362674e+02
1.897677205542103991e+02 2.306212576723586665e+02
1.908941546858958986e+02 2.312118408261685261e+02
1.920205888175813698e+02 2.317974723605959753e+02
1.931470229492668409e+02 2.323717006845479318e+02
1.942734570809523120e+02 2.329341434749035216e+02
1.953998912126377832e+02 2.334806967238216657e+02
1.965263253443232543e+02 2.340098711528771958e+02
1.976527594760087254e+02 2.345195326496710209e+02
1.987791936076941965e+02 2.350047844537051844e+02
1.999056277393796677e+02 2.354639506065985870e+02
2.010320618710651672e+02 2.358929505208190278e+02
2.021584960027506384e+02 2.362882162224836406e+02
2.032849301344361095e+02 2.366493696441442012e+02
2.044113642661215806e+02 2.369776929720172518e+02
2.055377983978070802e+02 2.372775354792880194e+02
2.066642325294925513e+02 2.375522443011592486e+02
2.077906666611780224e+02 2.378088982042995099e+02
2.089171007928634936e+02 2.380458622965362281e+02
2.100435349245489647e+02 2.382646867493575655e+02
2.111699690562344358e+02 2.384655197296851838e+02
2.122964031879199069e+02 2.386490828376857394e+02
2.134228373196053781e+02 2.388187602107378780e+02
2.145492714512908492e+02 2.389716856496692117e+02
2.156757055829763203e+02 2.391064546657152050e+02
2.168021397146618199e+02 2.392267580848305215e+02
2.179285738463472910e+02 2.393298751529820834e+02
2.190550079780327621e+02 2.394189552831107335e+02
2.201814421097182617e+02 2.395003105516096014e+02
2.213078762414037328e+02 2.395711812939090919e+02
2.224343103730892039e+02 2.396364003796826125e+02
2.235607445047746751e+02 2.396962041195862128e+02
2.246871786364601462e+02 2.397517572864668409e+02
2.258136127681456173e+02 2.398022086857998829e+02
2.269400468998310885e+02 2.398485678089541864e+02
2.280664810315165596e+02 2.398912106582993715e+02
2.291929151632020307e+02 2.399322654559176442e+02
2.303193492948875019e+02 2.399805557785712722e+02
2.314457834265730014e+02 2.400595700406639992e+02
2.325722175582584725e+02 2.401798729710384066e+02
2.336986516899439437e+02 2.403493614114948400e+02
2.348250858216294148e+02 2.405683392539674514e+02
2.359515199533149143e+02 2.408323138217701569e+02
2.370779540850003855e+02 2.411380684188603709e+02
2.382043882166858566e+02 2.414793322153954023e+02
2.393308223483713277e+02 2.418522843964556159e+02
2.404572564800567989e+02 2.422629960712979198e+02
2.415836906117422700e+02 2.427064228254545810e+02
2.427101247434277411e+02 2.431841316304308975e+02
2.438365588751132123e+02 2.437013788811548807e+02
2.449629930067986834e+02 2.442568623795757503e+02
2.460894271384841545e+02 2.448494396400607229e+02
2.472158612701696541e+02 2.454733361464042503e+02
2.483422954018551252e+02 2.461196583308447714e+02
2.494687295335405963e+02 2.467898398358886709e+02
2.505951636652260959e+02 2.474914164732887230e+02
2.517215977969115670e+02 2.482221619340542986e+02
2.528480319285970381e+02 2.489796353434432206e+02
2.539744660602825093e+02 2.497549067790914421e+02
2.551009001919679804e+02 2.505487439407835097e+02
2.562273343236534515e+02 2.513543427332097622e+02
2.573537684553389226e+02 2.521758741321848447e+02
2.584802025870243938e+02 2.530153223844548052e+02
2.596066367187098649e+02 2.538734242826627678e+02
2.607330708503953929e+02 2.547508130840815568e+02
2.618595049820808072e+02 2.556471514138704038e+02
2.629859391137663351e+02 2.565639409324414828e+02
2.641123732454517494e+02 2.574963472163998972e+02
2.652388073771372774e+02 2.584366539607641471e+02
2.663652415088226917e+02 2.593794710215943837e+02
2.674916756405082197e+02 2.603209836199778806e+02
2.686181097721936908e+02 2.612611594709876499e+02
2.697445439038791619e+02 2.621994103552044635e+02
2.708709780355646330e+02 2.631346046435186281e+02
2.719974121672501042e+02 2.640658201180707465e+02
2.731238462989355753e+02 2.649926559569385063e+02
2.742502804306210464e+02 2.659147852587431089e+02
2.753767145623065744e+02 2.668322909210718876e+02
2.765031486939919887e+02 2.677458880319096011e+02
2.776295828256775167e+02 2.686574847059120543e+02
2.787560169573629310e+02 2.695692715496156779e+02
2.798824510890484589e+02 2.704833514083575210e+02
2.810088852207338732e+02 2.714000812044612871e+02
2.821353193524194012e+02 2.723200944872914420e+02
2.832617534841048723e+02 2.732434447114352452e+02
2.843881876157903434e+02 2.741700133136521913e+02
2.855146217474758146e+02 2.750998729454388467e+02
2.866410558791612857e+02 2.760333430473410203e+02
2.877674900108467568e+02 2.769705644596387515e+02
2.888939241425322280e+02 2.779131128822348842e+02
2.900203582742177559e+02 2.788616310008766277e+02
2.911467924059031702e+02 2.798156352501329138e+02
2.922732265375886982e+02 2.807730337147221462e+02
2.933996606692741125e+02 2.817311810777217715e+02
2.945260948009596405e+02 2.826895508159308861e+02
2.956525289326450547e+02 2.836482821336377356e+02
2.967789630643305827e+02 2.846077320563009607e+02
2.979053971960160538e+02 2.855681641011142915e+02
2.990318313277015250e+02 2.865292552541952773e+02
3.001582654593869961e+02 2.874924593104632322e+02
3.012846995910724672e+02 2.884623729405523704e+02
3.024111337227579384e+02 2.894407111643408257e+02
3.035375678544434095e+02 2.904252502532206677e+02
3.046640019861288806e+02 2.914128256839589426e+02
3.057904361178143517e+02 2.924035472788431207e+02
3.069168702494998797e+02 2.933984496492951166e+02
3.080433043811852940e+02 2.944006979033338780e+02
3.091697385128708220e+02 2.954140624538836164e+02
3.102961726445562363e+02 2.964442153783778053e+02
3.114226067762417642e+02 2.974937796383380260e+02
3.125490409079271785e+02 2.985626121629882732e+02
3.136754750396127065e+02 2.996460751042578750e+02
3.148019091712981776e+02 3.007404295340481895e+02
3.159283433029836488e+02 3.018331044140068116e+02
3.170547774346691199e+02 3.029051593805916127e+02
3.181812115663545910e+02 3.039497707495931422e+02
3.193076456980400621e+02 3.049783406747768026e+02
3.204340798297255333e+02 3.060406191795515269e+02
3.215605139614110612e+02 3.071028976843263081e+02
3.226869480930964755e+02 3.081651761891009755e+02
3.238133822247820035e+02 3.092274546938757567e+02
3.249398163564674178e+02 3.102897331986504241e+02
3.260662504881529458e+02 3.113520117034252053e+02
3.271926846198383600e+02 3.124142902081998159e+02
3.283191187515238880e+02 3.134765687129746539e+02
3.294455528832093592e+02 3.145388472177493213e+02
3.305719870148948303e+02 3.156011257225241025e+02
3.316984211465803014e+02 3.166634042272987699e+02
3.328248552782657725e+02 3.177256827320734942e+02
3.339512894099512437e+02 3.187879612368482185e+02
3.350777235416367148e+02 3.198502397416229428e+02
3.362041576733222428e+02 3.209125182463977239e+02
3.373305918050076571e+02 3.219747967511723346e+02
3.384570259366931850e+02 3.230370752559471157e+02
3.395834600683785993e+02 3.240993537607218400e+02
3.407098942000641273e+02 3.251616322654966211e+02
3.418363283317495416e+02 3.262239107702712317e+02
3.429627624634350695e+02 3.272861892750460129e+02
3.440891965951205407e+02 3.283484677798207372e+02
3.452156307268060118e+02 3.294107462845954615e+02
3.463420648584914829e+02 3.304730247893702426e+02
3.474684989901769541e+02 3.315353032941449101e+02
3.485949331218624252e+02 3.325975817989196344e+02
3.497213672535478963e+02 3.336598603036943587e+02
3.508478013852333675e+02 3.347221388084690830e+02
