1.252567712990883706e+02 2.119321467033094564e+02
1.264193223586990484e+02 2.122458275374688981e+02
1.275818734183097405e+02 2.125595083716283682e+02
1.287444244779204041e+02 2.128731892057877815e+02
1.299069755375311104e+02 2.131868700399472516e+02
1.310695265971417882e+02 2.135005508741067217e+02
1.322320776567524661e+02 2.138142317082661634e+02
1.333946287163631439e+02 2.141279125424256335e+02
1.345571797759738217e+02 2.144415933765850468e+02
1.357197308355844996e+02 2.147552742107445169e+02
1.368822818951951774e+02 2.150689550449039587e+02
1.380448329548058553e+02 2.153826358790634004e+02
1.392073840144165615e+02 2.156963167132228705e+02
1.403699350740272394e+02 2.160099975473822838e+02
1.415324861336379172e+02 2.163236783815417539e+02
1.426950371932485950e+02 2.166373592157012240e+02
1.438575882528592729e+02 2.169510400498606373e+02
1.450201393124699507e+02 2.172647208840201074e+02
1.461826903720806285e+02 2.175784017181795775e+02
1.473452414316913064e+02 2.178920825523389908e+02
1.485077924913020126e+02 2.182057633864984609e+02
1.496703435509126905e+02 2.185194442206578742e+02
1.508328946105233683e+02 2.188331250548173443e+02
1.519954456701340462e+02 2.191468058889768145e+02
1.531579967297447240e+02 2.194604867231362562e+02
1.543205477893554018e+02 2.197741675572956979e+02
1.554830988489661081e+02 2.200878483914551396e+02
1.566456499085767859e+02 2.204036504937277527e+02
1.578082009681874638e+02 2.207311295793342367e+02
1.589707520277981416e+02 2.210544541531945697e+02
1.601333030874088195e+02 2.213812983595470314e+02
1.612958541470194973e+02 2.217087532349301569e+02
1.624584052066301751e+02 2.220380162929913297e+02
1.636209562662408530e+02 2.223689032196307949e+02
1.647835073258515308e+02 2.227015331687928494e+02
1.659460583854622371e+02 2.230372930076676141e+02
1.671086094450729149e+02 2.233757259586702446e+02
1.682711605046835928e+02 2.237181301126686321e+02
1.694337115642942706e+02 2.240637833833739592e+02
1.705962626239049484e+02 2.244182786335152286e+02
1.717588136835156263e+02 2.247818908146821286e+02
1.729213647431263325e+02 2.251549744934337127e+02
1.740839158027370104e+02 2.255337233068775618e+02
1.752464668623476882e+02 2.259156653458945527e+02
1.764090179219583661e+02 2.262958969567328609e+02
1.775715689815690439e+02 2.266712560841663162e+02
1.787341200411797217e+02 2.270398269233220958e+02
1.798966711007903996e+02 2.274006853941099280e+02
1.810592221604010774e+02 2.277627074924490955e+02
1.822217732200117553e+02 2.281525318188951417e+02
1.833843242796224615e+02 2.285702039865771269e+02
1.845468753392331394e+02 2.290142093226632483e+02
1.857094263988438172e+02 2.294830660430069997e+02
1.868719774584544950e+02 2.299654910014193661e+02
1.880345285180651729e+02 2.304523911599733310e+02
1.891970795776758507e+02 2.309437956307474451e+02
1.903596306372865570e+02 2.314372520160353588e+02
1.915221816968972348e+02 2.319317040961976772e+02
1.926847327565079127e+02 2.324261722456271002e+02
1.938472838161185905e+02 2.329173570799407003e+02
1.950098348757292683e+02 2.333998512267666570e+02
1.961723859353399462e+02 2.338712738077730080e+02
1.973349369949506240e+02 2.343177735689460803e+02
1.984974880545613019e+02 2.347353570167632881e+02
1.996600391141719797e+02 2.351207992318976210e+02
2.008225901737826575e+02 2.354758774447321343e+02
2.019851412333933638e+02 2.358026021358346611e+02
2.031476922930040416e+02 2.361026508467587917e+02
2.043102433526147195e+02 2.363799709736830437e+02
2.054727944122253973e+02 2.366393102595814923e+02
2.066353454718361036e+02 2.368823296790470181e+02
2.077978965314467814e+02 2.371090625366817903e+02
2.089604475910574592e+02 2.373220552097660061e+02
2.101229986506681371e+02 2.375209143588817540e+02
2.112855497102788149e+02 2.377056764617570082e+02
2.124481007698894928e+02 2.378764974857583638e+02
2.136106518295001706e+02 2.380289431535655069e+02
2.147732028891108484e+02 2.381619553844535631e+02
2.159357539487215263e+02 2.382762117237287498e+02
2.170983050083322041e+02 2.383716930722313521e+02
2.182608560679428820e+02 2.384540893418800351e+02
2.194234071275535882e+02 2.385250454580259145e+02
2.205859581871642661e+02 2.385875707099094427e+02
2.217485092467749439e+02 2.386441421370191165e+02
2.229110603063856217e+02 2.386953322393913766e+02
2.240736113659963280e+02 2.387412080010545026e+02
2.252361624256070058e+02 2.387825612002683329e+02
2.263987134852176837e+02 2.388194713032091272e+02
2.275612645448283615e+02 2.388514054872716201e+02
2.287238156044390394e+02 2.388863961900320874e+02
2.298863666640497172e+02 2.389570019101335276e+02
2.310489177236603950e+02 2.390671930198319899e+02
2.322114687832710729e+02 2.392155195629115099e+02
2.333740198428817507e+02 2.393974534114478843e+02
2.345365709024924286e+02 2.396150324296021097e+02
2.356991219621031064e+02 2.398722048967937326e+02
2.368616730217138127e+02 2.401671597111906635e+02
2.380242240813244905e+02 2.405068949096660731e+02
2.391867751409351683e+02 2.408972922632556219e+02
2.403493262005458462e+02 2.413418166874431847e+02
2.415118772601565524e+02 2.418512031788372951e+02
2.426744283197672303e+02 2.424328357954018145e+02
2.438369793793779081e+02 2.430813714963568088e+02
2.449995304389885860e+02 2.437838862529370658e+02
2.461620814985992638e+02 2.445230303310059981e+02
2.473246325582099416e+02 2.452817715227327255e+02
2.484871836178206195e+02 2.460622931170096876e+02
2.496497346774312973e+02 2.468680494317906664e+02
2.508122857370419752e+02 2.476972502754394156e+02
2.519748367966526530e+02 2.485488146335983970e+02
2.531373878562633308e+02 2.494150434577948943e+02
2.542999389158740371e+02 2.502953945176446666e+02
2.554624899754847149e+02 2.511927198085084285e+02
2.566250410350953644e+02 2.521073937566348775e+02
2.577875920947060422e+02 2.530375982545181159e+02
2.589501431543167200e+02 2.539790302847287364e+02
2.601126942139273979e+02 2.549322154415476689e+02
2.612752452735381326e+02 2.558932102654318896e+02
2.624377963331488104e+02 2.568637662738904055e+02
2.636003473927594882e+02 2.578420922033791953e+02
2.647628984523701661e+02 2.588260913518407733e+02
2.659254495119808439e+02 2.598157627454101544e+02
2.670880005715915217e+02 2.608082317274144089e+02
2.682505516312021996e+02 2.618023935487973972e+02
2.694131026908128774e+02 2.627970479924889560e+02
2.705756537504236121e+02 2.637906436660898066e+02
2.717382048100342899e+02 2.647824561413907531e+02
2.729007558696449678e+02 2.657721434117682975e+02
2.740633069292556456e+02 2.667594495801802168e+02
2.752258579888663235e+02 2.677448073522970731e+02
2.763884090484770013e+02 2.687299634684908369e+02
2.775509601080876791e+02 2.697163745507673411e+02
2.787135111676983570e+02 2.707054787873125861e+02
2.798760622273090348e+02 2.716979895969168979e+02
2.810386132869197127e+02 2.726941919988807967e+02
2.822011643465303905e+02 2.736940781680465307e+02
2.833637154061410683e+02 2.746983594434319684e+02
2.845262664657517462e+02 2.757074901962789681e+02
2.856888175253624240e+02 2.767220051352753671e+02
2.868513685849731019e+02 2.777421591907849461e+02
2.880139196445837797e+02 2.787673133018744238e+02
2.891764707041944575e+02 2.797973240234318837e+02
2.903390217638051354e+02 2.808307661223742571e+02
2.915015728234158132e+02 2.818632593490585805e+02
2.926641238830264911e+02 2.828914136693335877e+02
2.938266749426371689e+02 2.839178372730675619e+02
2.949892260022478467e+02 2.849465500868398067e+02
2.961517770618585814e+02 2.859800462758514641e+02
2.973143281214692593e+02 2.870177073455863592e+02
2.984768791810799371e+02 2.880585576939647581e+02
2.996394302406906149e+02 2.891014699415132441e+02
3.008019813003012928e+02 2.901440164325786100e+02
3.019645323599119706e+02 2.911857111140488996e+02
3.031270834195226485e+02 2.922272060035720642e+02
3.042896344791333263e+02 2.932688645479786373e+02
3.054521855387440610e+02 2.943099979220974660e+02
3.066147365983547388e+02 2.953557492531249409e+02
3.077772876579654167e+02 2.964138096831148346e+02
3.089398387175760945e+02 2.974964333812709469e+02
3.101023897771867723e+02 2.986070648510743695e+02
3.112649408367974502e+02 2.997674565366299930e+02
3.124274918964081280e+02 3.009808187698695860e+02
3.135900429560188059e+02 3.022199957324415891e+02
3.147525940156294837e+02 3.035003262424154400e+02
3.159151450752401615e+02 3.048179608049001672e+02
3.170776961348508394e+02 3.061420763599403472e+02
3.182402471944615172e+02 3.074757487863438996e+02
3.194027982540721950e+02 3.088072177025948690e+02
3.205653493136828729e+02 3.101186315412698491e+02
3.217279003732935507e+02 3.113998745705720239e+02
3.228904514329042286e+02 3.126837921092689498e+02
3.240530024925149064e+02 3.139916785782885995e+02
3.252155535521255842e+02 3.152995650473083060e+02
3.263781046117362621e+02 3.166074515163279557e+02
3.275406556713469399e+02 3.179153379853476622e+02
3.287032067309576178e+02 3.192232244543673119e+02
3.298657577905682956e+02 3.205311109233869615e+02
3.310283088501790303e+02 3.218389973924067249e+02
3.321908599097897081e+02 3.231468838614263746e+02
3.333534109694003860e+02 3.244547703304460811e+02
3.345159620290110638e+02 3.257626567994657307e+02
3.356785130886217416e+02 3.270705432684853804e+02
3.368410641482324195e+02 3.283784297375050301e+02
3.380036152078430973e+02 3.296863162065247366e+02
3.391661662674537752e+02 3.309942026755444431e+02
3.403287173270645098e+02 3.323020891445641496e+02
3.414912683866751877e+02 3.336099756135837993e+02
3.426538194462858655e+02 3.349178620826035058e+02
3.438163705058965434e+02 3.362257485516231554e+02
3.449789215655072212e+02 3.375336350206428619e+02
3.461414726251178990e+02 3.388415214896624548e+02
3.473040236847285769e+02 3.401494079586821613e+02
3.484665747443392547e+02 3.414572944277018678e+02
3.496291258039499326e+02 3.427651808967215175e+02
3.507916768635606104e+02 3.440730673657411671e+02
3.519542279231712882e+02 3.453809538347608168e+02
3.531167789827819661e+02 3.466888403037805233e+02
3.542793300423926439e+02 3.479967267728001730e+02
3.554418811020033218e+02 3.493046132418198226e+02
3.566044321616139996e+02 3.506124997108395291e+02
