1.281703013160608577e+02 2.115320517125605875e+02
1.292565872918848129e+02 2.118425022398088515e+02
1.303428732677087964e+02 2.121529527670570872e+02
1.314291592435327516e+02 2.124634032943052944e+02
1.325154452193567352e+02 2.127738538215535300e+02
1.336017311951806903e+02 2.130843043488017940e+02
1.346880171710046739e+02 2.133947548760500013e+02
1.357743031468286290e+02 2.137052054032982369e+02
1.368605891226526126e+02 2.140156559305464725e+02
1.379468750984765677e+02 2.143261064577947081e+02
1.390331610743005513e+02 2.146365569850429438e+02
1.401194470501245064e+02 2.149470075122911794e+02
1.412057330259484615e+02 2.152574580395394150e+02
1.422920190017724451e+02 2.155679085667876507e+02
1.433783049775964002e+02 2.158783590940358579e+02
1.444645909534203838e+02 2.161888096212841219e+02
1.455508769292443390e+02 2.164992601485323576e+02
1.466371629050683225e+02 2.168097106757805932e+02
1.477234488808922777e+02 2.171201612030288288e+02
1.488097348567162612e+02 2.174306117302770645e+02
1.498960208325402164e+02 2.177410622575253001e+02
1.509823068083641999e+02 2.180515127847735073e+02
1.520685927841881551e+02 2.183619633120217429e+02
1.531548787600121386e+02 2.186724138392699786e+02
1.542411647358360938e+02 2.189828643665182426e+02
1.553274507116600489e+02 2.192933148937664498e+02
1.564137366874840325e+02 2.196037654210146854e+02
1.575000226633080160e+02 2.199142159482629211e+02
1.585863086391319712e+02 2.202246664755111567e+02
1.596725946149559263e+02 2.205351170027593923e+02
1.607588805907799099e+02 2.208470271029223682e+02
1.618451665666038650e+02 2.211631272295783219e+02
1.629314525424278486e+02 2.214773129798238074e+02
1.640177385182518037e+02 2.217896284808546739e+02
1.651040244940757873e+02 2.220985588160687598e+02
1.661903104698997424e+02 2.224041524673000367e+02
1.672765964457237260e+02 2.227020980080456525e+02
1.683628824215476811e+02 2.229907269473558813e+02
1.694491683973716363e+02 2.232736632194166759e+02
1.705354543731956198e+02 2.235592561414449904e+02
1.716217403490196034e+02 2.238584873649296014e+02
1.727080263248435585e+02 2.241724397255126178e+02
1.737943123006675137e+02 2.245025857278355375e+02
1.748805982764914972e+02 2.248434114307882226e+02
1.759668842523154524e+02 2.251938237842688295e+02
1.770531702281394359e+02 2.255504038150926363e+02
1.781394562039633911e+02 2.259105422721417540e+02
1.792257421797873747e+02 2.262736339014789166e+02
1.803120281556113298e+02 2.266360257681723169e+02
1.813983141314353134e+02 2.270063747974655826e+02
1.824846001072592685e+02 2.274030765523694981e+02
1.835708860830832236e+02 2.278441585911754714e+02
1.846571720589072072e+02 2.283282790500128101e+02
1.857434580347311908e+02 2.288541821498517095e+02
1.868297440105551459e+02 2.294121018964656855e+02
1.879160299863791010e+02 2.299830977717129201e+02
1.890023159622030846e+02 2.305560917868378681e+02
1.900886019380270398e+02 2.311292651050401901e+02
1.911748879138510233e+02 2.317037981109645557e+02
1.922611738896749785e+02 2.322729628001148114e+02
1.933474598654989336e+02 2.328321298668595318e+02
1.944337458413229172e+02 2.333779662038157880e+02
1.955200318171469007e+02 2.339052066770507849e+02
1.966063177929708559e+02 2.344092667340338778e+02
1.976926037687948110e+02 2.348822735265138135e+02
1.987788897446187946e+02 2.353221054155497995e+02
1.998651757204427781e+02 2.357262801765200209e+02
2.009514616962667333e+02 2.360971826004185914e+02
2.020377476720906884e+02 2.364362646578682075e+02
2.031240336479146720e+02 2.367496120366252796e+02
2.042103196237386555e+02 2.370393962637891150e+02
2.052966055995626107e+02 2.373102721671281188e+02
2.063828915753865658e+02 2.375589204632655651e+02
2.074691775512105210e+02 2.377923860848092090e+02
2.085554635270345045e+02 2.380164249201834821e+02
2.096417495028584881e+02 2.382288251708821747e+02
2.107280354786824432e+02 2.384284529116447686e+02
2.118143214545063984e+02 2.386142763219074254e+02
2.129006074303303819e+02 2.387858544635063538e+02
2.139868934061543655e+02 2.389429881348428921e+02
2.150731793819783206e+02 2.390875120647627057e+02
2.161594653578022758e+02 2.392225468791297089e+02
2.172457513336262593e+02 2.393474281281356753e+02
2.183320373094502429e+02 2.394653227401519473e+02
2.194183232852741980e+02 2.395740117251023378e+02
2.205046092610981532e+02 2.396754563394901538e+02
2.215908952369221083e+02 2.397688058163658411e+02
2.226771812127460919e+02 2.398533641429285694e+02
2.237634671885700755e+02 2.399284776992834338e+02
2.248497531643940306e+02 2.399940007500545960e+02
2.259360391402179857e+02 2.400483373630836468e+02
2.270223251160419693e+02 2.400930481367608991e+02
2.281086110918659529e+02 2.401299184348215476e+02
2.291948970676899080e+02 2.401627923230606712e+02
2.302811830435138631e+02 2.402076602030492154e+02
2.313674690193378467e+02 2.402958449701713448e+02
2.324537549951618018e+02 2.404261149382439271e+02
2.335400409709857854e+02 2.406031152851828949e+02
2.346263269468097405e+02 2.408201555709158299e+02
2.357126129226336957e+02 2.410810934673826296e+02
2.367988988984576793e+02 2.413850028781626236e+02
2.378851848742816628e+02 2.417330149503144980e+02
2.389714708501056180e+02 2.421255171641929280e+02
2.400577568259295731e+02 2.425582939172062709e+02
2.411440428017535567e+02 2.430304761375711280e+02
2.422303287775775402e+02 2.435334259629833582e+02
2.433166147534014954e+02 2.440616740600212893e+02
2.444029007292254505e+02 2.446144407359408035e+02
2.454891867050494341e+02 2.451870596777351352e+02
2.465754726808733892e+02 2.457787814632762604e+02
2.476617586566973728e+02 2.463881091948566109e+02
2.487480446325213279e+02 2.470137713276988620e+02
2.498343306083452831e+02 2.476577699179553633e+02
2.509206165841692666e+02 2.483243291506456103e+02
2.520069025599932502e+02 2.490177476472586875e+02
2.530931885358172053e+02 2.497367598533750481e+02
2.541794745116411605e+02 2.504705508530007592e+02
2.552657604874651440e+02 2.512136579436011630e+02
2.563520464632890707e+02 2.519710026726793330e+02
2.574383324391130827e+02 2.527437123690822602e+02
2.585246184149370379e+02 2.535325636278655566e+02
2.596109043907609930e+02 2.543382529222206756e+02
2.606971903665850050e+02 2.551609682975027908e+02
2.617834763424089601e+02 2.560034346441282764e+02
2.628697623182329153e+02 2.568654047163019527e+02
2.639560482940569273e+02 2.577458191391973514e+02
2.650423342698808256e+02 2.586430020023171323e+02
2.661286202457048375e+02 2.595490180634328681e+02
2.672149062215287927e+02 2.604600330377280102e+02
2.683011921973527478e+02 2.613724848398210838e+02
2.693874781731767598e+02 2.622833775887289107e+02
2.704737641490006581e+02 2.631920885750894286e+02
2.715600501248246701e+02 2.640975028422780611e+02
2.726463361006486252e+02 2.649994876947439479e+02
2.737326220764725804e+02 2.658987928942159442e+02
2.748189080522965924e+02 2.667966434434421785e+02
2.759051940281205475e+02 2.676939507384835792e+02
2.769914800039445026e+02 2.685931861165749979e+02
2.780777659797685146e+02 2.694946544642164667e+02
2.791640519555924129e+02 2.704004537105256532e+02
2.802503379314164249e+02 2.713122188527759704e+02
2.813366239072403800e+02 2.722312786374933467e+02
2.824229098830643352e+02 2.731573719191366081e+02
2.835091958588883472e+02 2.740902728288596677e+02
2.845954818347122455e+02 2.750290215881550466e+02
2.856817678105362575e+02 2.759725956212285496e+02
2.867680537863602126e+02 2.769201493728011201e+02
2.878543397621841677e+02 2.778710825174840124e+02
2.889406257380081797e+02 2.788233222050802169e+02
2.900269117138321349e+02 2.797746799583873099e+02
2.911131976896560900e+02 2.807231725294827243e+02
2.921994836654801020e+02 2.816653792781089578e+02
2.932857696413040003e+02 2.826009687692458101e+02
2.943720556171280123e+02 2.835342305461065280e+02
2.954583415929519674e+02 2.844800550802824546e+02
2.965446275687759226e+02 2.854387552990700669e+02
2.976309135445999345e+02 2.864052375614696757e+02
2.987171995204238328e+02 2.873750919266761343e+02
2.998034854962478448e+02 2.883443801965232183e+02
3.008897714720718000e+02 2.893103821545296910e+02
3.019760574478957551e+02 2.902712405249362746e+02
3.030623434237197671e+02 2.912270190335064513e+02
3.041486293995437222e+02 2.921772275771348859e+02
3.052349153753676774e+02 2.931227641930642562e+02
3.063212013511916894e+02 2.940640154055703306e+02
3.074074873270155877e+02 2.950014233106959409e+02
3.084937733028395996e+02 2.959370454038317462e+02
3.095800592786635548e+02 2.968741137199455693e+02
3.106663452544875099e+02 2.978175402726044467e+02
3.117526312303115219e+02 2.987725387743015517e+02
3.128389172061354202e+02 2.997444741263434480e+02
3.139252031819594322e+02 3.007297434819013233e+02
3.150114891577833873e+02 3.017020900622995896e+02
3.160977751336073425e+02 3.026608978969188115e+02
3.171840611094313545e+02 3.036313843703932775e+02
3.182703470852553096e+02 3.046018708438677436e+02
3.193566330610792647e+02 3.055723573173422096e+02
3.204429190369032767e+02 3.065428437908167325e+02
3.215292050127271750e+02 3.075133302642910849e+02
3.226154909885511870e+02 3.084838167377656077e+02
3.237017769643751421e+02 3.094543032112400169e+02
3.247880629401990973e+02 3.104247896847144830e+02
3.258743489160231093e+02 3.113952761581889490e+02
3.269606348918470076e+02 3.123657626316634150e+02
3.280469208676710196e+02 3.133362491051378811e+02
3.291332068434949747e+02 3.143067355786122903e+02
3.302194928193189298e+02 3.152772220520867563e+02
3.313057787951429418e+02 3.162477085255612792e+02
3.323920647709668970e+02 3.172181949990356884e+02
3.334783507467908521e+02 3.181886814725102113e+02
3.345646367226148641e+02 3.191591679459846773e+02
3.356509226984387624e+02 3.201296544194590297e+02
3.367372086742627744e+02 3.211001408929335525e+02
3.378234946500867295e+02 3.220706273664080186e+02
3.389097806259106846e+02 3.230411138398824278e+02
3.399960666017346966e+02 3.240116003133569507e+02
3.410823525775585949e+02 3.249820867868313599e+02
3.421686385533826069e+02 3.259525732603058259e+02
3.432549245292065621e+02 3.269230597337802919e+02
3.443412105050305172e+02 3.278935462072547011e+02
