1.276975959433401897e+02 2.078560665186018355e+02
1.286851129136283305e+02 2.082392985809116794e+02
1.296726298839164429e+02 2.086225306432214666e+02
1.306601468542045836e+02 2.090057627055312821e+02
1.316476638244926960e+02 2.093889947678410692e+02
1.326351807947808368e+02 2.097722268301508848e+02
1.336226977650689491e+02 2.101554588924607003e+02
1.346102147353570899e+02 2.105386909547705159e+02
1.355977317056452307e+02 2.109219230170803030e+02
1.365852486759333431e+02 2.113051550793901470e+02
1.375727656462214838e+02 2.116883871416999341e+02
1.385602826165095962e+02 2.120716192040097212e+02
1.395477995867977370e+02 2.124548512663195083e+02
1.405353165570858494e+02 2.128380833286293239e+02
1.415228335273739901e+02 2.132213153909391394e+02
1.425103504976621025e+02 2.136045474532489266e+02
1.434978674679502433e+02 2.139877795155587421e+02
1.444853844382383841e+02 2.143710115778685577e+02
1.454729014085264964e+02 2.147542436401783448e+02
1.464604183788146372e+02 2.151374757024881603e+02
1.474479353491027496e+02 2.155207077647979759e+02
1.484354523193908904e+02 2.159039398271077630e+02
1.494229692896790027e+02 2.162871718894175785e+02
1.504104862599671435e+02 2.166704039517273941e+02
1.513980032302552559e+02 2.170536360140371812e+02
1.523855202005433966e+02 2.174368680763470252e+02
1.533730371708315374e+02 2.178201001386568123e+02
1.543605541411196498e+02 2.182033322009665994e+02
1.553480711114077906e+02 2.185865642632764150e+02
1.563355880816959029e+02 2.189791210120408778e+02
1.573231050519840437e+02 2.193921183413223730e+02
1.583106220222721845e+02 2.197714931034293500e+02
1.592981389925602969e+02 2.201103843061920884e+02
1.602856559628484092e+02 2.204191094590967737e+02
1.612731729331365500e+02 2.207080319400163830e+02
1.622606899034246908e+02 2.209868485173630006e+02
1.632482068737128031e+02 2.212636581142877787e+02
1.642357238440009439e+02 2.215396554728219769e+02
1.652232408142890563e+02 2.218185798447952948e+02
1.662107577845771971e+02 2.220989987739803837e+02
1.671982747548653379e+02 2.223873878941145108e+02
1.681857917251534502e+02 2.226829734772000791e+02
1.691733086954415626e+02 2.229903435083360534e+02
1.701608256657297034e+02 2.233085522714779927e+02
1.711483426360178441e+02 2.236343053407578338e+02
1.721358596063059565e+02 2.239654904162628952e+02
1.731233765765940973e+02 2.243031745363564369e+02
1.741108935468822096e+02 2.246444846908648287e+02
1.750984105171703504e+02 2.249902155760081257e+02
1.760859274874584912e+02 2.253380019301062873e+02
1.770734444577466036e+02 2.256870037757087744e+02
1.780609614280347444e+02 2.260369824757651713e+02
1.790484783983228567e+02 2.263860475908617786e+02
1.800359953686109975e+02 2.267361746047350550e+02
1.810235123388991383e+02 2.270843772712071598e+02
1.820110293091872506e+02 2.274329717718814834e+02
1.829985462794753630e+02 2.277805794514491424e+02
1.839860632497635038e+02 2.281291575636681159e+02
1.849735802200516446e+02 2.284812037297296854e+02
1.859610971903397569e+02 2.288571347034477697e+02
1.869486141606278977e+02 2.292561014008432778e+02
1.879361311309160101e+02 2.296848947153122253e+02
1.889236481012041509e+02 2.301494334766205725e+02
1.899111650714922916e+02 2.306433150909449523e+02
1.908986820417804040e+02 2.311656797928563094e+02
1.918861990120685164e+02 2.316916053222241771e+02
1.928737159823566572e+02 2.322158091600105649e+02
1.938612329526447979e+02 2.327392570853151028e+02
1.948487499229329103e+02 2.332580162066805656e+02
1.958362668932210511e+02 2.337673734084715420e+02
1.968237838635091634e+02 2.342615344999233571e+02
1.978113008337973042e+02 2.347352654320503120e+02
1.987988178040854450e+02 2.351849693632723870e+02
1.997863347743735574e+02 2.356093574849797108e+02
2.007738517446616697e+02 2.360072884442169538e+02
2.017613687149498105e+02 2.363818601331086882e+02
2.027488856852379513e+02 2.367351091593656918e+02
2.037364026555260921e+02 2.370677941756947291e+02
2.047239196258142044e+02 2.373823778291319968e+02
2.057114365961023168e+02 2.376768583471234138e+02
2.066989535663904576e+02 2.379517029643444062e+02
2.076864705366785984e+02 2.382038037541507833e+02
2.086739875069667107e+02 2.384323202720766801e+02
2.096615044772548231e+02 2.386402074491858798e+02
2.106490214475429639e+02 2.388347999207036310e+02
2.116365384178311047e+02 2.390195601866956281e+02
2.126240553881192454e+02 2.391957335568776557e+02
2.136115723584073578e+02 2.393632758939621397e+02
2.145990893286954702e+02 2.395232622371449906e+02
2.155866062989836109e+02 2.396757855190840019e+02
2.165741232692717517e+02 2.398219660835784168e+02
2.175616402395598641e+02 2.399595078883541248e+02
2.185491572098480049e+02 2.400910549102355844e+02
2.195366741801361172e+02 2.402139741695994246e+02
2.205241911504242580e+02 2.403292222859133744e+02
2.215117081207123988e+02 2.404347137982952063e+02
2.224992250910005112e+02 2.405298004019157361e+02
2.234867420612886235e+02 2.406143286444074647e+02
2.244742590315767643e+02 2.406887303733570889e+02
2.254617760018649051e+02 2.407510615809492265e+02
2.264492929721530174e+02 2.408024696952062413e+02
2.274368099424411582e+02 2.408447366108567564e+02
2.284243269127292706e+02 2.408842193712981157e+02
2.294118438830174114e+02 2.409267201425486462e+02
2.303993608533055522e+02 2.409725757415272369e+02
2.313868778235936645e+02 2.410250217718303816e+02
2.323743947938817769e+02 2.410992456238054729e+02
2.333619117641699177e+02 2.412030253442829064e+02
2.343494287344580584e+02 2.413379581034677699e+02
2.353369457047461992e+02 2.415060112782803117e+02
2.363244626750343116e+02 2.417070424404174673e+02
2.373119796453224239e+02 2.419442163632327834e+02
2.382994966156105647e+02 2.422160515702145744e+02
2.392870135858987055e+02 2.425180945515188000e+02
2.402745305561868179e+02 2.428503899791594449e+02
2.412620475264749302e+02 2.432076863690039943e+02
2.422495644967630710e+02 2.435964807314854284e+02
2.432370814670512118e+02 2.440191991675548593e+02
2.442245984373393526e+02 2.444739575772952946e+02
2.452121154076274649e+02 2.449545359893680825e+02
2.461996323779155773e+02 2.454641273695656025e+02
2.471871493482037181e+02 2.459919009165378156e+02
2.481746663184918589e+02 2.465377867619931465e+02
2.491621832887799712e+02 2.471029027828596440e+02
2.501497002590681120e+02 2.476930631513830576e+02
2.511372172293562244e+02 2.483067074418826792e+02
2.521247341996443652e+02 2.489457794162670154e+02
2.531122511699325059e+02 2.495935336634546786e+02
2.540997681402206183e+02 2.502555096118218216e+02
2.550872851105087307e+02 2.509303333745249063e+02
2.560748020807968715e+02 2.516141481154164694e+02
2.570623190510850122e+02 2.523061348102906152e+02
2.580498360213731530e+02 2.530072816378732057e+02
2.590373529916612370e+02 2.537194007212419820e+02
2.600248699619493777e+02 2.544450246686664059e+02
2.610123869322375185e+02 2.551852724395528185e+02
2.619999039025256025e+02 2.559404671913655420e+02
2.629874208728138001e+02 2.567070553052831201e+02
2.639749378431018840e+02 2.574794109245863183e+02
2.649624548133900248e+02 2.582537518370438647e+02
2.659499717836781656e+02 2.590254738956648453e+02
2.669374887539662495e+02 2.597952432524720052e+02
2.679250057242544472e+02 2.605628897013359051e+02
2.689125226945425311e+02 2.613284724234908367e+02
2.699000396648306719e+02 2.620913795630449954e+02
2.708875566351188127e+02 2.628509335967212337e+02
2.718750736054068966e+02 2.636068635599203276e+02
2.728625905756950942e+02 2.643589363923774727e+02
2.738501075459831782e+02 2.651071704594671701e+02
2.748376245162713190e+02 2.658514593206209042e+02
2.758251414865594597e+02 2.665921062067332628e+02
2.768126584568475437e+02 2.673294179678801470e+02
2.778001754271357413e+02 2.680646798816036380e+02
2.787876923974238252e+02 2.687981039064163724e+02
2.797752093677119660e+02 2.695306522678671968e+02
2.807627263380001068e+02 2.702624866887927055e+02
2.817502433082881907e+02 2.709938955228927853e+02
2.827377602785763315e+02 2.717247778452283455e+02
2.837252772488644723e+02 2.724549135763463710e+02
2.847127942191525563e+02 2.731840410975083842e+02
2.857003111894407539e+02 2.739116745049134352e+02
2.866878281597288378e+02 2.746374917311943591e+02
2.876753451300169786e+02 2.753618842069578818e+02
2.886628621003051194e+02 2.760858288314197466e+02
2.896503790705932033e+02 2.768104982402865062e+02
2.906378960408814009e+02 2.775372599866368546e+02
2.916254130111694849e+02 2.782670547880014738e+02
2.926129299814576257e+02 2.789997471211492552e+02
2.936004469517457665e+02 2.797346601124831977e+02
2.945879639220338504e+02 2.804712154078939648e+02
2.955754808923220480e+02 2.812091703998455046e+02
2.965629978626101320e+02 2.819353564704972541e+02
2.975505148328982727e+02 2.826615425411490037e+02
2.985380318031864135e+02 2.833877286118008669e+02
2.995255487734744975e+02 2.841139146824526733e+02
3.005130657437626382e+02 2.848401007531044797e+02
3.015005827140507790e+02 2.855662868237562861e+02
3.024880996843389198e+02 2.862924728944081494e+02
3.034756166546270606e+02 2.870186589650599558e+02
3.044631336249151445e+02 2.877448450357117053e+02
3.054506505952032853e+02 2.884710311063635686e+02
3.064381675654914261e+02 2.891972171770153750e+02
3.074256845357795100e+02 2.899234032476671246e+02
3.084132015060677077e+02 2.906495893183190447e+02
3.094007184763557916e+02 2.913757753889708511e+02
3.103882354466439324e+02 2.921019614596226575e+02
3.113757524169320732e+02 2.928281475302744639e+02
3.123632693872201571e+02 2.935543336009262703e+02
3.133507863575083547e+02 2.942805196715780767e+02
3.143383033277964387e+02 2.950067057422298831e+02
3.153258202980845795e+02 2.957328918128816895e+02
3.163133372683727202e+02 2.964590778835334959e+02
3.173008542386608042e+02 2.971852639541853023e+02
3.182883712089490018e+02 2.979114500248371655e+02
3.192758881792370858e+02 2.986376360954889719e+02
3.202634051495252265e+02 2.993638221661407783e+02
3.212509221198133673e+02 3.000900082367925847e+02
3.222384390901014513e+02 3.008161943074443911e+02
3.232259560603895920e+02 3.015423803780961975e+02
3.242134730306777328e+02 3.022685664487480039e+02
