1.279177752747121986e+02 2.121850400756341912e+02
1.290374666115723414e+02 2.124700861196098458e+02
1.301571579484324843e+02 2.127551321635854720e+02
1.312768492852926272e+02 2.130401782075610981e+02
1.323965406221527701e+02 2.133252242515367527e+02
1.335162319590129414e+02 2.136102702955123789e+02
1.346359232958730843e+02 2.138953163394880335e+02
1.357556146327332272e+02 2.141803623834636596e+02
1.368753059695933700e+02 2.144654084274392858e+02
1.379949973064535129e+02 2.147504544714149119e+02
1.391146886433136558e+02 2.150355005153905381e+02
1.402343799801737987e+02 2.153205465593661643e+02
1.413540713170339416e+02 2.156055926033418473e+02
1.424737626538940845e+02 2.158906386473174734e+02
1.435934539907542558e+02 2.161756846912931280e+02
1.447131453276143986e+02 2.164607307352687542e+02
1.458328366644745415e+02 2.167457767792444088e+02
1.469525280013346844e+02 2.170308228232200349e+02
1.480722193381948273e+02 2.173158688671956611e+02
1.491919106750549702e+02 2.176009149111713157e+02
1.503116020119151131e+02 2.178859609551469134e+02
1.514312933487752559e+02 2.181710069991225964e+02
1.525509846856353988e+02 2.184560530430981657e+02
1.536706760224955701e+02 2.187410990870738488e+02
1.547903673593557130e+02 2.190261451310494749e+02
1.559100586962158559e+02 2.193111911750251295e+02
1.570297500330759988e+02 2.195962372190007557e+02
1.581494413699361417e+02 2.198812832629763818e+02
1.592691327067962845e+02 2.201663293069520080e+02
1.603888240436564274e+02 2.204564958005070707e+02
1.615085153805165703e+02 2.207486535621868597e+02
1.626282067173767132e+02 2.210403789008610147e+02
1.637478980542368845e+02 2.213307472987705182e+02
1.648675893910969990e+02 2.216213671289326044e+02
1.659872807279571703e+02 2.219128566827878899e+02
1.671069720648173131e+02 2.222059752810208124e+02
1.682266634016774560e+02 2.225063467194134432e+02
1.693463547385375989e+02 2.228142402729089326e+02
1.704660460753977418e+02 2.231339429386546556e+02
1.715857374122578847e+02 2.234647577444077911e+02
1.727054287491180276e+02 2.238039261903430202e+02
1.738251200859781989e+02 2.241505964381890408e+02
1.749448114228383133e+02 2.245050331265478292e+02
1.760645027596984846e+02 2.248666088198552302e+02
1.771841940965586275e+02 2.252358687780919126e+02
1.783038854334187704e+02 2.256130285744540060e+02
1.794235767702789133e+02 2.259978921866773476e+02
1.805432681071390562e+02 2.263849205161111513e+02
1.816629594439991990e+02 2.267749164193402578e+02
1.827826507808593419e+02 2.271674315968002986e+02
1.839023421177195132e+02 2.275853466124501381e+02
1.850220334545796277e+02 2.280435943403336125e+02
1.861417247914397990e+02 2.285528376603548679e+02
1.872614161282999419e+02 2.291044665027285703e+02
1.883811074651600848e+02 2.296924819366856241e+02
1.895007988020202276e+02 2.302827550848370208e+02
1.906204901388803705e+02 2.308694025285541898e+02
1.917401814757405134e+02 2.314551713648966143e+02
1.928598728126006563e+02 2.320495088881147296e+02
1.939795641494608276e+02 2.326438571367043266e+02
1.950992554863209421e+02 2.332290668666269084e+02
1.962189468231811134e+02 2.337987171459103592e+02
1.973386381600412562e+02 2.343449468414499393e+02
1.984583294969013991e+02 2.348604574984448732e+02
1.995780208337615420e+02 2.353420305907453383e+02
2.006977121706216849e+02 2.357857871279834967e+02
2.018174035074818278e+02 2.361947237133474573e+02
2.029370948443419707e+02 2.365680861392954171e+02
2.040567861812021420e+02 2.369065712028894097e+02
2.051764775180622564e+02 2.372125692915120965e+02
2.062961688549224277e+02 2.374946437224093643e+02
2.074158601917825706e+02 2.377535614523656022e+02
2.085355515286427135e+02 2.379933254760533146e+02
2.096552428655028564e+02 2.382106763726454801e+02
2.107749342023629993e+02 2.384095752281299951e+02
2.118946255392231421e+02 2.385859396047058283e+02
2.130143168760832850e+02 2.387465641811170087e+02
2.141340082129434563e+02 2.388899425553952369e+02
2.152536995498035708e+02 2.390214216970066161e+02
2.163733908866637421e+02 2.391395148529071548e+02
2.174930822235238850e+02 2.392501001704797829e+02
2.186127735603840279e+02 2.393550037469439644e+02
2.197324648972441707e+02 2.394521497332910940e+02
2.208521562341043136e+02 2.395416329085273901e+02
2.219718475709644565e+02 2.396223934805955764e+02
2.230915389078245994e+02 2.396959594992515576e+02
2.242112302446847707e+02 2.397624690575904083e+02
2.253309215815448852e+02 2.398228830043356368e+02
2.264506129184050565e+02 2.398775479634713008e+02
2.275703042552651709e+02 2.399282074525025052e+02
2.286899955921253422e+02 2.399764438399743369e+02
2.298096869289854851e+02 2.400251678411051444e+02
2.309293782658456280e+02 2.400774282403767472e+02
2.320490696027057709e+02 2.401389677552316471e+02
2.331687609395659138e+02 2.402378465746749612e+02
2.342884522764260851e+02 2.403833187781709739e+02
2.354081436132861995e+02 2.405827552279252473e+02
2.365278349501463708e+02 2.408369776867471614e+02
2.376475262870064853e+02 2.411517354705427465e+02
2.387672176238666566e+02 2.415193005547123732e+02
2.398869089607267995e+02 2.419375747108094856e+02
2.410066002975869424e+02 2.423995925175622403e+02
2.421262916344470852e+02 2.429062589108366410e+02
2.432459829713072281e+02 2.434521806309293197e+02
2.443656743081673994e+02 2.440289568129681186e+02
2.454853656450275139e+02 2.446329243890855309e+02
2.466050569818876852e+02 2.452583761807395604e+02
2.477247483187477997e+02 2.459021312879640391e+02
2.488444396556079710e+02 2.465668969289256438e+02
2.499641309924681138e+02 2.472550748451141658e+02
2.510838223293282567e+02 2.479677626994408683e+02
2.522035136661883996e+02 2.487051069062395072e+02
2.533232050030485425e+02 2.494668047538208953e+02
2.544428963399087138e+02 2.502503272477617315e+02
2.555625876767688283e+02 2.510468002357387718e+02
2.566822790136289996e+02 2.518530715410708183e+02
2.578019703504891140e+02 2.526708308346896672e+02
2.589216616873492853e+02 2.535012194911008407e+02
2.600413530242094566e+02 2.543468360378611237e+02
2.611610443610695711e+02 2.552090245509331794e+02
2.622807356979296856e+02 2.560874390620803638e+02
2.634004270347898569e+02 2.569824128182202116e+02
2.645201183716500282e+02 2.578926203470666110e+02
2.656398097085101426e+02 2.588141853991782000e+02
2.667595010453703139e+02 2.597435596462356102e+02
2.678791923822304852e+02 2.606767245970095814e+02
2.689988837190905997e+02 2.616113512255736850e+02
2.701185750559507142e+02 2.625450065125005494e+02
2.712382663928108855e+02 2.634768204536457574e+02
2.723579577296710568e+02 2.644048979617977011e+02
2.734776490665311712e+02 2.653279937857656137e+02
2.745973404033912857e+02 2.662447286791831402e+02
2.757170317402514570e+02 2.671556402947334732e+02
2.768367230771116283e+02 2.680626046620762963e+02
2.779564144139717428e+02 2.689677328078299183e+02
2.790761057508319141e+02 2.698748961457486075e+02
2.801957970876920854e+02 2.707845813321269475e+02
2.813154884245521998e+02 2.716983110097178269e+02
2.824351797614123143e+02 2.726165407266777834e+02
2.835548710982724856e+02 2.735406974145115555e+02
2.846745624351326569e+02 2.744733152154561822e+02
2.857942537719927714e+02 2.754152844183894331e+02
2.869139451088529427e+02 2.763694227003882133e+02
2.880336364457131140e+02 2.773374343340393580e+02
2.891533277825732284e+02 2.783218504709161039e+02
2.902730191194333429e+02 2.793217161830825717e+02
2.913927104562935142e+02 2.803348542185584620e+02
2.925124017931536855e+02 2.813508936039652895e+02
2.936320931300138000e+02 2.823607205547668855e+02
2.947517844668739144e+02 2.833580390088635568e+02
2.958714758037340857e+02 2.843412398395286687e+02
2.969911671405942570e+02 2.853117951302417623e+02
2.981108584774543715e+02 2.862804446120098305e+02
2.992305498143145428e+02 2.872636930461250131e+02
3.003502411511747141e+02 2.882571348164393612e+02
3.014699324880348286e+02 2.892571449483091328e+02
3.025896238248949430e+02 2.902613493487808682e+02
3.037093151617551143e+02 2.912688534012179389e+02
3.048290064986152856e+02 2.922781548943539178e+02
3.059486978354754001e+02 2.932876629797983696e+02
3.070683891723355714e+02 2.942966597896376015e+02
3.081880805091957427e+02 2.953044611532878321e+02
3.093077718460558572e+02 2.963114202930742067e+02
3.104274631829159716e+02 2.973190888770471361e+02
3.115471545197761429e+02 2.983302738864342700e+02
3.126668458566363142e+02 2.993482558625792080e+02
3.137865371934964287e+02 3.003751003370567219e+02
3.149062285303565432e+02 3.014106101743950603e+02
3.160259198672167145e+02 3.024523061191971465e+02
3.171456112040768858e+02 3.034923616213335436e+02
3.182653025409370002e+02 3.045056744446015387e+02
3.193849938777971715e+02 3.054917452487799778e+02
3.205046852146573428e+02 3.064560147975428208e+02
3.216243765515174573e+02 3.074041727968391911e+02
3.227440678883775718e+02 3.083496206036676313e+02
3.238637592252377431e+02 3.093147857151147946e+02
3.249834505620979144e+02 3.102799508265619579e+02
3.261031418989580288e+02 3.112451159380090644e+02
3.272228332358181433e+02 3.122102810494562277e+02
3.283425245726783714e+02 3.131754461609033910e+02
3.294622159095384859e+02 3.141406112723505544e+02
3.305819072463986004e+02 3.151057763837976609e+02
3.317015985832587717e+02 3.160709414952448242e+02
3.328212899201189430e+02 3.170361066066919875e+02
3.339409812569790574e+02 3.180012717181391508e+02
3.350606725938391719e+02 3.189664368295862005e+02
3.361803639306993432e+02 3.199316019410333638e+02
3.373000552675595145e+02 3.208967670524805271e+02
3.384197466044196290e+02 3.218619321639276905e+02
3.395394379412798003e+02 3.228270972753748538e+02
3.406591292781399716e+02 3.237922623868220171e+02
3.417788206150000860e+02 3.247574274982691804e+02
3.428985119518602005e+02 3.257225926097162301e+02
3.440182032887203718e+02 3.266877577211633934e+02
3.451378946255805431e+02 3.276529228326105567e+02
3.462575859624406576e+02 3.286180879440577201e+02
3.473772772993007720e+02 3.295832530555048265e+02
3.484969686361610002e+02 3.305484181669520467e+02
3.496166599730211146e+02 3.315135832783991532e+02
3.507363513098812291e+02 3.324787483898462597e+02
