1.283973375506321872e+02 2.122597827322867090e+02
1.295077640630334201e+02 2.125527309978005803e+02
1.306181905754346246e+02 2.128456792633144801e+02
1.317286170878358575e+02 2.131386275288283514e+02
1.328390436002370620e+02 2.134315757943422227e+02
1.339494701126382949e+02 2.137245240598561224e+02
1.350598966250394994e+02 2.140174723253699653e+02
1.361703231374407324e+02 2.143104205908838367e+02
1.372807496498419368e+02 2.146033688563977080e+02
1.383911761622431698e+02 2.148963171219115793e+02
1.395016026746443742e+02 2.151892653874254506e+02
1.406120291870456072e+02 2.154822136529393504e+02
1.417224556994468116e+02 2.157751619184531933e+02
1.428328822118480446e+02 2.160681101839670646e+02
1.439433087242492491e+02 2.163610584494809643e+02
1.450537352366504820e+02 2.166540067149948641e+02
1.461641617490516865e+02 2.169469549805087070e+02
1.472745882614529194e+02 2.172399032460225783e+02
1.483850147738541239e+02 2.175328515115364780e+02
1.494954412862553568e+02 2.178257997770503493e+02
1.506058677986565613e+02 2.181187480425641922e+02
1.517162943110577942e+02 2.184116963080780920e+02
1.528267208234590271e+02 2.187046445735919633e+02
1.539371473358602316e+02 2.189975928391058346e+02
1.550475738482614361e+02 2.192905411046197344e+02
1.561580003606626690e+02 2.195834893701335773e+02
1.572684268730639019e+02 2.198764376356474486e+02
1.583788533854651064e+02 2.201897066642734444e+02
1.594892798978663393e+02 2.204900272735073656e+02
1.605997064102675438e+02 2.207821686738404026e+02
1.617101329226687767e+02 2.210698693315760011e+02
1.628205594350699812e+02 2.213552792988606370e+02
1.639309859474712141e+02 2.216403038061601762e+02
1.650414124598724186e+02 2.219252886159185039e+02
1.661518389722736515e+02 2.222102174980502696e+02
1.672622654846748560e+02 2.224940408144746584e+02
1.683726919970760889e+02 2.227757253559058199e+02
1.694831185094772934e+02 2.230550991165985124e+02
1.705935450218785263e+02 2.233354713995159955e+02
1.717039715342797308e+02 2.236327719704901824e+02
1.728143980466809637e+02 2.239424939662479233e+02
1.739248245590821966e+02 2.242735443718458441e+02
1.750352510714834011e+02 2.246141629575492971e+02
1.761456775838846056e+02 2.249710724307182090e+02
1.772561040962858385e+02 2.253388592557986669e+02
1.783665306086870714e+02 2.257127344069489254e+02
1.794769571210882759e+02 2.260900815386464728e+02
1.805873836334894804e+02 2.264676993935897258e+02
1.816978101458907133e+02 2.268451781733370467e+02
1.828082366582919462e+02 2.272206451260735776e+02
1.839186631706931507e+02 2.276315647741606654e+02
1.850290896830943836e+02 2.280897736610865252e+02
1.861395161954955881e+02 2.285985535539168154e+02
1.872499427078968210e+02 2.291571992534871924e+02
1.883603692202980255e+02 2.297697934350092339e+02
1.894707957326992585e+02 2.304089418833646619e+02
1.905812222451004629e+02 2.310540564183468746e+02
1.916916487575016959e+02 2.316875693231582147e+02
1.928020752699029003e+02 2.323086104482806604e+02
1.939125017823041333e+02 2.329134724069391496e+02
1.950229282947053662e+02 2.335001523477764636e+02
1.961333548071065707e+02 2.340713660708661337e+02
1.972437813195077752e+02 2.346165856215303904e+02
1.983542078319090081e+02 2.351340439698578280e+02
1.994646343443102410e+02 2.356189579113492982e+02
2.005750608567114455e+02 2.360600041369427800e+02
2.016854873691126500e+02 2.364541748009158368e+02
2.027959138815138829e+02 2.367965616632787942e+02
2.039063403939151158e+02 2.370916053935256684e+02
2.050167669063163203e+02 2.373490441889994145e+02
2.061271934187175248e+02 2.375771566490298881e+02
2.072376199311187577e+02 2.377810317412854317e+02
2.083480464435199906e+02 2.379674229567064003e+02
2.094584729559211951e+02 2.381372238544754509e+02
2.105688994683223996e+02 2.382933552253398943e+02
2.116793259807236609e+02 2.384373303074738146e+02
2.127897524931248654e+02 2.385699141113459518e+02
2.139001790055260699e+02 2.386922136119007973e+02
2.150106055179273028e+02 2.388033251006054911e+02
2.161210320303285357e+02 2.389043633627510133e+02
2.172314585427297402e+02 2.389964412989006632e+02
2.183418850551309447e+02 2.390801733345855666e+02
2.194523115675321776e+02 2.391564480824040402e+02
2.205627380799334105e+02 2.392260583947750661e+02
2.216731645923346150e+02 2.392876344289028907e+02
2.227835911047358195e+02 2.393401628189184862e+02
2.238940176171370524e+02 2.393870584163524597e+02
2.250044441295382853e+02 2.394307060802290721e+02
2.261148706419394898e+02 2.394740164453972397e+02
2.272252971543406943e+02 2.395173997400062831e+02
2.283357236667419272e+02 2.395625437060214153e+02
2.294461501791431601e+02 2.396216645947305892e+02
2.305565766915443646e+02 2.397088480881916723e+02
2.316670032039455691e+02 2.398276277932128835e+02
2.327774297163468020e+02 2.399838726777232978e+02
2.338878562287480349e+02 2.401851059672233362e+02
2.349982827411492394e+02 2.404346960743571913e+02
2.361087092535504723e+02 2.407257613585200602e+02
2.372191357659517053e+02 2.410550895002322136e+02
2.383295622783529097e+02 2.414275714593236444e+02
2.394399887907541142e+02 2.418393007532135925e+02
2.405504153031553471e+02 2.422972092337707011e+02
2.416608418155565801e+02 2.428022199019728760e+02
2.427712683279577845e+02 2.433507416502387173e+02
2.438816948403589890e+02 2.439366090183180518e+02
2.449921213527602220e+02 2.445494344731825151e+02
2.461025478651614549e+02 2.451828563094793481e+02
2.472129743775626594e+02 2.458381151534548508e+02
2.483234008899638638e+02 2.465176318717676338e+02
2.494338274023650968e+02 2.472171060172439070e+02
2.505442539147663297e+02 2.479323335819737224e+02
2.516546804271675342e+02 2.486633734546354333e+02
2.527651069395687387e+02 2.494050921096265370e+02
2.538755334519699716e+02 2.501553935805126798e+02
2.549859599643712045e+02 2.509130995901803658e+02
2.560963864767724090e+02 2.516801839862106078e+02
2.572068129891736135e+02 2.524602130078231426e+02
2.583172395015748180e+02 2.532561968589941728e+02
2.594276660139760793e+02 2.540668717792101461e+02
2.605380925263772838e+02 2.548965879234289105e+02
2.616485190387785451e+02 2.557470851976415815e+02
2.627589455511797496e+02 2.566163754959890184e+02
2.638693720635809541e+02 2.575001947659134771e+02
2.649797985759821586e+02 2.583990656099116450e+02
2.660902250883833631e+02 2.593085229131940537e+02
2.672006516007845676e+02 2.602277366450293812e+02
2.683110781131858289e+02 2.611547282893244528e+02
2.694215046255870334e+02 2.620871736676840555e+02
2.705319311379882947e+02 2.630223976734653206e+02
2.716423576503894992e+02 2.639572363883966659e+02
2.727527841627907037e+02 2.648891350993894775e+02
2.738632106751919082e+02 2.658167774576439228e+02
2.749736371875931127e+02 2.667394360354106198e+02
2.760840636999943740e+02 2.676569205848361435e+02
2.771944902123955785e+02 2.685701328093767870e+02
2.783049167247968398e+02 2.694797129751906368e+02
2.794153432371980443e+02 2.703858781867459129e+02
2.805257697495992488e+02 2.712898338832579839e+02
2.816361962620004533e+02 2.721913658112110284e+02
2.827466227744016578e+02 2.730936585401594812e+02
2.838570492868028623e+02 2.740028548756698683e+02
2.849674757992041236e+02 2.749185641840833796e+02
2.860779023116053281e+02 2.758392483168756826e+02
2.871883288240065895e+02 2.767629422708434390e+02
2.882987553364077939e+02 2.776877096202889561e+02
2.894091818488089984e+02 2.786116236105066264e+02
2.905196083612102029e+02 2.795320170254116761e+02
2.916300348736114074e+02 2.804474028356854660e+02
2.927404613860126119e+02 2.813568333489808424e+02
2.938508878984138732e+02 2.822604047992102778e+02
2.949613144108151346e+02 2.831596272645105046e+02
2.960717409232163391e+02 2.840566291805013748e+02
2.971821674356175436e+02 2.849543610979808363e+02
2.982925939480187481e+02 2.858557618313971602e+02
2.994030204604199525e+02 2.867646167955360852e+02
3.005134469728211570e+02 2.876853892614109327e+02
3.016238734852224184e+02 2.886215345366923088e+02
3.027342999976236229e+02 2.895799364434952849e+02
3.038447265100248842e+02 2.905615963150238485e+02
3.049551530224260887e+02 2.915494383658215725e+02
3.060655795348272932e+02 2.925387278178798169e+02
3.071760060472284977e+02 2.935266786865961421e+02
3.082864325596297022e+02 2.945122125343008292e+02
3.093968590720309066e+02 2.954944875991985782e+02
3.105072855844321680e+02 2.964722823764069517e+02
3.116177120968333725e+02 2.974417354541500913e+02
3.127281386092346338e+02 2.984029718872759531e+02
3.138385651216358383e+02 2.993653682587314506e+02
3.149489916340370428e+02 3.003398083943079087e+02
3.160594181464382473e+02 3.013275468807625543e+02
3.171698446588394518e+02 3.023178088466978011e+02
3.182802711712407131e+02 3.033029762375438736e+02
3.193906976836419176e+02 3.042881436283898324e+02
3.205011241960431789e+02 3.052733110192359050e+02
3.216115507084443834e+02 3.062584784100819206e+02
3.227219772208455879e+02 3.072436458009279363e+02
3.238324037332467924e+02 3.082288131917739520e+02
3.249428302456479969e+02 3.092139805826199677e+02
3.260532567580492014e+02 3.101991479734659833e+02
3.271636832704504627e+02 3.111843153643119990e+02
3.282741097828516672e+02 3.121694827551580147e+02
3.293845362952529285e+02 3.131546501460040872e+02
3.304949628076541330e+02 3.141398175368501029e+02
3.316053893200553375e+02 3.151249849276961186e+02
3.327158158324565420e+02 3.161101523185420774e+02
3.338262423448577465e+02 3.170953197093881499e+02
3.349366688572589510e+02 3.180804871002341656e+02
3.360470953696602123e+02 3.190656544910801813e+02
3.371575218820614168e+02 3.200508218819262538e+02
3.382679483944626782e+02 3.210359892727722695e+02
3.393783749068638826e+02 3.220211566636182852e+02
3.404888014192650871e+02 3.230063240544643008e+02
3.415992279316662916e+02 3.239914914453103165e+02
3.427096544440674961e+02 3.249766588361562754e+02
3.438200809564687574e+02 3.259618262270024047e+02
3.449305074688699619e+02 3.269469936178483636e+02
3.460409339812712233e+02 3.279321610086944361e+02
3.471513604936724278e+02 3.289173283995405086e+02
3.482617870060736323e+02 3.299024957903865243e+02
3.493722135184748367e+02 3.308876631812324831e+02
