1.285584448140315601e+02 2.077403470667361773e+02
1.295886124704032341e+02 2.081676941252403026e+02
1.306187801267749080e+02 2.085950411837444278e+02
1.316489477831465820e+02 2.090223882422485531e+02
1.326791154395182843e+02 2.094497353007526499e+02
1.337092830958899583e+02 2.098770823592567751e+02
1.347394507522616323e+02 2.103044294177609004e+02
1.357696184086333062e+02 2.107317764762650256e+02
1.367997860650049802e+02 2.111591235347691509e+02
1.378299537213766541e+02 2.115864705932732477e+02
1.388601213777483281e+02 2.120138176517773729e+02
1.398902890341200305e+02 2.124411647102814982e+02
1.409204566904917044e+02 2.128685117687856234e+02
1.419506243468633784e+02 2.132958588272897487e+02
1.429807920032350523e+02 2.137232058857938455e+02
1.440109596596067263e+02 2.141505529442979707e+02
1.450411273159784002e+02 2.145779000028020960e+02
1.460712949723500742e+02 2.150052470613062212e+02
1.471014626287217766e+02 2.154325941198103465e+02
1.481316302850934505e+02 2.158599411783144433e+02
1.491617979414651245e+02 2.162872882368185685e+02
1.501919655978367985e+02 2.167146352953226653e+02
1.512221332542084724e+02 2.171419823538267906e+02
1.522523009105801464e+02 2.175693294123309158e+02
1.532824685669518203e+02 2.179966764708350127e+02
1.543126362233235227e+02 2.184240235293391663e+02
1.553428038796951967e+02 2.188513705878432916e+02
1.563729715360668706e+02 2.192787176463473884e+02
1.574031391924385446e+02 2.197208809744867892e+02
1.584333068488102185e+02 2.201931299387120475e+02
1.594634745051819209e+02 2.206321216587772085e+02
1.604936421615535949e+02 2.210160838753514554e+02
1.615238098179252688e+02 2.213655843795711462e+02
1.625539774742969428e+02 2.216888759535701183e+02
1.635841451306686167e+02 2.220016667643706114e+02
1.646143127870402907e+02 2.223065505339330912e+02
1.656444804434119646e+02 2.226034673171069755e+02
1.666746480997836670e+02 2.228971100648916490e+02
1.677048157561553410e+02 2.231900277945878486e+02
1.687349834125270149e+02 2.234905516235141931e+02
1.697651510688986889e+02 2.237973552994812394e+02
1.707953187252703628e+02 2.241158102003994941e+02
1.718254863816420368e+02 2.244453023840976300e+02
1.728556540380137108e+02 2.247814523739030790e+02
1.738858216943854131e+02 2.251254985222045661e+02
1.749159893507570871e+02 2.254766934412748469e+02
1.759461570071287611e+02 2.258341467721553499e+02
1.769763246635004350e+02 2.261943633091280503e+02
1.780064923198721090e+02 2.265598992850034676e+02
1.790366599762437829e+02 2.269270987894627467e+02
1.800668276326154569e+02 2.272963944004991674e+02
1.810969952889871593e+02 2.276687313990970551e+02
1.821271629453588332e+02 2.280418889119030723e+02
1.831573306017305072e+02 2.284154846227073108e+02
1.841874982581021811e+02 2.287854275077977206e+02
1.852176659144738551e+02 2.291573415285545252e+02
1.862478335708455290e+02 2.295505600060446909e+02
1.872780012272172030e+02 2.299764654644772577e+02
1.883081688835889054e+02 2.304371414556530340e+02
1.893383365399605793e+02 2.309243233919581826e+02
1.903685041963322533e+02 2.314351075788663366e+02
1.913986718527039272e+02 2.319496438682578514e+02
1.924288395090756012e+02 2.324578533836015879e+02
1.934590071654473036e+02 2.329607562300985251e+02
1.944891748218189491e+02 2.334586561529199571e+02
1.955193424781906515e+02 2.339550468443588613e+02
1.965495101345623254e+02 2.344422974408030882e+02
1.975796777909339994e+02 2.349237367779372221e+02
1.986098454473056734e+02 2.353910483870033943e+02
1.996400131036773473e+02 2.358471959048201541e+02
2.006701807600490497e+02 2.362849382346074094e+02
2.017003484164206952e+02 2.367042944577459309e+02
2.027305160727923976e+02 2.370982185894011423e+02
2.037606837291640716e+02 2.374625694953292054e+02
2.047908513855357455e+02 2.377911918325313820e+02
2.058210190419074195e+02 2.380884549224955435e+02
2.068511866982790934e+02 2.383555811346743383e+02
2.078813543546507958e+02 2.385962494298844945e+02
2.089115220110224413e+02 2.388128658604506995e+02
2.099416896673941437e+02 2.390113021821080110e+02
2.109718573237658177e+02 2.391980263487021716e+02
2.120020249801374916e+02 2.393758966798270649e+02
2.130321926365091656e+02 2.395442420969675368e+02
2.140623602928808396e+02 2.396997219631239489e+02
2.150925279492525419e+02 2.398460568640054476e+02
2.161226956056241875e+02 2.399793668516547598e+02
2.171528632619958898e+02 2.401037139544901891e+02
2.181830309183675638e+02 2.402152559757034851e+02
2.192131985747392378e+02 2.403176913251266456e+02
2.202433662311109117e+02 2.404072181867241795e+02
2.212735338874825857e+02 2.404887247124559906e+02
2.223037015438542880e+02 2.405578240898144031e+02
2.233338692002259336e+02 2.406195233725157721e+02
2.243640368565976360e+02 2.406722644377121014e+02
2.253942045129693099e+02 2.407188694150503352e+02
2.264243721693409839e+02 2.407597724384472713e+02
2.274545398257126578e+02 2.407964044645767387e+02
2.284847074820843318e+02 2.408303479967086957e+02
2.295148751384560342e+02 2.408624128931196253e+02
2.305450427948276797e+02 2.408927115891598589e+02
2.315752104511993821e+02 2.409235449240725018e+02
2.326053781075710560e+02 2.409662079601826576e+02
2.336355457639427300e+02 2.410200192494522469e+02
2.346657134203144324e+02 2.410942294669487751e+02
2.356958810766860779e+02 2.412116289501438473e+02
2.367260487330577803e+02 2.413892799763913786e+02
2.377562163894294258e+02 2.416334106846287852e+02
2.387863840458011282e+02 2.419429295011323404e+02
2.398165517021728022e+02 2.423101614020582133e+02
2.408467193585444761e+02 2.427225991591705849e+02
2.418768870149161785e+02 2.431750882600403543e+02
2.429070546712878240e+02 2.436578159112248443e+02
2.439372223276595264e+02 2.441619488821229993e+02
2.449673899840312004e+02 2.446902360426738596e+02
2.459975576404028743e+02 2.452466449664895833e+02
2.470277252967745483e+02 2.458265236597776493e+02
2.480578929531462222e+02 2.464279416834632173e+02
2.490880606095179246e+02 2.470487264157374909e+02
2.501182282658895701e+02 2.476865532772759764e+02
2.511483959222612725e+02 2.483407483118441235e+02
2.521785635786329465e+02 2.490199188200957110e+02
2.532087312350046204e+02 2.497109706697526974e+02
2.542388988913762944e+02 2.504107591033651943e+02
2.552690665477479683e+02 2.511143407563103835e+02
2.562992342041196707e+02 2.518210338776266326e+02
2.573294018604913163e+02 2.525332966678826097e+02
2.583595695168630186e+02 2.532530831390111246e+02
2.593897371732347210e+02 2.539826306110236942e+02
2.604199048296063665e+02 2.547215174352884048e+02
2.614500724859780121e+02 2.554700607874578964e+02
2.624802401423497145e+02 2.562282297071155313e+02
2.635104077987214168e+02 2.569976272509078967e+02
2.645405754550930624e+02 2.577743053478255888e+02
2.655707431114647648e+02 2.585594370966935003e+02
2.666009107678364671e+02 2.593514724618560194e+02
2.676310784242081127e+02 2.601488386188768800e+02
2.686612460805797582e+02 2.609513113725703306e+02
2.696914137369514606e+02 2.617566926736434425e+02
2.707215813933231630e+02 2.625653561891508048e+02
2.717517490496948085e+02 2.633755860712466870e+02
2.727819167060665109e+02 2.641866092657439822e+02
2.738120843624382132e+02 2.649973590567266228e+02
2.748422520188098588e+02 2.658064261373255022e+02
2.758724196751815043e+02 2.666125846171548801e+02
2.769025873315532067e+02 2.674145635082217041e+02
2.779327549879249091e+02 2.682095515066631037e+02
2.789629226442965546e+02 2.689991968562941338e+02
2.799930903006682570e+02 2.697806011545107481e+02
2.810232579570399594e+02 2.705550211165715950e+02
2.820534256134116049e+02 2.713223948694311503e+02
2.830835932697832504e+02 2.720868882529456982e+02
2.841137609261549528e+02 2.728505749553655733e+02
2.851439285825266552e+02 2.736136230884505380e+02
2.861740962388983007e+02 2.743776203382233234e+02
2.872042638952700031e+02 2.751480949910022105e+02
2.882344315516417055e+02 2.759264145337010632e+02
2.892645992080133510e+02 2.767115916985512740e+02
2.902947668643849966e+02 2.775017029028774687e+02
2.913249345207566989e+02 2.782947993654919969e+02
2.923551021771284013e+02 2.790903137282155058e+02
2.933852698335000468e+02 2.798860941110290241e+02
2.944154374898717492e+02 2.806791062711062068e+02
2.954456051462434516e+02 2.814664961498208413e+02
2.964757728026150971e+02 2.822466861442453592e+02
2.975059404589867427e+02 2.830200946651563640e+02
2.985361081153584450e+02 2.837895131784350724e+02
2.995662757717301474e+02 2.845582554321929365e+02
3.005964434281017930e+02 2.853301581786675456e+02
3.016266110844734953e+02 2.861076176031408522e+02
3.026567787408451977e+02 2.868941615448168818e+02
3.036869463972168433e+02 2.876693054803625955e+02
3.047171140535884888e+02 2.884271507493495506e+02
3.057472817099602480e+02 2.891849960183366193e+02
3.067774493663318935e+02 2.899428412873235175e+02
3.078076170227035391e+02 2.907006865563104157e+02
3.088377846790752415e+02 2.914585318252974275e+02
3.098679523354469438e+02 2.922163770942843826e+02
3.108981199918185894e+02 2.929742223632712808e+02
3.119282876481902349e+02 2.937320676322582358e+02
3.129584553045619941e+02 2.944899129012452477e+02
3.139886229609336397e+02 2.952477581702322027e+02
3.150187906173052852e+02 2.960056034392191009e+02
3.160489582736769876e+02 2.967634487082060559e+02
3.170791259300486900e+02 2.975212939771930678e+02
3.181092935864203355e+02 2.982791392461799660e+02
3.191394612427919810e+02 2.990369845151669210e+02
3.201696288991637402e+02 2.997948297841539329e+02
3.211997965555353858e+02 3.005526750531408879e+02
3.222299642119070313e+02 3.013105203221277861e+02
3.232601318682787337e+02 3.020683655911147980e+02
3.242902995246504361e+02 3.028262108601017530e+02
3.253204671810220816e+02 3.035840561290887081e+02
3.263506348373937271e+02 3.043419013980756063e+02
3.273808024937654864e+02 3.050997466670626181e+02
3.284109701501371319e+02 3.058575919360495163e+02
3.294411378065087774e+02 3.066154372050364714e+02
3.304713054628804798e+02 3.073732824740234264e+02
3.315014731192521822e+02 3.081311277430104383e+02
3.325316407756238277e+02 3.088889730119973933e+02
3.335618084319955301e+02 3.096468182809842915e+02
