1.266181201065999744e+02 2.082132180246008204e+02
1.274186621921261207e+02 2.085114979861581332e+02
1.282192042776522669e+02 2.088097779477154177e+02
1.290197463631783990e+02 2.091080579092726737e+02
1.298202884487045594e+02 2.094063378708299581e+02
1.306208305342306915e+02 2.097046178323872141e+02
1.314213726197568519e+02 2.100028977939444985e+02
1.322219147052829840e+02 2.103011777555017829e+02
1.330224567908091444e+02 2.105994577170590958e+02
1.338229988763352765e+02 2.108977376786163518e+02
1.346235409618614369e+02 2.111960176401736362e+02
1.354240830473875690e+02 2.114942976017309206e+02
1.362246251329137294e+02 2.117925775632881766e+02
1.370251672184398615e+02 2.120908575248454611e+02
1.378257093039660219e+02 2.123891374864027739e+02
1.386262513894921540e+02 2.126874174479600299e+02
1.394267934750183144e+02 2.129856974095173143e+02
1.402273355605444465e+02 2.132839773710745703e+02
1.410278776460706069e+02 2.135822573326318548e+02
1.418284197315967390e+02 2.138805372941891392e+02
1.426289618171228994e+02 2.141788172557464520e+02
1.434295039026490315e+02 2.144770972173037080e+02
1.442300459881751920e+02 2.147753771788609924e+02
1.450305880737013240e+02 2.150736571404182769e+02
1.458311301592274845e+02 2.153719371019755613e+02
1.466316722447536165e+02 2.156702170635328173e+02
1.474322143302797770e+02 2.159684970250901017e+02
1.482327564158059090e+02 2.162667769866474146e+02
1.490332985013320695e+02 2.165650569482046706e+02
1.498338405868582015e+02 2.168633369097619266e+02
1.506343826723843620e+02 2.171616168713192110e+02
1.514349247579104940e+02 2.174598968328764954e+02
1.522354668434366545e+02 2.177581767944337798e+02
1.530360089289627865e+02 2.180564567559910643e+02
1.538365510144889470e+02 2.183547367175483487e+02
1.546370931000150790e+02 2.186530166791056331e+02
1.554376351855412395e+02 2.189512966406629175e+02
1.562381772710673715e+02 2.192495766022201735e+02
1.570387193565935320e+02 2.195478565637774579e+02
1.578392614421196640e+02 2.198461365253347140e+02
1.586398035276458245e+02 2.201444164868920268e+02
1.594403456131719565e+02 2.204426964484493112e+02
1.602408876986981170e+02 2.207381297581121657e+02
1.610414297842242490e+02 2.210126541964025364e+02
1.618419718697504095e+02 2.212895285087201671e+02
1.626425139552765415e+02 2.215709250716256520e+02
1.634430560408027020e+02 2.218589321628542734e+02
1.642435981263288340e+02 2.221506936279384945e+02
1.650441402118549945e+02 2.224494269491182763e+02
1.658446822973811265e+02 2.227563623458116240e+02
1.666452243829072870e+02 2.230677374335317893e+02
1.674457664684334190e+02 2.233895330059809794e+02
1.682463085539595795e+02 2.237160503511590264e+02
1.690468506394857116e+02 2.240503398710748684e+02
1.698473927250118720e+02 2.243912924113969893e+02
1.706479348105380041e+02 2.247384224720219095e+02
1.714484768960641645e+02 2.250926679589151433e+02
1.722490189815902966e+02 2.254482615274209536e+02
1.730495610671164570e+02 2.258074964437656433e+02
1.738501031526425891e+02 2.261607787568209176e+02
1.746506452381687495e+02 2.265090756316653540e+02
1.754511873236948816e+02 2.268540272643494689e+02
1.762517294092210420e+02 2.271963755685131332e+02
1.770522714947471741e+02 2.275329184926890775e+02
1.778528135802733345e+02 2.278635370410180485e+02
1.786533556657994666e+02 2.281906424866779162e+02
1.794538977513256270e+02 2.285125528409347737e+02
1.802544398368517591e+02 2.288256284235764042e+02
1.810549819223779195e+02 2.291349439542134121e+02
1.818555240079040516e+02 2.294371530378333546e+02
1.826560660934302120e+02 2.297298883936411755e+02
1.834566081789563441e+02 2.300191215297610938e+02
1.842571502644825046e+02 2.303048017283383047e+02
1.850576923500086366e+02 2.305897080539426724e+02
1.858582344355347971e+02 2.308734542625084316e+02
1.866587765210609291e+02 2.311557708955849648e+02
1.874593186065870896e+02 2.314391184051473545e+02
1.882598606921132216e+02 2.317246061636237755e+02
1.890604027776393821e+02 2.320249457320321369e+02
1.898609448631655141e+02 2.323358284481448663e+02
1.906614869486916746e+02 2.326544180564388853e+02
1.914620290342178066e+02 2.329848529141124232e+02
1.922625711197439387e+02 2.333234940682679621e+02
1.930631132052700991e+02 2.336646044404155305e+02
1.938636552907962596e+02 2.340168571202329986e+02
1.946641973763223916e+02 2.343790716368015694e+02
1.954647394618485237e+02 2.347387482936351546e+02
1.962652815473746841e+02 2.350997560175679553e+02
1.970658236329008446e+02 2.354584746775163637e+02
1.978663657184269766e+02 2.358138066744386663e+02
1.986669078039531087e+02 2.361648868601375000e+02
1.994674498894792691e+02 2.365120324996987051e+02
2.002679919750054296e+02 2.368518326894047732e+02
2.010685340605315616e+02 2.371789151564121596e+02
2.018690761460576937e+02 2.374927620700570685e+02
2.026696182315838541e+02 2.377866727957593298e+02
2.034701603171100146e+02 2.380602202900727207e+02
2.042707024026361466e+02 2.383144596485690272e+02
2.050712444881622787e+02 2.385500855241018883e+02
2.058717865736884391e+02 2.387649960374319846e+02
2.066723286592145996e+02 2.389661505896070821e+02
2.074728707447407317e+02 2.391562971311727210e+02
2.082734128302668637e+02 2.393371739332511368e+02
2.090739549157930242e+02 2.395103193919392197e+02
2.098744970013191846e+02 2.396756178606655112e+02
2.106750390868453167e+02 2.398328884697642138e+02
2.114755811723714487e+02 2.399869049467177717e+02
2.122761232578976092e+02 2.401356688611088543e+02
2.130766653434237696e+02 2.402806014717576772e+02
2.138772074289499017e+02 2.404205016639921837e+02
2.146777495144760337e+02 2.405552571092580365e+02
2.154782916000021942e+02 2.406861958573891798e+02
2.162788336855283546e+02 2.408112482481105872e+02
2.170793757710544867e+02 2.409320088983699009e+02
2.178799178565806187e+02 2.410433483662795879e+02
2.186804599421067792e+02 2.411481341236105038e+02
2.194810020276329396e+02 2.412448996817046236e+02
2.202815441131590717e+02 2.413351221887438953e+02
2.210820861986852037e+02 2.414177617067848303e+02
2.218826282842113642e+02 2.414925725596815766e+02
2.226831703697375247e+02 2.415613793504871296e+02
2.234837124552636567e+02 2.416225687573271728e+02
2.242842545407897887e+02 2.416798063227370221e+02
2.250847966263159492e+02 2.417292299578414827e+02
2.258853387118421097e+02 2.417738945376496531e+02
2.266858807973682417e+02 2.418141487457859284e+02
2.274864228828943737e+02 2.418531189204539373e+02
2.282869649684205342e+02 2.418940285227532172e+02
2.290875070539466947e+02 2.419377458497873477e+02
2.298880491394728267e+02 2.419843451043443281e+02
2.306885912249989588e+02 2.420407167927893397e+02
2.314891333105251192e+02 2.421101173835137956e+02
2.322896753960512797e+02 2.421937271243240275e+02
2.330902174815774117e+02 2.422925814404924836e+02
2.338907595671035438e+02 2.424035039351263094e+02
2.346913016526297042e+02 2.425219906863610788e+02
2.354918437381558647e+02 2.426451075692961581e+02
2.362923858236819967e+02 2.427785101032478678e+02
2.370929279092081288e+02 2.429263639844851070e+02
2.378934699947342892e+02 2.431010192312550089e+02
2.386940120802604497e+02 2.432939403710330453e+02
2.394945541657865817e+02 2.435164189536122876e+02
2.402950962513127138e+02 2.437699900499893886e+02
2.410956383368388742e+02 2.440505240435767860e+02
2.418961804223650347e+02 2.443563826493865747e+02
2.426967225078911667e+02 2.446813214843614901e+02
2.434972645934172988e+02 2.450238265940696465e+02
2.442978066789434592e+02 2.453776334331921021e+02
2.450983487644696197e+02 2.457446349332408886e+02
2.458988908499957518e+02 2.461273794164772255e+02
2.466994329355218838e+02 2.465250148975195543e+02
2.474999750210480443e+02 2.469371922125047263e+02
2.483005171065742047e+02 2.473531751511794425e+02
2.491010591921003368e+02 2.477773771218990646e+02
2.499016012776264688e+02 2.482112873167903331e+02
2.507021433631526293e+02 2.486577419887112228e+02
2.515026854486787897e+02 2.491098356832381171e+02
2.523032275342049218e+02 2.495696006998725238e+02
2.531037696197310538e+02 2.500445076950449845e+02
2.539043117052572143e+02 2.505251983584510072e+02
2.547048537907833463e+02 2.510121466222978484e+02
2.555053958763095068e+02 2.515058764328078098e+02
2.563059379618356388e+02 2.520071437450605458e+02
2.571064800473617993e+02 2.525150872807150790e+02
2.579070221328879597e+02 2.530187822426143214e+02
2.587075642184140634e+02 2.535191050868589571e+02
2.595081063039402238e+02 2.540194279311036780e+02
2.603086483894663843e+02 2.545197507753483990e+02
2.611091904749924879e+02 2.550200736195930347e+02
2.619097325605187052e+02 2.555203964638378125e+02
2.627102746460448088e+02 2.560207193080825050e+02
2.635108167315709693e+02 2.565210421523271975e+02
2.643113588170971298e+02 2.570213649965719469e+02
2.651119009026232334e+02 2.575216878408165257e+02
2.659124429881493938e+02 2.580220106850613320e+02
2.667129850736755543e+02 2.585223335293060245e+02
2.675135271592016579e+02 2.590226563735506602e+02
2.683140692447278752e+02 2.595229792177954096e+02
2.691146113302539788e+02 2.600233020620401021e+02
2.699151534157801393e+02 2.605236249062847946e+02
2.707156955013062998e+02 2.610239477505295440e+02
2.715162375868324034e+02 2.615242705947741797e+02
2.723167796723585639e+02 2.620245934390188722e+02
2.731173217578847243e+02 2.625249162832635648e+02
2.739178638434108279e+02 2.630252391275082573e+02
2.747184059289370452e+02 2.635255619717530635e+02
2.755189480144631489e+02 2.640258848159976992e+02
2.763194900999893093e+02 2.645262076602423917e+02
2.771200321855154698e+02 2.650265305044870843e+02
2.779205742710415734e+02 2.655268533487317768e+02
2.787211163565677339e+02 2.660271761929765262e+02
2.795216584420938943e+02 2.665274990372212187e+02
2.803222005276199980e+02 2.670278218814659112e+02
2.811227426131462153e+02 2.675281447257106606e+02
2.819232846986723189e+02 2.680284675699552963e+02
2.827238267841984793e+02 2.685287904141999888e+02
2.835243688697246398e+02 2.690291132584446814e+02
2.843249109552507434e+02 2.695294361026894308e+02
2.851254530407769039e+02 2.700297589469340664e+02
2.859259951263030644e+02 2.705300817911788158e+02
