1.270265633515282957e+02 2.102292835589005335e+02
1.280630664473596028e+02 2.105691775538866466e+02
1.290995695431909098e+02 2.109090715488727596e+02
1.301360726390222169e+02 2.112489655438588443e+02
1.311725757348535240e+02 2.115888595388449573e+02
1.322090788306848310e+02 2.119287535338310136e+02
1.332455819265161381e+02 2.122686475288171266e+02
1.342820850223474451e+02 2.126085415238032397e+02
1.353185881181787522e+02 2.129484355187893243e+02
1.363550912140100593e+02 2.132883295137754089e+02
1.373915943098413663e+02 2.136282235087614936e+02
1.384280974056727018e+02 2.139681175037476351e+02
1.394646005015040089e+02 2.143080114987337197e+02
1.405011035973353160e+02 2.146479054937198043e+02
1.415376066931666230e+02 2.149877994887058890e+02
1.425741097889979301e+02 2.153276934836920304e+02
1.436106128848292371e+02 2.156675874786781151e+02
1.446471159806605442e+02 2.160074814736641997e+02
1.456836190764918513e+02 2.163473754686502843e+02
1.467201221723231583e+02 2.166872694636363690e+02
1.477566252681544654e+02 2.170271634586225105e+02
1.487931283639857725e+02 2.173670574536085951e+02
1.498296314598170795e+02 2.177069514485946797e+02
1.508661345556483866e+02 2.180468454435807644e+02
1.519026376514796937e+02 2.183867394385669058e+02
1.529391407473110007e+02 2.187266334335529905e+02
1.539756438431423078e+02 2.190665274285390751e+02
1.550121469389736149e+02 2.194423827683492334e+02
1.560486500348049219e+02 2.198483586057726313e+02
1.570851531306362290e+02 2.201987104395350912e+02
1.581216562264675360e+02 2.205029499961376018e+02
1.591581593222988431e+02 2.207820638086972167e+02
1.601946624181301786e+02 2.210452330902524807e+02
1.612311655139614572e+02 2.213017229194759068e+02
1.622676686097927927e+02 2.215533095742349587e+02
1.633041717056240998e+02 2.217998469734723983e+02
1.643406748014554069e+02 2.220416514997687045e+02
1.653771778972867139e+02 2.222810676223859900e+02
1.664136809931180210e+02 2.225217647123931783e+02
1.674501840889493280e+02 2.227719983396115424e+02
1.684866871847806351e+02 2.230304538718843617e+02
1.695231902806119422e+02 2.233069499405256693e+02
1.705596933764432492e+02 2.235961726013915722e+02
1.715961964722745563e+02 2.238985538758238363e+02
1.726326995681058634e+02 2.242119805032350826e+02
1.736692026639371704e+02 2.245341696443315129e+02
1.747057057597684775e+02 2.248665786001079141e+02
1.757422088555997846e+02 2.252037960799507630e+02
1.767787119514310916e+02 2.255480103579283764e+02
1.778152150472623987e+02 2.258990548850824496e+02
1.788517181430937057e+02 2.262549425003255408e+02
1.798882212389250412e+02 2.266161250938539808e+02
1.809247243347563199e+02 2.269826039478614632e+02
1.819612274305876554e+02 2.273504290131278935e+02
1.829977305264189340e+02 2.277287539640894352e+02
1.840342336222502695e+02 2.281313565678171926e+02
1.850707367180815481e+02 2.285730615792635092e+02
1.861072398139128836e+02 2.290675619204655504e+02
1.871437429097441907e+02 2.296020517203996576e+02
1.881802460055754977e+02 2.301817236649447977e+02
1.892167491014068048e+02 2.307764675208753147e+02
1.902532521972381119e+02 2.313657704288867478e+02
1.912897552930694189e+02 2.319472850104941983e+02
1.923262583889007260e+02 2.325203167682532239e+02
1.933627614847320331e+02 2.330835215413071353e+02
1.943992645805633401e+02 2.336382747897185936e+02
1.954357676763946472e+02 2.341846670271424387e+02
1.964722707722259543e+02 2.347175488390920179e+02
1.975087738680572613e+02 2.352383677586522026e+02
1.985452769638885684e+02 2.357405936179915216e+02
1.995817800597199039e+02 2.362247687303059820e+02
2.006182831555511825e+02 2.366813949024773649e+02
2.016547862513825180e+02 2.371086367220325428e+02
2.026912893472137966e+02 2.375001541316241571e+02
2.037277924430451321e+02 2.378530335951840584e+02
2.047642955388764108e+02 2.381669753311258830e+02
2.058007986347077463e+02 2.384389162531590216e+02
2.068373017305390249e+02 2.386766450869797609e+02
2.078738048263703604e+02 2.388916391786916904e+02
2.089103079222016390e+02 2.390928501547350038e+02
2.099468110180329745e+02 2.392807214586688929e+02
2.109833141138642816e+02 2.394558597347901525e+02
2.120198172096955886e+02 2.396186717018032368e+02
2.130563203055268957e+02 2.397700472641796523e+02
2.140928234013582028e+02 2.399112263087547490e+02
2.151293264971895098e+02 2.400388259631668575e+02
2.161658295930208169e+02 2.401556354769779773e+02
2.172023326888521240e+02 2.402582610417347269e+02
2.182388357846834310e+02 2.403500317160394388e+02
2.192753388805147381e+02 2.404296189629221772e+02
2.203118419763460452e+02 2.404966546334994746e+02
2.213483450721773806e+02 2.405537595660417765e+02
2.223848481680086593e+02 2.406008208501990850e+02
2.234213512638399948e+02 2.406408651083381187e+02
2.244578543596712734e+02 2.406765743809509104e+02
2.254943574555026089e+02 2.407074011278899377e+02
2.265308605513338875e+02 2.407347439947750445e+02
2.275673636471652230e+02 2.407585861151151221e+02
2.286038667429965017e+02 2.407804099857464166e+02
2.296403698388278372e+02 2.408019378512350954e+02
2.306768729346591158e+02 2.408268849092319783e+02
2.317133760304904513e+02 2.408595592748869763e+02
2.327498791263217583e+02 2.409034008528612389e+02
2.337863822221530654e+02 2.409613842059990532e+02
2.348228853179843725e+02 2.410633505869620308e+02
2.358593884138156795e+02 2.412416862540122509e+02
2.368958915096469866e+02 2.415033220110689740e+02
2.379323946054782937e+02 2.418424516605844303e+02
2.389688977013096007e+02 2.422431981904094869e+02
2.400054007971409078e+02 2.426878089717275202e+02
2.410419038929722149e+02 2.431623628222313869e+02
2.420784069888035219e+02 2.436712864826181431e+02
2.431149100846348290e+02 2.442136190428828399e+02
2.441514131804661361e+02 2.447788110170207574e+02
2.451879162762974715e+02 2.453671419584637476e+02
2.462244193721287502e+02 2.459773822561072620e+02
2.472609224679600857e+02 2.466024012906474354e+02
2.482974255637913643e+02 2.472380439273481159e+02
2.493339286596226998e+02 2.478869565827253041e+02
2.503704317554539784e+02 2.485479137662358937e+02
2.514069348512853139e+02 2.492252493798144428e+02
2.524434379471165926e+02 2.499137124526785101e+02
2.534799410429479281e+02 2.506173445096452497e+02
2.545164441387792351e+02 2.513298081490594882e+02
2.555529472346105422e+02 2.520562140306087713e+02
2.565894503304418777e+02 2.527891044968152698e+02
2.576259534262731563e+02 2.535317398941926115e+02
2.586624565221044350e+02 2.542849999279696647e+02
2.596989596179357704e+02 2.550505698081633454e+02
2.607354627137671059e+02 2.558282854014628924e+02
2.617719658095983846e+02 2.566179663279336864e+02
2.628084689054296632e+02 2.574180227953364124e+02
2.638449720012609987e+02 2.582239146870267064e+02
2.648814750970923342e+02 2.590328673383968408e+02
2.659179781929236128e+02 2.598419927362254498e+02
2.669544812887548915e+02 2.606490492061007558e+02
2.679909843845862270e+02 2.614524535132048300e+02
2.690274874804175624e+02 2.622515825666748697e+02
2.700639905762488411e+02 2.630467654380001932e+02
2.711004936720801766e+02 2.638388293090940806e+02
2.721369967679114552e+02 2.646288061834999326e+02
2.731734998637427907e+02 2.654184751157661140e+02
2.742100029595741262e+02 2.662097666703971299e+02
2.752465060554054048e+02 2.670040991490565716e+02
2.762830091512366835e+02 2.678026605955044488e+02
2.773195122470680190e+02 2.686056502477175059e+02
2.783560153428993544e+02 2.694126323861814853e+02
2.793925184387306331e+02 2.702218463255566689e+02
2.804290215345619117e+02 2.710325972243482511e+02
2.814655246303932472e+02 2.718442672631997539e+02
2.825020277262245827e+02 2.726565503677267088e+02
2.835385308220558613e+02 2.734694836469341226e+02
2.845750339178871400e+02 2.742834804884403752e+02
2.856115370137184755e+02 2.750992406754334638e+02
2.866480401095498109e+02 2.759179309246192133e+02
2.876845432053810896e+02 2.767421121976590825e+02
2.887210463012123682e+02 2.775750562656957072e+02
2.897575493970437037e+02 2.784179764912938140e+02
2.907940524928750392e+02 2.792713681165902244e+02
2.918305555887063178e+02 2.801343586377729480e+02
2.928670586845376533e+02 2.810029033614547416e+02
2.939035617803689320e+02 2.818735494188558164e+02
2.949400648762002675e+02 2.827374556230617486e+02
2.959765679720316029e+02 2.835789583412893649e+02
2.970130710678628816e+02 2.843901221941309814e+02
2.980495741636941602e+02 2.851744920756473221e+02
2.990860772595254957e+02 2.859392420444993945e+02
3.001225803553568312e+02 2.867194835724125141e+02
3.011590834511881098e+02 2.874997251003255769e+02
3.021955865470193885e+02 2.882799666282386397e+02
3.032320896428507240e+02 2.890602081561517025e+02
3.042685927386820595e+02 2.898404496840647653e+02
3.053050958345133381e+02 2.906206912119778281e+02
3.063415989303446167e+02 2.914009327398908908e+02
3.073781020261759522e+02 2.921811742678040105e+02
3.084146051220072877e+02 2.929614157957171301e+02
3.094511082178385664e+02 2.937416573236301360e+02
3.104876113136698450e+02 2.945218988515431988e+02
3.115241144095011805e+02 2.953021403794563184e+02
3.125606175053325160e+02 2.960823819073693812e+02
3.135971206011637946e+02 2.968626234352824440e+02
3.146336236969950733e+02 2.976428649631955068e+02
3.156701267928264087e+02 2.984231064911085696e+02
3.167066298886577442e+02 2.992033480190217460e+02
3.177431329844890797e+02 2.999835895469348088e+02
3.187796360803203584e+02 3.007638310748478716e+02
3.198161391761516370e+02 3.015440726027609344e+02
3.208526422719829725e+02 3.023243141306739972e+02
3.218891453678143080e+02 3.031045556585870600e+02
3.229256484636455866e+02 3.038847971865001227e+02
3.239621515594768653e+02 3.046650387144131855e+02
3.249986546553082007e+02 3.054452802423263051e+02
3.260351577511395362e+02 3.062255217702394248e+02
3.270716608469708149e+02 3.070057632981524876e+02
3.281081639428020935e+02 3.077860048260654935e+02
3.291446670386334290e+02 3.085662463539786131e+02
3.301811701344647645e+02 3.093464878818917327e+02
3.312176732302960431e+02 3.101267294098047387e+02
3.322541763261273218e+02 3.109069709377178015e+02
3.332906794219586573e+02 3.116872124656309211e+02
