1.255956405483737512e+02 2.090105553560052840e+02
1.264432358799742246e+02 2.093015145027828225e+02
1.272908312115746838e+02 2.095924736495603611e+02
1.281384265431751714e+02 2.098834327963379565e+02
1.289860218747756164e+02 2.101743919431154950e+02
1.298336172063760898e+02 2.104653510898930335e+02
1.306812125379765632e+02 2.107563102366706005e+02
1.315288078695770366e+02 2.110472693834481674e+02
1.323764032011775100e+02 2.113382285302257060e+02
1.332239985327779834e+02 2.116291876770032445e+02
1.340715938643784284e+02 2.119201468237808115e+02
1.349191891959789018e+02 2.122111059705583216e+02
1.357667845275793752e+02 2.125020651173359170e+02
1.366143798591798486e+02 2.127930242641134555e+02
1.374619751907803220e+02 2.130839834108909940e+02
1.383095705223807954e+02 2.133749425576685610e+02
1.391571658539812688e+02 2.136659017044460995e+02
1.400047611855817138e+02 2.139568608512236665e+02
1.408523565171821872e+02 2.142478199980012050e+02
1.416999518487826606e+02 2.145387791447787436e+02
1.425475471803831340e+02 2.148297382915563105e+02
1.433951425119836074e+02 2.151206974383338490e+02
1.442427378435840808e+02 2.154116565851114160e+02
1.450903331751845258e+02 2.157026157318889545e+02
1.459379285067849992e+02 2.159935748786664931e+02
1.467855238383854726e+02 2.162845340254440600e+02
1.476331191699859460e+02 2.165754931722215986e+02
1.484807145015864194e+02 2.168664523189991655e+02
1.493283098331868928e+02 2.171574114657767041e+02
1.501759051647873662e+02 2.174483706125542710e+02
1.510235004963878112e+02 2.177393297593318096e+02
1.518710958279882846e+02 2.180302889061093481e+02
1.527186911595887580e+02 2.183212480528869150e+02
1.535662864911892314e+02 2.186122071996644536e+02
1.544138818227897048e+02 2.189031663464420205e+02
1.552614771543901782e+02 2.191941254932195875e+02
1.561090724859906231e+02 2.194850846399971260e+02
1.569566678175910965e+02 2.197760437867746646e+02
1.578042631491915699e+02 2.200712828370994600e+02
1.586518584807920433e+02 2.203727042191612213e+02
1.594994538123925167e+02 2.206604609617594690e+02
1.603470491439929901e+02 2.209405330039429316e+02
1.611946444755934635e+02 2.212166615514405237e+02
1.620422398071939369e+02 2.214890745133142218e+02
1.628898351387943819e+02 2.217595857977917433e+02
1.637374304703948553e+02 2.220297597645616747e+02
1.645850258019953287e+02 2.222994040853058095e+02
1.654326211335958021e+02 2.225710566465898808e+02
1.662802164651962755e+02 2.228506191312455371e+02
1.671278117967967205e+02 2.231355108046041664e+02
1.679754071283971939e+02 2.234310778339788328e+02
1.688230024599976673e+02 2.237323366984276731e+02
1.696705977915981407e+02 2.240414041599996438e+02
1.705181931231986141e+02 2.243572109678107154e+02
1.713657884547990875e+02 2.246787777072029826e+02
1.722133837863995609e+02 2.250032960056337856e+02
1.730609791180000343e+02 2.253314059331840440e+02
1.739085744496004793e+02 2.256596872175826434e+02
1.747561697812009527e+02 2.259897256368279557e+02
1.756037651128014261e+02 2.263181357514547756e+02
1.764513604444018995e+02 2.266462658715670386e+02
1.772989557760023729e+02 2.269722668900612632e+02
1.781465511076028179e+02 2.272960132418944852e+02
1.789941464392032913e+02 2.276196603102279710e+02
1.798417417708037647e+02 2.279404347697971787e+02
1.806893371024042381e+02 2.282601890387893775e+02
1.815369324340047115e+02 2.285787615098486185e+02
1.823845277656051849e+02 2.288946943197516930e+02
1.832321230972056583e+02 2.292098204917752469e+02
1.840797184288061317e+02 2.295229819454039273e+02
1.849273137604065766e+02 2.298435450748068547e+02
1.857749090920070500e+02 2.301771567497554543e+02
1.866225044236075234e+02 2.305363423984130122e+02
1.874700997552079969e+02 2.309170335857183431e+02
1.883176950868084703e+02 2.313117600192124428e+02
1.891652904184089152e+02 2.317352673711604893e+02
1.900128857500093886e+02 2.321723631302097601e+02
1.908604810816098620e+02 2.326203253116995029e+02
1.917080764132103354e+02 2.330785433225618419e+02
1.925556717448108088e+02 2.335306531882011427e+02
1.934032670764112822e+02 2.339775481539910231e+02
1.942508624080117556e+02 2.344163626223287906e+02
1.950984577396122290e+02 2.348485189936948814e+02
1.959460530712127024e+02 2.352741994553274480e+02
1.967936484028131474e+02 2.356949415959901444e+02
1.976412437344136208e+02 2.361072914345937761e+02
1.984888390660140942e+02 2.365030406050751708e+02
1.993364343976145392e+02 2.368690905459510248e+02
2.001840297292150126e+02 2.372070099317940048e+02
2.010316250608154860e+02 2.375104262830950574e+02
2.018792203924159594e+02 2.377879091801617051e+02
2.027268157240164328e+02 2.380471915386530100e+02
2.035744110556169062e+02 2.382966515684100273e+02
2.044220063872173796e+02 2.385376031976216495e+02
2.052696017188178530e+02 2.387703410859315909e+02
2.061171970504183264e+02 2.389933369696493060e+02
2.069647923820187998e+02 2.392053486196708718e+02
2.078123877136192448e+02 2.394078357862860571e+02
2.086599830452197182e+02 2.396026604044711803e+02
2.095075783768201916e+02 2.397881852437452324e+02
2.103551737084206650e+02 2.399668604586225626e+02
2.112027690400211100e+02 2.401399144957317731e+02
2.120503643716215834e+02 2.403032515480883831e+02
2.128979597032220568e+02 2.404590253549012857e+02
2.137455550348225302e+02 2.406054555494868623e+02
2.145931503664230036e+02 2.407465273018317760e+02
2.154407456980234770e+02 2.408771830043789635e+02
2.162883410296239504e+02 2.409972530794465229e+02
2.171359363612244238e+02 2.411067493114028935e+02
2.179835316928248972e+02 2.412037466374745520e+02
2.188311270244253421e+02 2.412931858667419931e+02
2.196787223560258155e+02 2.413704330079524993e+02
2.205263176876262889e+02 2.414373560408545245e+02
2.213739130192267623e+02 2.414961384742735788e+02
2.222215083508272073e+02 2.415459637642231030e+02
2.230691036824276807e+02 2.415897417548428905e+02
2.239166990140281541e+02 2.416318907043340118e+02
2.247642943456286275e+02 2.416751918766299809e+02
2.256118896772291009e+02 2.417199474967904962e+02
2.264594850088295743e+02 2.417650195526138646e+02
2.273070803404300477e+02 2.418095576506330531e+02
2.281546756720305211e+02 2.418538402596648780e+02
2.290022710036309945e+02 2.419096142079263245e+02
2.298498663352314679e+02 2.419787727653559557e+02
2.306974616668319129e+02 2.420727856687742019e+02
2.315450569984323863e+02 2.421881741528960106e+02
2.323926523300328597e+02 2.423239870473961446e+02
2.332402476616333047e+02 2.424826024700420817e+02
2.340878429932337781e+02 2.426555709407411996e+02
2.349354383248342515e+02 2.428465878176196213e+02
2.357830336564347249e+02 2.430508285618565196e+02
2.366306289880351983e+02 2.432710648755693796e+02
2.374782243196356717e+02 2.435037064005265393e+02
2.383258196512361451e+02 2.437510754626418077e+02
2.391734149828366185e+02 2.440120333502186440e+02
2.400210103144370919e+02 2.442851270129827412e+02
2.408686056460375653e+02 2.445696185203895539e+02
2.417162009776380103e+02 2.448679058790886529e+02
2.425637963092384837e+02 2.451784447035374512e+02
2.434113916408389571e+02 2.455049790759179302e+02
2.442589869724394021e+02 2.458463675416045930e+02
2.451065823040398755e+02 2.462068741220507491e+02
2.459541776356403489e+02 2.465824145732495367e+02
2.468017729672408223e+02 2.469792319020499178e+02
2.476493682988412957e+02 2.473938599071977933e+02
2.484969636304417691e+02 2.478199194631449700e+02
2.493445589620422425e+02 2.482601160120808572e+02
2.501921542936427159e+02 2.487065413792471418e+02
2.510397496252431893e+02 2.491666522602632767e+02
2.518873449568436627e+02 2.496378856585051551e+02
2.527349402884441076e+02 2.501233090887494370e+02
2.535825356200445810e+02 2.506211927815327272e+02
2.544301309516450544e+02 2.511333518692715643e+02
2.552777262832455278e+02 2.516508882085173582e+02
2.561253216148460297e+02 2.521759008624256069e+02
2.569729169464464462e+02 2.527114876592076484e+02
2.578205122780469196e+02 2.532535116166691296e+02
2.586681076096473930e+02 2.538135359989677227e+02
2.595157029412478664e+02 2.543783960387559659e+02
2.603632982728483398e+02 2.549466536273664019e+02
2.612108936044488132e+02 2.555224565323088655e+02
2.620584889360492298e+02 2.561051348381691355e+02
2.629060842676497032e+02 2.566950100570732616e+02
2.637536795992501766e+02 2.572941084320414689e+02
2.646012749308506500e+02 2.579007711564245255e+02
2.654488702624511234e+02 2.585147070385691563e+02
2.662964655940515968e+02 2.591351040005505411e+02
2.671440609256520702e+02 2.597586144336719371e+02
2.679916562572525436e+02 2.603744658507634426e+02
2.688392515888530170e+02 2.609712429339240884e+02
2.696868469204534904e+02 2.615680200170846774e+02
2.705344422520539638e+02 2.621647971002453232e+02
2.713820375836544372e+02 2.627615741834059691e+02
2.722296329152549106e+02 2.633583512665666149e+02
2.730772282468553840e+02 2.639551283497272607e+02
2.739248235784558574e+02 2.645519054328879065e+02
2.747724189100563308e+02 2.651486825160484955e+02
2.756200142416568042e+02 2.657454595992091413e+02
2.764676095732572776e+02 2.663422366823697871e+02
2.773152049048577510e+02 2.669390137655303761e+02
2.781628002364582244e+02 2.675357908486910219e+02
2.790103955680586409e+02 2.681325679318516677e+02
2.798579908996591143e+02 2.687293450150123135e+02
2.807055862312595877e+02 2.693261220981729025e+02
2.815531815628600611e+02 2.699228991813335483e+02
2.824007768944605345e+02 2.705196762644941373e+02
2.832483722260610080e+02 2.711164533476547831e+02
2.840959675576614814e+02 2.717132304308154289e+02
2.849435628892618979e+02 2.723100075139760179e+02
2.857911582208623713e+02 2.729067845971366069e+02
2.866387535524628447e+02 2.735035616802973095e+02
2.874863488840633181e+02 2.741003387634578985e+02
2.883339442156637915e+02 2.746971158466185443e+02
2.891815395472642649e+02 2.752938929297791901e+02
2.900291348788647383e+02 2.758906700129398359e+02
2.908767302104652117e+02 2.764874470961004249e+02
2.917243255420656851e+02 2.770842241792610707e+02
2.925719208736661585e+02 2.776810012624217165e+02
2.934195162052666319e+02 2.782777783455823055e+02
2.942671115368671053e+02 2.788745554287429513e+02
