1.267417310296514756e+02 2.116358559811188798e+02
1.279027502806265488e+02 2.119430318012146017e+02
1.290637695316016220e+02 2.122502076213103237e+02
1.302247887825766952e+02 2.125573834414060173e+02
1.313858080335517968e+02 2.128645592615017677e+02
1.325468272845268700e+02 2.131717350815974896e+02
1.337078465355019432e+02 2.134789109016932116e+02
1.348688657864770164e+02 2.137860867217889336e+02
1.360298850374520896e+02 2.140932625418846555e+02
1.371909042884271628e+02 2.144004383619803491e+02
1.383519235394022360e+02 2.147076141820760711e+02
1.395129427903773092e+02 2.150147900021717930e+02
1.406739620413524108e+02 2.153219658222675434e+02
1.418349812923274840e+02 2.156291416423632654e+02
1.429960005433025572e+02 2.159363174624589874e+02
1.441570197942776304e+02 2.162434932825547094e+02
1.453180390452527035e+02 2.165506691026504313e+02
1.464790582962277767e+02 2.168578449227461533e+02
1.476400775472028499e+02 2.171650207428418469e+02
1.488010967981779231e+02 2.174721965629375688e+02
1.499621160491530247e+02 2.177793723830333192e+02
1.511231353001280979e+02 2.180865482031290412e+02
1.522841545511031711e+02 2.183937240232247632e+02
1.534451738020782443e+02 2.187008998433204852e+02
1.546061930530533175e+02 2.190080756634161503e+02
1.557672123040283907e+02 2.193152514835119007e+02
1.569282315550034923e+02 2.196306371075756658e+02
1.580892508059785655e+02 2.199692150703883726e+02
1.592502700569536387e+02 2.202938005194595803e+02
1.604112893079287119e+02 2.206119094324444632e+02
1.615723085589037851e+02 2.209247444667458353e+02
1.627333278098788583e+02 2.212369873755536958e+02
1.638943470608539315e+02 2.215506303707722395e+02
1.650553663118290046e+02 2.218655780240766831e+02
1.662163855628040778e+02 2.221864922091239691e+02
1.673774048137791794e+02 2.225181484002368109e+02
1.685384240647542526e+02 2.228595782379040600e+02
1.696994433157293258e+02 2.232141682052046576e+02
1.708604625667043990e+02 2.235819404760609928e+02
1.720214818176794722e+02 2.239593067518529779e+02
1.731825010686545454e+02 2.243479588808914968e+02
1.743435203196296470e+02 2.247446044709796524e+02
1.755045395706047202e+02 2.251467265686339090e+02
1.766655588215797934e+02 2.255526575703937624e+02
1.778265780725548666e+02 2.259592971801634462e+02
1.789875973235299398e+02 2.263644362324317285e+02
1.801486165745050130e+02 2.267682702137319097e+02
1.813096358254800862e+02 2.271686736811861920e+02
1.824706550764551594e+02 2.275657771097449995e+02
1.836316743274302326e+02 2.279620962716225279e+02
1.847926935784053342e+02 2.283827562982934296e+02
1.859537128293804074e+02 2.288376574782298576e+02
1.871147320803554805e+02 2.293309681550712753e+02
1.882757513313305537e+02 2.298603615538382883e+02
1.894367705823056269e+02 2.304121830612372150e+02
1.905977898332807001e+02 2.309812300252602029e+02
1.917588090842558017e+02 2.315525119405159558e+02
1.929198283352308749e+02 2.321159865864241567e+02
1.940808475862059481e+02 2.326711774063141434e+02
1.952418668371810213e+02 2.332104070013900241e+02
1.964028860881560945e+02 2.337321859295051354e+02
1.975639053391311677e+02 2.342269877289280089e+02
1.987249245901062409e+02 2.346903926104614015e+02
1.998859438410813141e+02 2.351250998316911875e+02
2.010469630920563873e+02 2.355270312599293163e+02
2.022079823430314605e+02 2.358944075187102385e+02
2.033690015940065621e+02 2.362303072135694606e+02
2.045300208449816353e+02 2.365363436152406393e+02
2.056910400959567085e+02 2.368183383404953304e+02
2.068520593469317816e+02 2.370765306683859137e+02
2.080130785979068833e+02 2.373138838902176531e+02
2.091740978488819565e+02 2.375359681261001015e+02
2.103351170998570296e+02 2.377444356926220337e+02
2.114961363508321028e+02 2.379353549037915627e+02
2.126571556018071760e+02 2.381078974119618579e+02
2.138181748527822492e+02 2.382650008414763363e+02
2.149791941037573224e+02 2.384056626050085583e+02
2.161402133547323956e+02 2.385334624987145844e+02
2.173012326057074688e+02 2.386513844763923089e+02
2.184622518566825420e+02 2.387613037878371074e+02
2.196232711076576152e+02 2.388627929165287185e+02
2.207842903586327168e+02 2.389557834629385411e+02
2.219453096096077900e+02 2.390370052169756434e+02
2.231063288605828632e+02 2.391076139404395917e+02
2.242673481115579364e+02 2.391680563777829889e+02
2.254283673625330380e+02 2.392180994578942261e+02
2.265893866135081112e+02 2.392591399833087280e+02
2.277504058644831844e+02 2.392971381563625926e+02
2.289114251154582576e+02 2.393595640989572075e+02
2.300724443664333307e+02 2.394554196531929051e+02
2.312334636174084039e+02 2.395862376607899478e+02
2.323944828683834771e+02 2.397554514481954300e+02
2.335555021193585503e+02 2.399593886648051750e+02
2.347165213703336235e+02 2.401875182712678338e+02
2.358775406213086967e+02 2.404411323570498666e+02
2.370385598722837699e+02 2.407241916206535848e+02
2.381995791232588715e+02 2.410464594733401213e+02
2.393605983742339447e+02 2.414120868531159090e+02
2.405216176252090179e+02 2.418203915525078855e+02
2.416826368761840911e+02 2.422609083158533849e+02
2.428436561271591927e+02 2.427279598764757509e+02
2.440046753781342659e+02 2.432306724252983940e+02
2.451656946291093391e+02 2.437739394527873174e+02
2.463267138800844123e+02 2.443619002919408274e+02
2.474877331310594855e+02 2.449923288018662220e+02
2.486487523820345587e+02 2.456616169711458326e+02
2.498097716330096318e+02 2.463709070307156139e+02
2.509707908839847050e+02 2.471298827341013293e+02
2.521318101349597782e+02 2.479253955031579153e+02
2.532928293859348514e+02 2.487435443198679650e+02
2.544538486369099246e+02 2.495821950355411332e+02
2.556148678878850262e+02 2.504399560507196725e+02
2.567758871388600710e+02 2.513182096032157915e+02
2.579369063898351442e+02 2.522124985887229514e+02
2.590979256408102174e+02 2.531216915709838702e+02
2.602589448917852906e+02 2.540435875844322595e+02
2.614199641427603638e+02 2.549770104891578910e+02
2.625809833937354938e+02 2.559233830411703821e+02
2.637420026447105670e+02 2.568825349280926389e+02
2.649030218956856402e+02 2.578538380852307910e+02
2.660640411466607134e+02 2.588349703958094778e+02
2.672250603976357866e+02 2.598231025753195240e+02
2.683860796486108597e+02 2.608141350885105680e+02
2.695470988995859329e+02 2.618039516761089658e+02
2.707081181505610061e+02 2.627893668461482548e+02
2.718691374015361362e+02 2.637683377653949606e+02
2.730301566525112094e+02 2.647400585664764776e+02
2.741911759034862826e+02 2.657071580200883432e+02
2.753521951544613557e+02 2.666716585915298197e+02
2.765132144054364289e+02 2.676353464916659846e+02
2.776742336564115021e+02 2.686003722301970811e+02
2.788352529073865753e+02 2.695682195724533017e+02
2.799962721583616485e+02 2.705400497976332872e+02
2.811572914093367217e+02 2.715168619917274668e+02
2.823183106603117949e+02 2.724993264798119981e+02
2.834793299112868681e+02 2.734887935656959712e+02
2.846403491622619413e+02 2.744864506909394777e+02
2.858013684132370145e+02 2.754937010375322757e+02
2.869623876642120877e+02 2.765090026759870057e+02
2.881234069151871608e+02 2.775307327326306108e+02
2.892844261661622340e+02 2.785582704354158636e+02
2.904454454171373072e+02 2.795912297682868939e+02
2.916064646681123804e+02 2.806299227419784756e+02
2.927674839190874536e+02 2.816749276517525686e+02
2.939285031700625268e+02 2.827258889047072898e+02
2.950895224210376000e+02 2.837824946521772631e+02
2.962505416720126732e+02 2.848437958150009308e+02
2.974115609229878032e+02 2.859077638449038545e+02
2.985725801739628764e+02 2.869730493409014684e+02
2.997335994249379496e+02 2.880383175006944612e+02
3.008946186759130228e+02 2.891025405705564708e+02
3.020556379268880960e+02 2.901640300002176218e+02
3.032166571778631692e+02 2.912212559377709908e+02
3.043776764288382424e+02 2.922736510976834552e+02
3.055386956798133156e+02 2.933228637917121091e+02
3.066997149307884456e+02 2.943700264335834618e+02
3.078607341817635188e+02 2.954225604833624175e+02
3.090217534327385920e+02 2.964880029854719510e+02
3.101827726837136652e+02 2.975679642145622665e+02
3.113437919346887384e+02 2.986620138067806920e+02
3.125048111856638116e+02 2.997673406242618057e+02
3.136658304366388847e+02 3.008841995376165528e+02
3.148268496876139579e+02 3.020116564699167157e+02
3.159878689385890311e+02 3.031487397926907192e+02
3.171488881895641043e+02 3.042916045462293937e+02
3.183099074405391775e+02 3.054376594961463525e+02
3.194709266915142507e+02 3.065832266052586306e+02
3.206319459424893239e+02 3.077242600131413610e+02
3.217929651934643971e+02 3.088599075690564177e+02
3.229539844444394703e+02 3.099916974849376174e+02
3.241150036954145435e+02 3.110990789915149435e+02
3.252760229463896167e+02 3.121738090717748264e+02
3.264370421973646899e+02 3.132203675963411911e+02
3.275980614483397630e+02 3.142498175684826265e+02
3.287590806993148362e+02 3.152990531095925348e+02
3.299200999502899094e+02 3.163698666893966447e+02
3.310811192012649826e+02 3.174406802692006977e+02
3.322421384522401127e+02 3.185114938490048644e+02
3.334031577032151858e+02 3.195823074288089742e+02
3.345641769541902590e+02 3.206531210086130841e+02
3.357251962051653322e+02 3.217239345884171371e+02
3.368862154561404054e+02 3.227947481682211901e+02
3.380472347071154786e+02 3.238655617480252999e+02
3.392082539580905518e+02 3.249363753278294098e+02
3.403692732090656250e+02 3.260071889076334628e+02
3.415302924600407550e+02 3.270780024874376295e+02
3.426913117110158282e+02 3.281488160672416825e+02
3.438523309619909014e+02 3.292196296470457355e+02
3.450133502129659746e+02 3.302904432268499022e+02
3.461743694639410478e+02 3.313612568066539552e+02
3.473353887149161210e+02 3.324320703864580651e+02
3.484964079658911942e+02 3.335028839662621181e+02
3.496574272168662674e+02 3.345736975460662279e+02
3.508184464678413406e+02 3.356445111258702809e+02
3.519794657188164138e+02 3.367153247056743908e+02
3.531404849697914869e+02 3.377861382854785006e+02
3.543015042207665601e+02 3.388569518652825536e+02
3.554625234717416333e+02 3.399277654450866635e+02
3.566235427227167065e+02 3.409985790248907165e+02
3.577845619736917797e+02 3.420693926046948263e+02
