1.273511870269432222e+02 2.126897345025316781e+02
1.284825682395033937e+02 2.129754179059414980e+02
1.296139494520635367e+02 2.132611013093513179e+02
1.307453306646237081e+02 2.135467847127611094e+02
1.318767118771838796e+02 2.138324681161709577e+02
1.330080930897440226e+02 2.141181515195807776e+02
1.341394743023041940e+02 2.144038349229905975e+02
1.352708555148643654e+02 2.146895183264003890e+02
1.364022367274245084e+02 2.149752017298102089e+02
1.375336179399846799e+02 2.152608851332200288e+02
1.386649991525448229e+02 2.155465685366298771e+02
1.397963803651049943e+02 2.158322519400396686e+02
1.409277615776651658e+02 2.161179353434494885e+02
1.420591427902253088e+02 2.164036187468593084e+02
1.431905240027854802e+02 2.166893021502691283e+02
1.443219052153456516e+02 2.169749855536789482e+02
1.454532864279057947e+02 2.172606689570887397e+02
1.465846676404659661e+02 2.175463523604985880e+02
1.477160488530261091e+02 2.178320357639083795e+02
1.488474300655862805e+02 2.181177191673182278e+02
1.499788112781464520e+02 2.184034025707280477e+02
1.511101924907065950e+02 2.186890859741378392e+02
1.522415737032667664e+02 2.189747693775476591e+02
1.533729549158269378e+02 2.192604527809574790e+02
1.545043361283870809e+02 2.195461361843672989e+02
1.556357173409472523e+02 2.198318195877771473e+02
1.567670985535074237e+02 2.201175029911869103e+02
1.578984797660675667e+02 2.204031863945967586e+02
1.590298609786277382e+02 2.206911970832977659e+02
1.601612421911879096e+02 2.209703178446154084e+02
1.612926234037480526e+02 2.212435065044840030e+02
1.624240046163082241e+02 2.215160397745745513e+02
1.635553858288683955e+02 2.217880672218813345e+02
1.646867670414285385e+02 2.220585677300256293e+02
1.658181482539887099e+02 2.223304723043054878e+02
1.669495294665488814e+02 2.226091429113043887e+02
1.680809106791090244e+02 2.228943362162339099e+02
1.692122918916691958e+02 2.231981497014226079e+02
1.703436731042293388e+02 2.235183303152983569e+02
1.714750543167895103e+02 2.238562070281905108e+02
1.726064355293496533e+02 2.242064846778435196e+02
1.737378167419098247e+02 2.245652108237005393e+02
1.748691979544699961e+02 2.249329401781780575e+02
1.760005791670301392e+02 2.253051707223113453e+02
1.771319603795903106e+02 2.256801551235105308e+02
1.782633415921504820e+02 2.260570697567660545e+02
1.793947228047106250e+02 2.264288209458074448e+02
1.805261040172707965e+02 2.267963083946191318e+02
1.816574852298309679e+02 2.271574846497381088e+02
1.827888664423911109e+02 2.275249468650417555e+02
1.839202476549512824e+02 2.279240500505774207e+02
1.850516288675114538e+02 2.283707660185868349e+02
1.861830100800715968e+02 2.288577235797085336e+02
1.873143912926317682e+02 2.293954786496077531e+02
1.884457725051919397e+02 2.299684162962062715e+02
1.895771537177520827e+02 2.305726643704362857e+02
1.907085349303122541e+02 2.311823091018781042e+02
1.918399161428724256e+02 2.317919118434032839e+02
1.929712973554325686e+02 2.324015065279791941e+02
1.941026785679927400e+02 2.330088960578334252e+02
1.952340597805529114e+02 2.335996495156423691e+02
1.963654409931130544e+02 2.341624017469406454e+02
1.974968222056731975e+02 2.346872887760454773e+02
1.986282034182333973e+02 2.351675987250777382e+02
1.997595846307935403e+02 2.356041425636854001e+02
2.008909658433536833e+02 2.359917348948216045e+02
2.020223470559138832e+02 2.363319106277043602e+02
2.031537282684740262e+02 2.366364726859404186e+02
2.042851094810341692e+02 2.369166493712336887e+02
2.054164906935943407e+02 2.371755692226380177e+02
2.065478719061545121e+02 2.374100520009660613e+02
2.076792531187146551e+02 2.376203031692368199e+02
2.088106343312748265e+02 2.378064685842699078e+02
2.099420155438349980e+02 2.379711933771418444e+02
2.110733967563951410e+02 2.381179384310528064e+02
2.122047779689553124e+02 2.382470397276680387e+02
2.133361591815154839e+02 2.383632095118347820e+02
2.144675403940756269e+02 2.384648437621384005e+02
2.155989216066357983e+02 2.385567746166782683e+02
2.167303028191959697e+02 2.386387946216496232e+02
2.178616840317561127e+02 2.387115983444964797e+02
2.189930652443162842e+02 2.387790859782514019e+02
2.201244464568764556e+02 2.388377218682765033e+02
2.212558276694365986e+02 2.388905869739077730e+02
2.223872088819967701e+02 2.389345102231489477e+02
2.235185900945569415e+02 2.389683623337929816e+02
2.246499713071170845e+02 2.389929626176922000e+02
2.257813525196772275e+02 2.390101987528852305e+02
2.269127337322374274e+02 2.390226617491886714e+02
2.280441149447975704e+02 2.390331839139515182e+02
2.291754961573577134e+02 2.390476258873537176e+02
2.303068773699179133e+02 2.390693778850556157e+02
2.314382585824780563e+02 2.391031467729664826e+02
2.325696397950381993e+02 2.391780240569563603e+02
2.337010210075983707e+02 2.393189088719468316e+02
2.348324022201585421e+02 2.395288690174022577e+02
2.359637834327186852e+02 2.398035247773511571e+02
2.370951646452788566e+02 2.401330729587308497e+02
2.382265458578390280e+02 2.405121671624103215e+02
2.393579270703991710e+02 2.409436433684898304e+02
2.404893082829593425e+02 2.414206084700180384e+02
2.416206894955195139e+02 2.419427980688376465e+02
2.427520707080796569e+02 2.424984752223418809e+02
2.438834519206398284e+02 2.430830261083756909e+02
2.450148331331999998e+02 2.437022698536025587e+02
2.461462143457601428e+02 2.443483666051236298e+02
2.472775955583203142e+02 2.450239295863515281e+02
2.484089767708804857e+02 2.457303723251058329e+02
2.495403579834406287e+02 2.464653251964823539e+02
2.506717391960008001e+02 2.472225212667346455e+02
2.518031204085609716e+02 2.479932393521344807e+02
2.529345016211211146e+02 2.487747205422512877e+02
2.540658828336812860e+02 2.495625773107169607e+02
2.551972640462414574e+02 2.503547811380644816e+02
2.563286452588016004e+02 2.511549030048347504e+02
2.574600264713617435e+02 2.519672012667202239e+02
2.585914076839219433e+02 2.527957581636895839e+02
2.597227888964820863e+02 2.536444735831009041e+02
2.608541701090422293e+02 2.545172703954970927e+02
2.619855513216024292e+02 2.554182536046549785e+02
2.631169325341625722e+02 2.563456651633752585e+02
2.642483137467227152e+02 2.572987475340801780e+02
2.653796949592829151e+02 2.582661142380007959e+02
2.665110761718430581e+02 2.592449957493148531e+02
2.676424573844032011e+02 2.602276344424519721e+02
2.687738385969634010e+02 2.612103994333302808e+02
2.699052198095235440e+02 2.621889140858176575e+02
2.710366010220836870e+02 2.631606961719371611e+02
2.721679822346438868e+02 2.641235414478235839e+02
2.732993634472040299e+02 2.650779657527643849e+02
2.744307446597641729e+02 2.660249544849139625e+02
2.755621258723243727e+02 2.669653330979297721e+02
2.766935070848845157e+02 2.679010711690420976e+02
2.778248882974446587e+02 2.688337684219870312e+02
2.789562695100048586e+02 2.697649141882584445e+02
2.800876507225649448e+02 2.706955198478623288e+02
2.812190319351251446e+02 2.716270213417929540e+02
2.823504131476853445e+02 2.725611451406792298e+02
2.834817943602454307e+02 2.734981921951330150e+02
2.846131755728056305e+02 2.744373993073393763e+02
2.857445567853658304e+02 2.753780909458201336e+02
2.868759379979259165e+02 2.763192078820569009e+02
2.880073192104861164e+02 2.772598322894331773e+02
2.891387004230463162e+02 2.781976115420127371e+02
2.902700816356064024e+02 2.791313532155257349e+02
2.914014628481666023e+02 2.800627061544533376e+02
2.925328440607268021e+02 2.809947620394351588e+02
2.936642252732868883e+02 2.819338048280359317e+02
2.947956064858470882e+02 2.828838796305517462e+02
2.959269876984072312e+02 2.838479806889557722e+02
2.970583689109673742e+02 2.848250569339303411e+02
2.981897501235275740e+02 2.858141488081569719e+02
2.993211313360877170e+02 2.868117049522525122e+02
3.004525125486478601e+02 2.878160351964644406e+02
3.015838937612080599e+02 2.888263817673296217e+02
3.027152749737682029e+02 2.898551700834408962e+02
3.038466561863283459e+02 2.909033933526165470e+02
3.049780373988885458e+02 2.919642181037042405e+02
3.061094186114486888e+02 2.930335258571773807e+02
3.072407998240088318e+02 2.941114254817085794e+02
3.083721810365690317e+02 2.951967496051807984e+02
3.095035622491291747e+02 2.962883833952257646e+02
3.106349434616893177e+02 2.973816795707249980e+02
3.117663246742495176e+02 2.984734594287389200e+02
3.128977058868096606e+02 2.995624249789089504e+02
3.140290870993698036e+02 3.006481240081840838e+02
3.151604683119300034e+02 3.017298277952953072e+02
3.162918495244901465e+02 3.028087384655064511e+02
3.174232307370502895e+02 3.038879086914253094e+02
3.185546119496104893e+02 3.049648920170805582e+02
3.196859931621706323e+02 3.060384262487180536e+02
3.208173743747307753e+02 3.071251431001146557e+02
3.219487555872909752e+02 3.082118599515113715e+02
3.230801367998511182e+02 3.092985768029079736e+02
3.242115180124112612e+02 3.103852936543045189e+02
3.253428992249714611e+02 3.114720105057012347e+02
3.264742804375316041e+02 3.125587273570978368e+02
3.276056616500917471e+02 3.136454442084944958e+02
3.287370428626519470e+02 3.147321610598911548e+02
3.298684240752120900e+02 3.158188779112877569e+02
3.309998052877722330e+02 3.169055947626843590e+02
3.321311865003324328e+02 3.179923116140810180e+02
3.332625677128925759e+02 3.190790284654776769e+02
3.343939489254527189e+02 3.201657453168742791e+02
3.355253301380129187e+02 3.212524621682709380e+02
3.366567113505730617e+02 3.223391790196675402e+02
3.377880925631332047e+02 3.234258958710641991e+02
3.389194737756934046e+02 3.245126127224608581e+02
3.400508549882534908e+02 3.255993295738574034e+02
3.411822362008136906e+02 3.266860464252540623e+02
3.423136174133738905e+02 3.277727632766507213e+02
3.434449986259339767e+02 3.288594801280472666e+02
3.445763798384941765e+02 3.299461969794439256e+02
3.457077610510543764e+02 3.310329138308405845e+02
3.468391422636144625e+02 3.321196306822371298e+02
3.479705234761746624e+02 3.332063475336337888e+02
3.491019046887348622e+02 3.342930643850304477e+02
3.502332859012949484e+02 3.353797812364270499e+02
3.513646671138551483e+02 3.364664980878237088e+02
3.524960483264152913e+02 3.375532149392203110e+02
