1.273299614158970030e+02 2.124440939026330284e+02
1.284536542709383298e+02 2.127351978672302266e+02
1.295773471259796850e+02 2.130263018318274817e+02
1.307010399810210117e+02 2.133174057964246799e+02
1.318247328360623669e+02 2.136085097610219350e+02
1.329484256911036937e+02 2.138996137256191332e+02
1.340721185461450204e+02 2.141907176902163883e+02
1.351958114011863756e+02 2.144818216548135865e+02
1.363195042562277024e+02 2.147729256194108416e+02
1.374431971112690576e+02 2.150640295840080398e+02
1.385668899663103844e+02 2.153551335486052380e+02
1.396905828213517395e+02 2.156462375132024931e+02
1.408142756763930663e+02 2.159373414777996913e+02
1.419379685314343931e+02 2.162284454423969464e+02
1.430616613864757483e+02 2.165195494069941446e+02
1.441853542415170750e+02 2.168106533715913713e+02
1.453090470965584302e+02 2.171017573361886264e+02
1.464327399515997570e+02 2.173928613007858530e+02
1.475564328066411122e+02 2.176839652653830512e+02
1.486801256616824389e+02 2.179750692299802779e+02
1.498038185167237657e+02 2.182661731945775045e+02
1.509275113717651209e+02 2.185572771591747312e+02
1.520512042268064477e+02 2.188483811237719294e+02
1.531748970818478028e+02 2.191394850883691561e+02
1.542985899368891296e+02 2.194305890529663827e+02
1.554222827919304564e+02 2.197216930175636094e+02
1.565459756469718116e+02 2.200127969821608360e+02
1.576696685020131383e+02 2.203039009467580627e+02
1.587933613570544935e+02 2.205953783805114483e+02
1.599170542120958203e+02 2.208857341934084957e+02
1.610407470671371470e+02 2.211761404885918409e+02
1.621644399221785022e+02 2.214691482178920126e+02
1.632881327772198290e+02 2.217725916743943060e+02
1.644118256322611842e+02 2.220837647857111108e+02
1.655355184873025109e+02 2.224108420699105579e+02
1.666592113423438377e+02 2.227509054136161240e+02
1.677829041973851929e+02 2.231028308158353184e+02
1.689065970524265197e+02 2.234661398516257407e+02
1.700302899074678749e+02 2.238405830358092317e+02
1.711539827625092016e+02 2.242206668878958453e+02
1.722776756175505284e+02 2.246058964616885305e+02
1.734013684725918836e+02 2.249964554449587126e+02
1.745250613276332388e+02 2.253880362576127823e+02
1.756487541826745655e+02 2.257787964735819912e+02
1.767724470377158923e+02 2.261664577559520239e+02
1.778961398927572475e+02 2.265501867718035101e+02
1.790198327477985742e+02 2.269301195912904063e+02
1.801435256028399294e+02 2.273073265885349485e+02
1.812672184578812562e+02 2.276805918916169276e+02
1.823909113129225830e+02 2.280523089891893846e+02
1.835146041679639382e+02 2.284306225215873667e+02
1.846382970230052649e+02 2.288354502032942719e+02
1.857619898780466201e+02 2.292776848349281522e+02
1.868856827330879469e+02 2.297532210787941267e+02
1.880093755881292736e+02 2.302672915576646346e+02
1.891330684431706288e+02 2.308139119512566140e+02
1.902567612982119556e+02 2.313748027839989732e+02
1.913804541532533108e+02 2.319292560284121123e+02
1.925041470082946375e+02 2.324816152331810599e+02
1.936278398633359643e+02 2.330291349548111270e+02
1.947515327183773195e+02 2.335688134351947269e+02
1.958752255734186747e+02 2.340924938130881685e+02
1.969989184284600015e+02 2.345882078426062662e+02
1.981226112835013282e+02 2.350482201282910637e+02
1.992463041385426550e+02 2.354600716258910893e+02
2.003699969935840102e+02 2.358237655452288095e+02
2.014936898486253654e+02 2.361463364948054675e+02
2.026173827036666921e+02 2.364427366208415151e+02
2.037410755587080189e+02 2.367256866788980290e+02
2.048647684137493457e+02 2.369962753499132475e+02
2.059884612687907008e+02 2.372484318855583183e+02
2.071121541238320560e+02 2.374817910436528905e+02
2.082358469788733828e+02 2.376938621160341825e+02
2.093595398339147096e+02 2.378867413448897423e+02
2.104832326889560363e+02 2.380607101198349937e+02
2.116069255439973915e+02 2.382194414681623869e+02
2.127306183990387467e+02 2.383629796465956190e+02
2.138543112540800735e+02 2.384929827876570130e+02
2.149780041091214002e+02 2.386040665265517760e+02
2.161016969641627270e+02 2.387040888244721373e+02
2.172253898192040822e+02 2.387887581893764946e+02
2.183490826742454374e+02 2.388641218437729208e+02
2.194727755292867641e+02 2.389310127262419314e+02
2.205964683843280909e+02 2.389899490484195894e+02
2.217201612393694461e+02 2.390387023193308664e+02
2.228438540944107729e+02 2.390725070147345264e+02
2.239675469494521280e+02 2.390998574752805439e+02
2.250912398044934548e+02 2.391255789321104146e+02
2.262149326595347816e+02 2.391541597536432278e+02
2.273386255145761368e+02 2.392046834349229982e+02
2.284623183696174920e+02 2.392850423087637921e+02
2.295860112246588187e+02 2.393988914652494486e+02
2.307097040797001455e+02 2.395446314135593866e+02
2.318333969347414723e+02 2.397194651275777062e+02
2.329570897897828274e+02 2.399229894257758815e+02
2.340807826448241826e+02 2.401581681081274269e+02
2.352044754998655094e+02 2.404241222191745919e+02
2.363281683549068362e+02 2.407189190735705324e+02
2.374518612099481629e+02 2.410476638720837457e+02
2.385755540649895181e+02 2.414104180739537355e+02
2.396992469200308733e+02 2.418038297395736720e+02
2.408229397750722001e+02 2.422349998841176841e+02
2.419466326301135268e+02 2.427075079913272759e+02
2.430703254851548536e+02 2.432183820137645398e+02
2.441940183401962088e+02 2.437751402767893296e+02
2.453177111952375640e+02 2.443670007011347707e+02
2.464414040502788907e+02 2.449986593750107318e+02
2.475650969053202175e+02 2.456555787515034126e+02
2.486887897603615443e+02 2.463390179218146727e+02
2.498124826154028995e+02 2.470712925559056998e+02
2.509361754704442546e+02 2.478306664094504299e+02
2.520598683254855814e+02 2.486046950570871559e+02
2.531835611805269082e+02 2.493882695074400431e+02
2.543072540355682634e+02 2.501819171232632755e+02
2.554309468906095901e+02 2.509926416298022502e+02
2.565546397456509453e+02 2.518187349177790395e+02
2.576783326006922721e+02 2.526629416033618440e+02
2.588020254557335988e+02 2.535269918990167923e+02
2.599257183107749825e+02 2.544093473204228815e+02
2.610494111658163092e+02 2.553082916174121237e+02
2.621731040208576360e+02 2.562224789286876216e+02
2.632967968758989628e+02 2.571498247605143206e+02
2.644204897309402895e+02 2.580872024868660333e+02
2.655441825859816163e+02 2.590288587952512671e+02
2.666678754410229431e+02 2.599728390301478385e+02
2.677915682960643267e+02 2.609164408365091958e+02
2.689152611511056534e+02 2.618578384639411070e+02
2.700389540061470370e+02 2.627961803064658852e+02
2.711626468611883638e+02 2.637311016405377018e+02
2.722863397162296906e+02 2.646617888299837773e+02
2.734100325712710173e+02 2.655881111301004012e+02
2.745337254263123441e+02 2.665102229738340043e+02
2.756574182813536709e+02 2.674290808390298935e+02
2.767811111363949976e+02 2.683457350449828596e+02
2.779048039914363244e+02 2.692614510174182101e+02
2.790284968464777080e+02 2.701759919583037117e+02
2.801521897015190348e+02 2.710891251325690519e+02
2.812758825565604184e+02 2.720008201238214269e+02
2.823995754116017451e+02 2.729118443967696521e+02
2.835232682666430719e+02 2.738230551818070921e+02
2.846469611216843987e+02 2.747354366352019497e+02
2.857706539767257254e+02 2.756498624203594545e+02
2.868943468317670522e+02 2.765676352494109551e+02
2.880180396868083790e+02 2.774905847038797333e+02
2.891417325418497626e+02 2.784239162976938928e+02
2.902654253968910893e+02 2.793736205546939573e+02
2.913891182519324161e+02 2.803473636318957460e+02
2.925128111069737997e+02 2.813451024398224263e+02
2.936365039620151265e+02 2.823533456701687783e+02
2.947601968170564533e+02 2.833576452430924633e+02
2.958838896720977800e+02 2.843522625651884255e+02
2.970075825271391068e+02 2.853403764832889919e+02
2.981312753821804336e+02 2.863274376436784223e+02
2.992549682372217603e+02 2.873175566355370165e+02
3.003786610922631439e+02 2.883145951377734946e+02
3.015023539473044707e+02 2.893189052586898811e+02
3.026260468023458543e+02 2.903288255186185438e+02
3.037497396573871811e+02 2.913415556194735245e+02
3.048734325124285078e+02 2.923556322926802409e+02
3.059971253674698346e+02 2.933684727525040330e+02
3.071208182225111614e+02 2.943784991621585618e+02
3.082445110775524881e+02 2.953841882225863742e+02
3.093682039325938149e+02 2.963852854565634516e+02
3.104918967876351417e+02 2.973822263469219251e+02
3.116155896426765253e+02 2.983762068861207126e+02
3.127392824977178520e+02 2.993702318351946587e+02
3.138629753527592356e+02 3.003676399404504309e+02
3.149866682078005624e+02 3.013663612331486092e+02
3.161103610628418892e+02 3.023617872939171320e+02
3.172340539178832159e+02 3.033693639860202325e+02
3.183577467729245427e+02 3.043817000245239797e+02
3.194814396279658695e+02 3.053940360630276700e+02
3.206051324830071962e+02 3.064063721015314172e+02
3.217288253380485799e+02 3.074187081400352213e+02
3.228525181930899066e+02 3.084310441785389116e+02
3.239762110481312334e+02 3.094433802170426588e+02
3.250999039031726170e+02 3.104557162555464629e+02
3.262235967582139438e+02 3.114680522940501533e+02
3.273472896132552705e+02 3.124803883325539005e+02
3.284709824682965973e+02 3.134927243710576477e+02
3.295946753233379241e+02 3.145050604095613380e+02
3.307183681783792508e+02 3.155173964480650852e+02
3.318420610334205776e+02 3.165297324865688324e+02
3.329657538884619612e+02 3.175420685250726365e+02
3.340894467435032880e+02 3.185544045635763268e+02
3.352131395985446716e+02 3.195667406020801309e+02
3.363368324535859983e+02 3.205790766405838212e+02
3.374605253086273251e+02 3.215914126790875684e+02
3.385842181636686519e+02 3.226037487175912588e+02
3.397079110187099786e+02 3.236160847560950060e+02
3.408316038737513054e+02 3.246284207945987532e+02
3.419552967287926322e+02 3.256407568331025004e+02
3.430789895838340158e+02 3.266530928716063045e+02
3.442026824388753425e+02 3.276654289101099380e+02
3.453263752939166693e+02 3.286777649486137420e+02
3.464500681489580529e+02 3.296901009871174892e+02
3.475737610039993797e+02 3.307024370256212364e+02
3.486974538590407064e+02 3.317147730641249836e+02
3.498211467140820332e+02 3.327271091026286740e+02
3.509448395691233600e+02 3.337394451411324212e+02
