1.249743506390158529e+02 2.105142281619078801e+02
1.262315469023004653e+02 2.108991524010726835e+02
1.274887431655850918e+02 2.112840766402374584e+02
1.287459394288696899e+02 2.116690008794022049e+02
1.300031356921543306e+02 2.120539251185669798e+02
1.312603319554389429e+02 2.124388493577317831e+02
1.325175282187235553e+02 2.128237735968965296e+02
1.337747244820081676e+02 2.132086978360613330e+02
1.350319207452927799e+02 2.135936220752260510e+02
1.362891170085773922e+02 2.139785463143908260e+02
1.375463132718620045e+02 2.143634705535556293e+02
1.388035095351466168e+02 2.147483947927203758e+02
1.400607057984312576e+02 2.151333190318851507e+02
1.413179020617158699e+02 2.155182432710499256e+02
1.425750983250004822e+02 2.159031675102147005e+02
1.438322945882850945e+02 2.162880917493794755e+02
1.450894908515697068e+02 2.166730159885442504e+02
1.463466871148543191e+02 2.170579402277090253e+02
1.476038833781389314e+02 2.174428644668738002e+02
1.488610796414235438e+02 2.178277887060385751e+02
1.501182759047081845e+02 2.182127129452033500e+02
1.513754721679927968e+02 2.185976371843681250e+02
1.526326684312774091e+02 2.189825614235328999e+02
1.538898646945620214e+02 2.193674856626976748e+02
1.551470609578466338e+02 2.197524099018624213e+02
1.564042572211312461e+02 2.201580308305684639e+02
1.576614534844158584e+02 2.205718828528094093e+02
1.589186497477004991e+02 2.209693989644380281e+02
1.601758460109851114e+02 2.213522855602016364e+02
1.614330422742697237e+02 2.217312511258079724e+02
1.626902385375543361e+02 2.221092392878993564e+02
1.639474348008389484e+02 2.224888928593578612e+02
1.652046310641235607e+02 2.228760953932088285e+02
1.664618273274081730e+02 2.232743242939096149e+02
1.677190235906928137e+02 2.236862532063314575e+02
1.689762198539774261e+02 2.241101159500000790e+02
1.702334161172620384e+02 2.245450082909628975e+02
1.714906123805466507e+02 2.249877225133592731e+02
1.727478086438312630e+02 2.254364795865222959e+02
1.740050049071158753e+02 2.258888688608182065e+02
1.752622011704004876e+02 2.263418043086143712e+02
1.765193974336851284e+02 2.267933549415699872e+02
1.777765936969697123e+02 2.272381623879864492e+02
1.790337899602543530e+02 2.276770160351208290e+02
1.802909862235389653e+02 2.281086698806810489e+02
1.815481824868235776e+02 2.285332476675042415e+02
1.828053787501081899e+02 2.289510242183706623e+02
1.840625750133928022e+02 2.293859352800442934e+02
1.853197712766774430e+02 2.298640292437621611e+02
1.865769675399620269e+02 2.303849781285308325e+02
1.878341638032466676e+02 2.309422536896283020e+02
1.890913600665312799e+02 2.315213636730134112e+02
1.903485563298158922e+02 2.321030590837502530e+02
1.916057525931005046e+02 2.326840553664967501e+02
1.928629488563851169e+02 2.332587255691486803e+02
1.941201451196697576e+02 2.338199908060571488e+02
1.953773413829543415e+02 2.343588165620977577e+02
1.966345376462389822e+02 2.348688346408834775e+02
1.978917339095235661e+02 2.353447960486290356e+02
1.991489301728082069e+02 2.357860755858379775e+02
2.004061264360928192e+02 2.361913974694280114e+02
2.016633226993774315e+02 2.365617270778816703e+02
2.029205189626620438e+02 2.369042427000092346e+02
2.041777152259466561e+02 2.372160103540023783e+02
2.054349114892312969e+02 2.374951513421142124e+02
2.066921077525158807e+02 2.377400466305551276e+02
2.079493040158005215e+02 2.379549204938554681e+02
2.092065002790851338e+02 2.381399902713982897e+02
2.104636965423697461e+02 2.383070441902214895e+02
2.117208928056543584e+02 2.384523000133781920e+02
2.129780890689389707e+02 2.385827686970250170e+02
2.142352853322236115e+02 2.387007262181728322e+02
2.154924815955081954e+02 2.388084447391462106e+02
2.167496778587928361e+02 2.389060119579368973e+02
2.180068741220774484e+02 2.389876686536890702e+02
2.192640703853620607e+02 2.390548015291777233e+02
2.205212666486466730e+02 2.391129840823114705e+02
2.217784629119312854e+02 2.391682740586804812e+02
2.230356591752159261e+02 2.392252398010211323e+02
2.242928554385005100e+02 2.392868590125331423e+02
2.255500517017851507e+02 2.393544632993600487e+02
2.268072479650697630e+02 2.394303836808298058e+02
2.280644442283543754e+02 2.395162677922243120e+02
2.293216404916389877e+02 2.396164126691184322e+02
2.305788367549236000e+02 2.397346485823561011e+02
2.318360330182082407e+02 2.398831322710073835e+02
2.330932292814928246e+02 2.400769340245598471e+02
2.343504255447774653e+02 2.403232532744783043e+02
2.356076218080620492e+02 2.406229497510009310e+02
2.368648180713466900e+02 2.409788525641584442e+02
2.381220143346313023e+02 2.413986823981231282e+02
2.393792105979159146e+02 2.418846121092645944e+02
2.406364068612005269e+02 2.424375000744930162e+02
2.418936031244851392e+02 2.430523988171202063e+02
2.431507993877697800e+02 2.437048645219949776e+02
2.444079956510543639e+02 2.443957204384883823e+02
2.456651919143390046e+02 2.451287991984478083e+02
2.469223881776236169e+02 2.459034348600436033e+02
2.481795844409082292e+02 2.467142731942684861e+02
2.494367807041928415e+02 2.475558368754859657e+02
2.506939769674774539e+02 2.484183477026210483e+02
2.519511732307620946e+02 2.492933532886921455e+02
2.532083694940467069e+02 2.501835347052189036e+02
2.544655657573313192e+02 2.510889263809649776e+02
2.557227620206159315e+02 2.520114748134242291e+02
2.569799582839005438e+02 2.529522786073352449e+02
2.582371545471851277e+02 2.539152513064279333e+02
2.594943508104697685e+02 2.549033987731764057e+02
2.607515470737544092e+02 2.559195425634221408e+02
2.620087433370389931e+02 2.569626719413054161e+02
2.632659396003236338e+02 2.580271533429458941e+02
2.645231358636082177e+02 2.591083489061696810e+02
2.657803321268928585e+02 2.602003173778308565e+02
2.670375283901774992e+02 2.612961606829972538e+02
2.682947246534620831e+02 2.623919866077890788e+02
2.695519209167466670e+02 2.634834474831405942e+02
2.708091171800313077e+02 2.645667671324903267e+02
2.720663134433159485e+02 2.656404948937768609e+02
2.733235097066005892e+02 2.667019053895863294e+02
2.745807059698851731e+02 2.677523618083454835e+02
2.758379022331697570e+02 2.687935731332762543e+02
2.770950984964543977e+02 2.698286526540983914e+02
2.783522947597390385e+02 2.708592262625607532e+02
2.796094910230236223e+02 2.718873066872474737e+02
2.808666872863082062e+02 2.729146655261601495e+02
2.821238835495928470e+02 2.739428395224142605e+02
2.833810798128774877e+02 2.749728578380276645e+02
2.846382760761621284e+02 2.760052526808092352e+02
2.858954723394467123e+02 2.770397879872791691e+02
2.871526686027312962e+02 2.780759213389029583e+02
2.884098648660159370e+02 2.791128301708243384e+02
2.896670611293005777e+02 2.801493101623678399e+02
2.909242573925852184e+02 2.811852460966331932e+02
2.921814536558698023e+02 2.822204897160972905e+02
2.934386499191543862e+02 2.832553192793408243e+02
2.946958461824390270e+02 2.842910610293073432e+02
2.959530424457236677e+02 2.853301842457451585e+02
2.972102387090082516e+02 2.863751501624427647e+02
2.984674349722928355e+02 2.874289201272574132e+02
2.997246312355774762e+02 2.884949987021266224e+02
3.009818274988621170e+02 2.895765270754147878e+02
3.022390237621467577e+02 2.906746458813709069e+02
3.034962200254313416e+02 2.917902161694888150e+02
3.047534162887159255e+02 2.929193522652557249e+02
3.060106125520005662e+02 2.940564910617925420e+02
3.072678088152852069e+02 2.951962872438898557e+02
3.085250050785697908e+02 2.963317770708858916e+02
3.097822013418544316e+02 2.974670798391508129e+02
3.110393976051390155e+02 2.986183293816418995e+02
3.122965938684236562e+02 2.997814689815868974e+02
3.135537901317082969e+02 3.009500187599740570e+02
3.148109863949928808e+02 3.021224639114469710e+02
3.160681826582774647e+02 3.032967471108938184e+02
3.173253789215621055e+02 3.044702795365564612e+02
3.185825751848467462e+02 3.056417973493086038e+02
3.198397714481313869e+02 3.068100659230104839e+02
3.210969677114159708e+02 3.079738129495602266e+02
3.223541639747005547e+02 3.091336676567813129e+02
3.236113602379851955e+02 3.102936398299352732e+02
3.248685565012698362e+02 3.114643510462901759e+02
3.261257527645544201e+02 3.126456899867414450e+02
3.273829490278390040e+02 3.138158147795469972e+02
3.286401452911236447e+02 3.149809442906795312e+02
3.298973415544082854e+02 3.161503023710949947e+02
3.311545378176929262e+02 3.173195416770822703e+02
3.324117340809775101e+02 3.184837750433374595e+02
3.336689303442620940e+02 3.196347803626377981e+02
3.349261266075467347e+02 3.207655543235413802e+02
3.361833228708313754e+02 3.218670736122920175e+02
3.374405191341159593e+02 3.229391746791067135e+02
3.386977153974006001e+02 3.239724434045231760e+02
3.399549116606851840e+02 3.249527175722719221e+02
3.412121079239698247e+02 3.259643765269469213e+02
3.424693041872544654e+02 3.269834255558851623e+02
3.437265004505390493e+02 3.280024745848232897e+02
3.449836967138236332e+02 3.290215236137615307e+02
3.462408929771082740e+02 3.300405726426997148e+02
3.474980892403929147e+02 3.310596216716379558e+02
3.487552855036775554e+02 3.320786707005761400e+02
3.500124817669621393e+02 3.330977197295143242e+02
3.512696780302467232e+02 3.341167687584525083e+02
3.525268742935313639e+02 3.351358177873906925e+02
3.537840705568160047e+02 3.361548668163289904e+02
3.550412668201005886e+02 3.371739158452671745e+02
3.562984630833851725e+02 3.381929648742053018e+02
3.575556593466698132e+02 3.392120139031435428e+02
3.588128556099544539e+02 3.402310629320817270e+02
3.600700518732390947e+02 3.412501119610199680e+02
3.613272481365236786e+02 3.422691609899581522e+02
3.625844443998082625e+02 3.432882100188963364e+02
3.638416406630929032e+02 3.443072590478345205e+02
3.650988369263775439e+02 3.453263080767727615e+02
3.663560331896621847e+02 3.463453571057110025e+02
3.676132294529467686e+02 3.473644061346491299e+02
3.688704257162313525e+02 3.483834551635873140e+02
3.701276219795159932e+02 3.494025041925255550e+02
3.713848182428006339e+02 3.504215532214637392e+02
3.726420145060852178e+02 3.514406022504019802e+02
3.738992107693698017e+02 3.524596512793401075e+02
3.751564070326544424e+02 3.534787003082783485e+02
