1.253157848646654600e+02 2.124229608039285040e+02
1.265162187801176117e+02 2.127329418585443932e+02
1.277166526955697634e+02 2.130429229131603108e+02
1.289170866110219151e+02 2.133529039677762000e+02
1.301175205264740669e+02 2.136628850223921177e+02
1.313179544419262186e+02 2.139728660770080069e+02
1.325183883573783703e+02 2.142828471316238961e+02
1.337188222728305504e+02 2.145928281862398137e+02
1.349192561882827022e+02 2.149028092408557313e+02
1.361196901037348539e+02 2.152127902954716205e+02
1.373201240191870056e+02 2.155227713500875097e+02
1.385205579346391573e+02 2.158327524047034274e+02
1.397209918500913091e+02 2.161427334593193450e+02
1.409214257655434608e+02 2.164527145139352342e+02
1.421218596809956125e+02 2.167626955685511234e+02
1.433222935964477642e+02 2.170726766231670410e+02
1.445227275118999160e+02 2.173826576777829587e+02
1.457231614273520677e+02 2.176926387323988479e+02
1.469235953428042194e+02 2.180026197870147371e+02
1.481240292582563711e+02 2.183126008416306263e+02
1.493244631737085228e+02 2.186225818962465439e+02
1.505248970891607030e+02 2.189325629508624615e+02
1.517253310046128547e+02 2.192425440054783508e+02
1.529257649200650064e+02 2.195525250600942684e+02
1.541261988355171582e+02 2.198625061147101576e+02
1.553266327509693099e+02 2.201724871693260752e+02
1.565270666664214616e+02 2.204824682239419644e+02
1.577275005818736133e+02 2.207938779773243141e+02
1.589279344973257651e+02 2.211229091730850200e+02
1.601283684127779168e+02 2.214504482559162568e+02
1.613288023282300685e+02 2.217766915818193638e+02
1.625292362436822486e+02 2.221022440314596338e+02
1.637296701591344004e+02 2.224300743384402779e+02
1.649301040745865521e+02 2.227609673691384842e+02
1.661305379900387038e+02 2.231017799711295027e+02
1.673309719054908555e+02 2.234515147699496538e+02
1.685314058209430073e+02 2.238120414393964381e+02
1.697318397363951590e+02 2.241839013196177177e+02
1.709322736518473107e+02 2.245655518189966813e+02
1.721327075672994624e+02 2.249559572528836782e+02
1.733331414827516141e+02 2.253545817578090293e+02
1.745335753982037659e+02 2.257593930174687387e+02
1.757340093136559176e+02 2.261662653464756545e+02
1.769344432291080693e+02 2.265740293643303858e+02
1.781348771445602210e+02 2.269790988436860175e+02
1.793353110600123728e+02 2.273813980794405438e+02
1.805357449754645245e+02 2.277777100162933834e+02
1.817361788909167046e+02 2.281755158321967656e+02
1.829366128063688564e+02 2.286063837592087964e+02
1.841370467218210081e+02 2.290717563035514672e+02
1.853374806372731598e+02 2.295741883945609914e+02
1.865379145527253115e+02 2.301161286847108158e+02
1.877383484681774632e+02 2.306823696162826423e+02
1.889387823836296150e+02 2.312613832414931210e+02
1.901392162990817667e+02 2.318301948695544183e+02
1.913396502145339468e+02 2.323849419249181665e+02
1.925400841299860986e+02 2.329269649204665029e+02
1.937405180454382503e+02 2.334533947500125919e+02
1.949409519608904020e+02 2.339688915408184187e+02
1.961413858763425537e+02 2.344722540351585849e+02
1.973418197917947055e+02 2.349542820870139224e+02
1.985422537072468572e+02 2.354080192578144306e+02
1.997426876226990089e+02 2.358207596698009354e+02
2.009431215381511606e+02 2.361932229546155497e+02
2.021435554536033123e+02 2.365244911311992837e+02
2.033439893690554641e+02 2.368173917186452968e+02
2.045444232845076158e+02 2.370760110655987773e+02
2.057448571999597675e+02 2.373134240838493838e+02
2.069452911154119192e+02 2.375330565113304715e+02
2.081457250308640710e+02 2.377348498609208889e+02
2.093461589463162227e+02 2.379188156272380752e+02
2.105465928617683744e+02 2.380842576679024205e+02
2.117470267772205261e+02 2.382358921780740957e+02
2.129474606926726779e+02 2.383753300965615836e+02
2.141478946081248580e+02 2.385023220343269088e+02
2.153483285235770097e+02 2.386191639306601360e+02
2.165487624390291614e+02 2.387222549827521902e+02
2.177491963544813132e+02 2.388090045202098963e+02
2.189496302699334649e+02 2.388825253846323449e+02
2.201500641853856166e+02 2.389604046169866933e+02
2.213504981008377683e+02 2.390527989468396299e+02
2.225509320162899485e+02 2.391595841144307713e+02
2.237513659317421002e+02 2.392823160676824727e+02
2.249517998471942519e+02 2.394226359958499870e+02
2.261522337626464036e+02 2.395796595262317510e+02
2.273526676780985554e+02 2.397517728659519491e+02
2.285531015935507071e+02 2.399451307195239735e+02
2.297535355090028588e+02 2.401686828719583389e+02
2.309539694244550105e+02 2.404205898125406122e+02
2.321544033399071623e+02 2.406961369301093328e+02
2.333548372553593140e+02 2.409980389406086374e+02
2.345552711708114657e+02 2.413264743488029751e+02
2.357557050862636174e+02 2.416863416670741742e+02
2.369561390017157692e+02 2.420799282993752399e+02
2.381565729171679209e+02 2.424988110618263022e+02
2.393570068326200726e+02 2.429505204751807526e+02
2.405574407480722243e+02 2.434314064531736221e+02
2.417578746635243760e+02 2.439467014460669532e+02
2.429583085789765278e+02 2.444990627121695184e+02
2.441587424944286795e+02 2.450988223972586013e+02
2.453591764098808596e+02 2.457319252306355111e+02
2.465596103253330114e+02 2.463879021162777576e+02
2.477600442407851631e+02 2.470672512040352728e+02
2.489604781562373148e+02 2.477684578035150480e+02
2.501609120716894665e+02 2.484956891657955111e+02
2.513613459871416183e+02 2.492504175036486060e+02
2.525617799025937984e+02 2.500334595755272460e+02
2.537622138180459217e+02 2.508601137654232502e+02
2.549626477334980734e+02 2.517386086782001371e+02
2.561630816489502536e+02 2.526586580776958044e+02
2.573635155644024053e+02 2.535890010528049459e+02
2.585639494798545570e+02 2.545300847593715616e+02
2.597643833953067087e+02 2.554812889003706573e+02
2.609648173107588605e+02 2.564435468985395801e+02
2.621652512262110122e+02 2.574173503230967981e+02
2.633656851416631639e+02 2.584013905998059499e+02
2.645661190571153156e+02 2.593927557879979986e+02
2.657665529725674674e+02 2.603895901151529984e+02
2.669669868880196191e+02 2.613886570505003988e+02
2.681674208034717708e+02 2.623871986034380939e+02
2.693678547189239225e+02 2.633824925898332481e+02
2.705682886343760742e+02 2.643735837323301894e+02
2.717687225498282260e+02 2.653605313984152190e+02
2.729691564652804345e+02 2.663443370837138673e+02
2.741695903807325294e+02 2.673261832110041496e+02
2.753700242961847380e+02 2.683073495153348631e+02
2.765704582116368329e+02 2.692887697122031341e+02
2.777708921270890414e+02 2.702706133337890719e+02
2.789713260425411363e+02 2.712527741230753122e+02
2.801717599579933449e+02 2.722359523845864828e+02
2.813721938734454397e+02 2.732219201495424272e+02
2.825726277888976483e+02 2.742119708416823869e+02
2.837730617043497432e+02 2.752061490460611139e+02
2.849734956198019518e+02 2.762042116330683825e+02
2.861739295352540466e+02 2.772051853680435443e+02
2.873743634507062552e+02 2.782074128971095206e+02
2.885747973661584069e+02 2.792102642677947983e+02
2.897752312816105587e+02 2.802131123471601200e+02
2.909756651970627104e+02 2.812157901659998060e+02
2.921760991125148621e+02 2.822182492978993764e+02
2.933765330279670138e+02 2.832219320872520711e+02
2.945769669434191655e+02 2.842287983148916624e+02
2.957774008588713173e+02 2.852405578021847532e+02
2.969778347743234690e+02 2.862577601162745395e+02
2.981782686897756207e+02 2.872797748000328966e+02
2.993787026052277724e+02 2.883064151195254112e+02
3.005791365206799242e+02 2.893381307023462341e+02
3.017795704361320759e+02 2.903733341760629401e+02
3.029800043515842844e+02 2.914220264817026873e+02
3.041804382670363793e+02 2.924914344937649275e+02
3.053808721824885879e+02 2.935780097928113719e+02
3.065813060979406828e+02 2.946878394362493054e+02
3.077817400133928913e+02 2.958257043831928854e+02
3.089821739288449862e+02 2.969892155253837132e+02
3.101826078442971948e+02 2.981713445624107521e+02
3.113830417597492897e+02 2.993624457818984865e+02
3.125834756752014982e+02 3.005543371428087767e+02
3.137839095906535931e+02 3.017653717043021970e+02
3.149843435061058017e+02 3.029994634765188835e+02
3.161847774215578966e+02 3.042514792910906181e+02
3.173852113370101051e+02 3.055112522399298314e+02
3.185856452524622568e+02 3.067666596165770443e+02
3.197860791679144086e+02 3.079891496230688972e+02
3.209865130833665603e+02 3.091799369977413221e+02
3.221869469988187120e+02 3.103510060464789717e+02
3.233873809142708637e+02 3.115010348196697123e+02
3.245878148297230155e+02 3.126362036748321316e+02
3.257882487451751672e+02 3.137664923215808130e+02
3.269886826606273189e+02 3.148982762597178748e+02
3.281891165760794706e+02 3.160299112177322627e+02
3.293895504915316224e+02 3.171615461757467074e+02
3.305899844069837741e+02 3.182931811337612089e+02
3.317904183224359258e+02 3.194248160917755968e+02
3.329908522378881344e+02 3.205564510497900415e+02
3.341912861533402292e+02 3.216880860078044293e+02
3.353917200687924378e+02 3.228197209658189308e+02
3.365921539842445327e+02 3.239513559238333187e+02
3.377925878996967413e+02 3.250829908818477634e+02
3.389930218151488361e+02 3.262146258398621512e+02
3.401934557306010447e+02 3.273462607978766528e+02
3.413938896460531396e+02 3.284778957558910406e+02
3.425943235615053482e+02 3.296095307139055421e+02
3.437947574769574430e+02 3.307411656719199300e+02
3.449951913924096516e+02 3.318728006299344315e+02
3.461956253078617465e+02 3.330044355879487625e+02
3.473960592233139550e+02 3.341360705459632641e+02
3.485964931387661068e+02 3.352677055039777088e+02
3.497969270542182585e+02 3.363993404619920966e+02
3.509973609696704102e+02 3.375309754200065413e+02
3.521977948851225619e+02 3.386626103780209860e+02
3.533982288005747137e+02 3.397942453360354307e+02
3.545986627160268654e+02 3.409258802940498754e+02
3.557990966314790171e+02 3.420575152520642632e+02
3.569995305469311688e+02 3.431891502100787648e+02
3.581999644623833206e+02 3.443207851680931526e+02
3.594003983778354723e+02 3.454524201261075973e+02
3.606008322932876240e+02 3.465840550841220420e+02
3.618012662087397757e+02 3.477156900421364867e+02
3.630017001241919274e+02 3.488473250001508745e+02
3.642021340396440792e+02 3.499789599581653192e+02
