4.070353532893940383e+02 3.132147782303737813e+02
4.043997266781962594e+02 3.118442726719155758e+02
4.017641000669984805e+02 3.104737671134573702e+02
3.991284734558007017e+02 3.091032615549991078e+02
3.964928468446028660e+02 3.077327559965408454e+02
3.938572202334050871e+02 3.063622504380825831e+02
3.912215936222073083e+02 3.049917448796243775e+02
3.885859670110095294e+02 3.036212393211661720e+02
3.859503403998117506e+02 3.022507337627079096e+02
3.833147137886139717e+02 3.008802282042497040e+02
3.806790871774161928e+02 2.995496746285144241e+02
3.780434605662184140e+02 2.982149594124651912e+02
3.754078339550205783e+02 2.969799945292315329e+02
3.727722073438227994e+02 2.958948722981330661e+02
3.701365807326250206e+02 2.949632380236546396e+02
3.675009541214272417e+02 2.941712297904817888e+02
3.648653275102294629e+02 2.935074998820685437e+02
3.622297008990316840e+02 2.929552429630106190e+02
3.595940742878339051e+02 2.924892652099622978e+02
3.569584476766360694e+02 2.920749780706918273e+02
3.543228210654382906e+02 2.916975343966190621e+02
3.516871944542405117e+02 2.913648901959618911e+02
3.490515678430427329e+02 2.910828550855231356e+02
3.464159412318449540e+02 2.908565459987331110e+02
3.437803146206471752e+02 2.906912312154744882e+02
3.411446880094493963e+02 2.905919626055057847e+02
3.385090613982515606e+02 2.905610803980738979e+02
3.358734347870538386e+02 2.905993667414059018e+02
3.332378081758560029e+02 2.907098459036831741e+02
3.306021815646582240e+02 2.908958983303333525e+02
3.279665549534604452e+02 2.911376809212773082e+02
3.253309283422626663e+02 2.913875371583383753e+02
3.226953017310648875e+02 2.916069424041124876e+02
3.200596751198670518e+02 2.917740862213829587e+02
3.174240485086693297e+02 2.918661494419931159e+02
3.147884218974714940e+02 2.917425702126142824e+02
3.121527952862737152e+02 2.913506711717656117e+02
3.095171686750759363e+02 2.907389869811198650e+02
3.068815420638781575e+02 2.899766079601880620e+02
3.042459154526803786e+02 2.890880620259423495e+02
3.016102888414825998e+02 2.880696395562895304e+02
2.989746622302848209e+02 2.869093676355418552e+02
2.963390356190869852e+02 2.855917489511880945e+02
2.937034090078892064e+02 2.841046169303076567e+02
2.910677823966914275e+02 2.824499456204017633e+02
2.884321557854936486e+02 2.806483039724453192e+02
2.857965291742958698e+02 2.787718327034058916e+02
2.831609025630980909e+02 2.768602750602611309e+02
2.805252759519003121e+02 2.749137245920615555e+02
2.778896493407024764e+02 2.729317671501410700e+02
2.752540227295047544e+02 2.709141698115442978e+02
2.726183961183069187e+02 2.688639976072666400e+02
2.699827695071091398e+02 2.667874976800618469e+02
2.673471428959113609e+02 2.646943651154391546e+02
2.647115162847135821e+02 2.625933930676183650e+02
2.620758896735158032e+02 2.604924993307304248e+02
2.594402630623179675e+02 2.583963515306342060e+02
2.568046364511202455e+02 2.563072213717672980e+02
2.541690098399224382e+02 2.542258610310197753e+02
2.515333832287246310e+02 2.521524309417527547e+02
2.488977566175268521e+02 2.500857646547765398e+02
2.462621300063290732e+02 2.480227720655642258e+02
2.436265033951312944e+02 2.459591790997642136e+02
2.409908767839334871e+02 2.438920714112193195e+02
2.383552501727357082e+02 2.418205403090228742e+02
2.357196235615379294e+02 2.397471535262928057e+02
2.330839969503401221e+02 2.376770808504975889e+02
2.304483703391423433e+02 2.356182881603830026e+02
2.278127437279445644e+02 2.335794099964557518e+02
2.251771171167467855e+02 2.315704812784765636e+02
2.225414905055489783e+02 2.296019210583866652e+02
2.199058638943511994e+02 2.276827277974555557e+02
2.172702372831534205e+02 2.258210238377359076e+02
2.146346106719556417e+02 2.240224583461416614e+02
2.119989840607578344e+02 2.222900014699520739e+02
2.093633574495600556e+02 2.206219715976931468e+02
2.067277308383622767e+02 2.190132880814018961e+02
2.040921042271644978e+02 2.174554758524940041e+02
2.014564776159666906e+02 2.159361946409218262e+02
1.988208510047689117e+02 2.144437098152571934e+02
1.961852243935711329e+02 2.129671678894851539e+02
1.935495977823733256e+02 2.114987399781108479e+02
1.909139711711755467e+02 2.100335518369184626e+02
1.882783445599777679e+02 2.085695892624720216e+02
1.856427179487799890e+02 2.071166084824837696e+02
1.830070913375821817e+02 2.056636277024954893e+02
1.803714647263844029e+02 2.042106469225072090e+02
1.777358381151866240e+02 2.027576661425189855e+02
1.751002115039888452e+02 2.013046853625306767e+02
1.724645848927910379e+02 1.998517045825424248e+02
1.698289582815932590e+02 1.983987238025541728e+02
1.671933316703954802e+02 1.969457430225658641e+02
1.645577050591977013e+02 1.954927622425776121e+02
1.619220784479998940e+02 1.940397814625893602e+02
1.592864518368021152e+02 1.925868006826010799e+02
1.566508252256043363e+02 1.911338199026127995e+02
1.540151986144065290e+02 1.896808391226245192e+02
1.513795720032087502e+02 1.882278583426362673e+02
1.487439453920109713e+02 1.867748775626479869e+02
1.461083187808131925e+02 1.853218967826597350e+02
