1.642176617025856444e+02 1.946417128297729562e+02
1.667054182640775650e+02 1.960886864605846540e+02
1.691931748255694856e+02 1.975356600913963234e+02
1.716809313870614346e+02 1.989826337222080213e+02
1.741686879485533552e+02 2.004296073530197191e+02
1.766564445100452758e+02 2.018765809838313885e+02
1.791442010715371964e+02 2.033235546146430579e+02
1.816319576330291170e+02 2.047705282454547557e+02
1.841197141945210660e+02 2.062175018762664536e+02
1.866074707560129866e+02 2.076644755070781230e+02
1.890952273175049072e+02 2.091114491378897924e+02
1.915829838789968278e+02 2.105584227687014618e+02
1.940707404404887484e+02 2.120053963995131880e+02
1.965584970019806974e+02 2.134778778085754425e+02
1.990462535634725896e+02 2.149702493911532599e+02
2.015340101249645386e+02 2.164525393275404497e+02
2.040217666864564592e+02 2.179290705196558520e+02
2.065095232479483798e+02 2.194042435015462900e+02
2.089972798094403288e+02 2.208831952095567601e+02
2.114850363709322210e+02 2.223724611871257366e+02
2.139727929324241700e+02 2.238819293809093551e+02
2.164605494939160906e+02 2.254248391778812675e+02
2.189483060554080112e+02 2.270128378827917004e+02
2.214360626168999318e+02 2.286523673491349768e+02
2.239238191783918523e+02 2.303449960493824165e+02
2.264115757398838014e+02 2.320912117541068369e+02
2.288993323013757220e+02 2.338898979083643610e+02
2.313870888628676425e+02 2.357387512284903437e+02
2.338748454243595631e+02 2.376325146447626366e+02
2.363626019858514837e+02 2.395617964849103600e+02
2.388503585473434327e+02 2.415148817138129687e+02
2.413381151088353533e+02 2.434806971191675302e+02
2.438258716703272739e+02 2.454512426796952127e+02
2.463136282318191945e+02 2.474221389111439464e+02
2.488013847933111151e+02 2.493942791078123093e+02
2.512891413548030641e+02 2.513707027819125699e+02
2.537768979162949847e+02 2.533525126909066785e+02
2.562646544777869053e+02 2.553348729154595844e+02
2.587524110392788543e+02 2.573095071717909832e+02
2.612401676007707465e+02 2.592700864549071866e+02
2.637279241622626955e+02 2.612171686223250049e+02
2.662156807237545877e+02 2.631555277453597910e+02
2.687034372852465367e+02 2.650888140899685936e+02
2.711911938467384289e+02 2.670170278057782411e+02
2.736789504082303779e+02 2.689362520658056610e+02
2.761667069697223269e+02 2.708414105724052661e+02
2.786544635312142191e+02 2.727275993991769951e+02
2.811422200927061681e+02 2.745919462276787044e+02
2.836299766541981171e+02 2.764323337308992450e+02
2.861177332156900093e+02 2.782472379595311054e+02
2.886054897771819583e+02 2.800356409896075434e+02
2.910932463386738505e+02 2.817957925099210570e+02
2.935810029001657995e+02 2.834733705397457015e+02
2.960687594616576916e+02 2.850319545769386878e+02
2.985565160231496407e+02 2.864542150813409194e+02
3.010442725846415897e+02 2.877371991211208524e+02
3.035320291461334818e+02 2.888849194320207516e+02
3.060197857076254309e+02 2.899059873719547795e+02
3.085075422691173799e+02 2.908072359006008014e+02
3.109952988306092720e+02 2.915878969060891563e+02
3.134830553921011642e+02 2.922378447828692742e+02
3.159708119535931132e+02 2.927236445726163083e+02
3.184585685150850622e+02 2.929962421789445557e+02
3.209463250765769544e+02 2.930374002423964725e+02
3.234340816380689034e+02 2.928864070502922914e+02
3.259218381995608524e+02 2.926715969683764911e+02
3.284095947610527446e+02 2.924208196265508377e+02
3.308973513225446936e+02 2.921499233442203831e+02
3.333851078840366426e+02 2.918857363154104974e+02
3.358728644455285348e+02 2.916628828730525811e+02
3.383606210070204270e+02 2.915065450538045297e+02
3.408483775685123760e+02 2.914173852291923481e+02
3.433361341300043250e+02 2.913888049866416736e+02
3.458238906914962172e+02 2.914186465891427247e+02
3.483116472529881662e+02 2.915042402187898460e+02
3.507994038144801152e+02 2.916422250146644046e+02
3.532871603759720074e+02 2.918301194612745348e+02
3.557749169374638996e+02 2.920620721297585760e+02
3.582626734989559054e+02 2.923695246822561558e+02
3.607504300604477976e+02 2.927714484550292582e+02
3.632381866219396898e+02 2.932638414341094517e+02
3.657259431834316388e+02 2.938362127502331305e+02
3.682136997449235878e+02 2.944803820210091203e+02
3.707014563064154800e+02 2.951914962868314660e+02
3.731892128679074290e+02 2.959731736872094530e+02
3.756769694293993780e+02 2.968283739725013675e+02
3.781647259908912702e+02 2.977611198795628411e+02
3.806524825523831623e+02 2.987696620498914513e+02
3.831402391138751113e+02 2.998495759573925739e+02
3.856279956753670604e+02 3.009891496542016398e+02
3.881157522368589525e+02 3.021349763720696728e+02
3.906035087983509015e+02 3.032670459211406637e+02
3.930912653598428506e+02 3.043991154702116546e+02
3.955790219213347427e+02 3.055311850192826455e+02
3.980667784828266917e+02 3.066632545683536364e+02
4.005545350443186408e+02 3.077953241174246273e+02
4.030422916058105329e+02 3.089273936664955613e+02
4.055300481673024251e+02 3.100594632155665522e+02
4.080178047287943741e+02 3.111915327646375431e+02
4.105055612902863231e+02 3.123236023137084771e+02
