4.116753410411545246e+02 3.118409348550524101e+02
4.094993212737659860e+02 3.109133385334770310e+02
4.073233015063775042e+02 3.099857422119017656e+02
4.051472817389889656e+02 3.090581458903265002e+02
4.029712619716004269e+02 3.081305495687511211e+02
4.007952422042119451e+02 3.072029532471758557e+02
3.986192224368234065e+02 3.062753569256004766e+02
3.964432026694348679e+02 3.053477606040251544e+02
3.942671829020463292e+02 3.044201642824498322e+02
3.920911631346578474e+02 3.034925679608745668e+02
3.899151433672693088e+02 3.025649716392991877e+02
3.877391235998807701e+02 3.016373753177238655e+02
3.855631038324922883e+02 3.006868211467969445e+02
3.833870840651037497e+02 2.997461545872166653e+02
3.812110642977152111e+02 2.988489476186021534e+02
3.790350445303267293e+02 2.979984175626668161e+02
3.768590247629381906e+02 2.971963089493418693e+02
3.746830049955496520e+02 2.964400245969759453e+02
3.725069852281611702e+02 2.957307834120293251e+02
3.703309654607726316e+02 2.950644574749066464e+02
3.681549456933840929e+02 2.944386941586693638e+02
3.659789259259955543e+02 2.938494782413391135e+02
3.638029061586070725e+02 2.932994588731824024e+02
3.616268863912185338e+02 2.927922310410116324e+02
3.594508666238299952e+02 2.923379678454135728e+02
3.572748468564415134e+02 2.919451556904762128e+02
3.550988270890529748e+02 2.916216209464765825e+02
3.529228073216644361e+02 2.913730087868322016e+02
3.507467875542758975e+02 2.911898296158945527e+02
3.485707677868874157e+02 2.910454695607456301e+02
3.463947480194988771e+02 2.909419173217039543e+02
3.442187282521103953e+02 2.908811415467135930e+02
3.420427084847218566e+02 2.908639679553110682e+02
3.398666887173333180e+02 2.908931826923538324e+02
3.376906689499447793e+02 2.909790687766336532e+02
3.355146491825562975e+02 2.911319458790152339e+02
3.333386294151677589e+02 2.913493594306557384e+02
3.311626096477792203e+02 2.916049802334651986e+02
3.289865898803907385e+02 2.918608930584427412e+02
3.268105701130021998e+02 2.920944379759739604e+02
3.246345503456136612e+02 2.922888747611417557e+02
3.224585305782251226e+02 2.924310558544377727e+02
3.202825108108366408e+02 2.924940491465061427e+02
3.181064910434481021e+02 2.923671778484746255e+02
3.159304712760596203e+02 2.920503868865508821e+02
3.137544515086710817e+02 2.915950420608650688e+02
3.115784317412825430e+02 2.910486257863479977e+02
3.094024119738940044e+02 2.904174656399005698e+02
3.072263922065054658e+02 2.897003178473702292e+02
3.050503724391169840e+02 2.889000831995734302e+02
3.028743526717284453e+02 2.880149463388256095e+02
3.006983329043399635e+02 2.870405671742284994e+02
2.985223131369514249e+02 2.859748967974484231e+02
2.963462933695628863e+02 2.848191381675967477e+02
2.941702736021743476e+02 2.835645632678359789e+02
2.919942538347858658e+02 2.822143604933442589e+02
2.898182340673973272e+02 2.807648715536057011e+02
2.876422143000087885e+02 2.792466080416578507e+02
2.854661945326203067e+02 2.777102382203061097e+02
2.832901747652317681e+02 2.761567651193656729e+02
2.811141549978432295e+02 2.745878728525893848e+02
2.789381352304546908e+02 2.730048014233858567e+02
2.767621154630662090e+02 2.714090401636147476e+02
2.745860956956776704e+02 2.698020822876339366e+02
2.724100759282891886e+02 2.681846802840694863e+02
2.702340561609006500e+02 2.665579454687008365e+02
2.680580363935121113e+02 2.649221086008591328e+02
2.658820166261235727e+02 2.632773086310057806e+02
2.637059968587350340e+02 2.616229880862246659e+02
2.615299770913465522e+02 2.599581934441058593e+02
2.593539573239580704e+02 2.582806967188636236e+02
2.571779375565695318e+02 2.565882250919443095e+02
2.550019177891809932e+02 2.548783269265852880e+02
2.528258980217924545e+02 2.531505046178439216e+02
2.506498782544039443e+02 2.514071808401328383e+02
2.484738584870154341e+02 2.496531329828980574e+02
2.462978387196268955e+02 2.478937155972574260e+02
2.441218189522383852e+02 2.461333281291268236e+02
2.419457991848498750e+02 2.443752128143459856e+02
2.397697794174613364e+02 2.426216960596226500e+02
2.375937596500728262e+02 2.408752539676869731e+02
2.354177398826842875e+02 2.391397649039602982e+02
2.332417201152957773e+02 2.374195350805410953e+02
2.310657003479072671e+02 2.357223633218256111e+02
2.288896805805187284e+02 2.340542543296450049e+02
2.267136608131302182e+02 2.324198167303787272e+02
2.245376410457416796e+02 2.307987994619187475e+02
2.223616212783531694e+02 2.291776333489949025e+02
2.201856015109646592e+02 2.275564672360710574e+02
2.180095817435761205e+02 2.259353011231471839e+02
2.158335619761876103e+02 2.243141350102233105e+02
2.136575422087990717e+02 2.226929688972994370e+02
2.114815224414105614e+02 2.210718027843755635e+02
2.093055026740220512e+02 2.194506366714517185e+02
2.071294829066335126e+02 2.178294705585278450e+02
2.049534631392450024e+02 2.162083044456039715e+02
2.027774433718564637e+02 2.145871383326801265e+02
2.006014236044679535e+02 2.129659722197562530e+02
1.984254038370794433e+02 2.113448061068324080e+02
1.962493840696909047e+02 2.097236399939085061e+02
