4.139657318187450983e+02 3.123370056413667726e+02
4.120563922898379587e+02 3.115964671948662499e+02
4.101470527609308192e+02 3.108559287483658409e+02
4.082377132320236228e+02 3.101153903018653750e+02
4.063283737031164833e+02 3.093748518553649092e+02
4.044190341742093437e+02 3.086343134088643865e+02
4.025096946453022042e+02 3.078937749623639775e+02
4.006003551163950647e+02 3.071532365158635116e+02
3.986910155874878683e+02 3.064126980693630458e+02
3.967816760585807287e+02 3.056721596228625799e+02
3.948723365296735892e+02 3.049316211763620572e+02
3.929629970007664497e+02 3.041910827298615914e+02
3.910536574718593101e+02 3.034573324426971226e+02
3.891443179429521138e+02 3.027593172205205860e+02
3.872349784140449742e+02 3.020049281623424235e+02
3.853256388851378347e+02 3.012112459744972739e+02
3.834162993562306951e+02 3.004363467908212897e+02
3.815069598273235556e+02 2.996838904188582546e+02
3.795976202984163592e+02 2.989540392603076953e+02
3.776882807695092197e+02 2.982473797096822068e+02
3.757789412406020801e+02 2.975650629605065092e+02
3.738696017116949406e+02 2.969092166889221289e+02
3.719602621827878011e+02 2.962798812166371931e+02
3.700509226538806615e+02 2.956756142594928178e+02
3.681415831249734651e+02 2.950961949867780731e+02
3.662322435960663256e+02 2.945424861290534864e+02
3.643229040671591861e+02 2.940127090113609256e+02
3.624135645382520465e+02 2.935116056329138701e+02
3.605042250093448502e+02 2.930443468400964662e+02
3.585948854804377106e+02 2.926127223397699026e+02
3.566855459515305711e+02 2.922239952457506433e+02
3.547762064226234315e+02 2.918830464802213669e+02
3.528668668937162920e+02 2.915947264817570499e+02
3.509575273648091525e+02 2.913634691004713204e+02
3.490481878359019561e+02 2.911787761540630868e+02
3.471388483069948165e+02 2.910220581481506770e+02
3.452295087780876770e+02 2.908913092002724738e+02
3.433201692491805375e+02 2.907878619418222570e+02
3.414108297202733411e+02 2.907113460807912020e+02
3.395014901913662015e+02 2.906665375570366905e+02
3.375921506624590620e+02 2.906578182524818317e+02
3.356828111335519225e+02 2.906976082031820852e+02
3.337734716046447829e+02 2.907962825935511546e+02
3.318641320757376434e+02 2.909509835525046242e+02
3.299547925468305039e+02 2.911482556014266834e+02
3.280454530179233075e+02 2.913624176777391312e+02
3.261361134890161679e+02 2.915757408631246790e+02
3.242267739601090284e+02 2.917732604073243010e+02
3.223174344312018320e+02 2.919426271288426733e+02
3.204080949022946925e+02 2.920726395543703120e+02
3.184987553733875529e+02 2.921447726956776023e+02
3.165894158444804134e+02 2.920687938865007709e+02
3.146800763155732739e+02 2.918428411059186942e+02
3.127707367866661343e+02 2.915029204330978132e+02
3.108613972577589948e+02 2.910787701977118900e+02
3.089520577288517984e+02 2.905758245625015661e+02
3.070427181999446589e+02 2.900001139665945971e+02
3.051333786710375193e+02 2.893535512774436143e+02
3.032240391421303798e+02 2.886358478233341884e+02
3.013146996132231834e+02 2.878488936762599906e+02
2.994053600843160439e+02 2.869880590583518369e+02
2.974960205554089043e+02 2.860552376576430333e+02
2.955866810265017648e+02 2.850462087581779542e+02
2.936773414975946253e+02 2.839562446620315086e+02
2.917680019686874857e+02 2.827905087202676668e+02
2.898586624397802893e+02 2.815565762080310606e+02
2.879493229108731498e+02 2.802720305530510814e+02
2.860399833819660103e+02 2.789666873262190165e+02
2.841306438530588139e+02 2.776446887648855295e+02
2.822213043241516743e+02 2.763042170693119033e+02
2.803119647952445348e+02 2.749430957519370509e+02
2.784026252663373953e+02 2.735592920037618683e+02
2.764932857374302557e+02 2.721516824980368483e+02
2.745839462085231162e+02 2.707198168498877635e+02
2.726746066796159766e+02 2.692640586259111615e+02
2.707652671507088371e+02 2.677877793286990027e+02
2.688559276218016407e+02 2.662936263105352168e+02
2.669465880928945012e+02 2.647846740356274040e+02
2.650372485639873616e+02 2.632628619943904482e+02
2.631279090350801653e+02 2.617294829984006128e+02
2.612185695061730257e+02 2.601836065874240944e+02
2.593092299772658862e+02 2.586249312300346901e+02
2.573998904483587467e+02 2.570530615340924214e+02
2.554905509194516071e+02 2.554710836744249036e+02
2.535812113905444392e+02 2.538860244717252499e+02
2.516718718616372996e+02 2.523077369959081580e+02
2.497625323327301317e+02 2.507160460946852254e+02
2.478531928038229921e+02 2.491046485613139225e+02
2.459438532749158526e+02 2.474932510279426481e+02
2.440345137460086846e+02 2.458818534945713452e+02
2.421251742171015451e+02 2.442704559612000708e+02
2.402158346881943771e+02 2.426590584278287679e+02
2.383064951592872376e+02 2.410476608944574650e+02
2.363971556303800980e+02 2.394362633610861621e+02
2.344878161014729301e+02 2.378248658277148593e+02
2.325784765725657905e+02 2.362134682943435564e+02
2.306691370436586226e+02 2.346020707609722535e+02
2.287597975147514830e+02 2.329906732276009507e+02
2.268504579858443435e+02 2.313792756942296762e+02
2.249411184569371756e+02 2.297678781608583733e+02
