1.596568061958461158e+02 1.915457875485116404e+02
1.621863345005482984e+02 1.930646198236659359e+02
1.647158628052504525e+02 1.945834520988202598e+02
1.672453911099526067e+02 1.961022843739745554e+02
1.697749194146547893e+02 1.976211166491288509e+02
1.723044477193569719e+02 1.991399489242832033e+02
1.748339760240591261e+02 2.006587811994374988e+02
1.773635043287612802e+02 2.021776134745917943e+02
1.798930326334634628e+02 2.036964457497461183e+02
1.824225609381656454e+02 2.052152780249004422e+02
1.849520892428677996e+02 2.067341103000547378e+02
1.874816175475699538e+02 2.082529425752090333e+02
1.900111458522721364e+02 2.097717748503633288e+02
1.925406741569743190e+02 2.112906071255176812e+02
1.950702024616764731e+02 2.128094394006719767e+02
1.975997307663786273e+02 2.143039644689314969e+02
2.001292590710808099e+02 2.157920264122407445e+02
2.026587873757829925e+02 2.172816902634849612e+02
2.051883156804851467e+02 2.187774267834396937e+02
2.077178439851873009e+02 2.202845179054543223e+02
2.102473722898894835e+02 2.218100672744399162e+02
2.127769005945916660e+02 2.233627217768965636e+02
2.153064288992938202e+02 2.249530194803430732e+02
2.178359572039959744e+02 2.265895814052035462e+02
2.203654855086981570e+02 2.282777483409132060e+02
2.228950138134003396e+02 2.300192252967810873e+02
2.254245421181024938e+02 2.318121350411327626e+02
2.279540704228046479e+02 2.336526613463128399e+02
2.304835987275068305e+02 2.355342074257475815e+02
2.330131270322090131e+02 2.374516248369112077e+02
2.355426553369111673e+02 2.393977767123657827e+02
2.380721836416133215e+02 2.413659501649849801e+02
2.406017119463155041e+02 2.433490977141177041e+02
2.431312402510176867e+02 2.453416204664254110e+02
2.456607685557198408e+02 2.473389219754453734e+02
2.481902968604219950e+02 2.493395677590453090e+02
2.507198251651241776e+02 2.513444946668054740e+02
2.532493534698263602e+02 2.533558760884305343e+02
2.557788817745285144e+02 2.553748836927079537e+02
2.583084100792306685e+02 2.573990908720041375e+02
2.608379383839328511e+02 2.594215887212853886e+02
2.633674666886350337e+02 2.614352497020894930e+02
2.658969949933372163e+02 2.634347287477195891e+02
2.684265232980393421e+02 2.654173376363206103e+02
2.709560516027415247e+02 2.673811069733865224e+02
2.734855799074437073e+02 2.693242323295747838e+02
2.760151082121458330e+02 2.712453623349838949e+02
2.785446365168480156e+02 2.731420367476217166e+02
2.810741648215501982e+02 2.750112649121720665e+02
2.836036931262523808e+02 2.768520562141023902e+02
2.861332214309545634e+02 2.786632972176835210e+02
2.886627497356566892e+02 2.804449658356162445e+02
2.911922780403588717e+02 2.821894290526793156e+02
2.937218063450610543e+02 2.838378514828069683e+02
2.962513346497631801e+02 2.853720912364277069e+02
2.987808629544653627e+02 2.867774706342605668e+02
3.013103912591675453e+02 2.880466594526180870e+02
3.038399195638697279e+02 2.891785091670786869e+02
3.063694478685719105e+02 2.901761456820398735e+02
3.088989761732740362e+02 2.910463505836657419e+02
3.114285044779762188e+02 2.917912771707370325e+02
3.139580327826784014e+02 2.923941742565159529e+02
3.164875610873805272e+02 2.928061236178932631e+02
3.190170893920827098e+02 2.929634797381929729e+02
3.215466176967848924e+02 2.928828239127492452e+02
3.240761460014870750e+02 2.927107653669615388e+02
3.266056743061892575e+02 2.924827433480829200e+02
3.291352026108913833e+02 2.922198911469133122e+02
3.316647309155935659e+02 2.919493798014006529e+02
3.341942592202957485e+02 2.917079659564817575e+02
3.367237875249978742e+02 2.915267111209568611e+02
3.392533158297000568e+02 2.914125920818053146e+02
3.417828441344022394e+02 2.913616818850692880e+02
3.443123724391044220e+02 2.913703583254359728e+02
3.468419007438066046e+02 2.914381671409594219e+02
3.493714290485087304e+02 2.915619781758036879e+02
3.519009573532109130e+02 2.917373905060367179e+02
3.544304856579130956e+02 2.919608489653709285e+02
3.569600139626152213e+02 2.922311748831136811e+02
3.594895422673174039e+02 2.925789062975402430e+02
3.620190705720195865e+02 2.930181955201882147e+02
3.645485988767217691e+02 2.935512117956138241e+02
3.670781271814239517e+02 2.941720938975059312e+02
3.696076554861260774e+02 2.948800362811174409e+02
3.721371837908282600e+02 2.956756524005195388e+02
3.746667120955304426e+02 2.965637084029557968e+02
3.771962404002325684e+02 2.975466137655734542e+02
3.797257687049347510e+02 2.986202821257099913e+02
3.822552970096369336e+02 2.997655090356686856e+02
3.847848253143391162e+02 3.009436256101581080e+02
3.873143536190412988e+02 3.020904847943822915e+02
3.898438819237434245e+02 3.032186804796823481e+02
3.923734102284456071e+02 3.043468761649824046e+02
3.949029385331477897e+02 3.054750718502825180e+02
3.974324668378499155e+02 3.066032675355825177e+02
3.999619951425520981e+02 3.077314632208826879e+02
4.024915234472542807e+02 3.088596589061827444e+02
4.050210517519564632e+02 3.099878545914828010e+02
4.075505800566586458e+02 3.111160502767828575e+02
4.100801083613607716e+02 3.122442459620829140e+02
