4.093739573147437341e+02 3.132672698571016667e+02
4.069894875466496273e+02 3.121164419368582230e+02
4.046050177785554638e+02 3.109656140166147793e+02
4.022205480104613571e+02 3.098147860963713356e+02
3.998360782423672504e+02 3.086639581761278919e+02
3.974516084742731437e+02 3.075131302558844482e+02
3.950671387061789801e+02 3.063623023356409476e+02
3.926826689380848734e+02 3.052114744153975607e+02
3.902981991699907667e+02 3.040606464951540602e+02
3.879137294018966031e+02 3.029098185749106165e+02
3.855292596338024964e+02 3.017589906546671727e+02
3.831447898657083897e+02 3.005901770179547725e+02
3.807603200976142830e+02 2.993567124354502198e+02
3.783758503295201194e+02 2.981458941165764145e+02
3.759913805614260127e+02 2.970507546177151994e+02
3.736069107933319060e+02 2.960957646899296378e+02
3.712224410252377993e+02 2.952625436580543692e+02
3.688379712571436357e+02 2.945403164867034889e+02
3.664535014890495290e+02 2.939222706999881893e+02
3.640690317209554223e+02 2.934084087994189645e+02
3.616845619528612588e+02 2.929918436975320901e+02
3.593000921847671520e+02 2.926547411773154863e+02
3.569156224166730453e+02 2.923720597589893941e+02
3.545311526485788818e+02 2.921197893562497256e+02
3.521466828804847751e+02 2.918982661358521682e+02
3.497622131123906684e+02 2.917112403940349168e+02
3.473777433442965616e+02 2.915615203484142057e+02
3.449932735762024549e+02 2.914512761157752720e+02
3.426088038081082914e+02 2.913828386782142843e+02
3.402243340400141847e+02 2.913602405084373572e+02
3.378398642719200780e+02 2.913846625909009163e+02
3.354553945038259144e+02 2.914611058823190888e+02
3.330709247357318077e+02 2.915914677023534409e+02
3.306864549676377010e+02 2.917664386862279571e+02
3.283019851995435374e+02 2.919658046387526724e+02
3.259175154314494307e+02 2.921661865437674237e+02
3.235330456633553240e+02 2.923505914053680499e+02
3.211485758952611604e+02 2.925041629528863041e+02
3.187641061271670537e+02 2.925838740189137752e+02
3.163796363590729470e+02 2.924600791465346674e+02
3.139951665909788403e+02 2.921149569586467578e+02
3.116106968228847336e+02 2.915761509221197798e+02
3.092262270547905700e+02 2.908898853769835000e+02
3.068417572866964633e+02 2.900820661532928852e+02
3.044572875186023566e+02 2.891550586706991908e+02
3.020728177505081931e+02 2.881035889839271249e+02
2.996883479824140863e+02 2.869203514684763832e+02
2.973038782143199796e+02 2.856011682780002161e+02
2.949194084462258161e+02 2.841529783223438699e+02
2.925349386781317094e+02 2.825953421211339673e+02
2.901504689100376027e+02 2.809536581418211085e+02
2.877659991419434959e+02 2.792772260257665380e+02
2.853815293738493892e+02 2.775745628432911758e+02
2.829970596057552257e+02 2.758467497587761272e+02
2.806125898376611190e+02 2.740927754424705540e+02
2.782281200695670123e+02 2.723123336338134095e+02
2.758436503014728487e+02 2.705053499250585674e+02
2.734591805333787420e+02 2.686740005386646430e+02
2.710747107652846353e+02 2.668219951077048222e+02
2.686902409971904717e+02 2.649537250333343081e+02
2.663057712290963650e+02 2.630746201966604758e+02
2.639213014610022583e+02 2.611881101475196374e+02
2.615368316929080947e+02 2.592946236441247834e+02
2.591523619248140449e+02 2.573917680472260372e+02
2.567678921567198813e+02 2.554779741084040268e+02
2.543834223886257462e+02 2.535566764983672101e+02
2.519989526205316395e+02 2.516354714951075096e+02
2.496144828524375043e+02 2.497199588251360467e+02
2.472300130843433976e+02 2.478104905924711829e+02
2.448455433162492625e+02 2.459046716366294731e+02
2.424610735481551558e+02 2.440012429711347863e+02
2.400766037800610206e+02 2.421018732097128066e+02
2.376921340119669139e+02 2.402116478960189170e+02
2.353076642438727788e+02 2.383380783936866010e+02
2.329231944757786437e+02 2.364897485462837494e+02
2.305387247076845370e+02 2.346759367435120680e+02
2.281542549395904018e+02 2.329047893553847643e+02
2.257697851714962951e+02 2.311788529264358942e+02
2.233853154034021600e+02 2.294997516673415703e+02
2.210008456353080533e+02 2.278648486177680184e+02
2.186163758672139181e+02 2.262718080385757844e+02
2.162319060991197830e+02 2.247173027704084802e+02
2.138474363310256763e+02 2.231962536431488502e+02
2.114629665629315411e+02 2.217006740593466247e+02
2.090784967948374344e+02 2.202212172035695517e+02
2.066940270267432993e+02 2.187479205490313348e+02
2.043095572586491926e+02 2.172646439090537456e+02
2.019250874905550575e+02 2.157679584591965920e+02
1.995406177224609223e+02 2.142712730093394100e+02
1.971561479543668156e+02 2.127745875594822564e+02
1.947716781862726805e+02 2.112779021096250744e+02
1.923872084181785738e+02 2.097812166597679493e+02
1.900027386500844386e+02 2.082845312099107957e+02
1.876182688819903319e+02 2.067878457600536422e+02
1.852337991138961968e+02 2.052911603101964886e+02
1.828493293458020901e+02 2.037944748603393066e+02
1.804648595777079549e+02 2.022977894104821530e+02
1.780803898096138198e+02 2.008011039606250279e+02
1.756959200415197131e+02 1.993044185107678459e+02
1.733114502734255780e+02 1.978077330609106923e+02
