4.099630971308832272e+02 3.117882725610975854e+02
4.076243923598314609e+02 3.107603257349873047e+02
4.052856875887797514e+02 3.097323789088770241e+02
4.029469828177279851e+02 3.087044320827666866e+02
4.006082780466762756e+02 3.076764852566564059e+02
3.982695732756245093e+02 3.066485384305460684e+02
3.959308685045727998e+02 3.056205916044357878e+02
3.935921637335210335e+02 3.045926447783255071e+02
3.912534589624692671e+02 3.035646979522151696e+02
3.889147541914175576e+02 3.025367511261048890e+02
3.865760494203657913e+02 3.015088042999946083e+02
3.842373446493140818e+02 3.004812398691303770e+02
3.818986398782623155e+02 2.994473951610288509e+02
3.795599351072106060e+02 2.984402519082080971e+02
3.772212303361588397e+02 2.974836301651563986e+02
3.748825255651071302e+02 2.965905030789411967e+02
3.725438207940553639e+02 2.957652661831124874e+02
3.702051160230035975e+02 2.950083823139216292e+02
3.678664112519518881e+02 2.943107753838269787e+02
3.655277064809001217e+02 2.936716316653241847e+02
3.631890017098484122e+02 2.930925303909394302e+02
3.608502969387966459e+02 2.925819749926235431e+02
3.585115921677449364e+02 2.921493873658546931e+02
3.561728873966931701e+02 2.917988328372784963e+02
3.538341826256414606e+02 2.915250135502454327e+02
3.514954778545896943e+02 2.913085140303856519e+02
3.491567730835379280e+02 2.911321418879874727e+02
3.468180683124862185e+02 2.909989273398691694e+02
3.444793635414344521e+02 2.909132533497650570e+02
3.421406587703827427e+02 2.908732766644588992e+02
3.398019539993309763e+02 2.908803721087680287e+02
3.374632492282792100e+02 2.909396880740424081e+02
3.351245444572275005e+02 2.910578236534992129e+02
3.327858396861757910e+02 2.912352124461430662e+02
3.304471349151240247e+02 2.914497509262113226e+02
3.281084301440722584e+02 2.916686602428415540e+02
3.257697253730205489e+02 2.918643057191550270e+02
3.234310206019687826e+02 2.920187923408034862e+02
3.210923158309170731e+02 2.921184252317992787e+02
3.187536110598653067e+02 2.921247614840486904e+02
3.164149062888135404e+02 2.919189893475437430e+02
3.140762015177618309e+02 2.915059847627218232e+02
3.117374967467101214e+02 2.909427552399604338e+02
3.093987919756583551e+02 2.902685963998103489e+02
3.070600872046065888e+02 2.894935591833712465e+02
3.047213824335548793e+02 2.886189728746620062e+02
3.023826776625031130e+02 2.876441693332132559e+02
3.000439728914514035e+02 2.865651958435348661e+02
2.977052681203996372e+02 2.853783150045977095e+02
2.953665633493478708e+02 2.840841506007090516e+02
2.930278585782961613e+02 2.826795454136554326e+02
2.906891538072443950e+02 2.811790411127684592e+02
2.883504490361926855e+02 2.796011220923733731e+02
2.860117442651409192e+02 2.779947342625497413e+02
2.836730394940891529e+02 2.763638027226179474e+02
2.813343347230374434e+02 2.747073871450658658e+02
2.789956299519857339e+02 2.730246984072601890e+02
2.766569251809339676e+02 2.713135616166494515e+02
2.743182204098822012e+02 2.695730270919893883e+02
2.719795156388304918e+02 2.678015315536399044e+02
2.696408108677787254e+02 2.660001712085148711e+02
2.673021060967270159e+02 2.641698828598342743e+02
2.649634013256752496e+02 2.623127384068654351e+02
2.626246965546234833e+02 2.604299091576679075e+02
2.602859917835717738e+02 2.585239889660118138e+02
2.579472870125200643e+02 2.565996653680513191e+02
2.556085822414682980e+02 2.546666227327758349e+02
2.532698774704165601e+02 2.527365679886325438e+02
2.509311726993648222e+02 2.508192219668633243e+02
2.485924679283130558e+02 2.489187939730550738e+02
2.462537631572613179e+02 2.470337299675401823e+02
2.439150583862095800e+02 2.451613414641717839e+02
2.415763536151578421e+02 2.432986760264117265e+02
2.392376488441061042e+02 2.414459942866093343e+02
2.368989440730543663e+02 2.396066499047491902e+02
2.345602393020026284e+02 2.377872836866956163e+02
2.322215345309508621e+02 2.359953466566075804e+02
2.298828297598991242e+02 2.342375860486363592e+02
2.275441249888473862e+02 2.325185764258632730e+02
2.252054202177956483e+02 2.308404426357790271e+02
2.228667154467439104e+02 2.292037567617999798e+02
2.205280106756921725e+02 2.276093951537426960e+02
2.181893059046404346e+02 2.260587074759523603e+02
2.158506011335886967e+02 2.245525567376328695e+02
2.135118963625369588e+02 2.230884861364070275e+02
2.111731915914851925e+02 2.216566925952050156e+02
2.088344868204334546e+02 2.202264682497533670e+02
2.064957820493817167e+02 2.187962439043017753e+02
2.041570772783299788e+02 2.173660195588501551e+02
2.018183725072782408e+02 2.159357952133985350e+02
1.994796677362265029e+02 2.145055708679469717e+02
1.971409629651747650e+02 2.130753465224953231e+02
1.948022581941229987e+02 2.116451221770436746e+02
1.924635534230712608e+02 2.102148978315920544e+02
1.901248486520195229e+02 2.087846734861404627e+02
1.877861438809677850e+02 2.073544491406888142e+02
1.854474391099160471e+02 2.059242247952371940e+02
1.831087343388643092e+02 2.044940004497856023e+02
1.807700295678125713e+02 2.030637761043339822e+02
1.784313247967608049e+02 2.016335517588823620e+02
