4.127174499373053322e+02 3.119321879223008409e+02
4.109256963183691482e+02 3.112798728122243688e+02
4.091339426994330211e+02 3.106275577021478398e+02
4.073421890804968371e+02 3.099752425920713677e+02
4.055504354615606530e+02 3.093229274819948387e+02
4.037586818426245259e+02 3.086706123719183665e+02
4.019669282236883419e+02 3.080182972618418944e+02
4.001751746047521578e+02 3.073659821517653654e+02
3.983834209858159738e+02 3.067136670416888364e+02
3.965916673668798467e+02 3.060613519316124211e+02
3.947999137479436627e+02 3.054090368215358922e+02
3.930081601290074786e+02 3.047567217114593632e+02
3.912164065100713515e+02 3.041044066013828910e+02
3.894246528911351675e+02 3.035010249027014311e+02
3.876328992721989835e+02 3.028517852238243790e+02
3.858411456532628563e+02 3.021331203582532225e+02
3.840493920343266723e+02 3.013755123131077198e+02
3.822576384153904883e+02 3.006435008552581962e+02
3.804658847964543611e+02 2.999370314162503632e+02
3.786741311775181771e+02 2.992549506386411622e+02
3.768823775585819931e+02 2.985991465868351042e+02
3.750906239396458659e+02 2.979676081507424783e+02
3.732988703207096819e+02 2.973607247122392891e+02
3.715071167017734979e+02 2.967767347525922332e+02
3.697153630828373139e+02 2.962136574991825455e+02
3.679236094639011867e+02 2.956680281176555809e+02
3.661318558449650027e+02 2.951449086227609655e+02
3.643401022260288187e+02 2.946427249679400120e+02
3.625483486070926915e+02 2.941681932481448030e+02
3.607565949881565075e+02 2.937247240103241097e+02
3.589648413692203235e+02 2.933116674316804620e+02
3.571730877502841963e+02 2.929315483055942764e+02
3.553813341313480123e+02 2.925880182048998677e+02
3.535895805124118283e+02 2.922841885918895741e+02
3.517978268934756443e+02 2.920191448495428403e+02
3.500060732745395171e+02 2.917993355083498273e+02
3.482143196556033331e+02 2.916225880687630934e+02
3.464225660366671491e+02 2.914927039713484191e+02
3.446308124177310219e+02 2.913857806774299206e+02
3.428390587987948379e+02 2.912944741581159747e+02
3.410473051798586539e+02 2.912206964097550213e+02
3.392555515609225267e+02 2.911684380866994388e+02
3.374637979419863427e+02 2.911418015427022965e+02
3.356720443230501587e+02 2.911508560053977135e+02
3.338802907041140315e+02 2.911980407734125151e+02
3.320885370851778475e+02 2.912858546351124005e+02
3.302967834662416635e+02 2.914056238947932229e+02
3.285050298473055364e+02 2.915407722839306075e+02
3.267132762283693523e+02 2.916780026735341380e+02
3.249215226094331683e+02 2.918081995676030260e+02
3.231297689904970412e+02 2.919240460929741516e+02
3.213380153715608571e+02 2.920190894467081080e+02
3.195462617526246731e+02 2.920730458007213883e+02
3.177545081336884891e+02 2.920240911614291690e+02
3.159627545147523620e+02 2.918583036889672826e+02
3.141710008958161779e+02 2.915780567624152013e+02
3.123792472768799939e+02 2.912102618486432561e+02
3.105874936579438099e+02 2.907715303741167645e+02
3.087957400390076828e+02 2.902693512477520699e+02
3.070039864200714987e+02 2.897068766011899470e+02
3.052122328011353147e+02 2.890836257506382481e+02
3.034204791821991876e+02 2.883954456754588591e+02
3.016287255632630036e+02 2.876415435182253759e+02
2.998369719443268195e+02 2.868191109970881030e+02
2.980452183253906924e+02 2.859275379149490277e+02
2.962534647064545084e+02 2.849670498328878807e+02
2.944617110875183243e+02 2.839350354975839537e+02
2.926699574685821972e+02 2.828277217389691032e+02
2.908782038496460132e+02 2.816523811965417963e+02
2.890864502307098292e+02 2.804179516041926945e+02
2.872946966117737020e+02 2.791555155766649250e+02
2.855029429928375180e+02 2.778799030875291010e+02
2.837111893739013340e+02 2.765918413790700470e+02
2.819194357549652068e+02 2.752924852702705607e+02
2.801276821360290228e+02 2.739829647326921531e+02
2.783359285170928388e+02 2.726643818898658651e+02
2.765441748981567116e+02 2.713381521588494252e+02
2.747524212792205276e+02 2.700050577475745968e+02
2.729606676602843436e+02 2.686659257989467164e+02
2.711689140413482164e+02 2.673212379196554593e+02
2.693771604224119756e+02 2.659713687686655703e+02
2.675854068034758484e+02 2.646164621652885103e+02
2.657936531845397212e+02 2.632567535509072059e+02
2.640018995656034804e+02 2.618920901344980621e+02
2.622101459466673532e+02 2.605111546166593257e+02
2.604183923277311692e+02 2.591249140385223768e+02
2.586266387087949852e+02 2.577386734603854848e+02
2.568348850898588580e+02 2.563524328822485927e+02
2.550431314709226740e+02 2.549661923041117007e+02
2.532513778519865184e+02 2.535799517259748086e+02
2.514596242330503628e+02 2.521937111478379165e+02
2.496678706141141788e+02 2.508074705697010245e+02
2.478761169951780232e+02 2.494212299915641040e+02
2.460843633762418392e+02 2.480349894134272404e+02
2.442926097573056836e+02 2.466487488352903483e+02
2.425008561383695280e+02 2.452625082571534563e+02
2.407091025194333440e+02 2.438762676790165358e+02
2.389173489004971884e+02 2.424900271008796153e+02
2.371255952815610044e+02 2.411037865227427517e+02
2.353338416626248488e+02 2.397175459446058596e+02
