3.280000000000000000e+02 5.874612900000000337e+01
3.278039298841446225e+02 5.965948396984924784e+01
3.276078597682891882e+02 6.057283893969849942e+01
3.274117896524337539e+02 6.148619390954774389e+01
3.272157195365783764e+02 6.239954887939698835e+01
3.270196494207230558e+02 6.331290384924623282e+01
3.268235793048676783e+02 6.422625881909547729e+01
3.266275091890122440e+02 6.513961378894472887e+01
3.264314390731568665e+02 6.605296875879398044e+01
3.262353689573014890e+02 6.696632372864321781e+01
3.260392988414460547e+02 6.787967869849246938e+01
3.258432287255906772e+02 6.879303366834170674e+01
3.256471586097352429e+02 6.970638863819095832e+01
3.254510884938798654e+02 7.061974360804020989e+01
3.252550183780244879e+02 7.153309857788944726e+01
3.250589482621691104e+02 7.244645354773869883e+01
3.248628781463137329e+02 7.335980851758793619e+01
3.246668080304583555e+02 7.427316348743718777e+01
3.244707379146029780e+02 7.518651845728643934e+01
3.242746677987475437e+02 7.609987342713569092e+01
3.240785976828921093e+02 7.701322839698492828e+01
3.238825275670367319e+02 7.792658336683416564e+01
3.236864574511813544e+02 7.883993833668341722e+01
3.234903873353259769e+02 7.975329330653266879e+01
3.232943172194705994e+02 8.066664827638192037e+01
3.230982471036152219e+02 8.158000324623115773e+01
3.229021769877597876e+02 8.249335821608040931e+01
3.227061068719044101e+02 8.340671318592964667e+01
3.225100367560489758e+02 8.432006815577889824e+01
3.223139666401935983e+02 8.523342312562814982e+01
3.221178965243382208e+02 8.614677809547738718e+01
3.219218264084828434e+02 8.706013306532663876e+01
3.217257562926274659e+02 8.797348803517587612e+01
3.215296861767720316e+02 8.888684300502512770e+01
3.213336160609166541e+02 8.980019797487437927e+01
3.211375459450612766e+02 9.071355294472363084e+01
3.209414758292058991e+02 9.162690791457286821e+01
3.207454057133505216e+02 9.254026288442210557e+01
3.205493355974950873e+02 9.345361785427135715e+01
3.203409279115321624e+02 9.436697282412060872e+01
3.201190563662478894e+02 9.528032779396986029e+01
3.199094270923535532e+02 9.619368276381909766e+01
3.197094518028320635e+02 9.710703773366833502e+01
3.195194527203015014e+02 9.802039270351758660e+01
3.193372435316449582e+02 9.893374767336683817e+01
3.191652861292900525e+02 9.984710264321608975e+01
3.190015002559272261e+02 1.007604576130653413e+02
3.188446505146949335e+02 1.016738125829145787e+02
3.186951276454346385e+02 1.025871675527638160e+02
3.185560903120194780e+02 1.035005225226130676e+02
3.184229112040829932e+02 1.044138774924623192e+02
3.182998643333727387e+02 1.053272324623115708e+02
3.181843658159647816e+02 1.062405874321608081e+02
3.180759177822737342e+02 1.071539424020100455e+02
3.179761817717503050e+02 1.080672973718592971e+02
3.178785536352802410e+02 1.089806523417085486e+02
3.177763322110093895e+02 1.098940073115578002e+02
3.176692924665191526e+02 1.108073622814070376e+02
3.175545428794131340e+02 1.117207172512562749e+02
3.174358573096792497e+02 1.126340722211055265e+02
3.173094732678106311e+02 1.135474271909547781e+02
3.171792622092772831e+02 1.144607821608040297e+02
3.170432690525896078e+02 1.153741371306532812e+02
3.169045644710369629e+02 1.162874921005025186e+02
3.167625548623658460e+02 1.172008470703517560e+02
3.166238019327867619e+02 1.181142020402010075e+02
3.164872059857075897e+02 1.190275570100502591e+02
3.163571324533693314e+02 1.199409119798995107e+02
3.162332410818738140e+02 1.208542669497487481e+02
3.161164857195053628e+02 1.217676219195979854e+02
3.160022088334488899e+02 1.226809768894472370e+02
3.158870067717522829e+02 1.235943318592964886e+02
3.157718473372761423e+02 1.245076868291457401e+02
3.156564772516966286e+02 1.254210417989949917e+02
3.155415037445436610e+02 1.263343967688442149e+02
3.154238222726908702e+02 1.272477517386934665e+02
3.152980821608349515e+02 1.281611067085427180e+02
3.151629227586356023e+02 1.290744616783919696e+02
3.150156848529545073e+02 1.299878166482412212e+02
3.148533314905077987e+02 1.309011716180904443e+02
3.146758898073790647e+02 1.318145265879396959e+02
3.144835835703182738e+02 1.327278815577889475e+02
3.142761024975668533e+02 1.336412365276381990e+02
3.140531194180221064e+02 1.345545914974874506e+02
3.138133514588672028e+02 1.354679464673366738e+02
3.135564621695021401e+02 1.363813014371859254e+02
3.132801236462565839e+02 1.372946564070351769e+02
3.129850898494606213e+02 1.382080113768844285e+02
3.126693639415023540e+02 1.391213663467336801e+02
3.123352925977045516e+02 1.400347213165829316e+02
3.119818256940316132e+02 1.409480762864321548e+02
3.116128827762360629e+02 1.418614312562814064e+02
3.112298513079852000e+02 1.427747862261306580e+02
3.108263995631158991e+02 1.436881411959799095e+02
3.104040096583682953e+02 1.446014961658291611e+02
3.099540515005524526e+02 1.455148511356783843e+02
3.094784606687005635e+02 1.464282061055276358e+02
3.089747155172927933e+02 1.473415610753768874e+02
3.084617579956518512e+02 1.482549160452261390e+02
3.079434284635646009e+02 1.491682710150753906e+02
3.074212306077133121e+02 1.500816259849246137e+02
3.068958340775361648e+02 1.509949809547738653e+02
3.063684362534720549e+02 1.519083359246231169e+02
3.058382212787516892e+02 1.528216908944723684e+02
3.053049894874812367e+02 1.537350458643216200e+02
3.047696643149294005e+02 1.546484008341708716e+02
3.042321680061489246e+02 1.555617558040200947e+02
3.036933610617196564e+02 1.564751107738693463e+02
3.031536308134590172e+02 1.573884657437185979e+02
3.026133633423752940e+02 1.583018207135678495e+02
3.020728816092675402e+02 1.592151756834171010e+02
3.015326218914972856e+02 1.601285306532663242e+02
3.009926888205797013e+02 1.610418856231155758e+02
3.004530276033291329e+02 1.619552405929648273e+02
2.999135104966281347e+02 1.628685955628140789e+02
2.993741945412303380e+02 1.637819505326633305e+02
2.988349502220027034e+02 1.646953055025125536e+02
2.982955503067398695e+02 1.656086604723618052e+02
2.977559184186702623e+02 1.665220154422110568e+02
2.972160594683022055e+02 1.674353704120603084e+02
2.966759231531999035e+02 1.683487253819095599e+02
2.961355079917813100e+02 1.692620803517588115e+02
2.955949977749168625e+02 1.701754353216080347e+02
2.950546355393512954e+02 1.710887902914572862e+02
2.945147150731711463e+02 1.720021452613065378e+02
2.939756144245510541e+02 1.729155002311557894e+02
2.934382176529477420e+02 1.738288552010050410e+02
2.929027155851612747e+02 1.747422101708542641e+02
2.923695666759812184e+02 1.756555651407035157e+02
2.918396352484814429e+02 1.765689201105527673e+02
2.913126906919071075e+02 1.774822750804020188e+02
2.907890777647321556e+02 1.783956300502512704e+02
2.902692957105707592e+02 1.793089850201004936e+02
2.897527453104830784e+02 1.802223399899497451e+02
2.892393743146393490e+02 1.811356949597989967e+02
2.887291554369628557e+02 1.820490499296482483e+02
2.882213480164380144e+02 1.829624048994974999e+02
2.877155946308305943e+02 1.838757598693467514e+02
2.872111372229834956e+02 1.847891148391959746e+02
2.867077657101233399e+02 1.857024698090452262e+02
2.862052566854048337e+02 1.866158247788944777e+02
2.857033924448432458e+02 1.875291797487437293e+02
2.852024563623772906e+02 1.884425347185929525e+02
2.847029234535525575e+02 1.893558896884422040e+02
2.842051564655741913e+02 1.902692446582914556e+02
2.837097377109033687e+02 1.911825996281407072e+02
2.832171867584683582e+02 1.920959545979899588e+02
2.827280995160289194e+02 1.930093095678391819e+02
2.822428463848488605e+02 1.939226645376884335e+02
2.817615107815690294e+02 1.948360195075376851e+02
2.812836897984462325e+02 1.957493744773869366e+02
2.808089099058698821e+02 1.966627294472361882e+02
2.803365802073959685e+02 1.975760844170854398e+02
2.798659539082274250e+02 1.984894393869346629e+02
2.793959693016261667e+02 1.994027943567839145e+02
2.789261265197338844e+02 2.003161493266331661e+02
2.784558454099923210e+02 2.012295042964824177e+02
2.779848651047153112e+02 2.021428592663316692e+02
2.775129502669988142e+02 2.030562142361808924e+02
2.770400620610265605e+02 2.039695692060301440e+02
2.765663156691620088e+02 2.048829241758793955e+02
2.760919845183502730e+02 2.057962791457286471e+02
2.756175028379331025e+02 2.067096341155778987e+02
2.751433460268727345e+02 2.076229890854271218e+02
2.746698843489159572e+02 2.085363440552763734e+02
2.741972091828638440e+02 2.094496990251256250e+02
2.737249123716388794e+02 2.103630539949748766e+02
2.732522492826915368e+02 2.112764089648241281e+02
2.727784100109546443e+02 2.121897639346733513e+02
2.723022571652753072e+02 2.131031189045226029e+02
2.718233599737667419e+02 2.140164738743718544e+02
2.713387818030220160e+02 2.149298288442211060e+02
2.708542830406456687e+02 2.158431838140703576e+02
2.703716349280292093e+02 2.167565387839196092e+02
2.698889868154126930e+02 2.176698937537688323e+02
2.694063387027961767e+02 2.185832487236180839e+02
2.689236905901796604e+02 2.194966036934673355e+02
2.684410424775632009e+02 2.204099586633165870e+02
2.679583943649466278e+02 2.213233136331658386e+02
2.674757462523301683e+02 2.222366686030150618e+02
2.669930981397136520e+02 2.231500235728643133e+02
2.665104500270971357e+02 2.240633785427135649e+02
2.660278019144806194e+02 2.249767335125628165e+02
2.655451538018641600e+02 2.258900884824120681e+02
2.650625056892475868e+02 2.268034434522613196e+02
2.645798575766311274e+02 2.277167984221105428e+02
2.640972094640145542e+02 2.286301533919597944e+02
2.636145613513980948e+02 2.295435083618090459e+02
2.631319132387815785e+02 2.304568633316582975e+02
2.626492651261650622e+02 2.313702183015075491e+02
2.621666170135486027e+02 2.322835732713567722e+02
2.616839689009320864e+02 2.331969282412060238e+02
2.612013207883155701e+02 2.341102832110552754e+02
2.607186726756990538e+02 2.350236381809045270e+02
2.602360245630825375e+02 2.359369931507537785e+02
2.597533764504660212e+02 2.368503481206030017e+02
2.592707283378495617e+02 2.377637030904522533e+02
2.587880802252329886e+02 2.386770580603015048e+02
2.583054321126165291e+02 2.395904130301507564e+02
2.578227839999999560e+02 2.405037680000000080e+02
