3.288452269878201832e+02 5.910096178697463642e+01
3.286249057827898241e+02 6.001890947935504528e+01
3.284045845777594081e+02 6.093685717173544703e+01
3.281842633727289922e+02 6.185480486411585588e+01
3.279639421676985762e+02 6.277275255649626473e+01
3.277436209626682171e+02 6.369070024887666648e+01
3.275232997576378011e+02 6.460864794125707533e+01
3.273029785526074420e+02 6.552659563363748418e+01
3.270826573475770260e+02 6.644454332601789304e+01
3.268623361425466101e+02 6.736249101839828768e+01
3.266420149375162509e+02 6.828043871077869653e+01
3.264216937324858918e+02 6.919838640315910538e+01
3.262013725274554758e+02 7.011633409553951424e+01
3.259810513224250599e+02 7.103428178791992309e+01
3.257607301173947008e+02 7.195222948030033194e+01
3.255404089123642848e+02 7.287017717268072658e+01
3.253200877073338688e+02 7.378812486506113544e+01
3.250997665023035097e+02 7.470607255744154429e+01
3.248794452972730369e+02 7.562402024982195314e+01
3.246591240922426778e+02 7.654196794220234779e+01
3.244388028872123186e+02 7.745991563458275664e+01
3.242184816821818458e+02 7.837786332696316549e+01
3.239981604771514867e+02 7.929581101934357434e+01
3.237778392721211276e+02 8.021375871172398320e+01
3.235575180670907116e+02 8.113170640410439205e+01
3.233371968620603525e+02 8.204965409648480090e+01
3.231168756570299365e+02 8.296760178886519554e+01
3.228965544519995774e+02 8.388554948124560440e+01
3.226762332469691614e+02 8.480349717362601325e+01
3.224559120419387455e+02 8.572144486600642210e+01
3.222355908369083863e+02 8.663939255838681675e+01
3.220152696318779704e+02 8.755734025076722560e+01
3.217949484268475544e+02 8.847528794314763445e+01
3.215746272218171384e+02 8.939323563552804330e+01
3.213543060167867793e+02 9.031118332790845216e+01
3.211339848117563633e+02 9.122913102028886101e+01
3.209136636067259474e+02 9.214707871266926986e+01
3.206933424016955883e+02 9.306502640504967871e+01
3.204656944271311545e+02 9.398297409743007336e+01
3.202256206897783386e+02 9.490092178981048221e+01
3.200005816313158107e+02 9.581886948219089106e+01
3.197881097859577721e+02 9.673681717457128570e+01
3.195868171926796322e+02 9.765476486695169456e+01
3.193986238715918375e+02 9.857271255933210341e+01
3.192211414129026821e+02 9.949066025171251226e+01
3.190547557725446950e+02 1.004086079440929211e+02
3.188993339551417421e+02 1.013265556364733300e+02
3.187548845151478076e+02 1.022445033288537388e+02
3.186183593723974923e+02 1.031624510212341477e+02
3.184924915028216219e+02 1.040803987136145423e+02
3.183762282194002182e+02 1.049983464059949512e+02
3.182661100972708255e+02 1.059162940983753600e+02
3.181654052633363108e+02 1.068342417907557547e+02
3.180697872240947959e+02 1.077521894831361635e+02
3.179761189661134608e+02 1.086701371755165724e+02
3.178781316432484232e+02 1.095880848678969812e+02
3.177699080093007069e+02 1.105060325602773901e+02
3.176549338969258542e+02 1.114239802526577989e+02
3.175319522577236739e+02 1.123419279450382078e+02
3.174012787813198884e+02 1.132598756374186166e+02
3.172619342279745638e+02 1.141778233297990113e+02
3.171167319491351009e+02 1.150957710221794201e+02
3.169665473876530655e+02 1.160137187145598290e+02
3.168136476401072628e+02 1.169316664069402236e+02
3.166604635195674859e+02 1.178496140993206325e+02
3.165079875426015406e+02 1.187675617917010413e+02
3.163583438722434948e+02 1.196855094840814502e+02
3.162139880868448927e+02 1.206034571764618590e+02
3.160746338729384206e+02 1.215214048688422679e+02
3.159427811180649996e+02 1.224393525612226767e+02
3.158193605851088819e+02 1.233573002536030714e+02
3.156966860741017626e+02 1.242752479459834802e+02
3.155666719916990814e+02 1.251931956383638891e+02
3.154326897154249423e+02 1.261111433307442979e+02
3.152900203667511505e+02 1.270290910231247068e+02
3.151420903416839678e+02 1.279470387155051156e+02
3.149836407545162160e+02 1.288649864078855103e+02
3.148181338652000250e+02 1.297829341002659191e+02
3.146403556791975689e+02 1.307008817926463280e+02
3.144515544410944017e+02 1.316188294850267368e+02
3.142520514960503419e+02 1.325367771774071457e+02
3.140383122350521603e+02 1.334547248697875261e+02
3.138110994277543568e+02 1.343726725621679634e+02
3.135702897508322735e+02 1.352906202545483438e+02
3.133139417937886719e+02 1.362085679469287811e+02
3.130429944343446778e+02 1.371265156393091615e+02
3.127558552859510996e+02 1.380444633316895988e+02
3.124549951228202644e+02 1.389624110240699792e+02
3.121394741033627724e+02 1.398803587164503881e+02
3.118056580352308060e+02 1.407983064088307970e+02
3.114584841178922829e+02 1.417162541012112058e+02
3.110943955436437705e+02 1.426342017935916147e+02
3.107154589880486810e+02 1.435521494859719951e+02
3.103242150418999472e+02 1.444700971783524324e+02
3.099151810480087761e+02 1.453880448707328128e+02
3.094933384383456314e+02 1.463059925631132501e+02
3.090598307441030101e+02 1.472239402554936305e+02
3.086106944556289591e+02 1.481418879478740678e+02
3.081429588368816894e+02 1.490598356402544482e+02
3.076600903639164812e+02 1.499777833326348571e+02
3.071514557619713628e+02 1.508957310250152659e+02
3.066190013143891520e+02 1.518136787173956748e+02
3.060781087747227502e+02 1.527316264097760836e+02
3.055321548159492409e+02 1.536495741021564641e+02
3.049820274721080295e+02 1.545675217945369013e+02
3.044277070529062144e+02 1.554854694869172818e+02
3.038704160777211314e+02 1.564034171792977190e+02
3.033100238646974276e+02 1.573213648716780995e+02
3.027477999509459892e+02 1.582393125640585367e+02
3.021831711667521745e+02 1.591572602564389172e+02
3.016177057273114883e+02 1.600752079488193260e+02
3.010513268502789401e+02 1.609931556411997349e+02
3.004847802148235019e+02 1.619111033335801437e+02
2.999184658641205488e+02 1.628290510259605526e+02
2.993527566522017764e+02 1.637469987183409614e+02
2.987878415926624598e+02 1.646649464107213703e+02
2.982238322917238520e+02 1.655828941031017507e+02
2.976608565211933524e+02 1.665008417954821880e+02
2.970994034788207045e+02 1.674187894878625684e+02
2.965391630834850503e+02 1.683367371802430057e+02
2.959802961815271374e+02 1.692546848726233861e+02
2.954229817937144276e+02 1.701726325650037950e+02
2.948675418355877014e+02 1.710905802573842038e+02
2.943143291885418762e+02 1.720085279497646127e+02
2.937635678325237905e+02 1.729264756421450215e+02
2.932155161137008008e+02 1.738444233345254304e+02
2.926706250385869339e+02 1.747623710269058392e+02
2.921296578300139117e+02 1.756803187192862197e+02
2.915924299253152867e+02 1.765982664116666569e+02
2.910591297043351915e+02 1.775162141040470374e+02
2.905299015686607618e+02 1.784341617964274747e+02
2.900047600346294985e+02 1.793521094888078551e+02
2.894836528018794297e+02 1.802700571811882639e+02
2.889666918073511397e+02 1.811880048735686728e+02
2.884536196373492203e+02 1.821059525659490816e+02
2.879439557936416350e+02 1.830239002583294905e+02
2.874376770982757989e+02 1.839418479507098994e+02
2.869348391400399123e+02 1.848597956430903082e+02
2.864348762471317968e+02 1.857777433354706886e+02
2.859377055552488969e+02 1.866956910278511259e+02
2.854436008810607746e+02 1.876136387202315063e+02
2.849527522999101166e+02 1.885315864126119152e+02
2.844650972988506510e+02 1.894495341049923240e+02
2.839808529179201741e+02 1.903674817973727329e+02
2.835001207623720347e+02 1.912854294897531418e+02
2.830228629463645120e+02 1.922033771821335506e+02
2.825488855408922859e+02 1.931213248745139595e+02
2.820778289695178955e+02 1.940392725668943683e+02
2.816092265564803938e+02 1.949572202592747772e+02
2.811425040846697812e+02 1.958751679516551860e+02
2.806770517670297522e+02 1.967931156440355949e+02
2.802122374409110535e+02 1.977110633364159753e+02
2.797474552883481351e+02 1.986290110287963842e+02
2.792821955153550562e+02 1.995469587211767930e+02
2.788161413928625052e+02 2.004649064135572019e+02
2.783491748339955620e+02 2.013828541059376107e+02
2.778812796544804655e+02 2.023008017983180196e+02
2.774124177384431960e+02 2.032187494906984284e+02
2.769424771878703382e+02 2.041366971830788373e+02
2.764712616403481888e+02 2.050546448754592461e+02
2.759985023579546919e+02 2.059725925678396550e+02
2.755239680593175535e+02 2.068905402602200638e+02
2.750475107390193443e+02 2.078084879526004443e+02
2.745690567959096029e+02 2.087264356449808531e+02
2.740886355479545387e+02 2.096443833373612620e+02
2.736061028690569401e+02 2.105623310297416708e+02
2.731213607901664204e+02 2.114802787221220797e+02
2.726343580727805147e+02 2.123982264145024885e+02
2.721451805599035083e+02 2.133161741068828974e+02
2.716539422637418966e+02 2.142341217992633062e+02
2.711686720565804194e+02 2.151520694916437151e+02
2.706921566318023906e+02 2.160700171840241239e+02
2.702156412070244187e+02 2.169879648764045328e+02
2.697391257822464468e+02 2.179059125687849132e+02
2.692626103574684748e+02 2.188238602611653221e+02
2.687860949326905029e+02 2.197418079535457309e+02
2.683095795079124741e+02 2.206597556459261398e+02
2.678330640831345022e+02 2.215777033383065486e+02
2.673565486583564734e+02 2.224956510306869575e+02
2.668800332335785015e+02 2.234135987230673663e+02
2.664035178088005296e+02 2.243315464154477752e+02
2.659270023840225576e+02 2.252494941078281840e+02
2.654504869592445857e+02 2.261674418002085929e+02
2.649739715344666138e+02 2.270853894925890017e+02
2.644974561096886418e+02 2.280033371849693822e+02
2.640209406849105562e+02 2.289212848773497910e+02
2.635444252601325843e+02 2.298392325697301999e+02
2.630679098353546124e+02 2.307571802621106087e+02
2.625913944105766404e+02 2.316751279544910176e+02
2.621148789857986685e+02 2.325930756468714264e+02
2.616383635610206966e+02 2.335110233392518353e+02
2.611618481362427246e+02 2.344289710316322441e+02
2.606853327114646959e+02 2.353469187240126530e+02
2.602088172866867239e+02 2.362648664163930619e+02
2.597323018619086952e+02 2.371828141087734707e+02
2.592557864371307801e+02 2.381007618011538511e+02
2.587792710123527513e+02 2.390187094935342600e+02
2.583027555875747794e+02 2.399366571859146688e+02
2.578262401627967506e+02 2.408546048782950777e+02
2.573497247380187787e+02 2.417725525706754865e+02
