3.268457248393572740e+02 5.898401084662847893e+01
3.266688827502850359e+02 5.990193110985337910e+01
3.264920406612127408e+02 6.081985137307827927e+01
3.263151985721404458e+02 6.173777163630317233e+01
3.261383564830682644e+02 6.265569189952807250e+01
3.259615143939959694e+02 6.357361216275297267e+01
3.257846723049237312e+02 6.449153242597786573e+01
3.256078302158514930e+02 6.540945268920276590e+01
3.254309881267791980e+02 6.632737295242766606e+01
3.252541460377069598e+02 6.724529321565256623e+01
3.250773039486347216e+02 6.816321347887746640e+01
3.249004618595624265e+02 6.908113374210236657e+01
3.247236197704901883e+02 6.999905400532726674e+01
3.245467776814178933e+02 7.091697426855216690e+01
3.243699355923456551e+02 7.183489453177706707e+01
3.241930935032734169e+02 7.275281479500196724e+01
3.240162514142011787e+02 7.367073505822685320e+01
3.238394093251288837e+02 7.458865532145175337e+01
3.236625672360567023e+02 7.550657558467665353e+01
3.234857251469843504e+02 7.642449584790155370e+01
3.233088830579121122e+02 7.734241611112645387e+01
3.231320409688398740e+02 7.826033637435135404e+01
3.229551988797675790e+02 7.917825663757625421e+01
3.227783567906953408e+02 8.009617690080115437e+01
3.226015147016231026e+02 8.101409716402605454e+01
3.224246726125508076e+02 8.193201742725095471e+01
3.222478305234785694e+02 8.284993769047585488e+01
3.220709884344063312e+02 8.376785795370074084e+01
3.218941463453340930e+02 8.468577821692565522e+01
3.217173042562617411e+02 8.560369848015054117e+01
3.215404621671895029e+02 8.652161874337544134e+01
3.213636200781172647e+02 8.743953900660034151e+01
3.211867779890450265e+02 8.835745926982524168e+01
3.210099358999727315e+02 8.927537953305014184e+01
3.208330938109004933e+02 9.019329979627504201e+01
3.206562517218282551e+02 9.111122005949994218e+01
3.204794096327560169e+02 9.202914032272482814e+01
3.203025675436837219e+02 9.294706058594974252e+01
3.201257254546114837e+02 9.386498084917462847e+01
3.199180171644776465e+02 9.478290111239954285e+01
3.197066942041321340e+02 9.570082137562442881e+01
3.195069660417368027e+02 9.661874163884932898e+01
3.193200431611825252e+02 9.753666190207422915e+01
3.191440579101541175e+02 9.845458216529912931e+01
3.189788373344685510e+02 9.937250242852402948e+01
3.188248299855770824e+02 1.002904226917489297e+02
3.186788422967493943e+02 1.012083429549738298e+02
3.185437836603425694e+02 1.021262632181987158e+02
3.184173613964040328e+02 1.030441834814236302e+02
3.182984763939650747e+02 1.039621037446485161e+02
3.181903562952047082e+02 1.048800240078734305e+02
3.180869269474575276e+02 1.057979442710983164e+02
3.179936443070431551e+02 1.067158645343232166e+02
3.179037716438883763e+02 1.076337847975481168e+02
3.178101613478935406e+02 1.085517050607730170e+02
3.177106967071975987e+02 1.094696253239979171e+02
3.176039262469804498e+02 1.103875455872228173e+02
3.174890478126381481e+02 1.113054658504477175e+02
3.173691399157519299e+02 1.122233861136726034e+02
3.172418442311417266e+02 1.131413063768975178e+02
3.171114329996980814e+02 1.140592266401224038e+02
3.169771639820240807e+02 1.149771469033473181e+02
3.168402554105338140e+02 1.158950671665722041e+02
3.167035428358732361e+02 1.168129874297971043e+02
3.165663139687803209e+02 1.177309076930220044e+02
3.164284480612592461e+02 1.186488279562469046e+02
3.162925576802892351e+02 1.195667482194718048e+02
3.161566487003628936e+02 1.204846684826966907e+02
3.160242934503763763e+02 1.214025887459216051e+02
3.158940163705848363e+02 1.223205090091464911e+02
3.157687147375525001e+02 1.232384292723713912e+02
3.156464852206772207e+02 1.241563495355962914e+02
3.155244096506355049e+02 1.250742697988211916e+02
3.153987811809890331e+02 1.259921900620460917e+02
3.152676845422620318e+02 1.269101103252709919e+02
3.151309741842208609e+02 1.278280305884958921e+02
3.149850169322554052e+02 1.287459508517208064e+02
3.148281049447064106e+02 1.296638711149456924e+02
3.146589556579584155e+02 1.305817913781705784e+02
3.144764408815237289e+02 1.314997116413954927e+02
3.142799924726361382e+02 1.324176319046203787e+02
3.140682737799652955e+02 1.333355521678452646e+02
3.138401188740538146e+02 1.342534724310701790e+02
3.135940256324481084e+02 1.351713926942950934e+02
3.133291994371599571e+02 1.360893129575199794e+02
3.130448015921894580e+02 1.370072332207448653e+02
3.127424638358197058e+02 1.379251534839697797e+02
3.124197639317096105e+02 1.388430737471946941e+02
3.120784018188971913e+02 1.397609940104195800e+02
3.117198203741953080e+02 1.406789142736444660e+02
3.113391102341280430e+02 1.415968345368693804e+02
3.109435804646283827e+02 1.425147548000942663e+02
3.105300823343203547e+02 1.434326750633191523e+02
3.101015128135883288e+02 1.443505953265440667e+02
3.096582814500304721e+02 1.452685155897689810e+02
3.091992042867822192e+02 1.461864358529938670e+02
3.087283977838552573e+02 1.471043561162187530e+02
3.082408962393083129e+02 1.480222763794436673e+02
3.077429771410182298e+02 1.489401966426685817e+02
3.072276669051459521e+02 1.498581169058934677e+02
3.067053544368644680e+02 1.507760371691183536e+02
3.061810996687152624e+02 1.516939574323432680e+02
3.056533307513208229e+02 1.526118776955681540e+02
3.051234534909610829e+02 1.535297979587930399e+02
3.045897532123665883e+02 1.544477182220179543e+02
3.040537329322847313e+02 1.553656384852428687e+02
3.035148417780242198e+02 1.562835587484677546e+02
3.029728439143370906e+02 1.572014790116926406e+02
3.024282126194729017e+02 1.581193992749175550e+02
3.018810841830551794e+02 1.590373195381424694e+02
3.013314882130603678e+02 1.599552398013673553e+02
3.007801835940685464e+02 1.608731600645922413e+02
3.002272095792664004e+02 1.617910803278171556e+02
2.996722727403043791e+02 1.627090005910420416e+02
2.991160524839903019e+02 1.636269208542669276e+02
2.985586326039252185e+02 1.645448411174918419e+02
2.980002731412616868e+02 1.654627613807167563e+02
2.974411836638814748e+02 1.663806816439416423e+02
2.968818346600010045e+02 1.672986019071665282e+02
2.963226286047201938e+02 1.682165221703914426e+02
2.957641357570680611e+02 1.691344424336163570e+02
2.952067566189211902e+02 1.700523626968412430e+02
2.946510235141041676e+02 1.709702829600661289e+02
2.940972791679848797e+02 1.718882032232910433e+02
2.935458513012025605e+02 1.728061234865159292e+02
2.929973524102019837e+02 1.737240437497408152e+02
2.924518930369934537e+02 1.746419640129657296e+02
2.919098389077869911e+02 1.755598842761906440e+02
2.913713993600397885e+02 1.764778045394155299e+02
2.908367276689924665e+02 1.773957248026404159e+02
2.903057494359687212e+02 1.783136450658653303e+02
2.897784070933637395e+02 1.792315653290902446e+02
2.892544248023841646e+02 1.801494855923151306e+02
2.887336617008928670e+02 1.810674058555400165e+02
2.882158056269149711e+02 1.819853261187649309e+02
2.877005216926412459e+02 1.829032463819898169e+02
2.871875033302392808e+02 1.838211666452147028e+02
2.866766304065342865e+02 1.847390869084396172e+02
2.861676989578819530e+02 1.856570071716645316e+02
2.856604904824147866e+02 1.865749274348894176e+02
2.851548065961613361e+02 1.874928476981143035e+02
2.846503659490680889e+02 1.884107679613392179e+02
2.841471437000212745e+02 1.893286882245641038e+02
2.836452207150372828e+02 1.902466084877890182e+02
2.831447327093289914e+02 1.911645287510139042e+02
2.826458730480571262e+02 1.920824490142388186e+02
2.821488799054630476e+02 1.930003692774637045e+02
2.816539838068648578e+02 1.939182895406886189e+02
2.811613840227324772e+02 1.948362098039135049e+02
2.806712364983961834e+02 1.957541300671384192e+02
2.801836249106280547e+02 1.966720503303633052e+02
2.796984819063025043e+02 1.975899705935881912e+02
2.792157118759911327e+02 1.985078908568131055e+02
2.787350812203937380e+02 1.994258111200379915e+02
2.782562657860062814e+02 2.003437313832629059e+02
2.777789495788778140e+02 2.012616516464877918e+02
2.773027878349447519e+02 2.021795719097127062e+02
2.768274269760293009e+02 2.030974921729375922e+02
2.763524955839275208e+02 2.040154124361625065e+02
2.758776058934575985e+02 2.049333326993873925e+02
2.754023826258994063e+02 2.058512529626122785e+02
2.749265021185200908e+02 2.067691732258371928e+02
2.744497026047068289e+02 2.076870934890620788e+02
2.739718741196060137e+02 2.086050137522869932e+02
2.734929756788937993e+02 2.095229340155118791e+02
2.730129993488799300e+02 2.104408542787367935e+02
2.725318941982965271e+02 2.113587745419616795e+02
2.720497076882554097e+02 2.122766948051865938e+02
2.715665555430246059e+02 2.131946150684114798e+02
2.710827397579218427e+02 2.141125353316363942e+02
2.705985341930015124e+02 2.150304555948612801e+02
2.701169912427951658e+02 2.159483758580861661e+02
2.696406886299186567e+02 2.168662961213110805e+02
2.691679456347579844e+02 2.177842163845359664e+02
2.686973261820761536e+02 2.187021366477608808e+02
2.682289259542033619e+02 2.196200569109857668e+02
2.677642274378264347e+02 2.205379771742106811e+02
2.672994218727502016e+02 2.214558974374355671e+02
2.668346163076740254e+02 2.223738177006604815e+02
2.663698107425977923e+02 2.232917379638853674e+02
2.659050051775215593e+02 2.242096582271102818e+02
2.654401996124453831e+02 2.251275784903351678e+02
2.649753940473691500e+02 2.260454987535600537e+02
2.645105884822929738e+02 2.269634190167849681e+02
2.640457829172167408e+02 2.278813392800098541e+02
2.635809773521405077e+02 2.287992595432347684e+02
2.631161717870643315e+02 2.297171798064596544e+02
2.626513662219880985e+02 2.306351000696845688e+02
2.621865606569118654e+02 2.315530203329094547e+02
2.617217550918356892e+02 2.324709405961343691e+02
2.612569495267594561e+02 2.333888608593592551e+02
2.607921439616832231e+02 2.343067811225841695e+02
2.603273383966070469e+02 2.352247013858090554e+02
2.598625328315308138e+02 2.361426216490339414e+02
2.593977272664545808e+02 2.370605419122588557e+02
2.589329217013783477e+02 2.379784621754837417e+02
2.584681161363021715e+02 2.388963824387086561e+02
2.580033105712259385e+02 2.398143027019335420e+02
2.575385050061497054e+02 2.407322229651584564e+02
2.570736994410735292e+02 2.416501432283833424e+02
