3.278483157426127832e+02 5.837112154715970291e+01
3.276684412631094574e+02 5.929219840750111814e+01
3.274885667836060748e+02 6.021327526784254047e+01
3.273086923041028058e+02 6.113435212818395570e+01
3.271288178245994231e+02 6.205542898852537093e+01
3.269489433450960973e+02 6.297650584886679326e+01
3.267690688655928284e+02 6.389758270920820848e+01
3.265891943860894457e+02 6.481865956954962371e+01
3.264093199065861199e+02 6.573973642989103894e+01
3.262294454270827941e+02 6.666081329023245416e+01
3.260495709475794683e+02 6.758189015057388360e+01
3.258696964680761425e+02 6.850296701091529883e+01
3.256898219885728167e+02 6.942404387125671406e+01
3.255099475090694341e+02 7.034512073159812928e+01
3.253300730295661083e+02 7.126619759193954451e+01
3.251501985500627825e+02 7.218727445228097395e+01
3.249703240705595135e+02 7.310835131262238917e+01
3.247904495910561309e+02 7.402942817296380440e+01
3.246105751115528619e+02 7.495050503330521963e+01
3.244307006320494793e+02 7.587158189364663485e+01
3.242508261525461535e+02 7.679265875398805008e+01
3.240709516730428277e+02 7.771373561432946531e+01
3.238910771935395019e+02 7.863481247467089474e+01
3.237112027140361761e+02 7.955588933501230997e+01
3.235313282345328503e+02 8.047696619535372520e+01
3.233514537550295245e+02 8.139804305569514042e+01
3.231715792755261418e+02 8.231911991603655565e+01
3.229917047960228160e+02 8.324019677637798509e+01
3.228118303165194902e+02 8.416127363671938610e+01
3.226319558370161644e+02 8.508235049706081554e+01
3.224520813575128386e+02 8.600342735740223077e+01
3.222722068780095128e+02 8.692450421774364600e+01
3.220923323985061870e+02 8.784558107808506122e+01
3.219124579190028612e+02 8.876665793842647645e+01
3.217325834394995354e+02 8.968773479876790589e+01
3.215527089599962096e+02 9.060881165910930690e+01
3.213728344804928838e+02 9.152988851945073634e+01
3.211929600009895580e+02 9.245096537979215157e+01
3.210130855214861754e+02 9.337204224013356679e+01
3.208316872906528943e+02 9.429311910047499623e+01
3.206305795044280558e+02 9.521419596081639725e+01
3.204403808775613243e+02 9.613527282115782668e+01
3.202610721895974280e+02 9.705634968149924191e+01
3.200934881866861588e+02 9.797742654184065714e+01
3.199352554085849647e+02 9.889850340218207236e+01
3.197861264848348810e+02 9.981958026252348759e+01
3.196448516887182905e+02 1.007406571228649170e+02
3.195156234042741517e+02 1.016617339832063180e+02
3.193928428854434856e+02 1.025828108435477475e+02
3.192807843488793083e+02 1.035038877038891627e+02
3.191760168318601814e+02 1.044249645642305779e+02
3.190780839454853322e+02 1.053460414245720074e+02
3.189879171834023737e+02 1.062671182849134084e+02
3.189010797598726867e+02 1.071881951452548378e+02
3.188135947642805377e+02 1.081092720055962531e+02
3.187191904358836041e+02 1.090303488659376683e+02
3.186188112304166111e+02 1.099514257262790835e+02
3.185120361783394856e+02 1.108725025866204987e+02
3.183971889508947015e+02 1.117935794469619282e+02
3.182753518934819112e+02 1.127146563073033292e+02
3.181459795508247339e+02 1.136357331676447586e+02
3.180089464405724584e+02 1.145568100279861738e+02
3.178675573454059418e+02 1.154778868883275891e+02
3.177221400442386994e+02 1.163989637486690185e+02
3.175747726457248632e+02 1.173200406090104195e+02
3.174285899866478076e+02 1.182411174693518490e+02
3.172833343588747539e+02 1.191621943296932642e+02
3.171400658122843765e+02 1.200832711900346794e+02
3.170003688463139611e+02 1.210043480503760946e+02
3.168628505298694336e+02 1.219254249107175099e+02
3.167295194673970400e+02 1.228465017710589251e+02
3.165998472598413969e+02 1.237675786314003545e+02
3.164729011842323416e+02 1.246886554917417698e+02
3.163474308449099226e+02 1.256097323520831850e+02
3.162240750113865033e+02 1.265308092124246002e+02
3.161031756963458292e+02 1.274518860727660154e+02
3.159832996256549222e+02 1.283729629331074307e+02
3.158638183421675194e+02 1.292940397934488601e+02
3.157379236211185116e+02 1.302151166537902895e+02
3.156017699669840795e+02 1.311361935141316906e+02
3.154487259226572746e+02 1.320572703744730916e+02
3.152710958188267796e+02 1.329783472348145210e+02
3.150639749377602357e+02 1.338994240951559505e+02
3.148272631671509316e+02 1.348205009554973799e+02
3.145601451587519932e+02 1.357415778158387809e+02
3.142631614279608243e+02 1.366626546761801819e+02
3.139387969805130751e+02 1.375837315365216114e+02
3.135900776966983017e+02 1.385048083968630408e+02
3.132164175988739316e+02 1.394258852572044418e+02
3.128230060131515984e+02 1.403469621175458713e+02
3.124061568503626063e+02 1.412680389778872723e+02
3.119695583828529379e+02 1.421891158382287017e+02
3.115128417918200512e+02 1.431101926985701311e+02
3.110344231582412817e+02 1.440312695589115322e+02
3.105404656300127044e+02 1.449523464192529332e+02
3.100299529795702256e+02 1.458734232795943626e+02
3.095063879652368541e+02 1.467945001399357920e+02
3.089809852634624576e+02 1.477155770002772215e+02
3.084532878095378123e+02 1.486366538606186225e+02
3.079242401129115478e+02 1.495577307209600235e+02
3.073936706978217899e+02 1.504788075813014530e+02
3.068613385497836248e+02 1.513998844416428824e+02
3.063269715045407793e+02 1.523209613019843118e+02
3.057912386675533867e+02 1.532420381623257128e+02
3.052527388129599331e+02 1.541631150226671139e+02
3.047123599245211949e+02 1.550841918830085433e+02
3.041695268868816129e+02 1.560052687433499727e+02
3.036245360570673029e+02 1.569263456036914022e+02
3.030771597638909043e+02 1.578474224640328032e+02
3.025279075028104216e+02 1.587684993243742042e+02
3.019765564105401836e+02 1.596895761847156336e+02
3.014234560801205589e+02 1.606106530450570631e+02
3.008693913548643195e+02 1.615317299053984641e+02
3.003142467761761054e+02 1.624528067657398935e+02
2.997588656343418734e+02 1.633738836260812946e+02
2.992039738522127550e+02 1.642949604864227240e+02
2.986503344554481032e+02 1.652160373467641534e+02
2.980983048054355322e+02 1.661371142071055544e+02
2.975483585176029351e+02 1.670581910674469555e+02
2.970009843793101822e+02 1.679792679277883849e+02
2.964565315085019392e+02 1.689003447881298143e+02
2.959152309276206552e+02 1.698214216484712438e+02
2.953764517780381880e+02 1.707424985088126448e+02
2.948403679350336688e+02 1.716635753691540458e+02
2.943069577807090695e+02 1.725846522294954752e+02
2.937757252897725948e+02 1.735057290898369047e+02
2.932462437208976098e+02 1.744268059501783341e+02
2.927183683154730716e+02 1.753478828105197351e+02
2.921920333725312844e+02 1.762689596708611361e+02
2.916667717471094079e+02 1.771900365312025656e+02
2.911423506885852817e+02 1.781111133915439950e+02
2.906186403926004687e+02 1.790321902518853960e+02
2.900956303209538305e+02 1.799532671122268255e+02
2.895733737500872280e+02 1.808743439725682265e+02
2.890519863466748802e+02 1.817954208329096559e+02
2.885316995922037222e+02 1.827164976932510854e+02
2.880127363753065879e+02 1.836375745535924864e+02
2.874952236393010025e+02 1.845586514139338874e+02
2.869793151578968491e+02 1.854797282742753168e+02
2.864653256249264359e+02 1.864008051346167463e+02
2.859534819456241053e+02 1.873218819949581473e+02
2.854438020478174280e+02 1.882429588552995767e+02
2.849363205630390894e+02 1.891640357156410062e+02
2.844309908444360531e+02 1.900851125759824072e+02
2.839276600575848875e+02 1.910061894363238366e+02
2.834260953344631275e+02 1.919272662966652376e+02
2.829259866620371895e+02 1.928483431570066671e+02
2.824270010109767668e+02 1.937694200173480965e+02
2.819289010641040250e+02 1.946904968776894975e+02
2.814315857572329378e+02 1.956115737380309270e+02
2.809350686250821241e+02 1.965326505983723280e+02
2.804394311856554509e+02 1.974537274587137574e+02
2.799447682595805418e+02 1.983748043190551584e+02
2.794511561661341830e+02 1.992958811793965879e+02
2.789586771391325328e+02 2.002169580397380173e+02
2.784674265166324858e+02 2.011380349000794183e+02
2.779774457618066776e+02 2.020591117604208478e+02
2.774888006776338329e+02 2.029801886207622488e+02
2.770014359965122139e+02 2.039012654811036782e+02
2.765151994231771369e+02 2.048223423414451076e+02
2.760298455957423016e+02 2.057434192017865087e+02
2.755450634673520653e+02 2.066644960621279381e+02
2.750606280554200680e+02 2.075855729224693391e+02
2.745763615742794173e+02 2.085066497828107686e+02
2.740921140602968080e+02 2.094277266431521696e+02
2.736077399792404776e+02 2.103488035034935990e+02
2.731230601220445919e+02 2.112698803638350284e+02
2.726378899037200085e+02 2.121909572241764295e+02
2.721521008404603776e+02 2.131120340845178589e+02
2.716656805583284040e+02 2.140331109448592599e+02
2.711787123208530375e+02 2.149541878052006894e+02
2.706925812881831348e+02 2.158752646655421188e+02
2.702106319868087212e+02 2.167963415258835198e+02
2.697349390828741775e+02 2.177174183862249492e+02
2.692673934175689396e+02 2.186384952465663503e+02
2.688100092686805738e+02 2.195595721069077797e+02
2.683645333235109547e+02 2.204806489672491807e+02
2.679277831382695467e+02 2.214017258275906102e+02
2.674923437587387411e+02 2.223228026879320396e+02
2.670569043792079356e+02 2.232438795482734406e+02
2.666214649996770731e+02 2.241649564086148700e+02
2.661860256201462676e+02 2.250860332689562711e+02
2.657505862406154620e+02 2.260071101292977005e+02
2.653151468610846564e+02 2.269281869896391299e+02
2.648797074815537940e+02 2.278492638499805309e+02
2.644442681020229884e+02 2.287703407103219604e+02
2.640088287224921828e+02 2.296914175706633614e+02
2.635733893429613772e+02 2.306124944310047908e+02
2.631379499634305716e+02 2.315335712913461919e+02
2.627025105838997661e+02 2.324546481516876213e+02
2.622670712043689036e+02 2.333757250120290507e+02
2.618316318248380412e+02 2.342968018723704517e+02
2.613961924453072356e+02 2.352178787327118812e+02
2.609607530657764300e+02 2.361389555930532822e+02
2.605253136862456245e+02 2.370600324533947116e+02
2.600898743067148189e+02 2.379811093137361127e+02
2.596544349271840133e+02 2.389021861740775421e+02
2.592189955476531509e+02 2.398232630344189715e+02
2.587835561681223453e+02 2.407443398947603725e+02
2.583481167885915397e+02 2.416654167551018020e+02
