3.278519220057152097e+02 5.852609812996607275e+01
3.276638120634148663e+02 5.944616866439766767e+01
3.274757021211145229e+02 6.036623919882925549e+01
3.272875921788141227e+02 6.128630973326085041e+01
3.270994822365137225e+02 6.220638026769244533e+01
3.269113722942133791e+02 6.312645080212404025e+01
3.267232623519130357e+02 6.404652133655562807e+01
3.265351524096126923e+02 6.496659187098723010e+01
3.263470424673123489e+02 6.588666240541881791e+01
3.261589325250119487e+02 6.680673293985040573e+01
3.259708225827116053e+02 6.772680347428200776e+01
3.257827126404112050e+02 6.864687400871359557e+01
3.255946026981108616e+02 6.956694454314518339e+01
3.254064927558105182e+02 7.048701507757678542e+01
3.252183828135101180e+02 7.140708561200837323e+01
3.250302728712097746e+02 7.232715614643996105e+01
3.248421629289094312e+02 7.324722668087156308e+01
3.246540529866090310e+02 7.416729721530315089e+01
3.244659430443086876e+02 7.508736774973473871e+01
3.242778331020083442e+02 7.600743828416634074e+01
3.240897231597080008e+02 7.692750881859792855e+01
3.239016132174076574e+02 7.784757935302953058e+01
3.237135032751072004e+02 7.876764988746111840e+01
3.235253933328068570e+02 7.968772042189272042e+01
3.233372833905065136e+02 8.060779095632430824e+01
3.231491734482061702e+02 8.152786149075589606e+01
3.229610635059057699e+02 8.244793202518749808e+01
3.227729535636054266e+02 8.336800255961908590e+01
3.225848436213050832e+02 8.428807309405067372e+01
3.223967336790046829e+02 8.520814362848227574e+01
3.222086237367043395e+02 8.612821416291386356e+01
3.220205137944039961e+02 8.704828469734545138e+01
3.218324038521036528e+02 8.796835523177705340e+01
3.216442939098033094e+02 8.888842576620864122e+01
3.214561839675028523e+02 8.980849630064022904e+01
3.212680740252025657e+02 9.072856683507183106e+01
3.210799640829021655e+02 9.164863736950341888e+01
3.208918541406018221e+02 9.256870790393500670e+01
3.207037441983014219e+02 9.348877843836660873e+01
3.205011656594675742e+02 9.440884897279821075e+01
3.202944737723493063e+02 9.532891950722978436e+01
3.200989787477880668e+02 9.624899004166138639e+01
3.199173620837227645e+02 9.716906057609298841e+01
3.197439479112012464e+02 9.808913111052457623e+01
3.195801896554760333e+02 9.900920164495616405e+01
3.194261897579965535e+02 9.992927217938776607e+01
3.192771692229985661e+02 1.008493427138193539e+02
3.191361973818607680e+02 1.017694132482509417e+02
3.190024336833999996e+02 1.026894837826825437e+02
3.188732577391655809e+02 1.036095543171141315e+02
3.187528334298147001e+02 1.045296248515457194e+02
3.186374790757667483e+02 1.054496953859773214e+02
3.185271745842410382e+02 1.063697659204089092e+02
3.184232810110667629e+02 1.072898364548404970e+02
3.183272459842783633e+02 1.082099069892720991e+02
3.182336783174774837e+02 1.091299775237036869e+02
3.181378766482628748e+02 1.100500480581352747e+02
3.180373111597322122e+02 1.109701185925668767e+02
3.179304327650099253e+02 1.118901891269984787e+02
3.178198565179417301e+02 1.128102596614300523e+02
3.177022058187279185e+02 1.137303301958616544e+02
3.175812001862228726e+02 1.146504007302932564e+02
3.174537784938018490e+02 1.155704712647248442e+02
3.173236457974061295e+02 1.164905417991564320e+02
3.171885357205410969e+02 1.174106123335880341e+02
3.170529622524976503e+02 1.183306828680196219e+02
3.169149965476987632e+02 1.192507534024512097e+02
3.167778005480184902e+02 1.201708239368828117e+02
3.166417026079997186e+02 1.210908944713143995e+02
3.165066108930801647e+02 1.220109650057459874e+02
3.163734393816287138e+02 1.229310355401775894e+02
3.162403968562588261e+02 1.238511060746091772e+02
3.161066335746009486e+02 1.247711766090407650e+02
3.159718866398685577e+02 1.256912471434723670e+02
3.158376618575798034e+02 1.266113176779039549e+02
3.157051459757793737e+02 1.275313882123355569e+02
3.155752170101064280e+02 1.284514587467671447e+02
3.154471350233515636e+02 1.293715292811987183e+02
3.153179124485224634e+02 1.302915998156303203e+02
3.151842556979543701e+02 1.312116703500619224e+02
3.150404810608484354e+02 1.321317408844935244e+02
3.148766357878524786e+02 1.330518114189251264e+02
3.146868167178410545e+02 1.339718819533567000e+02
3.144649295745801965e+02 1.348919524877882736e+02
3.142083856367042927e+02 1.358120230222198757e+02
3.139205934101610751e+02 1.367320935566514777e+02
3.136036458834267933e+02 1.376521640910830797e+02
3.132569564495442478e+02 1.385722346255146817e+02
3.128839838387767145e+02 1.394923051599462553e+02
3.124854132227919763e+02 1.404123756943778574e+02
3.120621111481022467e+02 1.413324462288094310e+02
3.116157112441333084e+02 1.422525167632410330e+02
3.111500061271364075e+02 1.431725872976726350e+02
3.106671988745939643e+02 1.440926578321042371e+02
3.101697067174046651e+02 1.450127283665358391e+02
3.096663748010456629e+02 1.459327989009674127e+02
3.091588170702993921e+02 1.468528694353989863e+02
3.086463768279440387e+02 1.477729399698305883e+02
3.081304472889888757e+02 1.486930105042621904e+02
3.076121308211133965e+02 1.496130810386937924e+02
3.070921295175236878e+02 1.505331515731253944e+02
3.065707685716088235e+02 1.514532221075569680e+02
3.060476599808033029e+02 1.523732926419885416e+02
3.055225593580966574e+02 1.532933631764201436e+02
3.049960882762240431e+02 1.542134337108517457e+02
3.044675939397062621e+02 1.551335042452833477e+02
3.039377879314349684e+02 1.560535747797149497e+02
3.034061421948600810e+02 1.569736453141465233e+02
3.028725450895587983e+02 1.578937158485781254e+02
3.023372218016755824e+02 1.588137863830096990e+02
3.017997641198704741e+02 1.597338569174413010e+02
3.012604489690248784e+02 1.606539274518729030e+02
3.007194504638788430e+02 1.615739979863045050e+02
3.001768916984851217e+02 1.624940685207360787e+02
2.996327106276754648e+02 1.634141390551676807e+02
2.990873314253927902e+02 1.643342095895992543e+02
2.985410302136218661e+02 1.652542801240308563e+02
2.979939717627356117e+02 1.661743506584624583e+02
2.974464308010436753e+02 1.670944211928940604e+02
2.968986765390483242e+02 1.680144917273256624e+02
2.963508891665839542e+02 1.689345622617572360e+02
2.958032046054863144e+02 1.698546327961888096e+02
2.952560500154844476e+02 1.707747033306204116e+02
2.947095648010981108e+02 1.716947738650520137e+02
2.941639855996381243e+02 1.726148443994836157e+02
2.936197101333673913e+02 1.735349149339152177e+02
2.930769956915449370e+02 1.744549854683467913e+02
2.925360185453806139e+02 1.753750560027783933e+02
2.919969766546635128e+02 1.762951265372099670e+02
2.914601571973907994e+02 1.772151970716415690e+02
2.909256428707057012e+02 1.781352676060731710e+02
2.903936185950433924e+02 1.790553381405047730e+02
2.898643090366562660e+02 1.799754086749363466e+02
2.893378424038411367e+02 1.808954792093679487e+02
2.888139402382572030e+02 1.818155497437995223e+02
2.882925369554430972e+02 1.827356202782311243e+02
2.877735706909081159e+02 1.836556908126627263e+02
2.872569592811648249e+02 1.845757613470943284e+02
2.867428090705299724e+02 1.854958318815259304e+02
2.862313446269640167e+02 1.864159024159575040e+02
2.857230457479523125e+02 1.873359729503891060e+02
2.852178848802727202e+02 1.882560434848206796e+02
2.847159492307033588e+02 1.891761140192522817e+02
2.842173680008018550e+02 1.900961845536838837e+02
2.837221996782649853e+02 1.910162550881154573e+02
2.832304150901606477e+02 1.919363256225470593e+02
2.827416507614299235e+02 1.928563961569786613e+02
2.822554407682515034e+02 1.937764666914102349e+02
2.817714699591028307e+02 1.946965372258418370e+02
2.812891441077052832e+02 1.956166077602734390e+02
2.808078393919821565e+02 1.965366782947050410e+02
2.803268582135239626e+02 1.974567488291366146e+02
2.798459120227889230e+02 1.983768193635682167e+02
2.793647516146970133e+02 1.992968898979998187e+02
2.788833066207716911e+02 2.002169604324313923e+02
2.784014556761948711e+02 2.011370309668629943e+02
2.779191675127077019e+02 2.020571015012945963e+02
2.774364072489090631e+02 2.029771720357261700e+02
2.769531419778783743e+02 2.038972425701577720e+02
2.764693241578329435e+02 2.048173131045893740e+02
2.759848768896644060e+02 2.057373836390209476e+02
2.754996698264206998e+02 2.066574541734525496e+02
2.750135333016756931e+02 2.075775247078841517e+02
2.745263059829742929e+02 2.084975952423157253e+02
2.740378730528016149e+02 2.094176657767473273e+02
2.735481727110364432e+02 2.103377363111789293e+02
2.730572475688043141e+02 2.112578068456105029e+02
2.725652188670381975e+02 2.121778773800421050e+02
2.720722756025587046e+02 2.130979479144737070e+02
2.715786681953926518e+02 2.140180184489053090e+02
2.710845968415004563e+02 2.149380889833368826e+02
2.705905888079395822e+02 2.158581595177684846e+02
2.700970940184192841e+02 2.167782300522000867e+02
2.696054797497966433e+02 2.176983005866316603e+02
2.691170611544735607e+02 2.186183711210632623e+02
2.686351609448538511e+02 2.195384416554948643e+02
2.681532607352340278e+02 2.204585121899264379e+02
2.676713605256142614e+02 2.213785827243580400e+02
2.671894603159944381e+02 2.222986532587896420e+02
2.667075601063746717e+02 2.232187237932212156e+02
2.662256598967549053e+02 2.241387943276528176e+02
2.657437596871350252e+02 2.250588648620844197e+02
2.652618594775152587e+02 2.259789353965159933e+02
2.647799592678954923e+02 2.268990059309475953e+02
2.642980590582757259e+02 2.278190764653791973e+02
2.638161588486559594e+02 2.287391469998107709e+02
2.633342586390361362e+02 2.296592175342423729e+02
2.628523584294163697e+02 2.305792880686739750e+02
2.623704582197965465e+02 2.314993586031055770e+02
2.618885580101767800e+02 2.324194291375371506e+02
2.614066578005570136e+02 2.333394996719687526e+02
2.609247575909371903e+02 2.342595702064003547e+02
2.604428573813174239e+02 2.351796407408319283e+02
2.599609571716976006e+02 2.360997112752635303e+02
2.594790569620778342e+02 2.370197818096951323e+02
2.589971567524580678e+02 2.379398523441267059e+02
2.585152565428382445e+02 2.388599228785583080e+02
2.580333563332184212e+02 2.397799934129899100e+02
2.575514561235986548e+02 2.407000639474214836e+02
2.570695559139788884e+02 2.416201344818530856e+02
