3.278514081865921526e+02 5.864680003632594207e+01
3.276576773732980996e+02 5.956666801164261216e+01
3.274639465600040467e+02 6.048653598695928224e+01
3.272702157467100506e+02 6.140640396227595232e+01
3.270764849334159976e+02 6.232627193759262241e+01
3.268827541201219447e+02 6.324613991290928539e+01
3.266890233068278917e+02 6.416600788822596257e+01
3.264952924935338388e+02 6.508587586354262555e+01
3.263015616802398426e+02 6.600574383885930274e+01
3.261078308669457897e+02 6.692561181417596572e+01
3.259141000536517367e+02 6.784547978949262870e+01
3.257203692403577406e+02 6.876534776480930589e+01
3.255266384270636308e+02 6.968521574012598307e+01
3.253329076137696347e+02 7.060508371544264605e+01
3.251391768004756386e+02 7.152495169075930903e+01
3.249454459871815288e+02 7.244481966607598622e+01
3.247517151738875327e+02 7.336468764139264920e+01
3.245579843605935366e+02 7.428455561670932639e+01
3.243642535472994268e+02 7.520442359202598936e+01
3.241705227340054307e+02 7.612429156734265234e+01
3.239767919207113209e+02 7.704415954265932953e+01
3.237830611074173248e+02 7.796402751797600672e+01
3.235893302941232150e+02 7.888389549329266970e+01
3.233955994808292189e+02 7.980376346860933268e+01
3.232018686675352228e+02 8.072363144392600987e+01
3.230081378542411699e+02 8.164349941924267284e+01
3.228144070409471169e+02 8.256336739455935003e+01
3.226206762276530640e+02 8.348323536987601301e+01
3.224269454143590110e+02 8.440310334519269020e+01
3.222332146010650149e+02 8.532297132050935318e+01
3.220394837877709620e+02 8.624283929582603037e+01
3.218457529744769090e+02 8.716270727114269334e+01
3.216520221611829129e+02 8.808257524645935632e+01
3.214582913478888031e+02 8.900244322177603351e+01
3.212645605345948070e+02 8.992231119709271070e+01
3.210708297213007540e+02 9.084217917240937368e+01
3.208770989080067011e+02 9.176204714772603666e+01
3.206833680947126481e+02 9.268191512304271384e+01
3.204827921445608467e+02 9.360178309835937682e+01
3.202566222902948994e+02 9.452165107367605401e+01
3.200438822019892768e+02 9.544151904899271699e+01
3.198414798210266667e+02 9.636138702430937997e+01
3.196531317130598495e+02 9.728125499962605716e+01
3.194742102289196737e+02 9.820112297494273434e+01
3.193051703623656294e+02 9.912099095025939732e+01
3.191460481673848903e+02 1.000408589255760603e+02
3.189971888965349081e+02 1.009607269008927375e+02
3.188560566043672679e+02 1.018805948762094147e+02
3.187236757624245911e+02 1.028004628515260777e+02
3.185989500194526727e+02 1.037203308268427406e+02
3.184808377933549082e+02 1.046401988021594036e+02
3.183685825758016108e+02 1.055600667774760808e+02
3.182643727938883558e+02 1.064799347527927580e+02
3.181664658582179754e+02 1.073998027281094210e+02
3.180732179081401227e+02 1.083196707034260839e+02
3.179757536510068121e+02 1.092395386787427611e+02
3.178733436160300698e+02 1.101594066540594383e+02
3.177654542113842240e+02 1.110792746293761013e+02
3.176503530297745783e+02 1.119991426046927643e+02
3.175308594635702093e+02 1.129190105800094273e+02
3.174044831937696927e+02 1.138388785553261044e+02
3.172739651207808151e+02 1.147587465306427816e+02
3.171387442537812831e+02 1.156786145059594446e+02
3.170003458363817117e+02 1.165984824812761076e+02
3.168613138683678017e+02 1.175183504565927848e+02
3.167226565358478183e+02 1.184382184319094620e+02
3.165852298550807404e+02 1.193580864072261249e+02
3.164516418063107039e+02 1.202779543825427879e+02
3.163205286632420439e+02 1.211978223578594651e+02
3.161928442125486640e+02 1.221176903331761423e+02
3.160687883122469657e+02 1.230375583084928053e+02
3.159464010189141163e+02 1.239574262838094683e+02
3.158253099790168790e+02 1.248772942591261454e+02
3.157057727840281132e+02 1.257971622344428084e+02
3.155859983866697576e+02 1.267170302097594856e+02
3.154616378805293380e+02 1.276368981850761486e+02
3.153278542564898999e+02 1.285567661603928116e+02
3.151830282746902867e+02 1.294766341357095030e+02
3.150237047809857813e+02 1.303965021110261659e+02
3.148478790784548664e+02 1.313163700863428289e+02
3.146530827252380504e+02 1.322362380616594919e+02
3.144372533660338149e+02 1.331561060369761549e+02
3.141990440592904292e+02 1.340759740122928179e+02
3.139388703687831139e+02 1.349958419876095093e+02
3.136565083428453136e+02 1.359157099629261722e+02
3.133531453141738439e+02 1.368355779382428636e+02
3.130291485371483873e+02 1.377554459135595266e+02
3.126875834167549328e+02 1.386753138888761896e+02
3.123277708290254395e+02 1.395951818641928526e+02
3.119523577012312217e+02 1.405150498395095156e+02
3.115598739752155097e+02 1.414349178148261785e+02
3.111460268925238211e+02 1.423547857901428415e+02
3.107159337863222390e+02 1.432746537654595329e+02
3.102673221621211042e+02 1.441945217407761959e+02
3.097980144810552474e+02 1.451143897160928873e+02
3.093123889516508029e+02 1.460342576914095503e+02
3.088092630628127608e+02 1.469541256667262132e+02
3.082878838927114202e+02 1.478739936420428762e+02
3.077609099879267092e+02 1.487938616173595392e+02
3.072322382790890742e+02 1.497137295926762022e+02
3.067024185081926362e+02 1.506335975679928652e+02
3.061722196204659667e+02 1.515534655433095566e+02
3.056409399500741984e+02 1.524733335186262195e+02
3.051088502136624356e+02 1.533932014939429109e+02
3.045756494862875456e+02 1.543130694692595739e+02
3.040417930301794627e+02 1.552329374445762369e+02
3.035065803029960989e+02 1.561528054198928999e+02
3.029702429313446714e+02 1.570726733952095628e+02
3.024329386090877279e+02 1.579925413705262258e+02
3.018944535613971425e+02 1.589124093458428888e+02
3.013541629459923001e+02 1.598322773211595802e+02
3.008125826715169637e+02 1.607521452964762432e+02
3.002697660915758888e+02 1.616720132717929346e+02
2.997257923315109451e+02 1.625918812471095976e+02
2.991806706586951918e+02 1.635117492224262605e+02
2.986348271357659883e+02 1.644316171977429235e+02
2.980885978763239450e+02 1.653514851730595865e+02
2.975423553262088490e+02 1.662713531483762495e+02
2.969965086131662702e+02 1.671912211236929124e+02
2.964515615310137946e+02 1.681110890990096038e+02
2.959080098544525299e+02 1.690309570743262668e+02
2.953662894910332852e+02 1.699508250496429582e+02
2.948267194329211520e+02 1.708706930249596212e+02
2.942894553960163648e+02 1.717905610002762842e+02
2.937546252034804297e+02 1.727104289755929472e+02
2.932224362067579477e+02 1.736302969509096101e+02
2.926927227311653610e+02 1.745501649262262731e+02
2.921651671449085939e+02 1.754700329015429645e+02
2.916395591387029640e+02 1.763899008768596275e+02
2.911157609856785484e+02 1.773097688521762905e+02
2.905933570535045192e+02 1.782296368274929819e+02
2.900720855019936835e+02 1.791495048028096448e+02
2.895517848789522191e+02 1.800693727781263078e+02
2.890321921301966199e+02 1.809892407534429708e+02
2.885132064361973789e+02 1.819091087287596338e+02
2.879948229632370840e+02 1.828289767040762968e+02
2.874771760023440947e+02 1.837488446793929882e+02
2.869603606236051974e+02 1.846687126547096511e+02
2.864446114654928692e+02 1.855885806300263425e+02
2.859303382599377983e+02 1.865084486053430055e+02
2.854179625732698469e+02 1.874283165806596685e+02
2.849078058120245487e+02 1.883481845559763315e+02
2.844002582988690619e+02 1.892680525312929944e+02
2.838956074260310061e+02 1.901879205066096574e+02
2.833940578719963810e+02 1.911077884819263488e+02
2.828956973507163184e+02 1.920276564572430118e+02
2.824004593798790097e+02 1.929475244325596748e+02
2.819081247096605694e+02 1.938673924078763378e+02
2.814182631166717670e+02 1.947872603831930292e+02
2.809302538451817099e+02 1.957071283585096921e+02
2.804434656717644998e+02 1.966269963338263551e+02
2.799572235727607108e+02 1.975468643091430181e+02
2.794709569553818369e+02 1.984667322844596811e+02
2.789842946209248566e+02 1.993866002597763725e+02
2.784970907020239110e+02 2.003064682350930354e+02
2.780094119288762613e+02 2.012263362104096984e+02
2.775214531245603666e+02 2.021462041857263614e+02
2.770334318708835326e+02 2.030660721610430528e+02
2.765455213490607775e+02 2.039859401363597158e+02
2.760578281318581730e+02 2.049058081116763788e+02
2.755703721072968619e+02 2.058256760869930417e+02
2.750831814335928129e+02 2.067455440623097047e+02
2.745962271288684065e+02 2.076654120376263961e+02
2.741094646568903386e+02 2.085852800129430591e+02
2.736228115382018586e+02 2.095051479882597221e+02
2.731361334647713761e+02 2.104250159635763850e+02
2.726492309976651995e+02 2.113448839388930764e+02
2.721619004241125594e+02 2.122647519142097394e+02
2.716739587713393576e+02 2.131846198895264024e+02
2.711853433497793162e+02 2.141044878648430654e+02
2.706961227740324603e+02 2.150243558401597568e+02
2.702065273438684585e+02 2.159442238154764198e+02
2.697166470485970535e+02 2.168640917907930827e+02
2.692178726902661765e+02 2.177839597661097457e+02
2.687121393031070511e+02 2.187038277414264087e+02
2.682064059159479257e+02 2.196236957167431001e+02
2.677006725287887434e+02 2.205435636920597631e+02
2.671949391416296180e+02 2.214634316673764260e+02
2.666892057544704357e+02 2.223832996426930890e+02
2.661834723673113103e+02 2.233031676180097804e+02
2.656777389801521849e+02 2.242230355933264434e+02
2.651720055929930027e+02 2.251429035686431064e+02
2.646662722058338773e+02 2.260627715439597694e+02
2.641605388186747518e+02 2.269826395192764323e+02
2.636548054315155696e+02 2.279025074945931237e+02
2.631490720443564442e+02 2.288223754699097867e+02
2.626433386571973188e+02 2.297422434452264497e+02
2.621376052700381365e+02 2.306621114205431127e+02
2.616318718828789542e+02 2.315819793958598041e+02
2.611261384957198857e+02 2.325018473711764670e+02
2.606204051085607034e+02 2.334217153464931300e+02
2.601146717214015780e+02 2.343415833218097930e+02
2.596089383342423957e+02 2.352614512971264844e+02
2.591032049470832703e+02 2.361813192724431474e+02
2.585974715599241449e+02 2.371011872477598104e+02
2.580917381727649627e+02 2.380210552230764733e+02
2.575860047856058372e+02 2.389409231983931363e+02
2.570802713984467118e+02 2.398607911737098277e+02
2.565745380112875864e+02 2.407806591490264907e+02
2.560688046241284042e+02 2.417005271243431537e+02
