3.278510048720183931e+02 5.874154317788961066e+01
3.276578598334776302e+02 5.966051718587845443e+01
3.274647147949368104e+02 6.057949119386729109e+01
3.272715697563960475e+02 6.149846520185613485e+01
3.270784247178552846e+02 6.241743920984497151e+01
3.268852796793144648e+02 6.333641321783381528e+01
3.266921346407737019e+02 6.425538722582265905e+01
3.264989896022329390e+02 6.517436123381149571e+01
3.263058445636921192e+02 6.609333524180033237e+01
3.261126995251513563e+02 6.701230924978916903e+01
3.259195544866105934e+02 6.793128325777801990e+01
3.257264094480698304e+02 6.885025726576685656e+01
3.255332644095290107e+02 6.976923127375569322e+01
3.253401193709881909e+02 7.068820528174452988e+01
3.251469743324474848e+02 7.160717928973338076e+01
3.249538292939066650e+02 7.252615329772221742e+01
3.247606842553659021e+02 7.344512730571105408e+01
3.245675392168250823e+02 7.436410131369989074e+01
3.243743941782843194e+02 7.528307532168874161e+01
3.241812491397435565e+02 7.620204932967757827e+01
3.239881041012027936e+02 7.712102333766641493e+01
3.237949590626619738e+02 7.803999734565525159e+01
3.236018140241212109e+02 7.895897135364410246e+01
3.234086689855803911e+02 7.987794536163293913e+01
3.232155239470396282e+02 8.079691936962177579e+01
3.230223789084988084e+02 8.171589337761062666e+01
3.228292338699581023e+02 8.263486738559946332e+01
3.226360888314172826e+02 8.355384139358829998e+01
3.224429437928765196e+02 8.447281540157713664e+01
3.222497987543357567e+02 8.539178940956597330e+01
3.220566537157949369e+02 8.631076341755482417e+01
3.218635086772541172e+02 8.722973742554366083e+01
3.216703636387134111e+02 8.814871143353249749e+01
3.214772186001725913e+02 8.906768544152134837e+01
3.212840735616318284e+02 8.998665944951018503e+01
3.210909285230910086e+02 9.090563345749902169e+01
3.208977834845502457e+02 9.182460746548787256e+01
3.207046384460095396e+02 9.274358147347669501e+01
3.205114934074686630e+02 9.366255548146554588e+01
3.203028720754971914e+02 9.458152948945438254e+01
3.200876309675706466e+02 9.550050349744321920e+01
3.198845395436042622e+02 9.641947750543207007e+01
3.196953981857194549e+02 9.733845151342090674e+01
3.195176962379516681e+02 9.825742552140974340e+01
3.193502181428067388e+02 9.917639952939859427e+01
3.191918571910957212e+02 1.000953735373874167e+02
3.190450359314201023e+02 1.010143475453762676e+02
3.189061890555524883e+02 1.019333215533651043e+02
3.187754879323819637e+02 1.028522955613539409e+02
3.186520889441452482e+02 1.037712695693427918e+02
3.185373807960824024e+02 1.046902435773316284e+02
3.184281858301402508e+02 1.056092175853204651e+02
3.183283892011249918e+02 1.065281915933093160e+02
3.182340609257954611e+02 1.074471656012981384e+02
3.181448707126384079e+02 1.083661396092869893e+02
3.180534499837114595e+02 1.092851136172758260e+02
3.179566842403935425e+02 1.102040876252646626e+02
3.178538353030144208e+02 1.111230616332535135e+02
3.177456922020995194e+02 1.120420356412423502e+02
3.176324998303946927e+02 1.129610096492311868e+02
3.175131236923340339e+02 1.138799836572200377e+02
3.173902181797935214e+02 1.147989576652088601e+02
3.172611787414593323e+02 1.157179316731977110e+02
3.171287377442782827e+02 1.166369056811865477e+02
3.169925418119412370e+02 1.175558796891753843e+02
3.168549201516833591e+02 1.184748536971642352e+02
3.167170582065766666e+02 1.193938277051530719e+02
3.165816724802319300e+02 1.203128017131419085e+02
3.164483858382401422e+02 1.212317757211307594e+02
3.163190767054119306e+02 1.221507497291195961e+02
3.161941998827697944e+02 1.230697237371084327e+02
3.160728497253234650e+02 1.239886977450972694e+02
3.159539687698892862e+02 1.249076717530861202e+02
3.158370190816976333e+02 1.258266457610749569e+02
3.157219177260972174e+02 1.267456197690637936e+02
3.156101543905879225e+02 1.276645937770526302e+02
3.155018022454623861e+02 1.285835677850414811e+02
3.153897605706330864e+02 1.295025417930303320e+02
3.152729125202671980e+02 1.304215158010191544e+02
3.151449729056392925e+02 1.313404898090079769e+02
3.150002897897481375e+02 1.322594638169968562e+02
3.148327178830400612e+02 1.331784378249856786e+02
3.146336853466638672e+02 1.340974118329745011e+02
3.144035667354265229e+02 1.350163858409633519e+02
3.141423359140300704e+02 1.359353598489522028e+02
3.138485649246593994e+02 1.368543338569410253e+02
3.135278542187919584e+02 1.377733078649298761e+02
3.131820494466614377e+02 1.386922818729187270e+02
3.128145698831729078e+02 1.396112558809075495e+02
3.124250902475043290e+02 1.405302298888964003e+02
3.120154472993988861e+02 1.414492038968852512e+02
3.115861151554893809e+02 1.423681779048740736e+02
3.111339112754115490e+02 1.432871519128629245e+02
3.106601583159750248e+02 1.442061259208517754e+02
3.101665813570276100e+02 1.451250999288405978e+02
3.096562826234317072e+02 1.460440739368294203e+02
3.091334711934294432e+02 1.469630479448182996e+02
3.086081237446081786e+02 1.478820219528071220e+02
3.080793670022570723e+02 1.488009959607959445e+02
3.075479998831256125e+02 1.497199699687848238e+02
3.070153588972224270e+02 1.506389439767736462e+02
3.064814474172052883e+02 1.515579179847624687e+02
3.059445210150184948e+02 1.524768919927513195e+02
3.054043834288209496e+02 1.533958660007401704e+02
3.048622426247632120e+02 1.543148400087289929e+02
3.043173281818619103e+02 1.552338140167178437e+02
3.037710930997658352e+02 1.561527880247066946e+02
3.032227090996048560e+02 1.570717620326955171e+02
3.026727998745246850e+02 1.579907360406843679e+02
3.021215623327518642e+02 1.589097100486732188e+02
3.015685865322082009e+02 1.598286840566620413e+02
3.010145389671427552e+02 1.607476580646508921e+02
3.004594714669046311e+02 1.616666320726397430e+02
2.999037011199759490e+02 1.625856060806285655e+02
2.993473859668140449e+02 1.635045800886173879e+02
2.987909578977468072e+02 1.644235540966062672e+02
2.982348888160579463e+02 1.653425281045950896e+02
2.976798417950915905e+02 1.662615021125839121e+02
2.971259641073197599e+02 1.671804761205727630e+02
2.965735201357567803e+02 1.680994501285616138e+02
2.960229866480215151e+02 1.690184241365504363e+02
2.954747023549637106e+02 1.699373981445392872e+02
2.949287934285325150e+02 1.708563721525281380e+02
2.943854195065749764e+02 1.717753461605169605e+02
2.938445595818100173e+02 1.726943201685058114e+02
2.933062547667364584e+02 1.736132941764946622e+02
2.927707226349027678e+02 1.745322681844834847e+02
2.922377080382979671e+02 1.754512421924723355e+02
2.917070859789922110e+02 1.763702162004611864e+02
2.911788248274776265e+02 1.772891902084500089e+02
2.906530983067490297e+02 1.782081642164388597e+02
2.901297735167008227e+02 1.791271382244277106e+02
2.896087850966765131e+02 1.800461122324165331e+02
2.890901030380273937e+02 1.809650862404053555e+02
2.885739519052370952e+02 1.818840602483942348e+02
2.880601491946418378e+02 1.828030342563830573e+02
2.875486458974891093e+02 1.837220082643718797e+02
2.870393808284366060e+02 1.846409822723607306e+02
2.865322072433414178e+02 1.855599562803495814e+02
2.860269789421122937e+02 1.864789302883384039e+02
2.855235074808887248e+02 1.873979042963272548e+02
2.850217974487285346e+02 1.883168783043161056e+02
2.845215795244541823e+02 1.892358523123049281e+02
2.840226535737098175e+02 1.901548263202937790e+02
2.835248736780575882e+02 1.910738003282826298e+02
2.830280635750607416e+02 1.919927743362714523e+02
2.825320304719858200e+02 1.929117483442603032e+02
2.820366345546274260e+02 1.938307223522491256e+02
2.815417383865988086e+02 1.947496963602379765e+02
2.810473399747722283e+02 1.956686703682268273e+02
2.805535678827126276e+02 1.965876443762156498e+02
2.800605873479963748e+02 1.975066183842045007e+02
2.795685128362820251e+02 1.984255923921933515e+02
2.790773453649495650e+02 1.993445664001821740e+02
2.785869632085730245e+02 2.002635404081710249e+02
2.780971556143607586e+02 2.011825144161598473e+02
2.776076500656928943e+02 2.021014884241486982e+02
2.771181367693450284e+02 2.030204624321375491e+02
2.766282721261139841e+02 2.039394364401263715e+02
2.761376823357248327e+02 2.048584104481152224e+02
2.756459719853601200e+02 2.057773844561040733e+02
2.751528566837532139e+02 2.066963584640928957e+02
2.746581769715440373e+02 2.076153324720817466e+02
2.741619792574936127e+02 2.085343064800705974e+02
2.736645556481115023e+02 2.094532804880594199e+02
2.731664276372596305e+02 2.103722544960482708e+02
2.726682089146205499e+02 2.112912285040370932e+02
2.721705962847102001e+02 2.122102025120259441e+02
2.716741852364532406e+02 2.131291765200147950e+02
2.711794828803315340e+02 2.140481505280036174e+02
2.706869445306038529e+02 2.149671245359924683e+02
2.701983360061810799e+02 2.158860985439813192e+02
2.697096202076673990e+02 2.168050725519701416e+02
2.692209044091537180e+02 2.177240465599589925e+02
2.687321886106399802e+02 2.186430205679478149e+02
2.682434728121262992e+02 2.195619945759366658e+02
2.677547570136125614e+02 2.204809685839255167e+02
2.672660412150988805e+02 2.213999425919143391e+02
2.667773254165851995e+02 2.223189165999031900e+02
2.662886096180715185e+02 2.232378906078920409e+02
2.657998938195577807e+02 2.241568646158808633e+02
2.653111780210440998e+02 2.250758386238697142e+02
2.648224622225303619e+02 2.259948126318585366e+02
2.643337464240166810e+02 2.269137866398473875e+02
2.638450306255030000e+02 2.278327606478362384e+02
2.633563148269893190e+02 2.287517346558250608e+02
2.628675990284756381e+02 2.296707086638139117e+02
2.623788832299619003e+02 2.305896826718027626e+02
2.618901674314482193e+02 2.315086566797915850e+02
2.614014516329344815e+02 2.324276306877804359e+02
2.609127358344208005e+02 2.333466046957692583e+02
2.604240200359071196e+02 2.342655787037581092e+02
2.599353042373934386e+02 2.351845527117469601e+02
2.594465884388797576e+02 2.361035267197357825e+02
2.589578726403660198e+02 2.370225007277246334e+02
2.584691568418522820e+02 2.379414747357134843e+02
2.579804410433386010e+02 2.388604487437023067e+02
2.574917252448249201e+02 2.397794227516911576e+02
2.570030094463112391e+02 2.406983967596800085e+02
2.565142936477975013e+02 2.416173707676688309e+02
