3.271505115129051546e+02 5.879339024318886686e+01
3.269660488145983663e+02 5.971949124598652503e+01
3.267815861162915212e+02 6.064559224878418320e+01
3.265971234179846761e+02 6.157169325158183426e+01
3.264126607196778878e+02 6.249779425437949243e+01
3.262281980213710995e+02 6.342389525717715060e+01
3.260437353230642543e+02 6.434999625997480166e+01
3.258592726247574660e+02 6.527609726277246693e+01
3.256748099264506209e+02 6.620219826557011800e+01
3.254903472281437757e+02 6.712829926836778327e+01
3.253058845298369874e+02 6.805440027116543433e+01
3.251214218315301423e+02 6.898050127396309961e+01
3.249369591332233540e+02 6.990660227676075067e+01
3.247524964349165089e+02 7.083270327955841594e+01
3.245680337366097206e+02 7.175880428235606701e+01
3.243835710383028754e+02 7.268490528515371807e+01
3.241991083399960871e+02 7.361100628795138334e+01
3.240146456416891851e+02 7.453710729074903441e+01
3.238301829433823968e+02 7.546320829354669968e+01
3.236457202450756085e+02 7.638930929634435074e+01
3.234612575467688202e+02 7.731541029914200180e+01
3.232767948484619751e+02 7.824151130193966708e+01
3.230923321501551300e+02 7.916761230473731814e+01
3.229078694518483417e+02 8.009371330753498341e+01
3.227234067535414965e+02 8.101981431033263448e+01
3.225389440552347082e+02 8.194591531313028554e+01
3.223544813569278631e+02 8.287201631592795081e+01
3.221700186586210179e+02 8.379811731872561609e+01
3.219855559603142297e+02 8.472421832152326715e+01
3.218010932620073845e+02 8.565031932432091821e+01
3.216166305637005962e+02 8.657642032711858349e+01
3.214321678653937511e+02 8.750252132991623455e+01
3.212477051670869059e+02 8.842862233271389982e+01
3.210632424687801176e+02 8.935472333551155089e+01
3.208787797704732725e+02 9.028082433830920195e+01
3.206943170721664842e+02 9.120692534110686722e+01
3.205098543738596391e+02 9.213302634390451828e+01
3.203253916755528508e+02 9.305912734670218356e+01
3.201409289772460056e+02 9.398522834949983462e+01
3.199564662789392173e+02 9.491132935229748568e+01
3.197546184885394496e+02 9.583743035509515096e+01
3.195616699011792434e+02 9.676353135789281623e+01
3.193828038120368547e+02 9.768963236069046729e+01
3.192139637248456552e+02 9.861573336348811836e+01
3.190554342844507119e+02 9.954183436628576942e+01
3.189065843371506048e+02 1.004679353690834347e+02
3.187667285110267699e+02 1.013940363718811000e+02
3.186339027062687137e+02 1.023201373746787510e+02
3.185075719232253277e+02 1.032462383774764021e+02
3.183897847043276670e+02 1.041723393802740532e+02
3.182763283653017652e+02 1.050984403830717184e+02
3.181713371884179082e+02 1.060245413858693837e+02
3.180712420625939671e+02 1.069506423886670348e+02
3.179769206415987810e+02 1.078767433914646858e+02
3.178829029444834191e+02 1.088028443942623511e+02
3.177814794173046380e+02 1.097289453970600022e+02
3.176735027434246490e+02 1.106550463998576674e+02
3.175602051225490072e+02 1.115811474026553185e+02
3.174397503148207988e+02 1.125072484054529696e+02
3.173137925189982980e+02 1.134333494082506348e+02
3.171828442373968642e+02 1.143594504110483001e+02
3.170467853619687730e+02 1.152855514138459512e+02
3.169075088558494144e+02 1.162116524166436022e+02
3.167683694835726556e+02 1.171377534194412533e+02
3.166271916029642171e+02 1.180638544222389186e+02
3.164879668467161764e+02 1.189899554250365838e+02
3.163505274353042296e+02 1.199160564278342349e+02
3.162168401590162148e+02 1.208421574306318860e+02
3.160873678878173791e+02 1.217682584334295370e+02
3.159611786092518741e+02 1.226943594362272023e+02
3.158394880082270220e+02 1.236204604390248676e+02
3.157203155118719451e+02 1.245465614418225186e+02
3.156027291075568542e+02 1.254726624446201697e+02
3.154826026506479479e+02 1.263987634474178350e+02
3.153588386037658893e+02 1.273248644502154860e+02
3.152284382960893367e+02 1.282509654530131513e+02
3.150908589100834547e+02 1.291770664558108024e+02
3.149417959851852515e+02 1.301031674586084534e+02
3.147798182379723357e+02 1.310292684614061045e+02
3.146036257546552974e+02 1.319553694642037840e+02
3.144083541439875944e+02 1.328814704670014351e+02
3.141924228784980642e+02 1.338075714697990861e+02
3.139545715954992033e+02 1.347336724725967656e+02
3.136950143038930605e+02 1.356597734753943882e+02
3.134127123860849906e+02 1.365858744781920677e+02
3.131066290242951027e+02 1.375119754809897188e+02
3.127827906623982130e+02 1.384380764837873699e+02
3.124365775211735468e+02 1.393641774865850493e+02
3.120740426746161802e+02 1.402902784893826720e+02
3.116946431207530281e+02 1.412163794921803515e+02
3.112975785069750714e+02 1.421424804949780025e+02
3.108881806430295569e+02 1.430685814977756536e+02
3.104598920324310711e+02 1.439946825005733331e+02
3.100168654941255681e+02 1.449207835033709557e+02
3.095536022361237656e+02 1.458468845061686352e+02
3.090707115085839405e+02 1.467729855089662863e+02
3.085743632797783107e+02 1.476990865117639373e+02
3.080629485255090003e+02 1.486251875145616168e+02
3.075449783850833683e+02 1.495512885173592394e+02
3.070245596942411908e+02 1.504773895201569189e+02
3.065010223459880763e+02 1.514034905229545700e+02
3.059744045819560938e+02 1.523295915257522211e+02
3.054460058676389167e+02 1.532556925285499005e+02
3.049144327876954321e+02 1.541817935313475232e+02
3.043810341351296529e+02 1.551078945341452027e+02
3.038458807232113941e+02 1.560339955369428537e+02
3.033094010093972202e+02 1.569600965397405048e+02
3.027715218384032596e+02 1.578861975425381843e+02
3.022331042330984019e+02 1.588122985453358353e+02
3.016939364818811100e+02 1.597383995481334864e+02
3.011539164347479414e+02 1.606645005509311375e+02
3.006133558019681686e+02 1.615906015537287885e+02
3.000725558261634092e+02 1.625167025565264680e+02
2.995316986389035492e+02 1.634428035593241191e+02
2.989908119707728247e+02 1.643689045621217701e+02
2.984500397885882421e+02 1.652950055649194496e+02
2.979097804086350152e+02 1.662211065677170723e+02
2.973702990399052624e+02 1.671472075705147518e+02
2.968317675642077234e+02 1.680733085733124028e+02
2.962943242700450810e+02 1.689994095761100539e+02
2.957588490598503199e+02 1.699255105789077334e+02
2.952255194234629130e+02 1.708516115817053560e+02
2.946944921198907537e+02 1.717777125845030355e+02
2.941664078377310716e+02 1.727038135873006865e+02
2.936415593040931640e+02 1.736299145900983376e+02
2.931198946455926375e+02 1.745560155928960171e+02
2.926014305507401332e+02 1.754821165956936397e+02
2.920859944194594959e+02 1.764082175984913192e+02
2.915731976394548610e+02 1.773343186012889703e+02
2.910628257787715825e+02 1.782604196040866213e+02
2.905548250074658085e+02 1.791865206068843008e+02
2.900486851624547171e+02 1.801126216096819235e+02
2.895439623082750700e+02 1.810387226124796030e+02
2.890402857553359013e+02 1.819648236152772540e+02
2.885374483109824837e+02 1.828909246180749051e+02
2.880351011677838642e+02 1.838170256208725846e+02
2.875331008761756379e+02 1.847431266236702072e+02
2.870314643989424326e+02 1.856692276264678867e+02
2.865303830806989254e+02 1.865953286292655378e+02
2.860301130880839651e+02 1.875214296320631888e+02
2.855309802661830076e+02 1.884475306348608683e+02
2.850333423527073364e+02 1.893736316376585194e+02
2.845375252571957390e+02 1.902997326404561704e+02
2.840438539970659235e+02 1.912258336432538215e+02
2.835526397164217087e+02 1.921519346460514726e+02
2.830637962250045803e+02 1.930780356488491520e+02
2.825771644812383556e+02 1.940041366516468031e+02
2.820922497875198474e+02 1.949302376544444542e+02
2.816085900219046039e+02 1.958563386572421052e+02
2.811254617420704562e+02 1.967824396600397563e+02
2.806421246478935245e+02 1.977085406628374358e+02
2.801579130241671010e+02 1.986346416656350868e+02
2.796723110926677691e+02 1.995607426684327379e+02
2.791850394937778788e+02 2.004868436712303890e+02
2.786961049362788003e+02 2.014129446740280400e+02
2.782056513871597758e+02 2.023390456768257195e+02
2.777139095658373549e+02 2.032651466796233706e+02
2.772211887224511884e+02 2.041912476824210216e+02
2.767277982226144672e+02 2.051173486852186727e+02
2.762340053733378795e+02 2.060434496880163522e+02
2.757400858994228088e+02 2.069695506908140032e+02
2.752462397761414650e+02 2.078956516936116543e+02
2.747526232336395537e+02 2.088217526964093054e+02
2.742593434995018242e+02 2.097478536992069564e+02
2.737664705152798774e+02 2.106739547020046359e+02
2.732740779201057535e+02 2.116000557048022870e+02
2.727821775966871769e+02 2.125261567075999380e+02
2.722907446805202198e+02 2.134522577103975891e+02
2.717997758848906074e+02 2.143783587131952402e+02
2.713091539833951629e+02 2.153044597159929197e+02
2.708195785536361200e+02 2.162305607187905707e+02
2.703347376960223869e+02 2.171566617215882218e+02
2.698594144594167688e+02 2.180827627243858728e+02
2.693913672935754562e+02 2.190088637271835239e+02
2.689267813552629605e+02 2.199349647299812034e+02
2.684701490273501463e+02 2.208610657327788545e+02
2.680270440097330606e+02 2.217871667355765055e+02
2.675931040357373831e+02 2.227132677383741566e+02
2.671566824973342591e+02 2.236393687411718361e+02
2.667202609589311919e+02 2.245654697439694871e+02
2.662838394205280110e+02 2.254915707467671382e+02
2.658474178821248870e+02 2.264176717495647893e+02
2.654109963437217630e+02 2.273437727523624403e+02
2.649745748053186389e+02 2.282698737551601198e+02
2.645381532669155149e+02 2.291959747579577709e+02
2.641017317285123909e+02 2.301220757607554219e+02
2.636653101901092668e+02 2.310481767635530730e+02
2.632288886517061428e+02 2.319742777663507241e+02
2.627924671133030188e+02 2.329003787691484035e+02
2.623560455748998379e+02 2.338264797719460546e+02
2.619196240364967707e+02 2.347525807747437057e+02
2.614832024980935898e+02 2.356786817775413567e+02
2.610467809596904658e+02 2.366047827803390078e+02
2.606103594212872849e+02 2.375308837831366873e+02
2.601739378828842177e+02 2.384569847859343383e+02
2.597375163444810937e+02 2.393830857887319894e+02
2.593010948060779697e+02 2.403091867915296405e+02
2.588646732676747888e+02 2.412352877943273199e+02
2.584282517292716648e+02 2.421613887971249710e+02
2.579918301908685407e+02 2.430874897999226221e+02
