3.278469790183297619e+02 5.868726160904716949e+01
3.276628717819675671e+02 5.960893540837928839e+01
3.274787645456053156e+02 6.053060920771140019e+01
3.272946573092431208e+02 6.145228300704351909e+01
3.271105500728808693e+02 6.237395680637563800e+01
3.269264428365186745e+02 6.329563060570774979e+01
3.267423356001564230e+02 6.421730440503986870e+01
3.265582283637942282e+02 6.513897820437198050e+01
3.263741211274319767e+02 6.606065200370410651e+01
3.261900138910697819e+02 6.698232580303621830e+01
3.260059066547075872e+02 6.790399960236833010e+01
3.258217994183453925e+02 6.882567340170045611e+01
3.256376921819830841e+02 6.974734720103256791e+01
3.254535849456208894e+02 7.066902100036467971e+01
3.252694777092586946e+02 7.159069479969680572e+01
3.250853704728964431e+02 7.251236859902891752e+01
3.249012632365342483e+02 7.343404239836102931e+01
3.247171560001720536e+02 7.435571619769315532e+01
3.245330487638098020e+02 7.527738999702526712e+01
3.243489415274475505e+02 7.619906379635737892e+01
3.241648342910854126e+02 7.712073759568949072e+01
3.239807270547231610e+02 7.804241139502161673e+01
3.237966198183609094e+02 7.896408519435372853e+01
3.236125125819986579e+02 7.988575899368584032e+01
3.234284053456364632e+02 8.080743279301796633e+01
3.232442981092742684e+02 8.172910659235007813e+01
3.230601908729120737e+02 8.265078039168218993e+01
3.228760836365498221e+02 8.357245419101431594e+01
3.226919764001875706e+02 8.449412799034642774e+01
3.225078691638253758e+02 8.541580178967853954e+01
3.223237619274631243e+02 8.633747558901066554e+01
3.221396546911008727e+02 8.725914938834277734e+01
3.219555474547387348e+02 8.818082318767488914e+01
3.217714402183764832e+02 8.910249698700701515e+01
3.215873329820142317e+02 9.002417078633912695e+01
3.214032257456520369e+02 9.094584458567123875e+01
3.212191185092897854e+02 9.186751838500336476e+01
3.210350112729275907e+02 9.278919218433547655e+01
3.208509040365653959e+02 9.371086598366758835e+01
3.206512820307291349e+02 9.463253978299971436e+01
3.204516520184948831e+02 9.555421358233182616e+01
3.202636400350960457e+02 9.647588738166393796e+01
3.200874965586361895e+02 9.739756118099606397e+01
3.199232966224107031e+02 9.831923498032817577e+01
3.197685192500417770e+02 9.924090877966028756e+01
3.196237967704813059e+02 1.001625825789924136e+02
3.194876247610126825e+02 1.010842563783245254e+02
3.193617677859600690e+02 1.020059301776566372e+02
3.192438609938836294e+02 1.029276039769887632e+02
3.191329621433454804e+02 1.038492777763208750e+02
3.190304274242396332e+02 1.047709515756529868e+02
3.189315665117557046e+02 1.056926253749851128e+02
3.188409775278969391e+02 1.066142991743172246e+02
3.187522724089312760e+02 1.075359729736493364e+02
3.186626705245239464e+02 1.084576467729814624e+02
3.185674924082571806e+02 1.093793205723135742e+02
3.184672075222208036e+02 1.103009943716456860e+02
3.183586857524683182e+02 1.112226681709778120e+02
3.182431472128251357e+02 1.121443419703099238e+02
3.181207903520497098e+02 1.130660157696420356e+02
3.179902260110564498e+02 1.139876895689741616e+02
3.178521217523841642e+02 1.149093633683062734e+02
3.177101386471783826e+02 1.158310371676383852e+02
3.175633801843243873e+02 1.167527109669705112e+02
3.174165292750398066e+02 1.176743847663026230e+02
3.172703874343818597e+02 1.185960585656347348e+02
3.171269385879219271e+02 1.195177323649668608e+02
3.169860343215141256e+02 1.204394061642989726e+02
3.168482864747613803e+02 1.213610799636310844e+02
3.167147874255886109e+02 1.222827537629632104e+02
3.165858353480872438e+02 1.232044275622953222e+02
3.164610299096700601e+02 1.241261013616274340e+02
3.163383644916154935e+02 1.250477751609595600e+02
3.162170820081016132e+02 1.259694489602916718e+02
3.160968680916230937e+02 1.268911227596237836e+02
3.159786590271877458e+02 1.278127965589559096e+02
3.158616656533521336e+02 1.287344703582880356e+02
3.157405628485105353e+02 1.296561441576201332e+02
3.156100360025723148e+02 1.305778179569522592e+02
3.154610510194637527e+02 1.314994917562843852e+02
3.152896075874939470e+02 1.324211655556164828e+02
3.150926187805293921e+02 1.333428393549486088e+02
3.148681376805930654e+02 1.342645131542807349e+02
3.146162022709843313e+02 1.351861869536128324e+02
3.143369874580511691e+02 1.361078607529449584e+02
3.140320510515052774e+02 1.370295345522770845e+02
3.137030392690405165e+02 1.379512083516091820e+02
3.133494077613282798e+02 1.388728821509413081e+02
3.129746686673930753e+02 1.397945559502734341e+02
3.125798577032992966e+02 1.407162297496055317e+02
3.121630502627190822e+02 1.416379035489376577e+02
3.117292198297652135e+02 1.425595773482697837e+02
3.112749149602303760e+02 1.434812511476018813e+02
3.108035644523362748e+02 1.444029249469340073e+02
3.103158970325485484e+02 1.453245987462661333e+02
3.098089835917382970e+02 1.462462725455982309e+02
3.092867563334889383e+02 1.471679463449303569e+02
3.087537059328081455e+02 1.480896201442624829e+02
3.082162988008204820e+02 1.490112939435945805e+02
3.076760439242572147e+02 1.499329677429266781e+02
3.071326772254582238e+02 1.508546415422588325e+02
3.065874290404208864e+02 1.517763153415909301e+02
3.060412280029623844e+02 1.526979891409230277e+02
3.054942190686332424e+02 1.536196629402551821e+02
3.049460282081874425e+02 1.545413367395872797e+02
3.043961424745253339e+02 1.554630105389193773e+02
3.038456516806089667e+02 1.563846843382515317e+02
3.032936511336268950e+02 1.573063581375836293e+02
3.027411362418503131e+02 1.582280319369157269e+02
3.021881577729146784e+02 1.591497057362478813e+02
3.016346461177170681e+02 1.600713795355799789e+02
3.010805895680041431e+02 1.609930533349120765e+02
3.005263274890322691e+02 1.619147271342442309e+02
2.999721636771909630e+02 1.628364009335763285e+02
2.994181401094148214e+02 1.637580747329084261e+02
2.988643778421493380e+02 1.646797485322405805e+02
2.983112745854707555e+02 1.656014223315726781e+02
2.977592938228955859e+02 1.665230961309047757e+02
2.972088697641436283e+02 1.674447699302369301e+02
2.966599435386147547e+02 1.683664437295690277e+02
2.961128733774363582e+02 1.692881175289011253e+02
2.955681586446782489e+02 1.702097913282332797e+02
2.950258773016992109e+02 1.711314651275653773e+02
2.944862501636249590e+02 1.720531389268974749e+02
2.939494632911637382e+02 1.729748127262296293e+02
2.934156825956928856e+02 1.738964865255617269e+02
2.928851387454265023e+02 1.748181603248938245e+02
2.923579735674943549e+02 1.757398341242259789e+02
2.918337269812813020e+02 1.766615079235580765e+02
2.913123399061879581e+02 1.775831817228901741e+02
2.907939598362926290e+02 1.785048555222223285e+02
2.902783513000856601e+02 1.794265293215544261e+02
2.897652077399118866e+02 1.803482031208865237e+02
2.892542994461713874e+02 1.812698769202186782e+02
2.887456924534629934e+02 1.821915507195507757e+02
2.882388756068456246e+02 1.831132245188828733e+02
2.877335487041215174e+02 1.840348983182150278e+02
2.872295570905704380e+02 1.849565721175471253e+02
2.867269026711517199e+02 1.858782459168792229e+02
2.862255389754300268e+02 1.867999197162113489e+02
2.857254960507028727e+02 1.877215935155434750e+02
2.852268921684587326e+02 1.886432673148756010e+02
2.847299014671188502e+02 1.895649411142076985e+02
2.842345363185575025e+02 1.904866149135398246e+02
2.837407310011931258e+02 1.914082887128719506e+02
2.832484464115792662e+02 1.923299625122040482e+02
2.827575603948633329e+02 1.932516363115361742e+02
2.822678458784242821e+02 1.941733101108683002e+02
2.817789565155762830e+02 1.950949839102003978e+02
2.812906387750721251e+02 1.960166577095325238e+02
2.808025606801554090e+02 1.969383315088646498e+02
2.803144943821621951e+02 1.978600053081967474e+02
2.798263566753911391e+02 1.987816791075288734e+02
2.793381683330777605e+02 1.997033529068609994e+02
2.788499810875253502e+02 2.006250267061930970e+02
2.783618116475153101e+02 2.015467005055252230e+02
2.778735915028566410e+02 2.024683743048573490e+02
2.773851438223531432e+02 2.033900481041894466e+02
2.768961749156219980e+02 2.043117219035215726e+02
2.764063165583688146e+02 2.052333957028536986e+02
2.759152560880309579e+02 2.061550695021857962e+02
2.754227303715312019e+02 2.070767433015179222e+02
2.749285248215875299e+02 2.079984171008500482e+02
2.744324223148252031e+02 2.089200909001821458e+02
2.739343586435710449e+02 2.098417646995142718e+02
2.734342389552763848e+02 2.107634384988463978e+02
2.729322404341797892e+02 2.116851122981784954e+02
2.724286081865898836e+02 2.126067860975106214e+02
2.719237566714740524e+02 2.135284598968427474e+02
2.714185557021131103e+02 2.144501336961748450e+02
2.709148193143371373e+02 2.153718074955069710e+02
2.704138852562681450e+02 2.162934812948390970e+02
2.699157748233870961e+02 2.172151550941711946e+02
2.694196332304011889e+02 2.181368288935033206e+02
2.689247820296402551e+02 2.190585026928354466e+02
2.684380296475073351e+02 2.199801764921675442e+02
2.679665532160745443e+02 2.209018502914996702e+02
2.674950767846418103e+02 2.218235240908317962e+02
2.670236003532090194e+02 2.227451978901638938e+02
2.665521239217762286e+02 2.236668716894960198e+02
2.660806474903434946e+02 2.245885454888281458e+02
2.656091710589107606e+02 2.255102192881602434e+02
2.651376946274779698e+02 2.264318930874923694e+02
2.646662181960452358e+02 2.273535668868244954e+02
2.641947417646124450e+02 2.282752406861565930e+02
2.637232653331797110e+02 2.291969144854887190e+02
2.632517889017468633e+02 2.301185882848208450e+02
2.627803124703141862e+02 2.310402620841529426e+02
2.623088360388813953e+02 2.319619358834850686e+02
2.618373596074486613e+02 2.328836096828171947e+02
2.613658831760158705e+02 2.338052834821492922e+02
2.608944067445830797e+02 2.347269572814814182e+02
2.604229303131503457e+02 2.356486310808135443e+02
2.599514538817175549e+02 2.365703048801456418e+02
2.594799774502847640e+02 2.374919786794777679e+02
2.590085010188520300e+02 2.384136524788098654e+02
2.585370245874192960e+02 2.393353262781419915e+02
2.580655481559865052e+02 2.402570000774741175e+02
2.575940717245537712e+02 2.411786738768062150e+02
2.571225952931209804e+02 2.421003476761383411e+02
