3.271461332059377014e+02 5.876487656221175371e+01
3.269562668908547494e+02 5.968925587020257950e+01
3.267664005757718542e+02 6.061363517819340530e+01
3.265765342606888453e+02 6.153801448618423109e+01
3.263866679456059501e+02 6.246239379417505688e+01
3.261968016305229980e+02 6.338677310216588268e+01
3.260069353154401028e+02 6.431115241015670847e+01
3.258170690003570940e+02 6.523553171814754137e+01
3.256272026852741988e+02 6.615991102613836006e+01
3.254373363701912467e+02 6.708429033412919296e+01
3.252474700551083515e+02 6.800866964212001164e+01
3.250576037400253995e+02 6.893304895011084454e+01
3.248677374249424474e+02 6.985742825810166323e+01
3.246778711098595522e+02 7.078180756609249613e+01
3.244880047947765433e+02 7.170618687408332903e+01
3.242981384796936482e+02 7.263056618207414772e+01
3.241082721646107530e+02 7.355494549006496641e+01
3.239184058495277441e+02 7.447932479805579931e+01
3.237285395344448489e+02 7.540370410604663221e+01
3.235386732193618968e+02 7.632808341403745089e+01
3.233488069042790016e+02 7.725246272202826958e+01
3.231589405891960496e+02 7.817684203001910248e+01
3.229690742741130407e+02 7.910122133800993538e+01
3.227792079590301455e+02 8.002560064600075407e+01
3.225893416439471935e+02 8.094997995399158697e+01
3.223994753288642983e+02 8.187435926198240566e+01
3.222096090137813462e+02 8.279873856997323855e+01
3.220197426986983942e+02 8.372311787796405724e+01
3.218298763836154990e+02 8.464749718595489014e+01
3.216400100685324901e+02 8.557187649394572304e+01
3.214501437534495949e+02 8.649625580193654173e+01
3.212602774383666429e+02 8.742063510992736042e+01
3.210704111232836908e+02 8.834501441791819332e+01
3.208805448082007956e+02 8.926939372590902622e+01
3.206906784931178436e+02 9.019377303389984490e+01
3.205008121780349484e+02 9.111815234189066359e+01
3.203109458629519395e+02 9.204253164988149649e+01
3.201210795478690443e+02 9.296691095787232939e+01
3.199164902361097802e+02 9.389129026586314808e+01
3.197120849156003146e+02 9.481566957385396677e+01
3.195204772187454410e+02 9.574004888184479967e+01
3.193410757160106073e+02 9.666442818983563257e+01
3.191716918560317140e+02 9.758880749782645125e+01
3.190130286710518135e+02 9.851318680581728415e+01
3.188639186655719868e+02 9.943756611380811705e+01
3.187209956013055603e+02 1.003619454217989357e+02
3.185868302131854080e+02 1.012863247297897544e+02
3.184572560475526188e+02 1.022107040377805873e+02
3.183344771136277132e+02 1.031350833457714202e+02
3.182181797339279115e+02 1.040594626537622389e+02
3.181064579010565012e+02 1.049838419617530576e+02
3.180025888607930256e+02 1.059082212697438905e+02
3.179055031670204130e+02 1.068326005777347234e+02
3.178156028692284281e+02 1.077569798857255421e+02
3.177264383735813453e+02 1.086813591937163608e+02
3.176321768214439203e+02 1.096057385017071937e+02
3.175314690499099015e+02 1.105301178096980266e+02
3.174243495214386144e+02 1.114544971176888453e+02
3.173097500639599957e+02 1.123788764256796782e+02
3.171904427815342729e+02 1.133032557336705111e+02
3.170640143038253882e+02 1.142276350416613298e+02
3.169332012936979481e+02 1.151520143496521484e+02
3.167988590635104629e+02 1.160763936576429813e+02
3.166641714414962507e+02 1.170007729656338142e+02
3.165290720814713268e+02 1.179251522736246329e+02
3.163967690743899652e+02 1.188495315816154516e+02
3.162661464445834554e+02 1.197739108896062845e+02
3.161376165568742636e+02 1.206982901975971174e+02
3.160132417033287311e+02 1.216226695055879361e+02
3.158923012252687386e+02 1.225470488135787548e+02
3.157736113110040037e+02 1.234714281215695877e+02
3.156546598636111298e+02 1.243958074295604206e+02
3.155334827493157945e+02 1.253201867375512393e+02
3.154112596133301167e+02 1.262445660455420722e+02
3.152851997311763625e+02 1.271689453535328909e+02
3.151551087258451389e+02 1.280933246615237238e+02
3.150165424642520406e+02 1.290177039695145425e+02
3.148671698706172606e+02 1.299420832775053896e+02
3.147048899730139624e+02 1.308664625854962082e+02
3.145275598754212183e+02 1.317908418934870269e+02
3.143322801823782697e+02 1.327152212014778456e+02
3.141170820850934433e+02 1.336396005094686643e+02
3.138808825736475114e+02 1.345639798174595114e+02
3.136233345449676335e+02 1.354883591254503301e+02
3.133457211614946232e+02 1.364127384334411772e+02
3.130484600874077614e+02 1.373371177414319959e+02
3.127346835004071863e+02 1.382614970494228146e+02
3.124023243640966712e+02 1.391858763574136333e+02
3.120551369432058095e+02 1.401102556654044520e+02
3.116896177777559842e+02 1.410346349733952707e+02
3.113058812318251967e+02 1.419590142813861178e+02
3.109013381021812847e+02 1.428833935893769365e+02
3.104800534237882630e+02 1.438077728973677836e+02
3.100385685162380014e+02 1.447321522053586023e+02
3.095773299896492290e+02 1.456565315133494209e+02
3.090997217208750953e+02 1.465809108213402396e+02
3.086045557598826008e+02 1.475052901293310583e+02
3.080961778719492941e+02 1.484296694373219054e+02
3.075811272389283886e+02 1.493540487453127241e+02
3.070609778832935604e+02 1.502784280533035712e+02
3.065383490417573853e+02 1.512028073612943899e+02
3.060122986696048883e+02 1.521271866692852086e+02
3.054829228921495314e+02 1.530515659772760273e+02
3.049510772056715950e+02 1.539759452852668460e+02
3.044161587888997360e+02 1.549003245932576647e+02
3.038789990854903067e+02 1.558247039012485118e+02
3.033392513227656195e+02 1.567490832092393305e+02
3.027975001898786331e+02 1.576734625172301776e+02
3.022541748773408017e+02 1.585978418252209963e+02
3.017088742450687846e+02 1.595222211332118150e+02
3.011620797940978491e+02 1.604466004412026336e+02
3.006143199929417733e+02 1.613709797491934523e+02
3.000659318080472531e+02 1.622953590571842994e+02
2.995170732652479728e+02 1.632197383651751181e+02
2.989681339819195500e+02 1.641441176731659652e+02
2.984196791584876109e+02 1.650684969811567839e+02
2.978724382524675320e+02 1.659928762891476026e+02
2.973262639025777503e+02 1.669172555971384213e+02
2.967814402126280129e+02 1.678416349051292400e+02
2.962385447851461322e+02 1.687660142131200587e+02
2.956976669186792037e+02 1.696903935211109058e+02
2.951589927951886807e+02 1.706147728291017245e+02
2.946226681537825698e+02 1.715391521370925716e+02
2.940886586271508349e+02 1.724635314450833903e+02
2.935569570944732618e+02 1.733879107530742090e+02
2.930273216298022589e+02 1.743122900610650277e+02
2.924993698622333795e+02 1.752366693690558463e+02
2.919730570055925227e+02 1.761610486770466650e+02
2.914486007584285403e+02 1.770854279850375121e+02
2.909257874248183953e+02 1.780098072930283593e+02
2.904045694882687485e+02 1.789341866010191779e+02
2.898849707157251601e+02 1.798585659090099966e+02
2.893670181195736859e+02 1.807829452170008153e+02
2.888507792885134222e+02 1.817073245249916340e+02
2.883363134052183341e+02 1.826317038329824527e+02
2.878237346943840294e+02 1.835560831409732998e+02
2.873132379044936897e+02 1.844804624489641185e+02
2.868046929739932693e+02 1.854048417569549656e+02
2.862982170448132706e+02 1.863292210649457843e+02
2.857940108703589885e+02 1.872536003729366030e+02
2.852923044389457345e+02 1.881779796809274217e+02
2.847931641392265192e+02 1.891023589889182404e+02
2.842964465861163035e+02 1.900267382969090875e+02
2.838021455773139792e+02 1.909511176048999062e+02
2.833102603764622813e+02 1.918754969128907248e+02
2.828207063970253898e+02 1.927998762208815720e+02
2.823333461487182490e+02 1.937242555288723906e+02
2.818479309164872006e+02 1.946486348368632093e+02
2.813641615082779026e+02 1.955730141448540280e+02
2.808817598232270143e+02 1.964973934528448751e+02
2.804005146114619720e+02 1.974217727608356938e+02
2.799203144100229679e+02 1.983461520688265125e+02
2.794411155159505711e+02 1.992705313768173312e+02
2.789629411756990862e+02 2.001949106848081783e+02
2.784858222526297027e+02 2.011192899927989970e+02
2.780097461088541877e+02 2.020436693007898157e+02
2.775346912530633858e+02 2.029680486087806344e+02
2.770605987657379501e+02 2.038924279167714815e+02
2.765873704139220308e+02 2.048168072247623002e+02
2.761148462083792765e+02 2.057411865327531189e+02
2.756428204144202709e+02 2.066655658407439375e+02
2.751710545961004755e+02 2.075899451487347847e+02
2.746992722672408149e+02 2.085143244567256033e+02
2.742271817087034833e+02 2.094387037647164220e+02
2.737546318726198251e+02 2.103630830727072691e+02
2.732815229722936010e+02 2.112874623806980878e+02
2.728078467749036236e+02 2.122118416886889065e+02
2.723336603566697818e+02 2.131362209966797252e+02
2.718590722974312825e+02 2.140606003046705723e+02
2.713841260239705662e+02 2.149849796126613910e+02
2.709087673528155733e+02 2.159093589206522097e+02
2.704324968384666477e+02 2.168337382286430284e+02
2.699522499629193817e+02 2.177581175366338755e+02
2.694720030873721726e+02 2.186824968446246942e+02
2.689917562118249634e+02 2.196068761526155129e+02
2.685115093362777543e+02 2.205312554606063316e+02
2.680312624607304883e+02 2.214556347685971787e+02
2.675510155851833360e+02 2.223800140765879974e+02
2.670707687096360701e+02 2.233043933845788160e+02
2.665905218340888609e+02 2.242287726925696631e+02
2.661102749585415950e+02 2.251531520005604818e+02
2.656300280829944427e+02 2.260775313085513005e+02
2.651497812074471767e+02 2.270019106165421192e+02
2.646695343318999676e+02 2.279262899245329663e+02
2.641892874563527585e+02 2.288506692325237850e+02
2.637090405808055493e+02 2.297750485405146037e+02
2.632287937052583402e+02 2.306994278485054224e+02
2.627485468297111311e+02 2.316238071564962695e+02
2.622682999541639219e+02 2.325481864644870882e+02
2.617880530786166560e+02 2.334725657724779069e+02
2.613078062030694468e+02 2.343969450804687256e+02
2.608275593275222377e+02 2.353213243884595727e+02
2.603473124519750286e+02 2.362457036964503914e+02
2.598670655764277626e+02 2.371700830044412101e+02
2.593868187008805535e+02 2.380944623124320572e+02
2.589065718253333443e+02 2.390188416204228758e+02
2.584263249497861352e+02 2.399432209284136945e+02
2.579460780742388692e+02 2.408676002364045132e+02
2.574658311986916601e+02 2.417919795443953603e+02
2.569855843231444510e+02 2.427163588523861790e+02
