3.261463940633668699e+02 5.883041182107476175e+01
3.259847506035350193e+02 5.975655550038408848e+01
3.258231071437032256e+02 6.068269917969340810e+01
3.256614636838713750e+02 6.160884285900273483e+01
3.254998202240395244e+02 6.253498653831205445e+01
3.253381767642076738e+02 6.346113021762138118e+01
3.251765333043758233e+02 6.438727389693070791e+01
3.250148898445439727e+02 6.531341757624002753e+01
3.248532463847121221e+02 6.623956125554934715e+01
3.246916029248803284e+02 6.716570493485868099e+01
3.245299594650484778e+02 6.809184861416800061e+01
3.243683160052165704e+02 6.901799229347732023e+01
3.242066725453847766e+02 6.994413597278665407e+01
3.240450290855529261e+02 7.087027965209597369e+01
3.238833856257210755e+02 7.179642333140529331e+01
3.237217421658892249e+02 7.272256701071461293e+01
3.235600987060573743e+02 7.364871069002394677e+01
3.233984552462255238e+02 7.457485436933326639e+01
3.232368117863936732e+02 7.550099804864258601e+01
3.230751683265618794e+02 7.642714172795191985e+01
3.229135248667300289e+02 7.735328540726123947e+01
3.227518814068981783e+02 7.827942908657055909e+01
3.225902379470663277e+02 7.920557276587987872e+01
3.224285944872344771e+02 8.013171644518921255e+01
3.222669510274026834e+02 8.105786012449853217e+01
3.221053075675707760e+02 8.198400380380785180e+01
3.219436641077389822e+02 8.291014748311718563e+01
3.217820206479071317e+02 8.383629116242650525e+01
3.216203771880752811e+02 8.476243484173582488e+01
3.214587337282434305e+02 8.568857852104514450e+01
3.212970902684115799e+02 8.661472220035447833e+01
3.211354468085797293e+02 8.754086587966379795e+01
3.209738033487478788e+02 8.846700955897311758e+01
3.208121598889160850e+02 8.939315323828245141e+01
3.206505164290841776e+02 9.031929691759177103e+01
3.204888729692523839e+02 9.124544059690109066e+01
3.203272295094205333e+02 9.217158427621041028e+01
3.201655860495886827e+02 9.309772795551972990e+01
3.200039425897568321e+02 9.402387163482906374e+01
3.198002889078115913e+02 9.495001531413839757e+01
3.196074582709476886e+02 9.587615899344771719e+01
3.194267434540506088e+02 9.680230267275703682e+01
3.192582655121703965e+02 9.772844635206635644e+01
3.191017857045675896e+02 9.865459003137567606e+01
3.189538537804520502e+02 9.958073371068499569e+01
3.188151088076123187e+02 1.005068773899943295e+02
3.186856869184586571e+02 1.014330210693036634e+02
3.185620597203985653e+02 1.023591647486129830e+02
3.184475159350561171e+02 1.032853084279223026e+02
3.183384725354463285e+02 1.042114521072316222e+02
3.182357137700749377e+02 1.051375957865409418e+02
3.181387917280129614e+02 1.060637394658502615e+02
3.180483395364499302e+02 1.069898831451595953e+02
3.179635387935011863e+02 1.079160268244689291e+02
3.178776675916849399e+02 1.088421705037782488e+02
3.177851916746078587e+02 1.097683141830875684e+02
3.176872411429618523e+02 1.106944578623968880e+02
3.175821945504457062e+02 1.116206015417062076e+02
3.174718833924487171e+02 1.125467452210155415e+02
3.173556088905212960e+02 1.134728889003248611e+02
3.172339791813475927e+02 1.143990325796341949e+02
3.171087967133306620e+02 1.153251762589435145e+02
3.169793594123577236e+02 1.162513199382528342e+02
3.168496449789797111e+02 1.171774636175621538e+02
3.167181394924380697e+02 1.181036072968714734e+02
3.165888531451445260e+02 1.190297509761808072e+02
3.164613150755221227e+02 1.199558946554901269e+02
3.163372183162814508e+02 1.208820383347994607e+02
3.162166583245806919e+02 1.218081820141087803e+02
3.161021920536206267e+02 1.227343256934180999e+02
3.159893335937391612e+02 1.236604693727274196e+02
3.158751983780560977e+02 1.245866130520367534e+02
3.157581280704907840e+02 1.255127567313460730e+02
3.156336905009158045e+02 1.264389004106553926e+02
3.155021178116273859e+02 1.273650440899647123e+02
3.153579816286429605e+02 1.282911877692740461e+02
3.151999828573214586e+02 1.292173314485833657e+02
3.150272577291090101e+02 1.301434751278926854e+02
3.148391363411996622e+02 1.310696188072020050e+02
3.146356796288202418e+02 1.319957624865113530e+02
3.144149141344077520e+02 1.329219061658206442e+02
3.141766367211935744e+02 1.338480498451299923e+02
3.139221966691122816e+02 1.347741935244393119e+02
3.136502967327985516e+02 1.357003372037486315e+02
3.133613481628770501e+02 1.366264808830579511e+02
3.130536156966378485e+02 1.375526245623672708e+02
3.127307747457133473e+02 1.384787682416766188e+02
3.123882866266860105e+02 1.394049119209859100e+02
3.120297197452756564e+02 1.403310556002952580e+02
3.116527553585079318e+02 1.412571992796045777e+02
3.112619943985513942e+02 1.421833429589138973e+02
3.108536445340205887e+02 1.431094866382232169e+02
3.104294382932019971e+02 1.440356303175325365e+02
3.099913185774632893e+02 1.449617739968418846e+02
3.095359707201572519e+02 1.458879176761511758e+02
3.090681150209507564e+02 1.468140613554605238e+02
3.085833317344341822e+02 1.477402050347698435e+02
3.080861808560358099e+02 1.486663487140791631e+02
3.075700929951382250e+02 1.495924923933884827e+02
3.070498526223917679e+02 1.505186360726978023e+02
3.065278905340885558e+02 1.514447797520071504e+02
3.060034496344084118e+02 1.523709234313164416e+02
3.054773959800371586e+02 1.532970671106257896e+02
3.049478804581939926e+02 1.542232107899351092e+02
3.044166796253856546e+02 1.551493544692444289e+02
3.038823716429402566e+02 1.560754981485537485e+02
3.033459287631424672e+02 1.570016418278630681e+02
3.028073848679764524e+02 1.579277855071724161e+02
3.022666877586807459e+02 1.588539291864817073e+02
3.017247308244586179e+02 1.597800728657910554e+02
3.011810914425839201e+02 1.607062165451003750e+02
3.006368486180686546e+02 1.616323602244096946e+02
3.000926048112879130e+02 1.625585039037190143e+02
2.995485631435037703e+02 1.634846475830283339e+02
2.990051409972293754e+02 1.644107912623376819e+02
2.984628608403711496e+02 1.653369349416469731e+02
2.979221994797305229e+02 1.662630786209563212e+02
2.973838064794690581e+02 1.671892223002656408e+02
2.968474238594061489e+02 1.681153659795749604e+02
2.963132236007470510e+02 1.690415096588842800e+02
2.957814365876405418e+02 1.699676533381935997e+02
2.952518561110617838e+02 1.708937970175029477e+02
2.947243362335844381e+02 1.718199406968122389e+02
2.941989695874885911e+02 1.727460843761215870e+02
2.936756295498182112e+02 1.736722280554309066e+02
2.931542169024592681e+02 1.745983717347402262e+02
2.926343328315987264e+02 1.755245154140495458e+02
2.921160220922713506e+02 1.764506590933588654e+02
2.915991463552691698e+02 1.773768027726682135e+02
2.910835846180258386e+02 1.783029464519775047e+02
2.905690975027519016e+02 1.792290901312868527e+02
2.900556489823940183e+02 1.801552338105961724e+02
2.895432858647619128e+02 1.810813774899054920e+02
2.890321612102751487e+02 1.820075211692148116e+02
2.885221882271815730e+02 1.829336648485241312e+02
2.880132672102704419e+02 1.838598085278334793e+02
2.875053497052033435e+02 1.847859522071427705e+02
2.869983713879672109e+02 1.857120958864521185e+02
2.864922565079486958e+02 1.866382395657614381e+02
2.859869186840664952e+02 1.875643832450707578e+02
2.854823499648461507e+02 1.884905269243800774e+02
2.849785594238363728e+02 1.894166706036893970e+02
2.844755817252773227e+02 1.903428142829987451e+02
2.839734890207346325e+02 1.912689579623080647e+02
2.834723861708923209e+02 1.921951016416173843e+02
2.829723746296958780e+02 1.931212453209267039e+02
2.824737488414702966e+02 1.940473890002360235e+02
2.819767585574066970e+02 1.949735326795453432e+02
2.814816334693884414e+02 1.958996763588546628e+02
2.809885059255778970e+02 1.968258200381640108e+02
2.804974038930548090e+02 1.977519637174733305e+02
2.800082498033816591e+02 1.986781073967826501e+02
2.795208937141667320e+02 1.996042510760919697e+02
2.790351466171283050e+02 2.005303947554012893e+02
2.785508103018717634e+02 2.014565384347106090e+02
2.780676867347044663e+02 2.023826821140199286e+02
2.775855680728672041e+02 2.033088257933292766e+02
2.771042212269564402e+02 2.042349694726385962e+02
2.766234132307376399e+02 2.051611131519479159e+02
2.761429553855573431e+02 2.060872568312572355e+02
2.756627362811706234e+02 2.070134005105665551e+02
2.751827083951149007e+02 2.079395441898758747e+02
2.747028616878639014e+02 2.088656878691851944e+02
2.742232332199100142e+02 2.097918315484945424e+02
2.737438669078372300e+02 2.107179752278038620e+02
2.732648446629250998e+02 2.116441189071131816e+02
2.727861647976068298e+02 2.125702625864225013e+02
2.723078892916189488e+02 2.134964062657318209e+02
2.718300864552281269e+02 2.144225499450411405e+02
2.713527672123404386e+02 2.153486936243504601e+02
2.708758244411340570e+02 2.162748373036598082e+02
2.703989964324140374e+02 2.172009809829691278e+02
2.699219993084690827e+02 2.181271246622784474e+02
2.694443482335287285e+02 2.190532683415877671e+02
2.689656706848593899e+02 2.199794120208970867e+02
2.684869772445566696e+02 2.209055557002064063e+02
2.680097210799604568e+02 2.218316993795157259e+02
2.675304875064920793e+02 2.227578430588250740e+02
2.670512539330237587e+02 2.236839867381343936e+02
2.665720203595553812e+02 2.246101304174437132e+02
2.660927867860870606e+02 2.255362740967530328e+02
2.656135532126187400e+02 2.264624177760623525e+02
2.651343196391503625e+02 2.273885614553716721e+02
2.646550860656819850e+02 2.283147051346809917e+02
2.641758524922136644e+02 2.292408488139903397e+02
2.636966189187452869e+02 2.301669924932996594e+02
2.632173853452769663e+02 2.310931361726089790e+02
2.627381517718085888e+02 2.320192798519182986e+02
2.622589181983402682e+02 2.329454235312276182e+02
2.617796846248719476e+02 2.338715672105369379e+02
2.613004510514035701e+02 2.347977108898462575e+02
2.608212174779352495e+02 2.357238545691556055e+02
2.603419839044669288e+02 2.366499982484649252e+02
2.598627503309985514e+02 2.375761419277742448e+02
2.593835167575301739e+02 2.385022856070835644e+02
2.589042831840618533e+02 2.394284292863928840e+02
2.584250496105935326e+02 2.403545729657022036e+02
2.579458160371251552e+02 2.412807166450115233e+02
2.574665824636568345e+02 2.422068603243208713e+02
2.569873488901884571e+02 2.431330040036301909e+02
