3.271478843320564920e+02 5.817623583502117413e+01
3.269667377456182180e+02 5.910155112444995495e+01
3.267855911591800009e+02 6.002686641387874289e+01
3.266044445727417269e+02 6.095218170330752372e+01
3.264232979863035098e+02 6.187749699273631165e+01
3.262421513998651790e+02 6.280281228216509248e+01
3.260610048134269618e+02 6.372812757159388042e+01
3.258798582269887447e+02 6.465344286102266835e+01
3.256987116405504707e+02 6.557875815045144918e+01
3.255175650541122536e+02 6.650407343988023001e+01
3.253364184676739796e+02 6.742938872930901084e+01
3.251552718812357057e+02 6.835470401873780588e+01
3.249741252947974317e+02 6.928001930816658671e+01
3.247929787083592146e+02 7.020533459759536754e+01
3.246118321219209406e+02 7.113064988702414837e+01
3.244306855354827235e+02 7.205596517645292920e+01
3.242495389490445064e+02 7.298128046588172424e+01
3.240683923626062324e+02 7.390659575531050507e+01
3.238872457761680153e+02 7.483191104473928590e+01
3.237060991897297413e+02 7.575722633416808094e+01
3.235249526032914673e+02 7.668254162359686177e+01
3.233438060168532502e+02 7.760785691302564260e+01
3.231626594304150331e+02 7.853317220245442343e+01
3.229815128439767022e+02 7.945848749188320426e+01
3.228003662575384851e+02 8.038380278131199930e+01
3.226192196711002111e+02 8.130911807074078013e+01
3.224380730846619372e+02 8.223443336016956096e+01
3.222569264982237200e+02 8.315974864959834179e+01
3.220757799117854461e+02 8.408506393902712261e+01
3.218946333253472289e+02 8.501037922845591766e+01
3.217134867389089550e+02 8.593569451788469848e+01
3.215323401524707378e+02 8.686100980731347931e+01
3.213511935660324639e+02 8.778632509674227435e+01
3.211700469795941899e+02 8.871164038617105518e+01
3.209889003931559728e+02 8.963695567559983601e+01
3.208077538067176988e+02 9.056227096502861684e+01
3.206266072202794817e+02 9.148758625445739767e+01
3.204454606338412077e+02 9.241290154388619271e+01
3.202643140474029906e+02 9.333821683331497354e+01
3.200722497245088789e+02 9.426353212274375437e+01
3.198643330493443386e+02 9.518884741217254941e+01
3.196687300946531423e+02 9.611416270160131603e+01
3.194829708391938539e+02 9.703947799103011107e+01
3.193061363569476043e+02 9.796479328045889190e+01
3.191385155975174825e+02 9.889010856988767273e+01
3.189787721081235077e+02 9.981542385931646777e+01
3.188268327441846850e+02 1.007407391487452486e+02
3.186823567863963262e+02 1.016660544381740294e+02
3.185467855546044689e+02 1.025913697276028103e+02
3.184186850037457930e+02 1.035166850170315911e+02
3.182973765785482101e+02 1.044420003064603861e+02
3.181838282253106058e+02 1.053673155958891670e+02
3.180805322360135392e+02 1.062926308853179478e+02
3.179828554071951885e+02 1.072179461747467428e+02
3.178882049565862076e+02 1.081432614641755094e+02
3.177877231147390376e+02 1.090685767536043045e+02
3.176811849737063653e+02 1.099938920430330853e+02
3.175696182939731216e+02 1.109192073324618661e+02
3.174516034997733414e+02 1.118445226218906612e+02
3.173293911759759567e+02 1.127698379113194420e+02
3.172019845491306569e+02 1.136951532007482228e+02
3.170713623962533347e+02 1.146204684901770179e+02
3.169396710476804628e+02 1.155457837796057845e+02
3.168079497637974669e+02 1.164710990690345795e+02
3.166779805013621285e+02 1.173964143584633604e+02
3.165518298967726878e+02 1.183217296478921412e+02
3.164284130119091856e+02 1.192470449373209362e+02
3.163101463800925330e+02 1.201723602267497029e+02
3.161952992184018285e+02 1.210976755161784979e+02
3.160834506458455735e+02 1.220229908056072787e+02
3.159713034509585441e+02 1.229483060950360596e+02
3.158595106131693910e+02 1.238736213844648546e+02
3.157492690475069708e+02 1.247989366738936354e+02
3.156396722256234284e+02 1.257242519633224163e+02
3.155273803028427437e+02 1.266495672527511971e+02
3.154106113351444378e+02 1.275748825421799921e+02
3.152831128030018135e+02 1.285001978316087730e+02
3.151412473302845569e+02 1.294255131210375680e+02
3.149826164923401279e+02 1.303508284104663346e+02
3.148051548759460161e+02 1.312761436998951297e+02
3.146069904052990296e+02 1.322014589893238963e+02
3.143868896849846806e+02 1.331267742787526913e+02
3.141438204928284676e+02 1.340520895681814864e+02
3.138799751419118138e+02 1.349774048576102530e+02
3.135938472999175133e+02 1.359027201470390480e+02
3.132885244440396946e+02 1.368280354364678146e+02
3.129629282207713459e+02 1.377533507258966097e+02
3.126198600315274234e+02 1.386786660153254047e+02
3.122615762593212594e+02 1.396039813047541998e+02
3.118813737002392941e+02 1.405292965941829664e+02
3.114858050553283420e+02 1.414546118836117330e+02
3.110670339810517362e+02 1.423799271730405280e+02
3.106312908508390365e+02 1.433052424624693231e+02
3.101699915282717939e+02 1.442305577518981181e+02
3.096898230959131411e+02 1.451558730413268847e+02
3.091907194854304635e+02 1.460811883307556514e+02
3.086742019247358257e+02 1.470065036201844464e+02
3.081557281386933482e+02 1.479318189096132414e+02
3.076355431969553251e+02 1.488571341990420365e+02
3.071142618467769125e+02 1.497824494884708031e+02
3.065923055104104265e+02 1.507077647778995697e+02
3.060691342555753067e+02 1.516330800673283647e+02
3.055445159802050057e+02 1.525583953567571598e+02
3.050188547340604828e+02 1.534837106461859548e+02
3.044914282475747882e+02 1.544090259356147214e+02
3.039630833846055111e+02 1.553343412250435165e+02
3.034337143744890000e+02 1.562596565144722831e+02
3.029032327677396097e+02 1.571849718039010781e+02
3.023720120272729446e+02 1.581102870933298732e+02
3.018402926167220812e+02 1.590356023827586682e+02
3.013081926462255069e+02 1.599609176721874348e+02
3.007755710562364584e+02 1.608862329616162015e+02
3.002426668034362365e+02 1.618115482510449965e+02
2.997097902574531076e+02 1.627368635404737915e+02
2.991770278929135429e+02 1.636621788299025866e+02
2.986443182682017436e+02 1.645874941193313532e+02
2.981119278305650369e+02 1.655128094087601198e+02
2.975799267083053792e+02 1.664381246981889149e+02
2.970483335022720439e+02 1.673634399876177099e+02
2.965172649143680701e+02 1.682887552770465049e+02
2.959867948331060461e+02 1.692140705664752716e+02
2.954568870131482754e+02 1.701393858559040382e+02
2.949276052904565404e+02 1.710647011453328332e+02
2.943992047040237594e+02 1.719900164347616283e+02
2.938718357746881225e+02 1.729153317241904233e+02
2.933457481619450391e+02 1.738406470136191899e+02
2.928209150542716088e+02 1.747659623030479850e+02
2.922974590420640197e+02 1.756912775924767516e+02
2.917755579425391943e+02 1.766165928819055466e+02
2.912553785664412089e+02 1.775419081713343417e+02
2.907369029192050220e+02 1.784672234607631083e+02
2.902201794226691050e+02 1.793925387501919033e+02
2.897053178343340960e+02 1.803178540396206699e+02
2.891921929226218708e+02 1.812431693290494650e+02
2.886806660575736601e+02 1.821684846184782600e+02
2.881707674471452947e+02 1.830937999079070551e+02
2.876625499199569163e+02 1.840191151973358217e+02
2.871559072276264715e+02 1.849444304867645883e+02
2.866509620130874509e+02 1.858697457761933833e+02
2.861479319094262337e+02 1.867950610656221784e+02
2.856469973695280373e+02 1.877203763550509450e+02
2.851483534197402605e+02 1.886456916444797400e+02
2.846522220979810527e+02 1.895710069339085351e+02
2.841587678744720051e+02 1.904963222233373017e+02
2.836680611272548731e+02 1.914216375127660967e+02
2.831800877657130400e+02 1.923469528021948634e+02
2.826946138272783173e+02 1.932722680916236584e+02
2.822113001852969205e+02 1.941975833810524534e+02
2.817297273529325139e+02 1.951228986704812201e+02
2.812493730360587278e+02 1.960482139599100151e+02
2.807696572748462245e+02 1.969735292493388101e+02
2.802901445924442214e+02 1.978988445387675768e+02
2.798104425195951421e+02 1.988241598281963718e+02
2.793302845697942303e+02 1.997494751176251384e+02
2.788494925581031225e+02 2.006747904070539334e+02
2.783679170076666765e+02 2.016001056964827285e+02
2.778853959526731501e+02 2.025254209859114951e+02
2.774017740473649383e+02 2.034507362753402901e+02
2.769168378969056334e+02 2.043760515647690852e+02
2.764303714413798048e+02 2.053013668541978518e+02
2.759422039120190675e+02 2.062266821436266468e+02
2.754522359774686038e+02 2.071519974330554135e+02
2.749604425489015966e+02 2.080773127224842085e+02
2.744668308348138908e+02 2.090026280119130035e+02
2.739715104509113530e+02 2.099279433013417702e+02
2.734746328441500509e+02 2.108532585907705652e+02
2.729764246293135557e+02 2.117785738801993318e+02
2.724772026086420169e+02 2.127038891696281269e+02
2.719772877586847244e+02 2.136292044590569219e+02
2.714766130081036977e+02 2.145545197484856885e+02
2.709753175633669002e+02 2.154798350379144836e+02
2.704748649019017535e+02 2.164051503273432786e+02
2.699760408464081820e+02 2.173304656167720452e+02
2.694791981989445731e+02 2.182557809062008403e+02
2.689715928257842847e+02 2.191810961956296069e+02
2.684540430884124476e+02 2.201064114850584019e+02
2.679388378013988472e+02 2.210317267744871970e+02
2.674236325143852468e+02 2.219570420639159636e+02
2.669084272273716465e+02 2.228823573533447586e+02
2.663932219403580461e+02 2.238076726427735252e+02
2.658780166533444458e+02 2.247329879322023203e+02
2.653628113663308454e+02 2.256583032216311153e+02
2.648476060793172451e+02 2.265836185110598819e+02
2.643324007923035879e+02 2.275089338004886770e+02
2.638171955052900444e+02 2.284342490899174720e+02
2.633019902182764440e+02 2.293595643793462386e+02
2.627867849312628437e+02 2.302848796687750337e+02
2.622715796442491865e+02 2.312101949582038003e+02
2.617563743572355861e+02 2.321355102476325953e+02
2.612411690702219857e+02 2.330608255370613904e+02
2.607259637832083854e+02 2.339861408264901570e+02
2.602107584961947850e+02 2.349114561159189520e+02
2.596955532091811847e+02 2.358367714053477187e+02
2.591803479221675843e+02 2.367620866947765137e+02
2.586651426351539840e+02 2.376874019842053087e+02
2.581499373481403836e+02 2.386127172736340754e+02
2.576347320611267833e+02 2.395380325630628704e+02
2.571195267741131829e+02 2.404633478524916654e+02
2.566043214870995826e+02 2.413886631419204321e+02
2.560891162000859254e+02 2.423139784313492271e+02
