3.271448994747277084e+02 5.847505918815124915e+01
3.269552356833742124e+02 5.940479842021336765e+01
3.267655718920206596e+02 6.033453765227548615e+01
3.265759081006671636e+02 6.126427688433759755e+01
3.263862443093136676e+02 6.219401611639971605e+01
3.261965805179601148e+02 6.312375534846183456e+01
3.260069167266066756e+02 6.405349458052394596e+01
3.258172529352531228e+02 6.498323381258606446e+01
3.256275891438996837e+02 6.591297304464818296e+01
3.254379253525461309e+02 6.684271227671030147e+01
3.252482615611926349e+02 6.777245150877241997e+01
3.250585977698391389e+02 6.870219074083453847e+01
3.248689339784855861e+02 6.963192997289664277e+01
3.246792701871321469e+02 7.056166920495876127e+01
3.244896063957786509e+02 7.149140843702087977e+01
3.242999426044250981e+02 7.242114766908299828e+01
3.241102788130715453e+02 7.335088690114511678e+01
3.239206150217181062e+02 7.428062613320723528e+01
3.237309512303645533e+02 7.521036536526935379e+01
3.235412874390110574e+02 7.614010459733145808e+01
3.233516236476575614e+02 7.706984382939359080e+01
3.231619598563040654e+02 7.799958306145569509e+01
3.229722960649505694e+02 7.892932229351781359e+01
3.227826322735970734e+02 7.985906152557993209e+01
3.225929684822435775e+02 8.078880075764205060e+01
3.224033046908900246e+02 8.171853998970416910e+01
3.222136408995365287e+02 8.264827922176628761e+01
3.220239771081830327e+02 8.357801845382840611e+01
3.218343133168295367e+02 8.450775768589051040e+01
3.216446495254759839e+02 8.543749691795264312e+01
3.214549857341224879e+02 8.636723615001474741e+01
3.212653219427689919e+02 8.729697538207686591e+01
3.210756581514154959e+02 8.822671461413898442e+01
3.208859943600619999e+02 8.915645384620110292e+01
3.206963305687085040e+02 9.008619307826322142e+01
3.205066667773550080e+02 9.101593231032532572e+01
3.203170029860014552e+02 9.194567154238745843e+01
3.201273391946479592e+02 9.287541077444956272e+01
3.199173888461334059e+02 9.380515000651168123e+01
3.197102143897058113e+02 9.473488923857379973e+01
3.195155802578527755e+02 9.566462847063591823e+01
3.193343069922342465e+02 9.659436770269803674e+01
3.191675094945022693e+02 9.752410693476015524e+01
3.190133255318722831e+02 9.845384616682227374e+01
3.188711602933003064e+02 9.938358539888437804e+01
3.187389601407870714e+02 1.003133246309465108e+02
3.186170221977938013e+02 1.012430638630086150e+02
3.185065171567046605e+02 1.021728030950707335e+02
3.184031932096355035e+02 1.031025423271328521e+02
3.183082042252895576e+02 1.040322815591949706e+02
3.182205822038199585e+02 1.049620207912570891e+02
3.181388646819768837e+02 1.058917600233191934e+02
3.180618494661766249e+02 1.068214992553813261e+02
3.179897760693090163e+02 1.077512384874434304e+02
3.179157712236411726e+02 1.086809777195055489e+02
3.178380526801688575e+02 1.096107169515676674e+02
3.177557504888669655e+02 1.105404561836297859e+02
3.176692695419230859e+02 1.114701954156919044e+02
3.175786731020481284e+02 1.123999346477540229e+02
3.174830833258935172e+02 1.133296738798161414e+02
3.173842744977288817e+02 1.142594131118782457e+02
3.172804696596255098e+02 1.151891523439403784e+02
3.171735002929833058e+02 1.161188915760024827e+02
3.170633334044665617e+02 1.170486308080646012e+02
3.169500518262900073e+02 1.179783700401267197e+02
3.168360479749687784e+02 1.189081092721888382e+02
3.167210511840059439e+02 1.198378485042509567e+02
3.166075694676536045e+02 1.207675877363130610e+02
3.164958666188048255e+02 1.216973269683751937e+02
3.163863988186266738e+02 1.226270662004372980e+02
3.162773758730418194e+02 1.235568054324994165e+02
3.161680110113532010e+02 1.244865446645615350e+02
3.160575198201626677e+02 1.254162838966236535e+02
3.159437962231096435e+02 1.263460231286857720e+02
3.158274574510211892e+02 1.272757623607478905e+02
3.157040312376376505e+02 1.282055015928100090e+02
3.155726118596343781e+02 1.291352408248721133e+02
3.154295625453632965e+02 1.300649800569342460e+02
3.152716483903731728e+02 1.309947192889963503e+02
3.150960611166150329e+02 1.319244585210584546e+02
3.149005044120372077e+02 1.328541977531205873e+02
3.146822457484872189e+02 1.337839369851827200e+02
3.144391653823262800e+02 1.347136762172448243e+02
3.141701298719431747e+02 1.356434154493069286e+02
3.138777166465033019e+02 1.365731546813690613e+02
3.135618590970570949e+02 1.375028939134311656e+02
3.132229371914218632e+02 1.384326331454932983e+02
3.128603650400217475e+02 1.393623723775554026e+02
3.124796639252388673e+02 1.402921116096175069e+02
3.120775935662231859e+02 1.412218508416796396e+02
3.116580481598328447e+02 1.421515900737417724e+02
3.112197265598170475e+02 1.430813293058038767e+02
3.107633363868646370e+02 1.440110685378659809e+02
3.102906372611654433e+02 1.449408077699280852e+02
3.097996038618982197e+02 1.458705470019902180e+02
3.092948993832420683e+02 1.468002862340523507e+02
3.087852550009018842e+02 1.477300254661144550e+02
3.082731354278316758e+02 1.486597646981765592e+02
3.077577530594261930e+02 1.495895039302386920e+02
3.072383565150481104e+02 1.505192431623008247e+02
3.067161517798175510e+02 1.514489823943629290e+02
3.061903257867624575e+02 1.523787216264250333e+02
3.056616569261749419e+02 1.533084608584871376e+02
3.051300390852620694e+02 1.542382000905492703e+02
3.045959132814688246e+02 1.551679393226114030e+02
3.040591477282517303e+02 1.560976785546735073e+02
3.035206305699120435e+02 1.570274177867356116e+02
3.029800746052151794e+02 1.579571570187977443e+02
3.024380228455862607e+02 1.588868962508598486e+02
3.018947792436051714e+02 1.598166354829219813e+02
3.013504679305289073e+02 1.607463747149840856e+02
3.008049249398800953e+02 1.616761139470461899e+02
3.002585816247635648e+02 1.626058531791083226e+02
2.997116626280294440e+02 1.635355924111704553e+02
2.991643504886729374e+02 1.644653316432325596e+02
2.986167352709805982e+02 1.653950708752946639e+02
2.980689528836616660e+02 1.663248101073567966e+02
2.975214279468869449e+02 1.672545493394189009e+02
2.969744511609964093e+02 1.681842885714810336e+02
2.964284339514970839e+02 1.691140278035431379e+02
2.958835943866301363e+02 1.700437670356052422e+02
2.953405765736292778e+02 1.709735062676673749e+02
2.948000942543425253e+02 1.719032454997295076e+02
2.942619580181612378e+02 1.728329847317916119e+02
2.937264621840756149e+02 1.737627239638537162e+02
2.931941788076402986e+02 1.746924631959158205e+02
2.926649210467226112e+02 1.756222024279779532e+02
2.921384867832779832e+02 1.765519416600400859e+02
2.916148965570124005e+02 1.774816808921021902e+02
2.910937841930434047e+02 1.784114201241642945e+02
2.905747110318208115e+02 1.793411593562264272e+02
2.900574203939337963e+02 1.802708985882885599e+02
2.895419129902537634e+02 1.812006378203506642e+02
2.890277196806465554e+02 1.821303770524127685e+02
2.885147375233585194e+02 1.830601162844748728e+02
2.880029649389573478e+02 1.839898555165370055e+02
2.874924699713235441e+02 1.849195947485991383e+02
2.869833242345812891e+02 1.858493339806612425e+02
2.864756457138560108e+02 1.867790732127233468e+02
2.859696274773166920e+02 1.877088124447854796e+02
2.854654161822601282e+02 1.886385516768475838e+02
2.849632869926050489e+02 1.895682909089097166e+02
2.844634786063049887e+02 1.904980301409718209e+02
2.839661584285032063e+02 1.914277693730339536e+02
2.834714251419194966e+02 1.923575086050960579e+02
2.829792677431622110e+02 1.932872478371581622e+02
2.824893692534653837e+02 1.942169870692202949e+02
2.820012519970878202e+02 1.951467263012823992e+02
2.815145157291244686e+02 1.960764655333445319e+02
2.810287716170286103e+02 1.970062047654066362e+02
2.805435577112551755e+02 1.979359439974687689e+02
2.800584563569344709e+02 1.988656832295308732e+02
2.795731420750751113e+02 1.997954224615929775e+02
2.790874509002445620e+02 2.007251616936551102e+02
2.786013786210313583e+02 2.016549009257172145e+02
2.781150666533886806e+02 2.025846401577793472e+02
2.776287791649069732e+02 2.035143793898414515e+02
2.771426934688407755e+02 2.044441186219035842e+02
2.766569452078904874e+02 2.053738578539656885e+02
2.761715904434771574e+02 2.063035970860278212e+02
2.756865747031280307e+02 2.072333363180899255e+02
2.752017211751078207e+02 2.081630755501520298e+02
2.747168432224059416e+02 2.090928147822141625e+02
2.742316530554151086e+02 2.100225540142762668e+02
2.737458428605734184e+02 2.109522932463383995e+02
2.732590915041495805e+02 2.118820324784005038e+02
2.727710740939039624e+02 2.128117717104626365e+02
2.722817200344909452e+02 2.137415109425247408e+02
2.717911387949673099e+02 2.146712501745868735e+02
2.712995859245682482e+02 2.156009894066489778e+02
2.708075774797141548e+02 2.165307286387110821e+02
2.703175337338475401e+02 2.174604678707732148e+02
2.698379824305093848e+02 2.183902071028353191e+02
2.693584311271713432e+02 2.193199463348974518e+02
2.688788798238332447e+02 2.202496855669595561e+02
2.683993285204951462e+02 2.211794247990216888e+02
2.679197772171570477e+02 2.221091640310837931e+02
2.674402259138189493e+02 2.230389032631458974e+02
2.669606746104808508e+02 2.239686424952080301e+02
2.664811233071427523e+02 2.248983817272701344e+02
2.660015720038046538e+02 2.258281209593322671e+02
2.655220207004665554e+02 2.267578601913943714e+02
2.650424693971285137e+02 2.276875994234565042e+02
2.645629180937904152e+02 2.286173386555186084e+02
2.640833667904523168e+02 2.295470778875807127e+02
2.636038154871142751e+02 2.304768171196428455e+02
2.631242641837761767e+02 2.314065563517049497e+02
2.626447128804380782e+02 2.323362955837670825e+02
2.621651615770999797e+02 2.332660348158291868e+02
2.616856102737618812e+02 2.341957740478913195e+02
2.612060589704237827e+02 2.351255132799534238e+02
2.607265076670856843e+02 2.360552525120155565e+02
2.602469563637475858e+02 2.369849917440776608e+02
2.597674050604095441e+02 2.379147309761397651e+02
2.592878537570714457e+02 2.388444702082018978e+02
2.588083024537333472e+02 2.397742094402640021e+02
2.583287511503952487e+02 2.407039486723261348e+02
2.578491998470571502e+02 2.416336879043882391e+02
2.573696485437190518e+02 2.425634271364503718e+02
2.568900972403810101e+02 2.434931663685124761e+02
