3.281426369365580058e+02 5.694569191090158711e+01
3.279542104408737373e+02 5.787658110011920343e+01
3.277657839451895825e+02 5.880747028933682685e+01
3.275773574495053140e+02 5.973835947855444317e+01
3.273889309538211023e+02 6.066924866777205949e+01
3.272005044581368907e+02 6.160013785698967581e+01
3.270120779624526222e+02 6.253102704620729924e+01
3.268236514667684105e+02 6.346191623542491556e+01
3.266352249710841988e+02 6.439280542464253188e+01
3.264467984753999872e+02 6.532369461386015530e+01
3.262583719797157755e+02 6.625458380307776451e+01
3.260699454840315639e+02 6.718547299229538794e+01
3.258815189883473522e+02 6.811636218151301136e+01
3.256930924926630837e+02 6.904725137073063479e+01
3.255046659969788720e+02 6.997814055994824400e+01
3.253162395012946604e+02 7.090902974916586743e+01
3.251278130056103919e+02 7.183991893838347664e+01
3.249393865099261802e+02 7.277080812760110007e+01
3.247509600142419686e+02 7.370169731681872349e+01
3.245625335185577569e+02 7.463258650603634692e+01
3.243741070228735452e+02 7.556347569525395613e+01
3.241856805271893336e+02 7.649436488447157956e+01
3.239972540315050651e+02 7.742525407368918877e+01
3.238088275358209103e+02 7.835614326290681220e+01
3.236204010401366418e+02 7.928703245212443562e+01
3.234319745444524301e+02 8.021792164134205905e+01
3.232435480487682185e+02 8.114881083055966826e+01
3.230551215530839499e+02 8.207970001977729169e+01
3.228666950573997383e+02 8.301058920899490090e+01
3.226782685617155266e+02 8.394147839821252433e+01
3.224898420660313150e+02 8.487236758743014775e+01
3.223014155703471033e+02 8.580325677664775696e+01
3.221129890746628348e+02 8.673414596586538039e+01
3.219245625789786800e+02 8.766503515508300381e+01
3.217361360832943546e+02 8.859592434430061303e+01
3.215477095876101998e+02 8.952681353351823645e+01
3.213592830919259313e+02 9.045770272273585988e+01
3.211708565962417197e+02 9.138859191195348330e+01
3.209798941905352194e+02 9.231948110117109252e+01
3.207642845425953055e+02 9.325037029038870173e+01
3.205608669591566695e+02 9.418125947960632516e+01
3.203690447081262960e+02 9.511214866882394858e+01
3.201888119235025556e+02 9.604303785804157201e+01
3.200191379221068360e+02 9.697392704725918122e+01
3.198586130447033042e+02 9.790481623647680465e+01
3.197074141716070130e+02 9.883570542569441386e+01
3.195666501365147383e+02 9.976659461491203729e+01
3.194337869181854330e+02 1.006974838041296607e+02
3.193121076016848860e+02 1.016283729933472841e+02
3.191970199084410069e+02 1.025592621825648934e+02
3.190914505864030275e+02 1.034901513717825168e+02
3.189961879241677707e+02 1.044210405610001260e+02
3.189069590890365475e+02 1.053519297502177494e+02
3.188231935325250674e+02 1.062828189394353728e+02
3.187357065179712663e+02 1.072137081286529963e+02
3.186387844592200622e+02 1.081445973178706055e+02
3.185359064729827310e+02 1.090754865070882289e+02
3.184239851838301547e+02 1.100063756963058381e+02
3.183063924177072295e+02 1.109372648855234615e+02
3.181813689510290146e+02 1.118681540747410850e+02
3.180515623629412403e+02 1.127990432639587084e+02
3.179161874749564163e+02 1.137299324531763176e+02
3.177800599538578012e+02 1.146608216423939268e+02
3.176410874957956594e+02 1.155917108316115502e+02
3.175019875244987588e+02 1.165226000208291737e+02
3.173647746018945668e+02 1.174534892100467971e+02
3.172287410239122210e+02 1.183843783992644205e+02
3.170960737853578735e+02 1.193152675884820297e+02
3.169668015091053803e+02 1.202461567776996390e+02
3.168420474567395786e+02 1.211770459669172624e+02
3.167221456796353891e+02 1.221079351561348858e+02
3.166026822238938507e+02 1.230388243453525092e+02
3.164763638939953125e+02 1.239697135345701184e+02
3.163409991881331393e+02 1.249006027237877419e+02
3.161964201421644134e+02 1.258314919130053653e+02
3.160402318026883108e+02 1.267623811022229745e+02
3.158693330628421450e+02 1.276932702914405979e+02
3.156826692644173704e+02 1.286241594806582214e+02
3.154794405805694169e+02 1.295550486698758164e+02
3.152591553016102353e+02 1.304859378590934398e+02
3.150216774647635702e+02 1.314168270483110632e+02
3.147665637705044901e+02 1.323477162375286866e+02
3.144935683675150244e+02 1.332786054267463101e+02
3.142044170534726391e+02 1.342094946159639335e+02
3.138990289672260587e+02 1.351403838051815569e+02
3.135780016906902006e+02 1.360712729943991803e+02
3.132420541456442606e+02 1.370021621836167753e+02
3.128919103442732990e+02 1.379330513728343988e+02
3.125267582875804919e+02 1.388639405620520222e+02
3.121468702640056563e+02 1.397948297512696172e+02
3.117545253728382590e+02 1.407257189404872406e+02
3.113467580260693239e+02 1.416566081297048640e+02
3.109280984946427679e+02 1.425874973189224875e+02
3.104920610077453489e+02 1.435183865081401109e+02
3.100455961280864585e+02 1.444492756973577343e+02
3.095838085415323917e+02 1.453801648865753577e+02
3.091097398762674970e+02 1.463110540757929812e+02
3.086216132745333312e+02 1.472419432650106046e+02
3.081184656330158305e+02 1.481728324542281996e+02
3.076018966940828818e+02 1.491037216434458230e+02
3.070767224556828410e+02 1.500346108326634464e+02
3.065484288214671551e+02 1.509655000218810414e+02
3.060178969543704852e+02 1.518963892110986649e+02
3.054849310877453377e+02 1.528272784003162883e+02
3.049502830452261151e+02 1.537581675895339117e+02
3.044137139331923549e+02 1.546890567787515351e+02
3.038755485087565376e+02 1.556199459679691586e+02
3.033362800760887694e+02 1.565508351571867820e+02
3.027960372050030742e+02 1.574817243464044054e+02
3.022552467000697902e+02 1.584126135356220288e+02
3.017142899855662108e+02 1.593435027248396239e+02
3.011734027946020547e+02 1.602743919140572473e+02
3.006328645905578014e+02 1.612052811032748707e+02
3.000930316432425116e+02 1.621361702924924657e+02
2.995542066870144140e+02 1.630670594817100891e+02
2.990165146564732481e+02 1.639979486709277126e+02
2.984800776622647049e+02 1.649288378601453360e+02
2.979451576643560884e+02 1.658597270493629594e+02
2.974115831133153733e+02 1.667906162385805828e+02
2.968793304023625410e+02 1.677215054277982063e+02
2.963484855370099922e+02 1.686523946170158297e+02
2.958189459418308616e+02 1.695832838062334247e+02
2.952905262782570617e+02 1.705141729954510481e+02
2.947630615516148396e+02 1.714450621846686715e+02
2.942361557358541404e+02 1.723759513738862665e+02
2.937097803865772789e+02 1.733068405631038900e+02
2.931838670927975841e+02 1.742377297523215134e+02
2.926584043284854602e+02 1.751686189415391368e+02
2.921334783717098276e+02 1.760995081307567602e+02
2.916090266010234018e+02 1.770303973199743837e+02
2.910851482304504430e+02 1.779612865091920071e+02
2.905620183109826371e+02 1.788921756984096305e+02
2.900398752510300824e+02 1.798230648876272539e+02
2.895188903715126685e+02 1.807539540768448489e+02
2.889992543078084282e+02 1.816848432660624724e+02
2.884812272558208974e+02 1.826157324552800958e+02
2.879649314868621559e+02 1.835466216444976908e+02
2.874503153867073024e+02 1.844775108337153142e+02
2.869373282976655446e+02 1.854084000229329376e+02
2.864258456914745921e+02 1.863392892121505611e+02
2.859157027714805395e+02 1.872701784013681845e+02
2.854067471230889055e+02 1.882010675905858079e+02
2.848987738239502505e+02 1.891319567798034313e+02
2.843917380511802548e+02 1.900628459690210263e+02
2.838856708980852090e+02 1.909937351582386498e+02
2.833806869087894711e+02 1.919246243474562732e+02
2.828769649194495059e+02 1.928555135366738966e+02
2.823747569037726635e+02 1.937864027258915200e+02
2.818743759205505626e+02 1.947172919151091435e+02
2.813761585849654807e+02 1.956481811043267385e+02
2.808804163004725183e+02 1.965790702935443619e+02
2.803873656624797945e+02 1.975099594827619853e+02
2.798970630932496420e+02 1.984408486719796088e+02
2.794093745951178676e+02 1.993717378611972322e+02
2.789239768317906396e+02 2.003026270504148556e+02
2.784403878263068464e+02 2.012335162396324506e+02
2.779580343326016987e+02 2.021644054288500740e+02
2.774763163925238132e+02 2.030952946180676975e+02
2.769946676698055512e+02 2.040261838072853209e+02
2.765125717934084832e+02 2.049570729965029443e+02
2.760295778350746332e+02 2.058879621857205393e+02
2.755453608261012164e+02 2.068188513749381627e+02
2.750597887943797559e+02 2.077497405641557862e+02
2.745729225520816499e+02 2.086806297533734096e+02
2.740850282990446090e+02 2.096115189425910330e+02
2.735964154565835429e+02 2.105424081318086564e+02
2.731074829464014329e+02 2.114732973210262514e+02
2.726185736369262145e+02 2.124041865102438749e+02
2.721298211317522941e+02 2.133350756994614983e+02
2.716415919896971900e+02 2.142659648886791217e+02
2.711539439053888145e+02 2.151968540778967451e+02
2.706667504563324087e+02 2.161277432671143686e+02
2.701795693139644641e+02 2.170586324563319636e+02
2.697024698073404352e+02 2.179895216455495870e+02
2.692391923387275483e+02 2.189204108347672104e+02
2.687746200108350081e+02 2.198513000239848338e+02
2.682837956255325480e+02 2.207821892132024573e+02
2.677929712402300879e+02 2.217130784024200807e+02
2.673021468549276278e+02 2.226439675916376757e+02
2.668113224696252246e+02 2.235748567808552991e+02
2.663204980843227645e+02 2.245057459700729225e+02
2.658296736990203044e+02 2.254366351592905460e+02
2.653388493137177875e+02 2.263675243485081694e+02
2.648480249284153842e+02 2.272984135377257928e+02
2.643572005431128673e+02 2.282293027269433878e+02
2.638663761578104641e+02 2.291601919161610112e+02
2.633755517725079471e+02 2.300910811053786347e+02
2.628847273872055439e+02 2.310219702945962581e+02
2.623939030019030270e+02 2.319528594838138815e+02
2.619030786166006237e+02 2.328837486730315049e+02
2.614122542312981068e+02 2.338146378622491000e+02
2.609214298459957035e+02 2.347455270514667234e+02
2.604306054606932435e+02 2.356764162406843468e+02
2.599397810753907834e+02 2.366073054299019702e+02
2.594489566900883233e+02 2.375381946191195937e+02
2.589581323047858632e+02 2.384690838083371887e+02
2.584673079194834031e+02 2.393999729975548121e+02
2.579764835341809430e+02 2.403308621867724355e+02
2.574856591488784829e+02 2.412617513759900589e+02
2.569948347635760229e+02 2.421926405652076824e+02
