3.268530625768672166e+02 5.925603665057579406e+01
3.266750674256527986e+02 6.018579131362862000e+01
3.264970722744383806e+02 6.111554597668144595e+01
3.263190771232240195e+02 6.204530063973427190e+01
3.261410819720096015e+02 6.297505530278709784e+01
3.259630868207951835e+02 6.390480996583992379e+01
3.257850916695807655e+02 6.483456462889274974e+01
3.256070965183663475e+02 6.576431929194556858e+01
3.254291013671519863e+02 6.669407395499840163e+01
3.252511062159375683e+02 6.762382861805122047e+01
3.250731110647231503e+02 6.855358328110405353e+01
3.248951159135087323e+02 6.948333794415687237e+01
3.247171207622943712e+02 7.041309260720970542e+01
3.245391256110799532e+02 7.134284727026252426e+01
3.243611304598655352e+02 7.227260193331534310e+01
3.241831353086511172e+02 7.320235659636817616e+01
3.240051401574366992e+02 7.413211125942100921e+01
3.238271450062223380e+02 7.506186592247382805e+01
3.236491498550079200e+02 7.599162058552664689e+01
3.234711547037935588e+02 7.692137524857947994e+01
3.232931595525791408e+02 7.785112991163231300e+01
3.231151644013647228e+02 7.878088457468513184e+01
3.229371692501503048e+02 7.971063923773795068e+01
3.227591740989358868e+02 8.064039390079078373e+01
3.225811789477215257e+02 8.157014856384360257e+01
3.224031837965071645e+02 8.249990322689643563e+01
3.222251886452926897e+02 8.342965788994925447e+01
3.220471934940783285e+02 8.435941255300208752e+01
3.218691983428639105e+02 8.528916721605490636e+01
3.216912031916494925e+02 8.621892187910773941e+01
3.215132080404350745e+02 8.714867654216055826e+01
3.213352128892207134e+02 8.807843120521337710e+01
3.211572177380063522e+02 8.900818586826621015e+01
3.209792225867918773e+02 8.993794053131904320e+01
3.208012274355775162e+02 9.086769519437186204e+01
3.206232322843630982e+02 9.179744985742468089e+01
3.204452371331486802e+02 9.272720452047751394e+01
3.202672419819342622e+02 9.365695918353034699e+01
3.200892468307199010e+02 9.458671384658316583e+01
3.198786363680007980e+02 9.551646850963598467e+01
3.196785971465504304e+02 9.644622317268881773e+01
3.194920256038766979e+02 9.737597783574163657e+01
3.193176253748322324e+02 9.830573249879446962e+01
3.191535554701969204e+02 9.923548716184728846e+01
3.190013450725024313e+02 1.001652418249001073e+02
3.188607164108061625e+02 1.010949964879529404e+02
3.187302983319286795e+02 1.020247511510057734e+02
3.186089374039624431e+02 1.029545058140585923e+02
3.185000887834090690e+02 1.038842604771114111e+02
3.183991092755641148e+02 1.048140151401642441e+02
3.183080176469262028e+02 1.057437698032170772e+02
3.182248744299998293e+02 1.066735244662698960e+02
3.181447196076920818e+02 1.076032791293227149e+02
3.180608081955560920e+02 1.085330337923755479e+02
3.179685445056793469e+02 1.094627884554283810e+02
3.178693429999871114e+02 1.103925431184811998e+02
3.177637371608202557e+02 1.113222977815340187e+02
3.176507281664802917e+02 1.122520524445868375e+02
3.175330890634011212e+02 1.131818071076396706e+02
3.174088717237548281e+02 1.141115617706925036e+02
3.172816607477065531e+02 1.150413164337453225e+02
3.171507238602886218e+02 1.159710710967981413e+02
3.170194347214278423e+02 1.169008257598509744e+02
3.168870357151504891e+02 1.178305804229038074e+02
3.167561999949280107e+02 1.187603350859566262e+02
3.166271881823075773e+02 1.196900897490094451e+02
3.164994975726442021e+02 1.206198444120622781e+02
3.163735430913104096e+02 1.215495990751151112e+02
3.162441676258527536e+02 1.224793537381679300e+02
3.161114767452364731e+02 1.234091084012207489e+02
3.159744399402079580e+02 1.243388630642735819e+02
3.158346367236890728e+02 1.252686177273264008e+02
3.156900252024061615e+02 1.261983723903792338e+02
3.155418406532976405e+02 1.271281270534320527e+02
3.153880811788847609e+02 1.280578817164848715e+02
3.152268801726606853e+02 1.289876363795377188e+02
3.150582429199688477e+02 1.299173910425905376e+02
3.148794953457581869e+02 1.308471457056433565e+02
3.146881171646872986e+02 1.317769003686962037e+02
3.144818253597242688e+02 1.327066550317489941e+02
3.142582401418602558e+02 1.336364096948018414e+02
3.140154803907935275e+02 1.345661643578546602e+02
3.137520170142671532e+02 1.354959190209074791e+02
3.134678323204150274e+02 1.364256736839603263e+02
3.131630682764997573e+02 1.373554283470131168e+02
3.128378696297223769e+02 1.382851830100659640e+02
3.124936851904289483e+02 1.392149376731187829e+02
3.121308856631182493e+02 1.401446923361716017e+02
3.117472493620595060e+02 1.410744469992244490e+02
3.113456513876670329e+02 1.420042016622772678e+02
3.109207797353319052e+02 1.429339563253300867e+02
3.104740437610854542e+02 1.438637109883829339e+02
3.100058484931979592e+02 1.447934656514357243e+02
3.095142033843103491e+02 1.457232203144885716e+02
3.090038939842883678e+02 1.466529749775413904e+02
3.084803194946198346e+02 1.475827296405942093e+02
3.079526994233902428e+02 1.485124843036470565e+02
3.074221451202636217e+02 1.494422389666998470e+02
3.068877448535087638e+02 1.503719936297526942e+02
3.063513673169670710e+02 1.513017482928055131e+02
3.058124963301629577e+02 1.522315029558583319e+02
3.052721153078454108e+02 1.531612576189111792e+02
3.047300078983530511e+02 1.540910122819639980e+02
3.041861044865710824e+02 1.550207669450168169e+02
3.036411529643824565e+02 1.559505216080696641e+02
3.030946597175731085e+02 1.568802762711224545e+02
3.025471449573205405e+02 1.578100309341753018e+02
3.019986343833871842e+02 1.587397855972281207e+02
3.014492113067034893e+02 1.596695402602809395e+02
3.008991503615439456e+02 1.605992949233337868e+02
3.003487704915490326e+02 1.615290495863866056e+02
2.997981870698801004e+02 1.624588042494394244e+02
2.992475650088075554e+02 1.633885589124922433e+02
2.986972980239742697e+02 1.643183135755450621e+02
2.981477082692102840e+02 1.652480682385979094e+02
2.975988763358762412e+02 1.661778229016507282e+02
2.970509188181518994e+02 1.671075775647035471e+02
2.965042478130932295e+02 1.680373322277563943e+02
2.959589097457794082e+02 1.689670868908091848e+02
2.954150801168126463e+02 1.698968415538620320e+02
2.948731098628613836e+02 1.708265962169148509e+02
2.943330365026268964e+02 1.717563508799676697e+02
2.937950257685615156e+02 1.726861055430205170e+02
2.932592399890322099e+02 1.736158602060733358e+02
2.927255937178140925e+02 1.745456148691261546e+02
2.921940691094320073e+02 1.754753695321790019e+02
2.916646118999585156e+02 1.764051241952317923e+02
2.911371784790610491e+02 1.773348788582846396e+02
2.906115862386827757e+02 1.782646335213374584e+02
2.900875968071477473e+02 1.791943881843902773e+02
2.895649743862325067e+02 1.801241428474431245e+02
2.890435295274933196e+02 1.810538975104959150e+02
2.885229191311619275e+02 1.819836521735487622e+02
2.880029225782763547e+02 1.829134068366015811e+02
2.874833882500948903e+02 1.838431614996543999e+02
2.869642162839672324e+02 1.847729161627072472e+02
2.864453528792204224e+02 1.857026708257600660e+02
2.859267885688491333e+02 1.866324254888128849e+02
2.854085774013940409e+02 1.875621801518657037e+02
2.848908378680029614e+02 1.884919348149185510e+02
2.843737690444957025e+02 1.894216894779713698e+02
2.838576082991409066e+02 1.903514441410241886e+02
2.833425625895879421e+02 1.912811988040770075e+02
2.828288528064107936e+02 1.922109534671298547e+02
2.823167163721055317e+02 1.931407081301826736e+02
2.818063656785064950e+02 1.940704627932354924e+02
2.812979409722603918e+02 1.950002174562883113e+02
2.807914854081816429e+02 1.959299721193411301e+02
2.802868852295450210e+02 1.968597267823939774e+02
2.797839574936140821e+02 1.977894814454467962e+02
2.792824358350194416e+02 1.987192361084996151e+02
2.787819677722761753e+02 1.996489907715524339e+02
2.782821628785340522e+02 2.005787454346052812e+02
2.777826384917546534e+02 2.015085000976581000e+02
2.772830510666763075e+02 2.024382547607109188e+02
2.767830996317040331e+02 2.033680094237637377e+02
2.762825924274434328e+02 2.042977640868165849e+02
2.757814918876003389e+02 2.052275187498694038e+02
2.752799235258256658e+02 2.061572734129222226e+02
2.747781648733924840e+02 2.070870280759750415e+02
2.742766301455500297e+02 2.080167827390278887e+02
2.737757885588436579e+02 2.089465374020807076e+02
2.732761304741068784e+02 2.098762920651335264e+02
2.727782232029799161e+02 2.108060467281863453e+02
2.722824026604917549e+02 2.117358013912391641e+02
2.717890402994196961e+02 2.126655560542920114e+02
2.712987875591259126e+02 2.135953107173448302e+02
2.708115001079572153e+02 2.145250653803976491e+02
2.703272250392053024e+02 2.154548200434504679e+02
2.698464769000669321e+02 2.163845747065033152e+02
2.693690008714298756e+02 2.173143293695561340e+02
2.688945022892586394e+02 2.182440840326089528e+02
2.684223376916670532e+02 2.191738386956617717e+02
2.679515174648425386e+02 2.201035933587146189e+02
2.674810293677372783e+02 2.210333480217674378e+02
2.670238602032670769e+02 2.219631026848202566e+02
2.665676167318705438e+02 2.228928573478730755e+02
2.661113732604739539e+02 2.238226120109258943e+02
2.656551297890774208e+02 2.247523666739787416e+02
2.651988863176808309e+02 2.256821213370315604e+02
2.647426428462842978e+02 2.266118760000843793e+02
2.642863993748877078e+02 2.275416306631371981e+02
2.638301559034911747e+02 2.284713853261900454e+02
2.633739124320945848e+02 2.294011399892428642e+02
2.629176689606980517e+02 2.303308946522956830e+02
2.624614254893015186e+02 2.312606493153485019e+02
2.620051820179048718e+02 2.321904039784013491e+02
2.615489385465083387e+02 2.331201586414541680e+02
2.610926950751117488e+02 2.340499133045069868e+02
2.606364516037152157e+02 2.349796679675598057e+02
2.601802081323186258e+02 2.359094226306126529e+02
2.597239646609220927e+02 2.368391772936654718e+02
2.592677211895255596e+02 2.377689319567182906e+02
2.588114777181289696e+02 2.386986866197711095e+02
2.583552342467323797e+02 2.396284412828239283e+02
2.578989907753357897e+02 2.405581959458767756e+02
2.574427473039392567e+02 2.414879506089295944e+02
2.569865038325427236e+02 2.424177052719824133e+02
2.565302603611461336e+02 2.433474599350352321e+02
2.560740168897495437e+02 2.442772145980880794e+02
