3.271444475999047086e+02 5.836678024290284839e+01
3.269598105024743404e+02 5.930003986704677743e+01
3.267751734050439723e+02 6.023329949119070648e+01
3.265905363076136041e+02 6.116655911533463552e+01
3.264058992101832359e+02 6.209981873947856457e+01
3.262212621127528678e+02 6.303307836362249361e+01
3.260366250153225565e+02 6.396633798776641555e+01
3.258519879178921883e+02 6.489959761191035170e+01
3.256673508204618201e+02 6.583285723605428075e+01
3.254827137230314520e+02 6.676611686019819558e+01
3.252980766256010838e+02 6.769937648434213884e+01
3.251134395281707157e+02 6.863263610848605367e+01
3.249288024307403475e+02 6.956589573262998272e+01
3.247441653333099794e+02 7.049915535677391176e+01
3.245595282358796112e+02 7.143241498091784081e+01
3.243748911384492430e+02 7.236567460506176985e+01
3.241902540410189317e+02 7.329893422920569890e+01
3.240056169435885636e+02 7.423219385334962794e+01
3.238209798461581954e+02 7.516545347749355699e+01
3.236363427487278273e+02 7.609871310163748603e+01
3.234517056512974591e+02 7.703197272578141508e+01
3.232670685538671478e+02 7.796523234992534412e+01
3.230824314564367796e+02 7.889849197406927317e+01
3.228977943590064115e+02 7.983175159821320221e+01
3.227131572615760433e+02 8.076501122235713126e+01
3.225285201641456183e+02 8.169827084650106030e+01
3.223438830667153070e+02 8.263153047064497514e+01
3.221592459692849388e+02 8.356479009478891840e+01
3.219746088718545707e+02 8.449804971893283323e+01
3.217899717744242025e+02 8.543130934307677649e+01
3.216053346769938344e+02 8.636456896722069132e+01
3.214206975795635230e+02 8.729782859136462037e+01
3.212360604821331549e+02 8.823108821550854941e+01
3.210514233847027867e+02 8.916434783965247846e+01
3.208667862872724186e+02 9.009760746379640750e+01
3.206821491898420504e+02 9.103086708794033655e+01
3.204975120924116254e+02 9.196412671208426559e+01
3.203128749949812573e+02 9.289738633622819464e+01
3.201282378975510028e+02 9.383064596037212368e+01
3.199436008001206346e+02 9.476390558451605273e+01
3.197381501173649667e+02 9.569716520865998177e+01
3.195411850709923556e+02 9.663042483280391082e+01
3.193584819264075918e+02 9.756368445694783986e+01
3.191851374969546100e+02 9.849694408109175470e+01
3.190227757107460320e+02 9.943020370523569795e+01
3.188708938337508698e+02 1.003634633293796128e+02
3.187261787148564736e+02 1.012967229535235560e+02
3.185905831672165505e+02 1.022299825776674709e+02
3.184637450775707634e+02 1.031632422018114141e+02
3.183423223770464574e+02 1.040965018259553290e+02
3.182282981063236207e+02 1.050297614500992722e+02
3.181218096097233001e+02 1.059630210742431871e+02
3.180212219335401187e+02 1.068962806983871161e+02
3.179257450716957010e+02 1.078295403225310451e+02
3.178327802543000757e+02 1.087627999466749742e+02
3.177360479735434637e+02 1.096960595708189032e+02
3.176347874658558794e+02 1.106293191949628323e+02
3.175291307257542712e+02 1.115625788191067613e+02
3.174189432150297421e+02 1.124958384432506904e+02
3.173049269527362526e+02 1.134290980673946194e+02
3.171864201549269637e+02 1.143623576915385343e+02
3.170657521679133310e+02 1.152956173156824775e+02
3.169417210905290858e+02 1.162288769398263923e+02
3.168179557331818614e+02 1.171621365639703356e+02
3.166943566813355346e+02 1.180953961881142504e+02
3.165728730582595745e+02 1.190286558122581937e+02
3.164540542295906675e+02 1.199619154364021085e+02
3.163386425029264046e+02 1.208951750605460518e+02
3.162236864499545845e+02 1.218284346846899666e+02
3.161082398583265558e+02 1.227616943088338957e+02
3.159926193582081737e+02 1.236949539329778247e+02
3.158779714743011482e+02 1.246282135571217538e+02
3.157621616933997188e+02 1.255614731812656828e+02
3.156437466708330248e+02 1.264947328054096118e+02
3.155188567947367346e+02 1.274279924295535409e+02
3.153862034784731350e+02 1.283612520536974557e+02
3.152434579005417845e+02 1.292945116778413990e+02
3.150886810860610012e+02 1.302277713019853422e+02
3.149199665004803137e+02 1.311610309261292571e+02
3.147354567248548847e+02 1.320942905502731719e+02
3.145334713408104790e+02 1.330275501744171152e+02
3.143129714065730127e+02 1.339608097985610584e+02
3.140715324655984659e+02 1.348940694227049732e+02
3.138088797118253979e+02 1.358273290468488881e+02
3.135254203449389365e+02 1.367605886709928313e+02
3.132221960176228777e+02 1.376938482951367462e+02
3.128970709918155535e+02 1.386271079192806610e+02
3.125515519160837243e+02 1.395603675434246043e+02
3.121813425043949337e+02 1.404936271675685475e+02
3.117910822877165629e+02 1.414268867917124624e+02
3.113761489867320620e+02 1.423601464158563772e+02
3.109373038065052697e+02 1.432934060400003204e+02
3.104752121599309476e+02 1.442266656641442637e+02
3.099881627774032040e+02 1.451599252882881785e+02
3.094797893970144287e+02 1.460931849124320934e+02
3.089622665161858208e+02 1.470264445365760366e+02
3.084432241399458690e+02 1.479597041607199799e+02
3.079229590955360436e+02 1.488929637848638947e+02
3.074021164363497292e+02 1.498262234090078096e+02
3.068800800309442138e+02 1.507594830331517528e+02
3.063566256597894153e+02 1.516927426572956961e+02
3.058315491492705860e+02 1.526260022814395825e+02
3.053050937933194291e+02 1.535592619055835257e+02
3.047765024862920882e+02 1.544925215297274690e+02
3.042464304004285509e+02 1.554257811538713838e+02
3.037147392474757908e+02 1.563590407780152987e+02
3.031815396298452470e+02 1.572923004021592419e+02
3.026463744148458659e+02 1.582255600263031852e+02
3.021095400343502320e+02 1.591588196504471000e+02
3.015711353846550082e+02 1.600920792745910148e+02
3.010312321237991569e+02 1.610253388987349581e+02
3.004896181291426274e+02 1.619585985228789013e+02
2.999466019208664989e+02 1.628918581470228162e+02
2.994025093880592863e+02 1.638251177711667310e+02
2.988575540366679206e+02 1.647583773953106743e+02
2.983121138569621849e+02 1.656916370194546175e+02
2.977666275491221768e+02 1.666248966435985324e+02
2.972215449281349038e+02 1.675581562677424472e+02
2.966772915141173144e+02 1.684914158918863905e+02
2.961344738744993492e+02 1.694246755160303053e+02
2.955933388869624991e+02 1.703579351401742201e+02
2.950544198639883007e+02 1.712911947643181634e+02
2.945182332702882491e+02 1.722244543884621066e+02
2.939846786122064941e+02 1.731577140126060215e+02
2.934537408472327229e+02 1.740909736367499363e+02
2.929257370662390940e+02 1.750242332608938796e+02
2.924005929840251383e+02 1.759574928850378228e+02
2.918781395469323456e+02 1.768907525091817377e+02
2.913581964804112658e+02 1.778240121333256525e+02
2.908408092050129881e+02 1.787572717574695957e+02
2.903253743479213540e+02 1.796905313816135390e+02
2.898116935921833601e+02 1.806237910057574538e+02
2.892996671507387987e+02 1.815570506299013687e+02
2.887892979877457833e+02 1.824903102540453119e+02
2.882805448197678970e+02 1.834235698781892552e+02
2.877734260420241981e+02 1.843568295023331700e+02
2.872681107720356977e+02 1.852900891264770848e+02
2.867648727985549044e+02 1.862233487506210281e+02
2.862637871605757027e+02 1.871566083747649429e+02
2.857651114702126733e+02 1.880898679989088862e+02
2.852690765887704742e+02 1.890231276230528010e+02
2.847758291320090507e+02 1.899563872471967443e+02
2.842854263550759697e+02 1.908896468713406591e+02
2.837977053852016525e+02 1.918229064954846024e+02
2.833122833937085829e+02 1.927561661196285172e+02
2.828287341955301599e+02 1.936894257437724605e+02
2.823464736598417062e+02 1.946226853679163753e+02
2.818648752409341114e+02 1.955559449920602901e+02
2.813832752970128013e+02 1.964892046162042334e+02
2.809010592100078156e+02 1.974224642403481482e+02
2.804176928161889464e+02 1.983557238644920915e+02
2.799327936877849083e+02 1.992889834886360063e+02
2.794460495164582881e+02 2.002222431127799496e+02
2.789572260793051441e+02 2.011555027369238644e+02
2.784662365963364437e+02 2.020887623610678077e+02
2.779732302540469959e+02 2.030220219852117225e+02
2.774784484784642586e+02 2.039552816093556658e+02
2.769820589261188388e+02 2.048885412334995806e+02
2.764843379973109450e+02 2.058218008576435238e+02
2.759855663783436057e+02 2.067550604817874387e+02
2.754859871453254527e+02 2.076883201059313819e+02
2.749858173826954726e+02 2.086215797300752968e+02
2.744852256815952956e+02 2.095548393542192400e+02
2.739843456707893097e+02 2.104880989783631549e+02
2.734832490250944375e+02 2.114213586025070981e+02
2.729819785377003427e+02 2.123546182266510129e+02
2.724805518594810678e+02 2.132878778507949278e+02
2.719790734790118449e+02 2.142211374749388710e+02
2.714776248051286984e+02 2.151543970990827859e+02
2.709765097367952649e+02 2.160876567232267291e+02
2.704757585897116314e+02 2.170209163473706440e+02
2.699767221409028934e+02 2.179541759715145872e+02
2.694803742214505746e+02 2.188874355956585021e+02
2.689871666996908743e+02 2.198206952198024453e+02
2.684961030396528940e+02 2.207539548439463601e+02
2.680064025310320517e+02 2.216872144680903034e+02
2.675173693157723847e+02 2.226204740922342182e+02
2.670280663844744709e+02 2.235537337163781615e+02
2.665268032707825228e+02 2.244869933405220763e+02
2.660251179923603218e+02 2.254202529646660196e+02
2.655234327139381776e+02 2.263535125888099344e+02
2.650217474355159766e+02 2.272867722129538777e+02
2.645200621570938324e+02 2.282200318370977925e+02
2.640183768786716882e+02 2.291532914612417073e+02
2.635166916002494872e+02 2.300865510853856506e+02
2.630150063218273431e+02 2.310198107095295654e+02
2.625133210434051421e+02 2.319530703336735087e+02
2.620116357649829979e+02 2.328863299578174235e+02
2.615099504865607969e+02 2.338195895819613668e+02
2.610082652081385959e+02 2.347528492061052816e+02
2.605065799297164517e+02 2.356861088302492249e+02
2.600048946512943076e+02 2.366193684543931397e+02
2.595032093728721065e+02 2.375526280785370830e+02
2.590015240944500192e+02 2.384858877026809978e+02
2.584998388160277614e+02 2.394191473268249410e+02
2.579981535376056740e+02 2.403524069509688559e+02
2.574964682591834730e+02 2.412856665751127991e+02
2.569947829807613289e+02 2.422189261992567140e+02
2.564930977023391279e+02 2.431521858234006572e+02
2.559914124239169553e+02 2.440854454475445721e+02
