3.268525546047773105e+02 5.937749347642375142e+01
3.266797037813038287e+02 6.030803742293281999e+01
3.265068529578303469e+02 6.123858136944188857e+01
3.263340021343568651e+02 6.216912531595095004e+01
3.261611513108833265e+02 6.309966926246001862e+01
3.259883004874098447e+02 6.403021320896908719e+01
3.258154496639363629e+02 6.496075715547814866e+01
3.256425988404628242e+02 6.589130110198722434e+01
3.254697480169893424e+02 6.682184504849628581e+01
3.252968971935158038e+02 6.775238899500536149e+01
3.251240463700423220e+02 6.868293294151442296e+01
3.249511955465688402e+02 6.961347688802348443e+01
3.247783447230953016e+02 7.054402083453256012e+01
3.246054938996218198e+02 7.147456478104162159e+01
3.244326430761483380e+02 7.240510872755068306e+01
3.242597922526747993e+02 7.333565267405975874e+01
3.240869414292013175e+02 7.426619662056882021e+01
3.239140906057278357e+02 7.519674056707788168e+01
3.237412397822542971e+02 7.612728451358695736e+01
3.235683889587808153e+02 7.705782846009601883e+01
3.233955381353073335e+02 7.798837240660509451e+01
3.232226873118338517e+02 7.891891635311415598e+01
3.230498364883603131e+02 7.984946029962321745e+01
3.228769856648867744e+02 8.078000424613229313e+01
3.227041348414132926e+02 8.171054819264135460e+01
3.225312840179398108e+02 8.264109213915043028e+01
3.223584331944662722e+02 8.357163608565949175e+01
3.221855823709927904e+02 8.450218003216855323e+01
3.220127315475193086e+02 8.543272397867762891e+01
3.218398807240457700e+02 8.636326792518669038e+01
3.216670299005722882e+02 8.729381187169576606e+01
3.214941790770988064e+02 8.822435581820482753e+01
3.213213282536252677e+02 8.915489976471388900e+01
3.211484774301517859e+02 9.008544371122296468e+01
3.209756266066782473e+02 9.101598765773202615e+01
3.208027757832047655e+02 9.194653160424110183e+01
3.206299249597312837e+02 9.287707555075016330e+01
3.204570741362578019e+02 9.380761949725922477e+01
3.202842233127842633e+02 9.473816344376828624e+01
3.201113724893107815e+02 9.566870739027736192e+01
3.199195630914110779e+02 9.659925133678643761e+01
3.197345584523285424e+02 9.752979528329549908e+01
3.195598614943563121e+02 9.846033922980456055e+01
3.193929423850202056e+02 9.939088317631362202e+01
3.192371764300457357e+02 1.003214271228226977e+02
3.190896758443542467e+02 1.012519710693317592e+02
3.189502537411516414e+02 1.021825150158408348e+02
3.188194750849858110e+02 1.031130589623498963e+02
3.186972102880883426e+02 1.040436029088589578e+02
3.185831406662186964e+02 1.049741468553680335e+02
3.184760185867962718e+02 1.059046908018770949e+02
3.183765496168821869e+02 1.068352347483861706e+02
3.182812542321586875e+02 1.077657786948952321e+02
3.181841219007860673e+02 1.086963226414042936e+02
3.180819771304469441e+02 1.096268665879133550e+02
3.179728178308421320e+02 1.105574105344224307e+02
3.178590093674927743e+02 1.114879544809315064e+02
3.177390717902879942e+02 1.124184984274405679e+02
3.176144187246967476e+02 1.133490423739496293e+02
3.174852079730845844e+02 1.142795863204586908e+02
3.173511482740114502e+02 1.152101302669677665e+02
3.172145235919416564e+02 1.161406742134768422e+02
3.170743042178435189e+02 1.170712181599859036e+02
3.169329209285256184e+02 1.180017621064949651e+02
3.167918366793310270e+02 1.189323060530040266e+02
3.166515542815550930e+02 1.198628499995131023e+02
3.165157616284937490e+02 1.207933939460221779e+02
3.163835888404523757e+02 1.217239378925312394e+02
3.162567920605170002e+02 1.226544818390403009e+02
3.161322099276590052e+02 1.235850257855493624e+02
3.160075344774612631e+02 1.245155697320584380e+02
3.158824978674525710e+02 1.254461136785674995e+02
3.157576221967627816e+02 1.263766576250765752e+02
3.156339749048169097e+02 1.273072015715856367e+02
3.155122688792820327e+02 1.282377455180946981e+02
3.153904570191045877e+02 1.291682894646037880e+02
3.152645079702750763e+02 1.300988334111128211e+02
3.151312000667196003e+02 1.310293773576219110e+02
3.149828991203366400e+02 1.319599213041309724e+02
3.148134081570722742e+02 1.328904652506400339e+02
3.146206770876930250e+02 1.338210091971491238e+02
3.144023118335650224e+02 1.347515531436581568e+02
3.141561436169979515e+02 1.356820970901672467e+02
3.138814795262870234e+02 1.366126410366763082e+02
3.135767906490322616e+02 1.375431849831853697e+02
3.132433481964601469e+02 1.384737289296944596e+02
3.128834295500776079e+02 1.394042728762034926e+02
3.124961761545250170e+02 1.403348168227125825e+02
3.120870423985740558e+02 1.412653607692216440e+02
3.116569395333729062e+02 1.421959047157307054e+02
3.112046480635340231e+02 1.431264486622397669e+02
3.107341159526992556e+02 1.440569926087488284e+02
3.102392911718078494e+02 1.449875365552579183e+02
3.097214788615809198e+02 1.459180805017669798e+02
3.091865095512958987e+02 1.468486244482760412e+02
3.086445715534246119e+02 1.477791683947851027e+02
3.080968646400614261e+02 1.487097123412941642e+02
3.075449247767254519e+02 1.496402562878032541e+02
3.069909510728458031e+02 1.505708002343123155e+02
3.064360116606628139e+02 1.515013441808213770e+02
3.058804822215237209e+02 1.524318881273304385e+02
3.053240248131710359e+02 1.533624320738394999e+02
3.047668401838390082e+02 1.542929760203485898e+02
3.042089720186329487e+02 1.552235199668576229e+02
3.036506993253703968e+02 1.561540639133667128e+02
3.030917671374228917e+02 1.570846078598757742e+02
3.025329002791286257e+02 1.580151518063848357e+02
3.019739800719427762e+02 1.589456957528939256e+02
3.014153511621593680e+02 1.598762396994029586e+02
3.008576481407322376e+02 1.608067836459120485e+02
3.003011351785486340e+02 1.617373275924211100e+02
2.997457439240175177e+02 1.626678715389301715e+02
2.991917348096094997e+02 1.635984154854392614e+02
2.986394086289162715e+02 1.645289594319482944e+02
2.980891147912043380e+02 1.654595033784573843e+02
2.975404394377447375e+02 1.663900473249664458e+02
2.969939757670143763e+02 1.673205912714755073e+02
2.964496885913225128e+02 1.682511352179845971e+02
2.959076085240373573e+02 1.691816791644936302e+02
2.953682030806126022e+02 1.701122231110027201e+02
2.948314220381803352e+02 1.710427670575117816e+02
2.942974089091016481e+02 1.719733110040208430e+02
2.937663636840551362e+02 1.729038549505299329e+02
2.932382884153543614e+02 1.738343988970389660e+02
2.927130382246980389e+02 1.747649428435480559e+02
2.921906835810226539e+02 1.756954867900571173e+02
2.916710877448003885e+02 1.766260307365661788e+02
2.911541327151373935e+02 1.775565746830752687e+02
2.906393175097446147e+02 1.784871186295843017e+02
2.901262102793663189e+02 1.794176625760933916e+02
2.896144139368030892e+02 1.803482065226024531e+02
2.891036158814441137e+02 1.812787504691115146e+02
2.885935076137266719e+02 1.822092944156206045e+02
2.880837179736303142e+02 1.831398383621296375e+02
2.875739983201418113e+02 1.840703823086387274e+02
2.870641637161468225e+02 1.850009262551477889e+02
2.865541028552840430e+02 1.859314702016568503e+02
2.860438096008482489e+02 1.868620141481659118e+02
2.855333507192013371e+02 1.877925580946749733e+02
2.850228907855485545e+02 1.887231020411840632e+02
2.845126746194894736e+02 1.896536459876931247e+02
2.840029814396332881e+02 1.905841899342021861e+02
2.834940626358300051e+02 1.915147338807112476e+02
2.829861203273653700e+02 1.924452778272203091e+02
2.824792456776087306e+02 1.933758217737293990e+02
2.819733608514632124e+02 1.943063657202384604e+02
2.814682445393459034e+02 1.952369096667475219e+02
2.809636276927321887e+02 1.961674536132565834e+02
2.804592285258512447e+02 1.970979975597656448e+02
2.799548101322159255e+02 1.980285415062747347e+02
2.794501949595845076e+02 1.989590854527837962e+02
2.789452865183590120e+02 1.998896293992928577e+02
2.784400803181129049e+02 2.008201733458019191e+02
2.779346579648415059e+02 2.017507172923109806e+02
2.774291840106405402e+02 2.026812612388200421e+02
2.769238712151868640e+02 2.036118051853291320e+02
2.764189361552471382e+02 2.045423491318381934e+02
2.759145304270673478e+02 2.054728930783472549e+02
2.754107107975036115e+02 2.064034370248563164e+02
2.749074485376647772e+02 2.073339809713653779e+02
2.744046412009686833e+02 2.082645249178744677e+02
2.739020760049453429e+02 2.091950688643835292e+02
2.733995822299625047e+02 2.101256128108925907e+02
2.728969081393483975e+02 2.110561567574016522e+02
2.723937852873539214e+02 2.119867007039107136e+02
2.718899503373721700e+02 2.129172446504198035e+02
2.713850462235060377e+02 2.138477885969288650e+02
2.708789115951778399e+02 2.147783325434379265e+02
2.703714289642173867e+02 2.157088764899469879e+02
2.698624991753982272e+02 2.166394204364560494e+02
2.693520516334004355e+02 2.175699643829651393e+02
2.688401300709859356e+02 2.185005083294742008e+02
2.683280053227767326e+02 2.194310522759832622e+02
2.678193775969108970e+02 2.203615962224923237e+02
2.673169171854759725e+02 2.212921401690013852e+02
2.668216757826785965e+02 2.222226841155104466e+02
2.663349109542438100e+02 2.231532280620195365e+02
2.658573569247454884e+02 2.240837720085285980e+02
2.653748394703951021e+02 2.250143159550376595e+02
2.648918269085155544e+02 2.259448599015467209e+02
2.644088143466359497e+02 2.268754038480557824e+02
2.639258017847564020e+02 2.278059477945648723e+02
2.634427892228768542e+02 2.287364917410739338e+02
2.629597766609972496e+02 2.296670356875829953e+02
2.624767640991177586e+02 2.305975796340920567e+02
2.619937515372381540e+02 2.315281235806011182e+02
2.615107389753585494e+02 2.324586675271102081e+02
2.610277264134790016e+02 2.333892114736192696e+02
2.605447138515994538e+02 2.343197554201283310e+02
2.600617012897198492e+02 2.352502993666373925e+02
2.595786887278403015e+02 2.361808433131464540e+02
2.590956761659606968e+02 2.371113872596555439e+02
2.586126636040811491e+02 2.380419312061646053e+02
2.581296510422016013e+02 2.389724751526736668e+02
2.576466384803219967e+02 2.399030190991827283e+02
2.571636259184424489e+02 2.408335630456917897e+02
2.566806133565629011e+02 2.417641069922008796e+02
2.561976007946833533e+02 2.426946509387099411e+02
2.557145882328037771e+02 2.436251948852190026e+02
2.552315756709242009e+02 2.445557388317280640e+02
