3.268547262560670674e+02 5.886734809868261209e+01
3.266839346959970953e+02 5.979712851405731300e+01
3.265131431359271232e+02 6.072690892943201391e+01
3.263423515758571511e+02 6.165668934480670771e+01
3.261715600157872359e+02 6.258646976018140862e+01
3.260007684557173206e+02 6.351625017555610953e+01
3.258299768956473486e+02 6.444603059093080333e+01
3.256591853355773765e+02 6.537581100630551134e+01
3.254883937755074044e+02 6.630559142168020514e+01
3.253176022154374323e+02 6.723537183705491316e+01
3.251468106553675170e+02 6.816515225242960696e+01
3.249760190952974881e+02 6.909493266780431497e+01
3.248052275352275728e+02 7.002471308317900878e+01
3.246344359751576008e+02 7.095449349855371679e+01
3.244636444150876287e+02 7.188427391392841059e+01
3.242928528550177134e+02 7.281405432930310440e+01
3.241220612949477413e+02 7.374383474467781241e+01
3.239512697348777692e+02 7.467361516005250621e+01
3.237804781748077971e+02 7.560339557542721423e+01
3.236096866147378250e+02 7.653317599080190803e+01
3.234388950546679098e+02 7.746295640617660183e+01
3.232681034945979377e+02 7.839273682155130984e+01
3.230973119345280224e+02 7.932251723692600365e+01
3.229265203744580504e+02 8.025229765230071166e+01
3.227557288143880783e+02 8.118207806767540546e+01
3.225849372543181062e+02 8.211185848305009927e+01
3.224141456942481341e+02 8.304163889842480728e+01
3.222433541341782188e+02 8.397141931379951529e+01
3.220725625741082467e+02 8.490119972917420910e+01
3.219017710140382746e+02 8.583098014454890290e+01
3.217309794539683594e+02 8.676076055992361091e+01
3.215601878938983305e+02 8.769054097529830472e+01
3.213893963338284152e+02 8.862032139067301273e+01
3.212186047737585000e+02 8.955010180604770653e+01
3.210478132136885279e+02 9.047988222142240033e+01
3.208770216536185558e+02 9.140966263679710835e+01
3.207062300935485837e+02 9.233944305217180215e+01
3.205354385334786116e+02 9.326922346754651016e+01
3.203646469734086395e+02 9.419900388292120397e+01
3.201938554133386674e+02 9.512878429829589777e+01
3.199994121665247349e+02 9.605856471367060578e+01
3.198101256400605052e+02 9.698834512904531380e+01
3.196309951995640404e+02 9.791812554442000760e+01
3.194618429881761017e+02 9.884790595979470140e+01
3.193022854321269506e+02 9.977768637516939521e+01
3.191498868838439193e+02 1.007074667905441032e+02
3.190082533388274442e+02 1.016372472059188112e+02
3.188733329581176008e+02 1.025670276212935050e+02
3.187468184852264130e+02 1.034968080366681988e+02
3.186279384140908633e+02 1.044265884520428926e+02
3.185156981762684723e+02 1.053563688674176007e+02
3.184091099110153777e+02 1.062861492827923087e+02
3.183108088159502813e+02 1.072159296981670025e+02
3.182171995502488926e+02 1.081457101135416963e+02
3.181202029382545788e+02 1.090754905289164043e+02
3.180172931415892208e+02 1.100052709442910981e+02
3.179064921868501870e+02 1.109350513596658061e+02
3.177903021355195960e+02 1.118648317750404999e+02
3.176673899644479206e+02 1.127946121904151937e+02
3.175390175660239720e+02 1.137243926057899017e+02
3.174064228919582433e+02 1.146541730211646097e+02
3.172685612036656835e+02 1.155839534365393035e+02
3.171293177249629593e+02 1.165137338519139973e+02
3.169892862398471038e+02 1.174435142672886911e+02
3.168491510399813933e+02 1.183732946826633992e+02
3.167127711943576287e+02 1.193030750980381072e+02
3.165785244969922587e+02 1.202328555134128010e+02
3.164502764718187109e+02 1.211626359287874948e+02
3.163267969153485524e+02 1.220924163441621886e+02
3.162054712798793616e+02 1.230221967595368966e+02
3.160814693969898030e+02 1.239519771749116046e+02
3.159565421259438835e+02 1.248817575902862984e+02
3.158297586585622412e+02 1.258115380056609922e+02
3.157006170223931463e+02 1.267413184210357002e+02
3.155700071622389373e+02 1.276710988364103940e+02
3.154331680711388231e+02 1.286008792517851020e+02
3.152892098602445685e+02 1.295306596671597958e+02
3.151308661714762138e+02 1.304604400825344896e+02
3.149565080135930657e+02 1.313902204979091835e+02
3.147613432045574200e+02 1.323200009132838773e+02
3.145441160862446850e+02 1.332497813286585995e+02
3.143040163987503774e+02 1.341795617440332933e+02
3.140401431209397174e+02 1.351093421594080155e+02
3.137521360814714626e+02 1.360391225747827093e+02
3.134417216681073910e+02 1.369689029901574031e+02
3.131086704501958593e+02 1.378986834055320969e+02
3.127550572835239109e+02 1.388284638209067907e+02
3.123802041565235754e+02 1.397582442362814845e+02
3.119841602300491559e+02 1.406880246516561783e+02
3.115698638150073521e+02 1.416178050670309005e+02
3.111357889086290811e+02 1.425475854824055943e+02
3.106877964294773165e+02 1.434773658977802882e+02
3.102189876757882985e+02 1.444071463131550104e+02
3.097353058111524433e+02 1.453369267285297042e+02
3.092315793312604342e+02 1.462667071439043980e+02
3.087107710980093884e+02 1.471964875592790918e+02
3.081816884916403865e+02 1.481262679746537856e+02
3.076481439405998799e+02 1.490560483900284794e+02
3.071100028792521925e+02 1.499858288054031732e+02
3.065687535725508042e+02 1.509156092207778954e+02
3.060242440657915495e+02 1.518453896361525892e+02
3.054774758801710277e+02 1.527751700515273114e+02
3.049295614782698749e+02 1.537049504669020052e+02
3.043793579026832390e+02 1.546347308822766990e+02
3.038273818309932608e+02 1.555645112976513929e+02
3.032744499866560091e+02 1.564942917130260867e+02
3.027197519458351849e+02 1.574240721284007805e+02
3.021642993249961933e+02 1.583538525437754743e+02
3.016081573584601188e+02 1.592836329591501965e+02
3.010517340151924373e+02 1.602134133745248903e+02
3.004954578484190506e+02 1.611431937898995841e+02
2.999397519619718651e+02 1.620729742052743063e+02
2.993852402992488919e+02 1.630027546206490001e+02
2.988319924861113464e+02 1.639325350360236939e+02
2.982801858101529433e+02 1.648623154513983877e+02
2.977301292810840323e+02 1.657920958667730815e+02
2.971821863975906695e+02 1.667218762821477753e+02
2.966364834764029865e+02 1.676516566975224691e+02
2.960926842611361280e+02 1.685814371128971914e+02
2.955511207617799982e+02 1.695112175282718852e+02
2.950119444969260485e+02 1.704409979436466074e+02
2.944747721023530858e+02 1.713707783590213012e+02
2.939395662902323352e+02 1.723005587743959950e+02
2.934064024305332623e+02 1.732303391897706888e+02
2.928751553449498033e+02 1.741601196051453826e+02
2.923455521114096882e+02 1.750899000205200764e+02
2.918173548614401511e+02 1.760196804358947702e+02
2.912902970596654200e+02 1.769494608512694924e+02
2.907641429327393325e+02 1.778792412666441862e+02
2.902386137424020944e+02 1.788090216820188800e+02
2.897137119351132810e+02 1.797388020973936023e+02
2.891894739004093822e+02 1.806685825127682961e+02
2.886660432660983133e+02 1.815983629281429899e+02
2.881435044230263429e+02 1.825281433435176837e+02
2.876220173965512004e+02 1.834579237588923775e+02
2.871017615027793681e+02 1.843877041742670713e+02
2.865830756966812487e+02 1.853174845896417651e+02
2.860660901233576396e+02 1.862472650050164873e+02
2.855511113341184455e+02 1.871770454203911811e+02
2.850384005745533500e+02 1.881068258357658749e+02
2.845281434873218132e+02 1.890366062511405971e+02
2.840204261425110417e+02 1.899663866665152909e+02
2.835152178398545857e+02 1.908961670818899847e+02
2.830123498935639645e+02 1.918259474972646785e+02
2.825115341370484998e+02 1.927557279126393723e+02
2.820124097430190204e+02 1.936855083280140946e+02
2.815145846021787293e+02 1.946152887433887884e+02
2.810177344648771509e+02 1.955450691587634822e+02
2.805215102807112544e+02 1.964748495741381760e+02
2.800255580352204561e+02 1.974046299895128698e+02
2.795295716698050228e+02 1.983344104048875920e+02
2.790333683129499605e+02 1.992641908202622858e+02
2.785369158347009488e+02 2.001939712356369796e+02
2.780403520467050953e+02 2.011237516510116734e+02
2.775439335110528418e+02 2.020535320663863672e+02
2.770479377708250581e+02 2.029833124817610894e+02
2.765525354789488688e+02 2.039130928971357832e+02
2.760578816479655870e+02 2.048428733125104770e+02
2.755639192993550637e+02 2.057726537278851708e+02
2.750704469807175201e+02 2.067024341432598931e+02
2.745772127371213287e+02 2.076322145586345869e+02
2.740837882034608128e+02 2.085619949740092807e+02
2.735897340297125311e+02 2.094917753893839745e+02
2.730946076168009995e+02 2.104215558047586683e+02
2.725980608049745797e+02 2.113513362201333905e+02
2.720995335107762685e+02 2.122811166355080843e+02
2.715986062595347335e+02 2.132108970508827781e+02
2.710952050665815136e+02 2.141406774662574719e+02
2.705896070027204701e+02 2.150704578816321657e+02
2.700820269570043024e+02 2.160002382970068879e+02
2.695728464037665617e+02 2.169300187123815817e+02
2.690624784590471563e+02 2.178597991277562755e+02
2.685512865087704881e+02 2.187895795431309693e+02
2.680395408200802194e+02 2.197193599585056631e+02
2.675286339779596574e+02 2.206491403738803854e+02
2.670205139467257140e+02 2.215789207892550792e+02
2.665167519855999672e+02 2.225087012046297730e+02
2.660238514835345427e+02 2.234384816200044668e+02
2.655347776812179745e+02 2.243682620353791890e+02
2.650364631555949018e+02 2.252980424507538828e+02
2.645381486299717722e+02 2.262278228661285766e+02
2.640398341043486425e+02 2.271576032815032704e+02
2.635415195787255698e+02 2.280873836968779642e+02
2.630432050531024402e+02 2.290171641122526864e+02
2.625448905274793105e+02 2.299469445276273802e+02
2.620465760018561809e+02 2.308767249430020740e+02
2.615482614762330513e+02 2.318065053583767678e+02
2.610499469506099786e+02 2.327362857737514616e+02
2.605516324249868489e+02 2.336660661891261839e+02
2.600533178993637762e+02 2.345958466045008777e+02
2.595550033737406466e+02 2.355256270198755715e+02
2.590566888481175170e+02 2.364554074352502653e+02
2.585583743224943873e+02 2.373851878506249591e+02
2.580600597968712577e+02 2.383149682659996813e+02
2.575617452712481850e+02 2.392447486813743751e+02
2.570634307456250554e+02 2.401745290967490689e+02
2.565651162200019257e+02 2.411043095121237627e+02
2.560668016943787961e+02 2.420340899274984849e+02
2.555684871687556949e+02 2.429638703428731787e+02
2.550701726431325937e+02 2.438936507582478725e+02
