3.271432115421076787e+02 5.807854478083740446e+01
3.269718341826962273e+02 5.901387148628396773e+01
3.268004568232848328e+02 5.994919819173053099e+01
3.266290794638733814e+02 6.088452489717709426e+01
3.264577021044619300e+02 6.181985160262365042e+01
3.262863247450505355e+02 6.275517830807021369e+01
3.261149473856391410e+02 6.369050501351677696e+01
3.259435700262276896e+02 6.462583171896334022e+01
3.257721926668162382e+02 6.556115842440989638e+01
3.256008153074048437e+02 6.649648512985646676e+01
3.254294379479933923e+02 6.743181183530302292e+01
3.252580605885819978e+02 6.836713854074959329e+01
3.250866832291705464e+02 6.930246524619614945e+01
3.249153058697590950e+02 7.023779195164271982e+01
3.247439285103477005e+02 7.117311865708927598e+01
3.245725511509363059e+02 7.210844536253583215e+01
3.244011737915248546e+02 7.304377206798240252e+01
3.242297964321134032e+02 7.397909877342895868e+01
3.240584190727020086e+02 7.491442547887552905e+01
3.238870417132906141e+02 7.584975218432208521e+01
3.237156643538791627e+02 7.678507888976864137e+01
3.235442869944677113e+02 7.772040559521521175e+01
3.233729096350563168e+02 7.865573230066178212e+01
3.232015322756448654e+02 7.959105900610833828e+01
3.230301549162334709e+02 8.052638571155489444e+01
3.228587775568220195e+02 8.146171241700146481e+01
3.226874001974106250e+02 8.239703912244802098e+01
3.225160228379991736e+02 8.333236582789459135e+01
3.223446454785877791e+02 8.426769253334114751e+01
3.221732681191763277e+02 8.520301923878770367e+01
3.220018907597649331e+02 8.613834594423427404e+01
3.218305134003534818e+02 8.707367264968083020e+01
3.216591360409420872e+02 8.800899935512740058e+01
3.214877586815305790e+02 8.894432606057395674e+01
3.213163813221191845e+02 8.987965276602051290e+01
3.211450039627077899e+02 9.081497947146708327e+01
3.209736266032963385e+02 9.175030617691365364e+01
3.208022492438848872e+02 9.268563288236020981e+01
3.206308718844734926e+02 9.362095958780676597e+01
3.204539152309318411e+02 9.455628629325333634e+01
3.202601114169700054e+02 9.549161299869989250e+01
3.200784351121935742e+02 9.642693970414646287e+01
3.199061459905299216e+02 9.736226640959301903e+01
3.197440374592722492e+02 9.829759311503957520e+01
3.195916496903572579e+02 9.923291982048614557e+01
3.194460105796217135e+02 1.001682465259327159e+02
3.193095305496481160e+02 1.011035732313792721e+02
3.191815979927975491e+02 1.020388999368258283e+02
3.190605017935457681e+02 1.029742266422723844e+02
3.189493472319249463e+02 1.039095533477189548e+02
3.188450380480369972e+02 1.048448800531655252e+02
3.187492351183593087e+02 1.057802067586120813e+02
3.186619185380899921e+02 1.067155334640586375e+02
3.185757078765172992e+02 1.076508601695052079e+02
3.184807101615227793e+02 1.085861868749517640e+02
3.183787072009335475e+02 1.095215135803983344e+02
3.182697579379589570e+02 1.104568402858448906e+02
3.181528883909535921e+02 1.113921669912914467e+02
3.180308443506495450e+02 1.123274936967380171e+02
3.179013915709527396e+02 1.132628204021845875e+02
3.177681217407480290e+02 1.141981471076311436e+02
3.176295977035381384e+02 1.151334738130776998e+02
3.174897553100551590e+02 1.160688005185242559e+02
3.173482011384526800e+02 1.170041272239708263e+02
3.172068947125468412e+02 1.179394539294173967e+02
3.170678195619835833e+02 1.188747806348639529e+02
3.169308946169462047e+02 1.198101073403105090e+02
3.167975318244859864e+02 1.207454340457570794e+02
3.166684812228976966e+02 1.216807607512036356e+02
3.165421475144402166e+02 1.226160874566502059e+02
3.164159470779529215e+02 1.235514141620967621e+02
3.162891934303751214e+02 1.244867408675433325e+02
3.161616765730258862e+02 1.254220675729898886e+02
3.160339781405002668e+02 1.263573942784364448e+02
3.159023292282098510e+02 1.272927209838830152e+02
3.157650434507040131e+02 1.282280476893295713e+02
3.156189994943391071e+02 1.291633743947761559e+02
3.154584917307740284e+02 1.300987011002226836e+02
3.152803899025532246e+02 1.310340278056692682e+02
3.150818179853914671e+02 1.319693545111158244e+02
3.148613087896035267e+02 1.329046812165623805e+02
3.146155194898067862e+02 1.338400079220089651e+02
3.143432962052661424e+02 1.347753346274554929e+02
3.140452102299121862e+02 1.357106613329020774e+02
3.137213261366846950e+02 1.366459880383486336e+02
3.133772948911732215e+02 1.375813147437951898e+02
3.130115680018185458e+02 1.385166414492417744e+02
3.126278671277680132e+02 1.394519681546883021e+02
3.122249137086457722e+02 1.403872948601348867e+02
3.118073670303227232e+02 1.413226215655814428e+02
3.113718771726629484e+02 1.422579482710279990e+02
3.109208203499411525e+02 1.431932749764745836e+02
3.104521091487258673e+02 1.441286016819211397e+02
3.099658267515550847e+02 1.450639283873676959e+02
3.094661167418801142e+02 1.459992550928142521e+02
3.089523383493561823e+02 1.469345817982608082e+02
3.084321279654064938e+02 1.478699085037073928e+02
3.079100783969894337e+02 1.488052352091539490e+02
3.073849642197800449e+02 1.497405619146005051e+02
3.068577582161424289e+02 1.506758886200470897e+02
3.063289878614566533e+02 1.516112153254936175e+02
3.057977897894383545e+02 1.525465420309402020e+02
3.052647800158255222e+02 1.534818687363867582e+02
3.047294240468015687e+02 1.544171954418333144e+02
3.041923235916466410e+02 1.553525221472798989e+02
3.036530720032340014e+02 1.562878488527264267e+02
3.031125336944653554e+02 1.572231755581730113e+02
3.025705220435242495e+02 1.581585022636195674e+02
3.020274296627000581e+02 1.590938289690661236e+02
3.014837758340332243e+02 1.600291556745127082e+02
3.009395679104424630e+02 1.609644823799592359e+02
3.003952444052329156e+02 1.618998090854058205e+02
2.998511722693509682e+02 1.628351357908523767e+02
2.993076339744775964e+02 1.637704624962989328e+02
2.987646858896114850e+02 1.647057892017455174e+02
2.982226671229467456e+02 1.656411159071920451e+02
2.976817020006254779e+02 1.665764426126386297e+02
2.971417927980884883e+02 1.675117693180851859e+02
2.966031645358654600e+02 1.684470960235317420e+02
2.960658805547132033e+02 1.693824227289783266e+02
2.955299439437577576e+02 1.703177494344248828e+02
2.949953451853795059e+02 1.712530761398714390e+02
2.944623495128060995e+02 1.721884028453179951e+02
2.939310542714758867e+02 1.731237295507645513e+02
2.934015195153439777e+02 1.740590562562111359e+02
2.928736654369905068e+02 1.749943829616576920e+02
2.923476551635937994e+02 1.759297096671042482e+02
2.918234374645812750e+02 1.768650363725508328e+02
2.913009591204268531e+02 1.778003630779973605e+02
2.907805138210905511e+02 1.787356897834439451e+02
2.902618519947473601e+02 1.796710164888905013e+02
2.897448944883061586e+02 1.806063431943370574e+02
2.892295903572772886e+02 1.815416698997836420e+02
2.887159165081302490e+02 1.824769966052301697e+02
2.882038064828636266e+02 1.834123233106767543e+02
2.876931948477185301e+02 1.843476500161233105e+02
2.871840766347661429e+02 1.852829767215698666e+02
2.866765450573989824e+02 1.862183034270164228e+02
2.861708653594715202e+02 1.871536301324630074e+02
2.856670209883955067e+02 1.880889568379095635e+02
2.851651114439517869e+02 1.890242835433561197e+02
2.846651974602311270e+02 1.899596102488026759e+02
2.841672893617920295e+02 1.908949369542492605e+02
2.836713452093952128e+02 1.918302636596958166e+02
2.831772571123760827e+02 1.927655903651423728e+02
2.826848551906487614e+02 1.937009170705889289e+02
2.821939030459774926e+02 1.946362437760354851e+02
2.817040733972137900e+02 1.955715704814820697e+02
2.812149314724492228e+02 1.965068971869286258e+02
2.807260068521092649e+02 1.974422238923751820e+02
2.802369015990533967e+02 1.983775505978217382e+02
2.797473297493820041e+02 1.993128773032682943e+02
2.792571715408344630e+02 2.002482040087148789e+02
2.787663095389344221e+02 2.011835307141614351e+02
2.782747160600977736e+02 2.021188574196079912e+02
2.777823753344242732e+02 2.030541841250545474e+02
2.772891100141615084e+02 2.039895108305011320e+02
2.767947678132314877e+02 2.049248375359476881e+02
2.762992471777967012e+02 2.058601642413942443e+02
2.758025228013435139e+02 2.067954909468408005e+02
2.753045891485743937e+02 2.077308176522873566e+02
2.748054418320444938e+02 2.086661443577339412e+02
2.743051250949167752e+02 2.096014710631804974e+02
2.738036600111157668e+02 2.105367977686270535e+02
2.733012814569786997e+02 2.114721244740736097e+02
2.727982893336595680e+02 2.124074511795201659e+02
2.722951112000731655e+02 2.133427778849667504e+02
2.717920690261546497e+02 2.142781045904133066e+02
2.712896192615706923e+02 2.152134312958598628e+02
2.707879395102294779e+02 2.161487580013064189e+02
2.702883598308843034e+02 2.170840847067530035e+02
2.697921846962535710e+02 2.180194114121995597e+02
2.692996866680391008e+02 2.189547381176461158e+02
2.688091775409318416e+02 2.198900648230926720e+02
2.683180538666059647e+02 2.208253915285392281e+02
2.678250627730034239e+02 2.217607182339858127e+02
2.673358275766197494e+02 2.226960449394323689e+02
2.668539953437320946e+02 2.236313716448789251e+02
2.663713389488659118e+02 2.245666983503254812e+02
2.658886825539997290e+02 2.255020250557720374e+02
2.654060261591336030e+02 2.264373517612186220e+02
2.649233697642674770e+02 2.273726784666651781e+02
2.644407133694012941e+02 2.283080051721117343e+02
2.639580569745351681e+02 2.292433318775582904e+02
2.634754005796689853e+02 2.301786585830048750e+02
2.629927441848028593e+02 2.311139852884514312e+02
2.625100877899367333e+02 2.320493119938979873e+02
2.620274313950706073e+02 2.329846386993445435e+02
2.615447750002044245e+02 2.339199654047910997e+02
2.610621186053382417e+02 2.348552921102376843e+02
2.605794622104721157e+02 2.357906188156842404e+02
2.600968058156059897e+02 2.367259455211307966e+02
2.596141494207398637e+02 2.376612722265773527e+02
2.591314930258736808e+02 2.385965989320239089e+02
2.586488366310075548e+02 2.395319256374704935e+02
2.581661802361413720e+02 2.404672523429170496e+02
2.576835238412752460e+02 2.414025790483636058e+02
2.572008674464090632e+02 2.423379057538101620e+02
2.567182110515429372e+02 2.432732324592567466e+02
2.562355546566767543e+02 2.442085591647033027e+02
