3.271435244299410670e+02 5.814991720782720108e+01
3.269722382016080928e+02 5.908420074795467514e+01
3.268009519732751187e+02 6.001848428808214209e+01
3.266296657449421446e+02 6.095276782820961614e+01
3.264583795166091136e+02 6.188705136833708309e+01
3.262870932882762531e+02 6.282133490846455715e+01
3.261158070599432222e+02 6.375561844859203120e+01
3.259445208316102480e+02 6.468990198871949815e+01
3.257732346032772739e+02 6.562418552884696510e+01
3.256019483749442998e+02 6.655846906897444626e+01
3.254306621466113256e+02 6.749275260910191321e+01
3.252593759182783515e+02 6.842703614922938016e+01
3.250880896899453774e+02 6.936131968935686132e+01
3.249168034616123464e+02 7.029560322948432827e+01
3.247455172332794291e+02 7.122988676961179522e+01
3.245742310049464550e+02 7.216417030973927638e+01
3.244029447766134808e+02 7.309845384986674333e+01
3.242316585482804498e+02 7.403273738999421028e+01
3.240603723199474189e+02 7.496702093012169144e+01
3.238890860916145584e+02 7.590130447024915838e+01
3.237177998632815843e+02 7.683558801037662533e+01
3.235465136349484965e+02 7.776987155050409228e+01
3.233752274066155792e+02 7.870415509063157344e+01
3.232039411782826051e+02 7.963843863075904039e+01
3.230326549499496309e+02 8.057272217088650734e+01
3.228613687216166568e+02 8.150700571101398850e+01
3.226900824932836258e+02 8.244128925114145545e+01
3.225187962649507085e+02 8.337557279126892240e+01
3.223475100366177344e+02 8.430985633139638935e+01
3.221762238082847603e+02 8.524413987152387051e+01
3.220049375799517293e+02 8.617842341165133746e+01
3.218336513516187551e+02 8.711270695177881862e+01
3.216623651232857810e+02 8.804699049190628557e+01
3.214910788949528069e+02 8.898127403203375252e+01
3.213197926666198327e+02 8.991555757216121947e+01
3.211485064382869155e+02 9.084984111228868642e+01
3.209772202099538845e+02 9.178412465241616758e+01
3.208059339816209103e+02 9.271840819254364874e+01
3.206346477532879362e+02 9.365269173267111569e+01
3.204633615249549621e+02 9.458697527279858264e+01
3.202895331795886591e+02 9.552125881292604959e+01
3.201019987917143226e+02 9.645554235305351654e+01
3.199275033925858907e+02 9.738982589318099770e+01
3.197640813777817357e+02 9.832410943330846465e+01
3.196092716268260006e+02 9.925839297343594581e+01
3.194645499779272200e+02 1.001926765135634128e+02
3.193301129132789811e+02 1.011269600536908797e+02
3.192015436474346188e+02 1.020612435938183467e+02
3.190828133692817801e+02 1.029955271339458136e+02
3.189708256269140634e+02 1.039298106740732948e+02
3.188672382967223484e+02 1.048640942142007617e+02
3.187710405306452230e+02 1.057983777543282429e+02
3.186826725771451265e+02 1.067326612944557098e+02
3.185940611619828360e+02 1.076669448345831768e+02
3.184994158964043436e+02 1.086012283747106437e+02
3.183974007051889998e+02 1.095355119148381249e+02
3.182889830680803698e+02 1.104697954549655918e+02
3.181726071939862095e+02 1.114040789950930730e+02
3.180509974715470207e+02 1.123383625352205399e+02
3.179221511802910527e+02 1.132726460753480069e+02
3.177883516443481540e+02 1.142069296154754738e+02
3.176494461975897252e+02 1.151412131556029408e+02
3.175093120541523604e+02 1.160754966957304219e+02
3.173665845038012208e+02 1.170097802358578889e+02
3.172257397953965778e+02 1.179440637759853701e+02
3.170862351249638778e+02 1.188783473161128370e+02
3.169493176380335058e+02 1.198126308562403040e+02
3.168165076217131855e+02 1.207469143963677709e+02
3.166861977142345950e+02 1.216811979364952379e+02
3.165552951918063513e+02 1.226154814766227190e+02
3.164218234437977344e+02 1.235497650167501860e+02
3.162866082571544553e+02 1.244840485568776671e+02
3.161499130982985548e+02 1.254183320970051341e+02
3.160111848399618566e+02 1.263526156371326010e+02
3.158711153736036295e+02 1.272868991772600822e+02
3.157278130566400023e+02 1.282211827173875349e+02
3.155787919333118339e+02 1.291554662575150019e+02
3.154215308000772779e+02 1.300897497976424688e+02
3.152524805994964368e+02 1.310240333377699642e+02
3.150662586400136433e+02 1.319583168778974311e+02
3.148607227467619509e+02 1.328926004180248981e+02
3.146333602074257669e+02 1.338268839581523935e+02
3.143824980636633200e+02 1.347611674982798604e+02
3.141074036480556515e+02 1.356954510384073274e+02
3.138075864708856670e+02 1.366297345785347943e+02
3.134866927964617958e+02 1.375640181186622613e+02
3.131430762033484143e+02 1.384983016587897282e+02
3.127824340100966083e+02 1.394325851989171952e+02
3.123999703776433989e+02 1.403668687390446621e+02
3.120018279464334796e+02 1.413011522791721291e+02
3.115825433199926238e+02 1.422354358192995960e+02
3.111466842662695740e+02 1.431697193594270914e+02
3.106894004744672770e+02 1.441040028995545583e+02
3.102129304532579681e+02 1.450382864396820253e+02
3.097226792988482771e+02 1.459725699798095206e+02
3.092246899031240446e+02 1.469068535199369876e+02
3.087213597582086777e+02 1.478411370600644545e+02
3.082130738806641830e+02 1.487754206001919215e+02
3.076993979682807776e+02 1.497097041403193884e+02
3.071823929203796979e+02 1.506439876804468554e+02
3.066607023262846496e+02 1.515782712205743223e+02
3.061365707135316256e+02 1.525125547607017893e+02
3.056085416353108144e+02 1.534468383008292562e+02
3.050782929360657363e+02 1.543811218409567232e+02
3.045442696827275881e+02 1.553154053810842186e+02
3.040080373661668318e+02 1.562496889212116855e+02
3.034683738684034324e+02 1.571839724613391525e+02
3.029263835982957858e+02 1.581182560014666478e+02
3.023817922472646842e+02 1.590525395415941148e+02
3.018349283815456374e+02 1.599868230817215817e+02
3.012865128317347967e+02 1.609211066218490487e+02
3.007365348269095762e+02 1.618553901619765156e+02
3.001853812791249538e+02 1.627896737021039826e+02
2.996336826792033889e+02 1.637239572422314495e+02
2.990818031973208235e+02 1.646582407823589165e+02
2.985302516408121392e+02 1.655925243224863834e+02
2.979795503826392746e+02 1.665268078626138504e+02
2.974302155690811560e+02 1.674610914027413457e+02
2.968825158046300317e+02 1.683953749428688127e+02
2.963367580498792790e+02 1.693296584829962796e+02
2.957934197968805279e+02 1.702639420231237750e+02
2.952523748356116471e+02 1.711982255632512420e+02
2.947136845924516706e+02 1.721325091033787089e+02
2.941773334260031447e+02 1.730667926435061759e+02
2.936435458502513143e+02 1.740010761836336428e+02
2.931119270638467356e+02 1.749353597237611098e+02
2.925823592465802676e+02 1.758696432638885767e+02
2.920547112172061475e+02 1.768039268040160437e+02
2.915288559145429303e+02 1.777382103441435106e+02
2.910046673528638053e+02 1.786724938842709776e+02
2.904821329138353576e+02 1.796067774243984729e+02
2.899612616902281275e+02 1.805410609645259399e+02
2.894421500532703249e+02 1.814753445046534068e+02
2.889250208936857689e+02 1.824096280447809022e+02
2.884097276403224441e+02 1.833439115849083692e+02
2.878963899214479625e+02 1.842781951250358361e+02
2.873852082866757769e+02 1.852124786651633030e+02
2.868766572767108300e+02 1.861467622052907700e+02
2.863706044686740597e+02 1.870810457454182369e+02
2.858671917361265287e+02 1.880153292855457039e+02
2.853665781751914210e+02 1.889496128256731708e+02
2.848688079443022616e+02 1.898838963658006378e+02
2.843738607150021380e+02 1.908181799059281332e+02
2.838817486398053234e+02 1.917524634460556001e+02
2.833922962206887064e+02 1.926867469861830671e+02
2.829051826434869099e+02 1.936210305263105340e+02
2.824199823813773946e+02 1.945553140664380010e+02
2.819362450295179769e+02 1.954895976065654679e+02
2.814535716346931054e+02 1.964238811466929633e+02
2.809716608505906947e+02 1.973581646868204302e+02
2.804902838409338415e+02 1.982924482269478972e+02
2.800092750473010597e+02 1.992267317670753641e+02
2.795285227808777790e+02 2.001610153072028311e+02
2.790479292873936288e+02 2.010952988473302980e+02
2.785673681783543998e+02 2.020295823874577650e+02
2.780866932745167333e+02 2.029638659275852604e+02
2.776057284464857844e+02 2.038981494677127273e+02
2.771242721990396376e+02 2.048324330078401943e+02
2.766420522006666829e+02 2.057667165479676612e+02
2.761587452758414543e+02 2.067010000880951281e+02
2.756740322107559678e+02 2.076352836282225951e+02
2.751876122652591903e+02 2.085695671683500905e+02
2.746992686318981214e+02 2.095038507084775574e+02
2.742088441911106429e+02 2.104381342486050244e+02
2.737161451160494607e+02 2.113724177887324913e+02
2.732210962288700102e+02 2.123067013288599583e+02
2.727237853928485265e+02 2.132409848689874252e+02
2.722243785660976414e+02 2.141752684091148922e+02
2.717231679015054624e+02 2.151095519492423875e+02
2.712204916664048824e+02 2.160438354893698545e+02
2.707166772062607265e+02 2.169781190294973214e+02
2.702121184470140633e+02 2.179124025696247884e+02
2.697074428658918919e+02 2.188466861097522553e+02
2.692042809585483383e+02 2.197809696498797223e+02
2.687030460376822134e+02 2.207152531900072177e+02
2.682029928772912513e+02 2.216495367301346846e+02
2.677046173450955280e+02 2.225838202702621516e+02
2.672066526010457892e+02 2.235181038103896185e+02
2.667099019006174103e+02 2.244523873505170855e+02
2.662204739421607655e+02 2.253866708906445524e+02
2.657123663418747697e+02 2.263209544307720194e+02
2.652002010370606513e+02 2.272552379708995147e+02
2.646880357322465329e+02 2.281895215110269817e+02
2.641758704274324145e+02 2.291238050511544486e+02
2.636637051226182962e+02 2.300580885912819156e+02
2.631515398178041778e+02 2.309923721314093825e+02
2.626393745129900594e+02 2.319266556715368495e+02
2.621272092081759411e+02 2.328609392116643164e+02
2.616150439033617658e+02 2.337952227517918118e+02
2.611028785985476475e+02 2.347295062919192787e+02
2.605907132937335291e+02 2.356637898320467457e+02
2.600785479889194107e+02 2.365980733721742126e+02
2.595663826841052924e+02 2.375323569123016796e+02
2.590542173792911740e+02 2.384666404524291465e+02
2.585420520744770556e+02 2.394009239925566419e+02
2.580298867696629372e+02 2.403352075326841089e+02
2.575177214648488189e+02 2.412694910728115758e+02
2.570055561600347005e+02 2.422037746129390428e+02
2.564933908552205821e+02 2.431380581530665097e+02
2.559812255504064353e+02 2.440723416931939767e+02
