3.268568103071899031e+02 5.837990944153153805e+01
3.266840640494123136e+02 5.931619874180917407e+01
3.265113177916347240e+02 6.025248804208681719e+01
3.263385715338571345e+02 6.118877734236445320e+01
3.261658252760796017e+02 6.212506664264209633e+01
3.259930790183020122e+02 6.306135594291973234e+01
3.258203327605244226e+02 6.399764524319737546e+01
3.256475865027468330e+02 6.493393454347501859e+01
3.254748402449692435e+02 6.587022384375265460e+01
3.253020939871915971e+02 6.680651314403029062e+01
3.251293477294140075e+02 6.774280244430792663e+01
3.249566014716364748e+02 6.867909174458557686e+01
3.247838552138588284e+02 6.961538104486321288e+01
3.246111089560812388e+02 7.055167034514084889e+01
3.244383626983036493e+02 7.148795964541848491e+01
3.242656164405261165e+02 7.242424894569612093e+01
3.240928701827485270e+02 7.336053824597377115e+01
3.239201239249708806e+02 7.429682754625140717e+01
3.237473776671933479e+02 7.523311684652904319e+01
3.235746314094157015e+02 7.616940614680669341e+01
3.234018851516382256e+02 7.710569544708432943e+01
3.232291388938606360e+02 7.804198474736196545e+01
3.230563926360830465e+02 7.897827404763960146e+01
3.228836463783054569e+02 7.991456334791723748e+01
3.227109001205278673e+02 8.085085264819488771e+01
3.225381538627502778e+02 8.178714194847252372e+01
3.223654076049726882e+02 8.272343124875015974e+01
3.221926613471950418e+02 8.365972054902779576e+01
3.220199150894174522e+02 8.459600984930543177e+01
3.218471688316399195e+02 8.553229914958308200e+01
3.216744225738623300e+02 8.646858844986071801e+01
3.215016763160847404e+02 8.740487775013835403e+01
3.213289300583071508e+02 8.834116705041600426e+01
3.211561838005295613e+02 8.927745635069364027e+01
3.209834375427519149e+02 9.021374565097127629e+01
3.208106912849743253e+02 9.115003495124891231e+01
3.206379450271967926e+02 9.208632425152654832e+01
3.204651987694192030e+02 9.302261355180419855e+01
3.202924525116416703e+02 9.395890285208183457e+01
3.201197062538640807e+02 9.489519215235947058e+01
3.199304564312897696e+02 9.583148145263712081e+01
3.197272375378349238e+02 9.676777075291474262e+01
3.195361729879418249e+02 9.770406005319239284e+01
3.193572340827111020e+02 9.864034935347002886e+01
3.191881059909056830e+02 9.957663865374766488e+01
3.190325289541121947e+02 1.005129279540253151e+02
3.188859984313274367e+02 1.014492172543029511e+02
3.187488518312990777e+02 1.023855065545805871e+02
3.186229673030996423e+02 1.033217958548582232e+02
3.185030222588364381e+02 1.042580851551358592e+02
3.183935869871756950e+02 1.051943744554135094e+02
3.182898397364542689e+02 1.061306637556911454e+02
3.181950400643441981e+02 1.070669530559687814e+02
3.181022769555610807e+02 1.080032423562464317e+02
3.180047335754746882e+02 1.089395316565240535e+02
3.179003533792243843e+02 1.098758209568017037e+02
3.177884221114150023e+02 1.108121102570793397e+02
3.176683205046836633e+02 1.117483995573569757e+02
3.175434490500628044e+02 1.126846888576346259e+02
3.174109813095871004e+02 1.136209781579122620e+02
3.172750189876481386e+02 1.145572674581898980e+02
3.171341334135955776e+02 1.154935567584675482e+02
3.169925873452381779e+02 1.164298460587451700e+02
3.168489403927874264e+02 1.173661353590228202e+02
3.167071451033207268e+02 1.183024246593004563e+02
3.165660080598054833e+02 1.192387139595780923e+02
3.164268472559044767e+02 1.201750032598557425e+02
3.162911031707280927e+02 1.211112925601333643e+02
3.161577225467301560e+02 1.220475818604110145e+02
3.160252009852230231e+02 1.229838711606886505e+02
3.158912152335798851e+02 1.239201604609662866e+02
3.157553483674618064e+02 1.248564497612439368e+02
3.156195938025448982e+02 1.257927390615215728e+02
3.154837458956207570e+02 1.267290283617992088e+02
3.153467594305627699e+02 1.276653176620768448e+02
3.152090695670936498e+02 1.286016069623544809e+02
3.150654300454107783e+02 1.295378962626321311e+02
3.149134301822703037e+02 1.304741855629097813e+02
3.147486051774962448e+02 1.314104748631874031e+02
3.145663920927689787e+02 1.323467641634650533e+02
3.143631099616375764e+02 1.332830534637427036e+02
3.141347684583648743e+02 1.342193427640203254e+02
3.138819612146627378e+02 1.351556320642979472e+02
3.136036007281991260e+02 1.360919213645755974e+02
3.133005096601927448e+02 1.370282106648532476e+02
3.129734971371330516e+02 1.379644999651308694e+02
3.126215453110157227e+02 1.389007892654085197e+02
3.122467927112922439e+02 1.398370785656861699e+02
3.118453255064371774e+02 1.407733678659637917e+02
3.114233993324519361e+02 1.417096571662414419e+02
3.109786949530887341e+02 1.426459464665190922e+02
3.105129385376519622e+02 1.435822357667967140e+02
3.100281046003651682e+02 1.445185250670743642e+02
3.095232776724163273e+02 1.454548143673520144e+02
3.090017102717320654e+02 1.463911036676296362e+02
3.084775964200320004e+02 1.473273929679072580e+02
3.079487125480315513e+02 1.482636822681849083e+02
3.074166974691622158e+02 1.491999715684625585e+02
3.068825126332742457e+02 1.501362608687401803e+02
3.063465476132407730e+02 1.510725501690178305e+02
3.058088227114656661e+02 1.520088394692954807e+02
3.052698413147235215e+02 1.529451287695731025e+02
3.047292134716292935e+02 1.538814180698507528e+02
3.041869357406737890e+02 1.548177073701284030e+02
3.036431762924828490e+02 1.557539966704060248e+02
3.030982056189561717e+02 1.566902859706836750e+02
3.025521152958799576e+02 1.576265752709613253e+02
3.020047037817608384e+02 1.585628645712389471e+02
3.014564519638435058e+02 1.594991538715165689e+02
3.009075456409291860e+02 1.604354431717942475e+02
3.003580491674001109e+02 1.613717324720718693e+02
2.998078064103223710e+02 1.623080217723494911e+02
2.992573101704866190e+02 1.632443110726271414e+02
2.987067046962017116e+02 1.641806003729047916e+02
2.981559204250987705e+02 1.651168896731824134e+02
2.976051323973957210e+02 1.660531789734600636e+02
2.970545238752588375e+02 1.669894682737377138e+02
2.965041399412995133e+02 1.679257575740153356e+02
2.959541155060226174e+02 1.688620468742929859e+02
2.954045961156314775e+02 1.697983361745706361e+02
2.948556517264011063e+02 1.707346254748482579e+02
2.943072775073065941e+02 1.716709147751258797e+02
2.937595294481330939e+02 1.726072040754035584e+02
2.932126802852818628e+02 1.735434933756811802e+02
2.926670520402673787e+02 1.744797826759588020e+02
2.921229009770018479e+02 1.754160719762364522e+02
2.915804813707446215e+02 1.763523612765141024e+02
2.910399040376365747e+02 1.772886505767917242e+02
2.905013358922398083e+02 1.782249398770693745e+02
2.899649128711953381e+02 1.791612291773470247e+02
2.894308172472462388e+02 1.800975184776246465e+02
2.888991095008299226e+02 1.810338077779022967e+02
2.883696661983625518e+02 1.819700970781799469e+02
2.878424704118007753e+02 1.829063863784575688e+02
2.873175203011568897e+02 1.838426756787351906e+02
2.867948695960507166e+02 1.847789649790128692e+02
2.862744345974832640e+02 1.857152542792904910e+02
2.857563740122758986e+02 1.866515435795681412e+02
2.852408940891013458e+02 1.875878328798457630e+02
2.847282503434468026e+02 1.885241221801234133e+02
2.842187130197038982e+02 1.894604114804010351e+02
2.837127197570237627e+02 1.903967007806786853e+02
2.832101943121032832e+02 1.913329900809563355e+02
2.827111640033148774e+02 1.922692793812339573e+02
2.822155220442915606e+02 1.932055686815116076e+02
2.817229962529207228e+02 1.941418579817892294e+02
2.812331715547978206e+02 1.950781472820668796e+02
2.807455230721419071e+02 1.960144365823445298e+02
2.802593894083662462e+02 1.969507258826221516e+02
2.797740341363539756e+02 1.978870151828998019e+02
2.792887605596568505e+02 1.988233044831774521e+02
2.788030020466873111e+02 1.997595937834550739e+02
2.783163499963029039e+02 2.006958830837327241e+02
2.778285540471279660e+02 2.016321723840103459e+02
2.773394478973340824e+02 2.025684616842879961e+02
2.768489675055566863e+02 2.035047509845656464e+02
2.763571265465785700e+02 2.044410402848432682e+02
2.758639632602563552e+02 2.053773295851209184e+02
2.753695145107484450e+02 2.063136188853985686e+02
2.748738442375789077e+02 2.072499081856761904e+02
2.743769107889770567e+02 2.081861974859538407e+02
2.738786009415955505e+02 2.091224867862314625e+02
2.733787311770579436e+02 2.100587760865091127e+02
2.728770751255312916e+02 2.109950653867867629e+02
2.723732602192778813e+02 2.119313546870643847e+02
2.718669047609845961e+02 2.128676439873420350e+02
2.713577631870891764e+02 2.138039332876196568e+02
2.708456975758211911e+02 2.147402225878973070e+02
2.703307166093172782e+02 2.156765118881749572e+02
2.698130678130218030e+02 2.166128011884525790e+02
2.692931389321969391e+02 2.175490904887302293e+02
2.687710984086264716e+02 2.184853797890078795e+02
2.682478244088631527e+02 2.194216690892855013e+02
2.677251036688788872e+02 2.203579583895631515e+02
2.672048235956511348e+02 2.212942476898407733e+02
2.666956871690641719e+02 2.222305369901184235e+02
2.662000533548684302e+02 2.231668262903960738e+02
2.657138062751748748e+02 2.241031155906736956e+02
2.652390166258616091e+02 2.250394048909513458e+02
2.647685477619140784e+02 2.259756941912289676e+02
2.642980788979665476e+02 2.269119834915066178e+02
2.638276100340190169e+02 2.278482727917842681e+02
2.633571411700714862e+02 2.287845620920618899e+02
2.628866723061238986e+02 2.297208513923395401e+02
2.624162034421763678e+02 2.306571406926171903e+02
2.619457345782288371e+02 2.315934299928948121e+02
2.614752657142812495e+02 2.325297192931724624e+02
2.610047968503337188e+02 2.334660085934500842e+02
2.605343279863861312e+02 2.344022978937277344e+02
2.600638591224386005e+02 2.353385871940053846e+02
2.595933902584910697e+02 2.362748764942830064e+02
2.591229213945435390e+02 2.372111657945606566e+02
2.586524525305960083e+02 2.381474550948382785e+02
2.581819836666484775e+02 2.390837443951159287e+02
2.577115148027008900e+02 2.400200336953935789e+02
2.572410459387533592e+02 2.409563229956712007e+02
2.567705770748058285e+02 2.418926122959488509e+02
2.563001082108582409e+02 2.428289015962265012e+02
2.558296393469107102e+02 2.437651908965041230e+02
2.553591704829631794e+02 2.447014801967817732e+02
