3.268565482446657597e+02 5.844147088374364785e+01
3.266872178073361965e+02 5.937379117558354125e+01
3.265178873700065765e+02 6.030611146742343465e+01
3.263485569326770133e+02 6.123843175926332805e+01
3.261792264953473932e+02 6.217075205110322145e+01
3.260098960580178300e+02 6.310307234294312195e+01
3.258405656206882099e+02 6.403539263478300825e+01
3.256712351833586467e+02 6.496771292662290875e+01
3.255019047460290267e+02 6.590003321846279505e+01
3.253325743086994635e+02 6.683235351030269555e+01
3.251632438713698434e+02 6.776467380214259606e+01
3.249939134340402802e+02 6.869699409398248235e+01
3.248245829967106602e+02 6.962931438582238286e+01
3.246552525593810969e+02 7.056163467766226916e+01
3.244859221220514769e+02 7.149395496950216966e+01
3.243165916847219137e+02 7.242627526134205596e+01
3.241472612473922936e+02 7.335859555318195646e+01
3.239779308100627304e+02 7.429091584502185697e+01
3.238086003727331672e+02 7.522323613686174326e+01
3.236392699354036040e+02 7.615555642870164377e+01
3.234699394980739271e+02 7.708787672054153006e+01
3.233006090607443639e+02 7.802019701238143057e+01
3.231312786234148007e+02 7.895251730422131686e+01
3.229619481860852375e+02 7.988483759606121737e+01
3.227926177487556174e+02 8.081715788790111787e+01
3.226232873114259974e+02 8.174947817974100417e+01
3.224539568740964341e+02 8.268179847158089046e+01
3.222846264367668709e+02 8.361411876342079097e+01
3.221152959994372509e+02 8.454643905526069148e+01
3.219459655621076877e+02 8.547875934710057777e+01
3.217766351247780676e+02 8.641107963894047828e+01
3.216073046874485044e+02 8.734339993078037878e+01
3.214379742501188844e+02 8.827572022262026508e+01
3.212686438127892643e+02 8.920804051446015137e+01
3.210993133754597011e+02 9.014036080630005188e+01
3.209299829381301379e+02 9.107268109813995238e+01
3.207606525008005178e+02 9.200500138997983868e+01
3.205913220634709546e+02 9.293732168181973918e+01
3.204219916261413346e+02 9.386964197365963969e+01
3.202419612824496653e+02 9.480196226549952598e+01
3.200380523355376567e+02 9.573428255733941228e+01
3.198478015498277500e+02 9.666660284917931278e+01
3.196692143700227007e+02 9.759892314101921329e+01
3.194997406492853997e+02 9.853124343285909958e+01
3.193406079808904678e+02 9.946356372469900009e+01
3.191915307000183475e+02 1.003958840165389006e+02
3.190502136569252798e+02 1.013282043083787869e+02
3.189170509916649507e+02 1.022605246002186732e+02
3.187930372296014525e+02 1.031928448920585737e+02
3.186774145931489670e+02 1.041251651838984742e+02
3.185677618909555804e+02 1.050574854757383605e+02
3.184678584515037869e+02 1.059898057675782468e+02
3.183734591961201659e+02 1.069221260594181473e+02
3.182781666688742916e+02 1.078544463512580478e+02
3.181784956131980380e+02 1.087867666430979341e+02
3.180721192282031780e+02 1.097190869349378346e+02
3.179593706915069333e+02 1.106514072267777351e+02
3.178412984343682410e+02 1.115837275186176214e+02
3.177166426882655514e+02 1.125160478104575077e+02
3.175875129852634018e+02 1.134483681022974082e+02
3.174532344922344009e+02 1.143806883941373087e+02
3.173149048733449717e+02 1.153130086859771950e+02
3.171751203752608603e+02 1.162453289778170955e+02
3.170327090725314747e+02 1.171776492696569960e+02
3.168919174838244999e+02 1.181099695614968823e+02
3.167523207977757806e+02 1.190422898533367686e+02
3.166160118034068773e+02 1.199746101451766691e+02
3.164822991272596937e+02 1.209069304370165696e+02
3.163492170070892939e+02 1.218392507288564559e+02
3.162132029910845290e+02 1.227715710206963564e+02
3.160738136412915082e+02 1.237038913125362427e+02
3.159325677037470541e+02 1.246362116043761432e+02
3.157886414557813168e+02 1.255685318962160295e+02
3.156428121585545341e+02 1.265008521880559300e+02
3.154940692736535652e+02 1.274331724798958305e+02
3.153410803539567269e+02 1.283654927717357168e+02
3.151798593724043940e+02 1.292978130635756315e+02
3.150087026836688437e+02 1.302301333554154894e+02
3.148242497048378254e+02 1.311624536472554041e+02
3.146235628598979588e+02 1.320947739390952904e+02
3.144043838264697115e+02 1.330270942309351767e+02
3.141649719222670569e+02 1.339594145227750914e+02
3.139049887636703602e+02 1.348917348146149777e+02
3.136227627687157451e+02 1.358240551064548640e+02
3.133179554155991582e+02 1.367563753982947787e+02
3.129913136759118970e+02 1.376886956901346650e+02
3.126401526906221875e+02 1.386210159819745513e+02
3.122697856578701021e+02 1.395533362738144660e+02
3.118762760787790285e+02 1.404856565656543523e+02
3.114639622365987179e+02 1.414179768574942386e+02
3.110319662830605125e+02 1.423502971493341533e+02
3.105834895838344210e+02 1.432826174411740112e+02
3.101161142010843150e+02 1.442149377330139259e+02
3.096294270229461745e+02 1.451472580248538122e+02
3.091281794168065744e+02 1.460795783166936985e+02
3.086106081714045217e+02 1.470118986085336132e+02
3.080869580594664399e+02 1.479442189003734995e+02
3.075598292072888853e+02 1.488765391922133858e+02
3.070292278946545252e+02 1.498088594840533005e+02
3.064963326989829397e+02 1.507411797758931868e+02
3.059611725001872173e+02 1.516735000677330731e+02
3.054247215488912275e+02 1.526058203595729879e+02
3.048865532718460827e+02 1.535381406514128457e+02
3.043470758776187495e+02 1.544704609432527604e+02
3.038062022904902051e+02 1.554027812350926467e+02
3.032641569482510135e+02 1.563351015269325330e+02
3.027206479829084174e+02 1.572674218187724478e+02
3.021761525434892519e+02 1.581997421106123340e+02
3.016307111365925948e+02 1.591320624024522203e+02
3.010842778301787348e+02 1.600643826942921351e+02
3.005368533127781348e+02 1.609967029861320214e+02
2.999889045711949507e+02 1.619290232779719076e+02
2.994406998099595967e+02 1.628613435698118224e+02
2.988923052999473953e+02 1.637936638616517087e+02
2.983439559756468498e+02 1.647259841534915950e+02
2.977960505022112443e+02 1.656583044453315097e+02
2.972488578178866874e+02 1.665906247371713675e+02
2.967026686815854646e+02 1.675229450290112823e+02
2.961577164018740973e+02 1.684552653208511686e+02
2.956144927464536067e+02 1.693875856126910548e+02
2.950731212073306438e+02 1.703199059045309696e+02
2.945337191560940937e+02 1.712522261963708559e+02
2.939966399834129902e+02 1.721845464882107422e+02
2.934617982532572569e+02 1.731168667800506569e+02
2.929291753804419614e+02 1.740491870718905432e+02
2.923987540088747323e+02 1.749815073637304295e+02
2.918706416680109328e+02 1.759138276555703442e+02
2.913443239551347688e+02 1.768461479474102021e+02
2.908195068298894626e+02 1.777784682392501168e+02
2.902959297453162435e+02 1.787107885310900315e+02
2.897734741849479860e+02 1.796431088229298894e+02
2.892519883711936473e+02 1.805754291147698041e+02
2.887314020587050436e+02 1.815077494066096904e+02
2.882117118323139948e+02 1.824400696984495767e+02
2.876929652425411632e+02 1.833723899902894914e+02
2.871753889854893487e+02 1.843047102821293777e+02
2.866591068090161798e+02 1.852370305739692640e+02
2.861444169785647773e+02 1.861693508658091787e+02
2.856316682864711538e+02 1.871016711576490650e+02
2.851212790810093338e+02 1.880339914494889513e+02
2.846135623854119103e+02 1.889663117413288376e+02
2.841087193229295735e+02 1.898986320331687523e+02
2.836068106949063576e+02 1.908309523250086386e+02
2.831077227556467051e+02 1.917632726168485249e+02
2.826111752775757395e+02 1.926955929086884112e+02
2.821167281257144168e+02 1.936279132005283259e+02
2.816237922531793743e+02 1.945602334923682122e+02
2.811317007233397476e+02 1.954925537842080985e+02
2.806398019350626782e+02 1.964248740760480132e+02
2.801474784511784719e+02 1.973571943678878995e+02
2.796542555606707197e+02 1.982895146597277858e+02
2.791598574780491617e+02 1.992218349515676721e+02
2.786642278416726981e+02 2.001541552434075868e+02
2.781674906113516954e+02 2.010864755352474731e+02
2.776699128375830128e+02 2.020187958270873594e+02
2.771718471459075772e+02 2.029511161189272741e+02
2.766736558345224353e+02 2.038834364107671604e+02
2.761756242451033359e+02 2.048157567026070467e+02
2.756779584651669666e+02 2.057480769944469330e+02
2.751807414184992240e+02 2.066803972862868477e+02
2.746838102821990333e+02 2.076127175781267340e+02
2.741869558415936581e+02 2.085450378699666203e+02
2.736897663868993504e+02 2.094773581618065350e+02
2.731918593040552423e+02 2.104096784536464213e+02
2.726929295851431903e+02 2.113419987454863076e+02
2.721924625462854692e+02 2.122743190373261939e+02
2.716898254203830447e+02 2.132066393291661086e+02
2.711846694380932377e+02 2.141389596210059949e+02
2.706768494911025869e+02 2.150712799128458812e+02
2.701661615197309061e+02 2.160036002046857959e+02
2.696527405505740944e+02 2.169359204965256822e+02
2.691370937280594831e+02 2.178682407883655685e+02
2.686198017491135488e+02 2.188005610802054548e+02
2.681017371913988541e+02 2.197328813720453695e+02
2.675837833397125678e+02 2.206652016638852558e+02
2.670666220962885973e+02 2.215975219557251421e+02
2.665536163437706705e+02 2.225298422475650568e+02
2.660529734971008793e+02 2.234621625394049431e+02
2.655339040306969309e+02 2.243944828312448294e+02
2.650020898697788425e+02 2.253268031230847157e+02
2.644702757088606973e+02 2.262591234149246304e+02
2.639384615479425520e+02 2.271914437067645167e+02
2.634066473870243499e+02 2.281237639986044030e+02
2.628748332261062615e+02 2.290560842904442893e+02
2.623430190651880594e+02 2.299884045822842040e+02
2.618112049042699709e+02 2.309207248741240903e+02
2.612793907433518257e+02 2.318530451659639766e+02
2.607475765824336804e+02 2.327853654578038913e+02
2.602157624215154783e+02 2.337176857496437776e+02
2.596839482605973899e+02 2.346500060414836639e+02
2.591521340996791878e+02 2.355823263333235502e+02
2.586203199387610425e+02 2.365146466251634649e+02
2.580885057778428973e+02 2.374469669170033512e+02
2.575566916169248088e+02 2.383792872088432375e+02
2.570248774560066067e+02 2.393116075006831522e+02
2.564930632950884615e+02 2.402439277925230385e+02
2.559612491341703162e+02 2.411762480843629248e+02
2.554294349732521709e+02 2.421085683762028111e+02
2.548976208123340541e+02 2.430408886680427258e+02
2.543658066514158804e+02 2.439732089598826121e+02
