3.268525734329919032e+02 5.937307051649875689e+01
3.266789646514409924e+02 6.030591761641903759e+01
3.265053558698900815e+02 6.123876471633931828e+01
3.263317470883392843e+02 6.217161181625960609e+01
3.261581383067883735e+02 6.310445891617988678e+01
3.259845295252374626e+02 6.403730601610017459e+01
3.258109207436866086e+02 6.497015311602045529e+01
3.256373119621356977e+02 6.590300021594073598e+01
3.254637031805848437e+02 6.683584731586101668e+01
3.252900943990339897e+02 6.776869441578129738e+01
3.251164856174831357e+02 6.870154151570157808e+01
3.249428768359322248e+02 6.963438861562185878e+01
3.247692680543813140e+02 7.056723571554213947e+01
3.245956592728304599e+02 7.150008281546243438e+01
3.244220504912796059e+02 7.243292991538271508e+01
3.242484417097286951e+02 7.336577701530299578e+01
3.240748329281777842e+02 7.429862411522327648e+01
3.239012241466269870e+02 7.523147121514355717e+01
3.237276153650760762e+02 7.616431831506383787e+01
3.235540065835251653e+02 7.709716541498411857e+01
3.233803978019743113e+02 7.803001251490439927e+01
3.232067890204234004e+02 7.896285961482467997e+01
3.230331802388725464e+02 7.989570671474496066e+01
3.228595714573216355e+02 8.082855381466525557e+01
3.226859626757707815e+02 8.176140091458553627e+01
3.225123538942199275e+02 8.269424801450581697e+01
3.223387451126690166e+02 8.362709511442609767e+01
3.221651363311181626e+02 8.455994221434637836e+01
3.219915275495672518e+02 8.549278931426665906e+01
3.218179187680163977e+02 8.642563641418695397e+01
3.216443099864654869e+02 8.735848351410723467e+01
3.214707012049146329e+02 8.829133061402751537e+01
3.212970924233637220e+02 8.922417771394779606e+01
3.211234836418128680e+02 9.015702481386807676e+01
3.209498748602619571e+02 9.108987191378835746e+01
3.207762660787111599e+02 9.202271901370863816e+01
3.206026572971602491e+02 9.295556611362891886e+01
3.204290485156093382e+02 9.388841321354919955e+01
3.202554397340584842e+02 9.482126031346948025e+01
3.200592445961375461e+02 9.575410741338976095e+01
3.198538892119242405e+02 9.668695451331004165e+01
3.196584584118374437e+02 9.761980161323033656e+01
3.194771102770548623e+02 9.855264871315061725e+01
3.193049020646162717e+02 9.948549581307089795e+01
3.191428626046583190e+02 1.004183429129911787e+02
3.189906378793509134e+02 1.013511900129114736e+02
3.188482224742901394e+02 1.022840371128317543e+02
3.187143049031413398e+02 1.032168842127520350e+02
3.185888206594231065e+02 1.041497313126723157e+02
3.184715588859004356e+02 1.050825784125925964e+02
3.183619537183936927e+02 1.060154255125128770e+02
3.182592923569338836e+02 1.069482726124331577e+02
3.181632454698562924e+02 1.078811197123534384e+02
3.180659521072720395e+02 1.088139668122737191e+02
3.179629631564234842e+02 1.097468139121939998e+02
3.178536131999507006e+02 1.106796610121142805e+02
3.177388296196825195e+02 1.116125081120345612e+02
3.176172526277032375e+02 1.125453552119548419e+02
3.174915154194067668e+02 1.134782023118751368e+02
3.173601774765522805e+02 1.144110494117954175e+02
3.172254795143335855e+02 1.153438965117156982e+02
3.170869264222392303e+02 1.162767436116359789e+02
3.169475728179949101e+02 1.172095907115562738e+02
3.168069860364981878e+02 1.181424378114765545e+02
3.166687978491553395e+02 1.190752849113968352e+02
3.165326908902709988e+02 1.200081320113171159e+02
3.164017260441186181e+02 1.209409791112373966e+02
3.162732202067007279e+02 1.218738262111576773e+02
3.161428102956214161e+02 1.228066733110779580e+02
3.160094356083380376e+02 1.237395204109982387e+02
3.158730461454943566e+02 1.246723675109185194e+02
3.157348093524865362e+02 1.256052146108388001e+02
3.155945583900086149e+02 1.265380617107590808e+02
3.154538470978137070e+02 1.274709088106793757e+02
3.153140715579773428e+02 1.284037559105996706e+02
3.151753538836627513e+02 1.293366030105199229e+02
3.150332192448857995e+02 1.302694501104402320e+02
3.148816440773267118e+02 1.312022972103604843e+02
3.147178395560205786e+02 1.321351443102807934e+02
3.145368709355583974e+02 1.330679914102010457e+02
3.143353792010217376e+02 1.340008385101213548e+02
3.141106964302002780e+02 1.349336856100416071e+02
3.138614408480503926e+02 1.358665327099619162e+02
3.135868727473837794e+02 1.367993798098821969e+02
3.132851156701424316e+02 1.377322269098024776e+02
3.129596889150410561e+02 1.386650740097227583e+02
3.126073829660172692e+02 1.395979211096430390e+02
3.122322694375214951e+02 1.405307682095633197e+02
3.118331184596121943e+02 1.414636153094836004e+02
3.114113885611687351e+02 1.423964624094038811e+02
3.109693122079063983e+02 1.433293095093241618e+02
3.105030789847872370e+02 1.442621566092444709e+02
3.100106768958827956e+02 1.451950037091647232e+02
3.095026389418423491e+02 1.461278508090850323e+02
3.089866693798189203e+02 1.470606979090052846e+02
3.084623938154261396e+02 1.479935450089255937e+02
3.079291024135043244e+02 1.489263921088458460e+02
3.073898924483610244e+02 1.498592392087661551e+02
3.068458138889575366e+02 1.507920863086864074e+02
3.062989381808955045e+02 1.517249334086067165e+02
3.057510391424613090e+02 1.526577805085269972e+02
3.052030898865892823e+02 1.535906276084472779e+02
3.046546761230878246e+02 1.545234747083675586e+02
3.041057424730741445e+02 1.554563218082878393e+02
3.035561457745307052e+02 1.563891689082081200e+02
3.030056586408522321e+02 1.573220160081284007e+02
3.024543029792080802e+02 1.582548631080486814e+02
3.019027592519722134e+02 1.591877102079689621e+02
3.013509240202533306e+02 1.601205573078892712e+02
3.007985702487031858e+02 1.610534044078095235e+02
3.002461553178166014e+02 1.619862515077298326e+02
2.996941691041906211e+02 1.629190986076500849e+02
2.991426699665324236e+02 1.638519457075703940e+02
2.985915857251725356e+02 1.647847928074906463e+02
2.980413172307171408e+02 1.657176399074109554e+02
2.974922097465819206e+02 1.666504870073312077e+02
2.969446049575778375e+02 1.675833341072515168e+02
2.963985383038436225e+02 1.685161812071717975e+02
2.958545518031881443e+02 1.694490283070920782e+02
2.953130083545919433e+02 1.703818754070123589e+02
2.947739289944152006e+02 1.713147225069326396e+02
2.942374938093591368e+02 1.722475696068529203e+02
2.937038799376235261e+02 1.731804167067732010e+02
2.931729744611349133e+02 1.741132638066934817e+02
2.926446375587251509e+02 1.750461109066137624e+02
2.921185208523777987e+02 1.759789580065340715e+02
2.915945880874901945e+02 1.769118051064543238e+02
2.910726474458206781e+02 1.778446522063746329e+02
2.905524563621082166e+02 1.787774993062948852e+02
2.900337450239685495e+02 1.797103464062151943e+02
2.895161308416937800e+02 1.806431935061354466e+02
2.889992471791301796e+02 1.815760406060557557e+02
2.884829131595562330e+02 1.825088877059760080e+02
2.879669458977859335e+02 1.834417348058963171e+02
2.874512244884828078e+02 1.843745819058165978e+02
2.869356577688755578e+02 1.853074290057368785e+02
2.864201994768994837e+02 1.862402761056571592e+02
2.859048236600262385e+02 1.871731232055774399e+02
2.853895189692490817e+02 1.881059703054977206e+02
2.848743061200899547e+02 1.890388174054180013e+02
2.843592764938738355e+02 1.899716645053382820e+02
2.838445738305659347e+02 1.909045116052585627e+02
2.833303951002579879e+02 1.918373587051788434e+02
2.828169755435723118e+02 1.927702058050991241e+02
2.823045577209884982e+02 1.937030529050194048e+02
2.817933348355296630e+02 1.946359000049396855e+02
2.812834196985079416e+02 1.955687471048599946e+02
2.807748677672177564e+02 1.965015942047802753e+02
2.802676912639657871e+02 1.974344413047005560e+02
2.797618629637795493e+02 1.983672884046208367e+02
2.792572779447300491e+02 1.993001355045411174e+02
2.787537359255231877e+02 2.002329826044613981e+02
2.782509583500010990e+02 2.011658297043816788e+02
2.777486468254983265e+02 2.020986768043019595e+02
2.772465281435747784e+02 2.030315239042222402e+02
2.767443535063162017e+02 2.039643710041425209e+02
2.762419805090622731e+02 2.048972181040628016e+02
2.757390570666407257e+02 2.058300652039830823e+02
2.752352579176949803e+02 2.067629123039033630e+02
2.747301802428426072e+02 2.076957594038236437e+02
2.742235130456285788e+02 2.086286065037439243e+02
2.737150932575615343e+02 2.095614536036642050e+02
2.732048043515052882e+02 2.104943007035844857e+02
2.726926828155014846e+02 2.114271478035047949e+02
2.721789335854760452e+02 2.123599949034250756e+02
2.716639385853538329e+02 2.132928420033453563e+02
2.711480515933219522e+02 2.142256891032656370e+02
2.706316886423946357e+02 2.151585362031859177e+02
2.701150045436692722e+02 2.160913833031061984e+02
2.695982855951958186e+02 2.170242304030264791e+02
2.690817063768533330e+02 2.179570775029467598e+02
2.685661788035151858e+02 2.188899246028670404e+02
2.680530003647996864e+02 2.198227717027873211e+02
2.675423697399521643e+02 2.207556188027076018e+02
2.670330757669128161e+02 2.216884659026278825e+02
2.665268116117488830e+02 2.226213130025481632e+02
2.660140828069515919e+02 2.235541601024684439e+02
2.655013540021543008e+02 2.244870072023887246e+02
2.649886251973570097e+02 2.254198543023090053e+02
2.644758963925597754e+02 2.263527014022292860e+02
2.639631675877624275e+02 2.272855485021495952e+02
2.634504387829651364e+02 2.282183956020698758e+02
2.629377099781679021e+02 2.291512427019901565e+02
2.624249811733706110e+02 2.300840898019104372e+02
2.619122523685733768e+02 2.310169369018307179e+02
2.613995235637760288e+02 2.319497840017509986e+02
2.608867947589787946e+02 2.328826311016712793e+02
2.603740659541814466e+02 2.338154782015915600e+02
2.598613371493842124e+02 2.347483253015118407e+02
2.593486083445869212e+02 2.356811724014321214e+02
2.588358795397896301e+02 2.366140195013524021e+02
2.583231507349923959e+02 2.375468666012726828e+02
2.578104219301951048e+02 2.384797137011929635e+02
2.572976931253978137e+02 2.394125608011132442e+02
2.567849643206005226e+02 2.403454079010335249e+02
2.562722355158032315e+02 2.412782550009538056e+02
2.557595067110059404e+02 2.422111021008740863e+02
2.552467779062086777e+02 2.431439492007943954e+02
2.547340491014113866e+02 2.440767963007146761e+02
2.542213202966140955e+02 2.450096434006349568e+02
