3.271414552392176915e+02 5.767022633313240476e+01
3.269746626864264272e+02 5.860783868675702024e+01
3.268078701336351060e+02 5.954545104038162862e+01
3.266410775808438984e+02 6.048306339400624410e+01
3.264742850280525772e+02 6.142067574763085958e+01
3.263074924752613128e+02 6.235828810125546795e+01
3.261406999224699916e+02 6.329590045488008343e+01
3.259739073696787273e+02 6.423351280850469891e+01
3.258071148168874629e+02 6.517112516212931439e+01
3.256403222640961985e+02 6.610873751575392987e+01
3.254735297113048773e+02 6.704634986937853114e+01
3.253067371585136129e+02 6.798396222300314662e+01
3.251399446057222917e+02 6.892157457662776210e+01
3.249731520529310274e+02 6.985918693025237758e+01
3.248063595001397630e+02 7.079679928387699306e+01
3.246395669473484986e+02 7.173441163750160854e+01
3.244727743945571774e+02 7.267202399112622402e+01
3.243059818417659699e+02 7.360963634475083950e+01
3.241391892889746487e+02 7.454724869837544077e+01
3.239723967361833274e+02 7.548486105200005625e+01
3.238056041833921199e+02 7.642247340562467173e+01
3.236388116306007987e+02 7.736008575924928721e+01
3.234720190778095343e+02 7.829769811287390269e+01
3.233052265250182700e+02 7.923531046649850396e+01
3.231384339722269488e+02 8.017292282012311944e+01
3.229716414194356844e+02 8.111053517374773492e+01
3.228048488666444200e+02 8.204814752737235040e+01
3.226380563138530988e+02 8.298575988099696588e+01
3.224712637610618913e+02 8.392337223462158136e+01
3.223044712082705701e+02 8.486098458824619684e+01
3.221376786554793057e+02 8.579859694187081232e+01
3.219708861026879845e+02 8.673620929549542780e+01
3.218040935498967201e+02 8.767382164912002906e+01
3.216373009971054557e+02 8.861143400274464454e+01
3.214705084443141345e+02 8.954904635636926002e+01
3.213037158915228702e+02 9.048665870999387550e+01
3.211369233387316626e+02 9.142427106361847677e+01
3.209701307859403414e+02 9.236188341724309225e+01
3.208033382331490202e+02 9.329949577086770773e+01
3.206299774358261061e+02 9.423710812449232321e+01
3.204359987557491536e+02 9.517472047811693869e+01
3.202545100180605004e+02 9.611233283174155417e+01
3.200815283031565173e+02 9.704994518536616965e+01
3.199177001283719051e+02 9.798755753899078513e+01
3.197622922795641784e+02 9.892516989261540061e+01
3.196166420222714351e+02 9.986278224624001609e+01
3.194789308507665737e+02 1.008003945998646174e+02
3.193507995977278142e+02 1.017380069534892328e+02
3.192312060154139886e+02 1.026756193071138483e+02
3.191217298077128817e+02 1.036132316607384496e+02
3.190200022384142358e+02 1.045508440143630651e+02
3.189299051048295155e+02 1.054884563679876806e+02
3.188448860851224822e+02 1.064260687216122960e+02
3.187591362397163266e+02 1.073636810752369115e+02
3.186685733376866665e+02 1.083012934288615270e+02
3.185717552659172043e+02 1.092389057824861425e+02
3.184674586776145020e+02 1.101765181361107580e+02
3.183576840885571073e+02 1.111141304897353734e+02
3.182402026020824906e+02 1.120517428433599889e+02
3.181154047329163177e+02 1.129893551969845902e+02
3.179854689612456013e+02 1.139269675506092057e+02
3.178482351191191810e+02 1.148645799042338211e+02
3.177087060303683757e+02 1.158021922578584366e+02
3.175658160546987574e+02 1.167398046114830379e+02
3.174227461031235862e+02 1.176774169651076534e+02
3.172823928021713868e+02 1.186150293187322688e+02
3.171450959430736702e+02 1.195526416723568843e+02
3.170111382990844504e+02 1.204902540259814998e+02
3.168825340820595784e+02 1.214278663796061153e+02
3.167590719901781995e+02 1.223654787332307308e+02
3.166386614541816016e+02 1.233030910868553462e+02
3.165196210846168015e+02 1.242407034404799475e+02
3.163995630544325195e+02 1.251783157941045630e+02
3.162783395069566268e+02 1.261159281477291785e+02
3.161551725555476651e+02 1.270535405013537940e+02
3.160218899512059920e+02 1.279911528549784094e+02
3.158725324503092793e+02 1.289287652086030107e+02
3.157046606291804665e+02 1.298663775622276262e+02
3.155146050428451758e+02 1.308039899158522417e+02
3.153006172183187914e+02 1.317416022694768571e+02
3.150626466060363100e+02 1.326792146231014726e+02
3.148012873286767217e+02 1.336168269767260881e+02
3.145180975189479682e+02 1.345544393303507036e+02
3.142140356555905782e+02 1.354920516839753191e+02
3.138896266143160005e+02 1.364296640375999345e+02
3.135464095855124924e+02 1.373672763912245500e+02
3.131844305313499603e+02 1.383048887448491655e+02
3.128036837186705839e+02 1.392425010984737810e+02
3.124077259926628471e+02 1.401801134520983965e+02
3.119940167446856094e+02 1.411177258057230119e+02
3.115678383256085908e+02 1.420553381593476274e+02
3.111239889878258964e+02 1.429929505129722145e+02
3.106669416578791925e+02 1.439305628665968300e+02
3.101920989345551902e+02 1.448681752202214454e+02
3.097007581147348674e+02 1.458057875738460609e+02
3.091939936133281321e+02 1.467433999274706764e+02
3.086711721336752134e+02 1.476810122810952919e+02
3.081435874593417452e+02 1.486186246347199074e+02
3.076138857850892805e+02 1.495562369883444944e+02
3.070811020651861440e+02 1.504938493419691099e+02
3.065461567512116972e+02 1.514314616955937254e+02
3.060098791588544600e+02 1.523690740492183409e+02
3.054714532112670895e+02 1.533066864028429563e+02
3.049312801729353168e+02 1.542442987564675718e+02
3.043894941428831089e+02 1.551819111100921873e+02
3.038461240381944890e+02 1.561195234637168028e+02
3.033012279328110026e+02 1.570571358173414183e+02
3.027554697032147146e+02 1.579947481709660337e+02
3.022090129131687490e+02 1.589323605245906492e+02
3.016619488302127365e+02 1.598699728782152647e+02
3.011144647036368269e+02 1.608075852318398802e+02
3.005670757515342189e+02 1.617451975854644957e+02
3.000202209780067619e+02 1.626828099390891111e+02
2.994739532462556895e+02 1.636204222927137266e+02
2.989284415606617813e+02 1.645580346463383421e+02
2.983842300088441561e+02 1.654956469999629576e+02
2.978413159896733191e+02 1.664332593535875731e+02
2.972997642859361349e+02 1.673708717072121885e+02
2.967597182829122175e+02 1.683084840608367756e+02
2.962212739581656251e+02 1.692460964144613911e+02
2.956844986015526047e+02 1.701837087680860066e+02
2.951494578113188254e+02 1.711213211217106220e+02
2.946160673139395385e+02 1.720589334753352375e+02
2.940843820565442002e+02 1.729965458289598530e+02
2.935545704084266276e+02 1.739341581825844685e+02
2.930264413528625482e+02 1.748717705362090555e+02
2.924998794492491356e+02 1.758093828898336710e+02
2.919748447450447770e+02 1.767469952434582865e+02
2.914515654094392971e+02 1.776846075970829020e+02
2.909298160206989223e+02 1.786222199507075175e+02
2.904096204308331153e+02 1.795598323043321329e+02
2.898910120572940627e+02 1.804974446579567484e+02
2.893740353562376981e+02 1.814350570115813639e+02
2.888586806083433203e+02 1.823726693652059794e+02
2.883449031858065723e+02 1.833102817188305949e+02
2.878326204104859016e+02 1.842478940724552103e+02
2.873217477055530935e+02 1.851855064260798258e+02
2.868120581272988829e+02 1.861231187797044413e+02
2.863033894793513241e+02 1.870607311333290568e+02
2.857955530797635220e+02 1.879983434869536723e+02
2.852883667226998909e+02 1.889359558405782877e+02
2.847816972659846897e+02 1.898735681942029032e+02
2.842755499961410806e+02 1.908111805478274903e+02
2.837699162666725101e+02 1.917487929014521058e+02
2.832648716545691627e+02 1.926864052550767212e+02
2.827605858244140791e+02 1.936240176087013367e+02
2.822573231700265524e+02 1.945616299623259522e+02
2.817553136058537575e+02 1.954992423159505677e+02
2.812551148114143871e+02 1.964368546695751832e+02
2.807570975438271716e+02 1.973744670231997986e+02
2.802614542191842020e+02 1.983120793768244141e+02
2.797681232971786471e+02 1.992496917304490296e+02
2.792767960696969567e+02 2.001873040840736451e+02
2.787869646133136712e+02 2.011249164376982606e+02
2.782980001348228143e+02 2.020625287913228760e+02
2.778092329890881729e+02 2.030001411449474631e+02
2.773199327155695073e+02 2.039377534985720786e+02
2.768294578918217894e+02 2.048753658521966940e+02
2.763372100679840742e+02 2.058129782058213095e+02
2.758427570330848084e+02 2.067505905594459250e+02
2.753460235393807238e+02 2.076882029130705405e+02
2.748472113837115103e+02 2.086258152666951560e+02
2.743467689289736882e+02 2.095634276203197714e+02
2.738454373891788691e+02 2.105010399739443869e+02
2.733439354076737118e+02 2.114386523275690024e+02
2.728428486873463612e+02 2.123762646811936179e+02
2.723427077120671242e+02 2.133138770348182334e+02
2.718438220030773209e+02 2.142514893884428488e+02
2.713464858937295503e+02 2.151891017420674643e+02
2.708507094639255683e+02 2.161267140956920514e+02
2.703562326861761562e+02 2.170643264493166669e+02
2.698674324796717201e+02 2.180019388029412823e+02
2.693949819008301461e+02 2.189395511565658978e+02
2.689352142395488272e+02 2.198771635101905133e+02
2.684737054586362888e+02 2.208147758638151288e+02
2.680121966777236366e+02 2.217523882174397443e+02
2.675506878968110414e+02 2.226900005710643597e+02
2.670891791158983892e+02 2.236276129246889752e+02
2.666276703349857371e+02 2.245652252783135907e+02
2.661661615540731418e+02 2.255028376319382062e+02
2.657046527731605465e+02 2.264404499855628217e+02
2.652431439922479512e+02 2.273780623391874371e+02
2.647816352113352991e+02 2.283156746928120242e+02
2.643201264304227607e+02 2.292532870464366397e+02
2.638586176495101085e+02 2.301908994000612552e+02
2.633971088685974564e+02 2.311285117536858706e+02
2.629356000876848611e+02 2.320661241073104861e+02
2.624740913067722659e+02 2.330037364609351016e+02
2.620125825258596137e+02 2.339413488145597171e+02
2.615510737449469616e+02 2.348789611681843326e+02
2.610895649640343663e+02 2.358165735218089480e+02
2.606280561831217710e+02 2.367541858754335635e+02
2.601665474022091757e+02 2.376917982290581790e+02
2.597050386212965805e+02 2.386294105826827945e+02
2.592435298403839283e+02 2.395670229363074100e+02
2.587820210594712762e+02 2.405046352899320254e+02
2.583205122785586809e+02 2.414422476435566125e+02
2.578590034976460856e+02 2.423798599971812280e+02
2.573974947167334335e+02 2.433174723508058435e+02
2.569359859358208382e+02 2.442550847044304589e+02
