3.271366268476464256e+02 5.853172579605353576e+01
3.269535048152183094e+02 5.947099779538994113e+01
3.267703827827901932e+02 6.041026979472634650e+01
3.265872607503621907e+02 6.134954179406274477e+01
3.264041387179340745e+02 6.228881379339915014e+01
3.262210166855059583e+02 6.322808579273555551e+01
3.260378946530778990e+02 6.416735779207195378e+01
3.258547726206498396e+02 6.510662979140836626e+01
3.256716505882217234e+02 6.604590179074476453e+01
3.254885285557936641e+02 6.698517379008116279e+01
3.253054065233655479e+02 6.792444578941757527e+01
3.251222844909374885e+02 6.886371778875397354e+01
3.249391624585093723e+02 6.980298978809037180e+01
3.247560404260813129e+02 7.074226178742678428e+01
3.245729183936531967e+02 7.168153378676318255e+01
3.243897963612251374e+02 7.262080578609959503e+01
3.242066743287970212e+02 7.356007778543599329e+01
3.240235522963689618e+02 7.449934978477239156e+01
3.238404302639408456e+02 7.543862178410880404e+01
3.236573082315128431e+02 7.637789378344520230e+01
3.234741861990846701e+02 7.731716578278161478e+01
3.232910641666566107e+02 7.825643778211801305e+01
3.231079421342285514e+02 7.919570978145441131e+01
3.229248201018004920e+02 8.013498178079080958e+01
3.227416980693723758e+02 8.107425378012722206e+01
3.225585760369442596e+02 8.201352577946363454e+01
3.223754540045162003e+02 8.295279777880003280e+01
3.221923319720881409e+02 8.389206977813643107e+01
3.220092099396600247e+02 8.483134177747282934e+01
3.218260879072319653e+02 8.577061377680924181e+01
3.216429658748038491e+02 8.670988577614564008e+01
3.214598438423757898e+02 8.764915777548205256e+01
3.212767218099476736e+02 8.858842977481845082e+01
3.210935997775195574e+02 8.952770177415484909e+01
3.209104777450914980e+02 9.046697377349126157e+01
3.207273557126634387e+02 9.140624577282765983e+01
3.205442336802353225e+02 9.234551777216407231e+01
3.203611116478072631e+02 9.328478977150047058e+01
3.201779896153792038e+02 9.422406177083686885e+01
3.199796494689755377e+02 9.516333377017326711e+01
3.197831243949945019e+02 9.610260576950967959e+01
3.195980989825260394e+02 9.704187776884609207e+01
3.194254953867063023e+02 9.798114976818249033e+01
3.192630076531042960e+02 9.892042176751888860e+01
3.191099347760853107e+02 9.985969376685528687e+01
3.189673405166433895e+02 1.007989657661916993e+02
3.188313807360614192e+02 1.017382377655280976e+02
3.187033264919690509e+02 1.026775097648645101e+02
3.185832318846809699e+02 1.036167817642009084e+02
3.184697255455506593e+02 1.045560537635373066e+02
3.183627474389218719e+02 1.054953257628737191e+02
3.182641200381453359e+02 1.064345977622101174e+02
3.181707260663114312e+02 1.073738697615465298e+02
3.180825684775125524e+02 1.083131417608829281e+02
3.179995385165558446e+02 1.092524137602193264e+02
3.179124556706595399e+02 1.101916857595557246e+02
3.178187003867701037e+02 1.111309577588921371e+02
3.177204113320858596e+02 1.120702297582285496e+02
3.176146316270177294e+02 1.130095017575649479e+02
3.175046720212760647e+02 1.139487737569013461e+02
3.173874319769319072e+02 1.148880457562377444e+02
3.172662987836025650e+02 1.158273177555741569e+02
3.171393406638650276e+02 1.167665897549105551e+02
3.170102812997138244e+02 1.177058617542469676e+02
3.168781946033184340e+02 1.186451337535833659e+02
3.167473939926100002e+02 1.195844057529197642e+02
3.166172001767033066e+02 1.205236777522561766e+02
3.164899983309352933e+02 1.214629497515925749e+02
3.163661525513844026e+02 1.224022217509289874e+02
3.162434672745717421e+02 1.233414937502653856e+02
3.161190314331946070e+02 1.242807657496017839e+02
3.159907418984888068e+02 1.252200377489381964e+02
3.158598733170451283e+02 1.261593097482745947e+02
3.157252888844532777e+02 1.270985817476109929e+02
3.155878154354275580e+02 1.280378537469474054e+02
3.154446143077975080e+02 1.289771257462838037e+02
3.152957757128302774e+02 1.299163977456202019e+02
3.151355590064970897e+02 1.308556697449566286e+02
3.149590804334745258e+02 1.317949417442929985e+02
3.147617323453185918e+02 1.327342137436294252e+02
3.145387220216531432e+02 1.336734857429658234e+02
3.142894438223860902e+02 1.346127577423022217e+02
3.140137246215858795e+02 1.355520297416386484e+02
3.137129391333360218e+02 1.364913017409750182e+02
3.133875308514880089e+02 1.374305737403114449e+02
3.130422773265436263e+02 1.383698457396478432e+02
3.126760368678312147e+02 1.393091177389842414e+02
3.122929875921255416e+02 1.402483897383206681e+02
3.118894866883086365e+02 1.411876617376570380e+02
3.114692204468551040e+02 1.421269337369934647e+02
3.110284248204947062e+02 1.430662057363298629e+02
3.105712019782411062e+02 1.440054777356662612e+02
3.100946192679804199e+02 1.449447497350026595e+02
3.095980783429350822e+02 1.458840217343390577e+02
3.090880214937916435e+02 1.468232937336754844e+02
3.085739365102061242e+02 1.477625657330118827e+02
3.080528977000830082e+02 1.487018377323482810e+02
3.075269091144664344e+02 1.496411097316846792e+02
3.069961801393090468e+02 1.505803817310210775e+02
3.064605830259796448e+02 1.515196537303575042e+02
3.059227223801017885e+02 1.524589257296939024e+02
3.053816413439561757e+02 1.533981977290303007e+02
3.048386000713505268e+02 1.543374697283666990e+02
3.042942628084607009e+02 1.552767417277030972e+02
3.037479053348901630e+02 1.562160137270395239e+02
3.032007038187859962e+02 1.571552857263758938e+02
3.026520533114359637e+02 1.580945577257123205e+02
3.021027140303937131e+02 1.590338297250487187e+02
3.015531111377463276e+02 1.599731017243851170e+02
3.010031706239442997e+02 1.609123737237215437e+02
3.004529801223092136e+02 1.618516457230579135e+02
2.999031614527177112e+02 1.627909177223943402e+02
2.993543983460258460e+02 1.637301897217307385e+02
2.988067265808239767e+02 1.646694617210671368e+02
2.982604220605689989e+02 1.656087337204035634e+02
2.977160667381733106e+02 1.665480057197399333e+02
2.971738154347149248e+02 1.674872777190763600e+02
2.966337763038329740e+02 1.684265497184127582e+02
2.960961517301053618e+02 1.693658217177491565e+02
2.955610253799171687e+02 1.703050937170855832e+02
2.950285509905834260e+02 1.712443657164219530e+02
2.944988837373895763e+02 1.721836377157583797e+02
2.939724885508396710e+02 1.731229097150947780e+02
2.934490896307672188e+02 1.740621817144311763e+02
2.929287059671682982e+02 1.750014537137675745e+02
2.924112975878089742e+02 1.759407257131039728e+02
2.918969184165085835e+02 1.768799977124403995e+02
2.913854322360688798e+02 1.778192697117767977e+02
2.908766156544326122e+02 1.787585417111131960e+02
2.903701126044389298e+02 1.796978137104495943e+02
2.898657979456953058e+02 1.806370857097859925e+02
2.893632755144329280e+02 1.815763577091224192e+02
2.888622262110938550e+02 1.825156297084588175e+02
2.883623289667394261e+02 1.834549017077952158e+02
2.878630991513313120e+02 1.843941737071316140e+02
2.873643434614349417e+02 1.853334457064680123e+02
2.868657609771648254e+02 1.862727177058044390e+02
2.863671192586893426e+02 1.872119897051408373e+02
2.858682366886704358e+02 1.881512617044772355e+02
2.853689624805001586e+02 1.890905337038136338e+02
2.848692444123026917e+02 1.900298057031500321e+02
2.843692050859116307e+02 1.909690777024864303e+02
2.838691009877998113e+02 1.919083497018228570e+02
2.833692127586770084e+02 1.928476217011592553e+02
2.828698662318743686e+02 1.937868937004956535e+02
2.823713912164377575e+02 1.947261656998320518e+02
2.818741059979321335e+02 1.956654376991684501e+02
2.813781893764408437e+02 1.966047096985048768e+02
2.808838046558956876e+02 1.975439816978412750e+02
2.803909101422455592e+02 1.984832536971776733e+02
2.798993259580140034e+02 1.994225256965140716e+02
2.794087522758615592e+02 2.003617976958504698e+02
2.789188799251421074e+02 2.013010696951868681e+02
2.784293659486465913e+02 2.022403416945232948e+02
2.779398330758864404e+02 2.031796136938596931e+02
2.774498975116974862e+02 2.041188856931960913e+02
2.769592166949541365e+02 2.050581576925324896e+02
2.764675749367235085e+02 2.059974296918688879e+02
2.759748234579167274e+02 2.069367016912053145e+02
2.754809420558904094e+02 2.078759736905417128e+02
2.749859922857418724e+02 2.088152456898781111e+02
2.744900535601613569e+02 2.097545176892145093e+02
2.739932733692829743e+02 2.106937896885509076e+02
2.734958440873127756e+02 2.116330616878873343e+02
2.729979364893988532e+02 2.125723336872237326e+02
2.724997026316067377e+02 2.135116056865601308e+02
2.720012164169153834e+02 2.144508776858965291e+02
2.715025485520201300e+02 2.153901496852329274e+02
2.710036203214870625e+02 2.163294216845693541e+02
2.705043368741356744e+02 2.172686936839057523e+02
2.700042326289230346e+02 2.182079656832421506e+02
2.694931483356474473e+02 2.191472376825785489e+02
2.689644115032734817e+02 2.200865096819149471e+02
2.684162623767501259e+02 2.210257816812513454e+02
2.678695984829530516e+02 2.219650536805877721e+02
2.673507854658092810e+02 2.229043256799241703e+02
2.668319724486655673e+02 2.238435976792605686e+02
2.663131594315217399e+02 2.247828696785969669e+02
2.657943464143780261e+02 2.257221416779333651e+02
2.652755333972341987e+02 2.266614136772697918e+02
2.647567203800904849e+02 2.276006856766061901e+02
2.642379073629466575e+02 2.285399576759425884e+02
2.637190943458029437e+02 2.294792296752789866e+02
2.632002813286591731e+02 2.304185016746153849e+02
2.626814683115154025e+02 2.313577736739517832e+02
2.621626552943716320e+02 2.322970456732882099e+02
2.616438422772278614e+02 2.332363176726246081e+02
2.611250292600841476e+02 2.341755896719610064e+02
2.606062162429403770e+02 2.351148616712974047e+02
2.600874032257966064e+02 2.360541336706338029e+02
2.595685902086528358e+02 2.369934056699702296e+02
2.590497771915090084e+02 2.379326776693066279e+02
2.585309641743652946e+02 2.388719496686430261e+02
2.580121511572215240e+02 2.398112216679794244e+02
2.574933381400777535e+02 2.407504936673158227e+02
2.569745251229339829e+02 2.416897656666522494e+02
2.564557121057902123e+02 2.426290376659886476e+02
2.559368990886464417e+02 2.435683096653250459e+02
2.554180860715026711e+02 2.445075816646614442e+02
2.548992730543589005e+02 2.454468536639978424e+02
