3.261392180043845883e+02 5.914254618793981422e+01
3.259742846847021269e+02 6.007771553441158119e+01
3.258093513650196655e+02 6.101288488088334816e+01
3.256444180453372610e+02 6.194805422735511513e+01
3.254794847256547996e+02 6.288322357382688210e+01
3.253145514059723382e+02 6.381839292029864907e+01
3.251496180862898768e+02 6.475356226677041604e+01
3.249846847666074154e+02 6.568873161324218302e+01
3.248197514469248972e+02 6.662390095971394999e+01
3.246548181272424927e+02 6.755907030618571696e+01
3.244898848075600313e+02 6.849423965265748393e+01
3.243249514878776267e+02 6.942940899912925090e+01
3.241600181681951653e+02 7.036457834560101787e+01
3.239950848485127040e+02 7.129974769207278484e+01
3.238301515288302426e+02 7.223491703854455181e+01
3.236652182091477812e+02 7.317008638501631879e+01
3.235002848894653198e+02 7.410525573148808576e+01
3.233353515697829152e+02 7.504042507795985273e+01
3.231704182501003970e+02 7.597559442443161970e+01
3.230054849304179925e+02 7.691076377090338667e+01
3.228405516107355311e+02 7.784593311737515364e+01
3.226756182910530697e+02 7.878110246384692061e+01
3.225106849713706652e+02 7.971627181031868759e+01
3.223457516516881469e+02 8.065144115679045456e+01
3.221808183320057424e+02 8.158661050326222153e+01
3.220158850123232810e+02 8.252177984973397429e+01
3.218509516926408196e+02 8.345694919620575547e+01
3.216860183729583582e+02 8.439211854267750823e+01
3.215210850532758968e+02 8.532728788914928941e+01
3.213561517335934923e+02 8.626245723562104217e+01
3.211912184139110309e+02 8.719762658209282336e+01
3.210262850942285695e+02 8.813279592856457612e+01
3.208613517745461650e+02 8.906796527503635730e+01
3.206964184548636467e+02 9.000313462150811006e+01
3.205314851351812422e+02 9.093830396797989124e+01
3.203665518154987808e+02 9.187347331445164400e+01
3.202016184958163194e+02 9.280864266092342518e+01
3.200366851761338580e+02 9.374381200739517794e+01
3.198717518564513966e+02 9.467898135386695913e+01
3.196868861211569310e+02 9.561415070033871189e+01
3.194925786629214031e+02 9.654932004681049307e+01
3.193087551209139292e+02 9.748448939328224583e+01
3.191357753759933189e+02 9.841965873975402701e+01
3.189731418052008962e+02 9.935482808622577977e+01
3.188212826898306957e+02 1.002899974326975610e+02
3.186766861920344809e+02 1.012251667791693137e+02
3.185421621336651015e+02 1.021603361256410949e+02
3.184149033931146846e+02 1.030955054721128477e+02
3.182946121162677287e+02 1.040306748185846146e+02
3.181831094385808569e+02 1.049658441650563816e+02
3.180786141227811754e+02 1.059010135115281486e+02
3.179799812671500945e+02 1.068361828579999155e+02
3.178904117153959419e+02 1.077713522044716825e+02
3.178042430622203938e+02 1.087065215509434495e+02
3.177113760351965084e+02 1.096416908974152165e+02
3.176117867463967741e+02 1.105768602438869834e+02
3.175044724507355340e+02 1.115120295903587504e+02
3.173911309181068532e+02 1.124471989368305174e+02
3.172716792960649173e+02 1.133823682833022843e+02
3.171459605461408842e+02 1.143175376297740513e+02
3.170162176267601808e+02 1.152527069762458183e+02
3.168807911161708262e+02 1.161878763227175853e+02
3.167421142579520392e+02 1.171230456691893522e+02
3.165999406328139685e+02 1.180582150156611192e+02
3.164579566252406266e+02 1.189933843621328862e+02
3.163191488669681348e+02 1.199285537086046531e+02
3.161851791672154945e+02 1.208637230550764201e+02
3.160585460010591987e+02 1.217988924015481871e+02
3.159406254273840204e+02 1.227340617480199541e+02
3.158268223741272323e+02 1.236692310944917210e+02
3.157115120781637643e+02 1.246044004409634880e+02
3.155903537759502910e+02 1.255395697874352550e+02
3.154659612761759035e+02 1.264747391339070219e+02
3.153310064834348054e+02 1.274099084803787889e+02
3.151876883823464368e+02 1.283450778268505701e+02
3.150307513731037830e+02 1.292802471733223229e+02
3.148592773137352765e+02 1.302154165197940756e+02
3.146721086952325663e+02 1.311505858662658568e+02
3.144676677159718565e+02 1.320857552127376380e+02
3.142435944439574200e+02 1.330209245592093907e+02
3.139994032809344162e+02 1.339560939056811435e+02
3.137351844521888893e+02 1.348912632521529247e+02
3.134502685461271767e+02 1.358264325986247059e+02
3.131458025086986368e+02 1.367616019450964586e+02
3.128187713310899767e+02 1.376967712915682114e+02
3.124728371711410091e+02 1.386319406380399926e+02
3.121081802916677930e+02 1.395671099845117737e+02
3.117271233301646021e+02 1.405022793309835265e+02
3.113285590451004055e+02 1.414374486774552793e+02
3.109184609252685050e+02 1.423726180239270604e+02
3.105006018429079404e+02 1.433077873703988416e+02
3.100734933725835845e+02 1.442429567168705944e+02
3.096373878811114082e+02 1.451781260633423472e+02
3.091868322456740543e+02 1.461132954098141283e+02
3.087252091358582220e+02 1.470484647562859095e+02
3.082410553221506007e+02 1.479836341027576623e+02
3.077402545672077849e+02 1.489188034492294150e+02
3.072174744515797329e+02 1.498539727957011678e+02
3.066848274207561076e+02 1.507891421421729490e+02
3.061496843483905081e+02 1.517243114886447302e+02
3.056104672238305966e+02 1.526594808351164829e+02
3.050683694761495985e+02 1.535946501815882357e+02
3.045234503978297766e+02 1.545298195280600169e+02
3.039750118722538446e+02 1.554649888745317980e+02
3.034247876729282325e+02 1.564001582210035508e+02
3.028716827569652423e+02 1.573353275674753036e+02
3.023173115919914267e+02 1.582704969139470847e+02
3.017614593356903470e+02 1.592056662604188659e+02
3.012051223144690084e+02 1.601408356068906187e+02
3.006486678924961780e+02 1.610760049533623715e+02
3.000925604208000550e+02 1.620111742998341526e+02
2.995374224830236471e+02 1.629463436463059338e+02
2.989841795843921091e+02 1.638815129927776866e+02
2.984327593385219188e+02 1.648166823392494393e+02
2.978836183114028131e+02 1.657518516857212205e+02
2.973372019130091530e+02 1.666870210321930017e+02
2.967935955384376712e+02 1.676221903786647545e+02
2.962529817387251114e+02 1.685573597251365072e+02
2.957151414994015681e+02 1.694925290716082884e+02
2.951801050883493645e+02 1.704276984180800696e+02
2.946478306135079492e+02 1.713628677645518223e+02
2.941184413309110255e+02 1.722980371110235751e+02
2.935914788113866507e+02 1.732332064574953563e+02
2.930667094439356219e+02 1.741683758039671375e+02
2.925440382026644670e+02 1.751035451504388902e+02
2.920235620093678790e+02 1.760387144969106430e+02
2.915047971208110766e+02 1.769738838433824242e+02
2.909875838312276528e+02 1.779090531898542054e+02
2.904718449920853232e+02 1.788442225363259581e+02
2.899577267198612276e+02 1.797793918827977109e+02
2.894450651652100532e+02 1.807145612292694921e+02
2.889338854130267009e+02 1.816497305757412732e+02
2.884242380115973106e+02 1.825848999222130260e+02
2.879162015801858274e+02 1.835200692686847788e+02
2.874097644539764360e+02 1.844552386151565599e+02
2.869049826805849648e+02 1.853904079616283411e+02
2.864019456265083363e+02 1.863255773081000939e+02
2.859009109773215869e+02 1.872607466545718466e+02
2.854017696952657843e+02 1.881959160010436278e+02
2.849046116031747715e+02 1.891310853475153806e+02
2.844094665488117926e+02 1.900662546939871618e+02
2.839165377270050499e+02 1.910014240404589145e+02
2.834259426051908690e+02 1.919365933869306957e+02
2.829377150573280346e+02 1.928717627334024485e+02
2.824516720594453432e+02 1.938069320798742297e+02
2.819676680398648614e+02 1.947421014263459824e+02
2.814854603205153012e+02 1.956772707728177636e+02
2.810047843093803408e+02 1.966124401192895164e+02
2.805253784125694665e+02 1.975476094657612975e+02
2.800469787232400449e+02 1.984827788122330503e+02
2.795693072465884939e+02 1.994179481587048315e+02
2.790920537927390797e+02 2.003531175051765842e+02
2.786148918948915139e+02 2.012882868516483654e+02
2.781374723007671150e+02 2.022234561981201182e+02
2.776594361364664678e+02 2.031586255445918994e+02
2.771804484559900743e+02 2.040937948910636521e+02
2.767001944451200188e+02 2.050289642375354333e+02
2.762183812823550397e+02 2.059641335840071861e+02
2.757347375955134794e+02 2.068993029304789673e+02
2.752490442577662861e+02 2.078344722769507200e+02
2.747611774830650120e+02 2.087696416234225012e+02
2.742711621661167101e+02 2.097048109698942540e+02
2.737791597055268085e+02 2.106399803163660351e+02
2.732853243038283040e+02 2.115751496628377879e+02
2.727899680843148644e+02 2.125103190093095691e+02
2.722932841056327220e+02 2.134454883557813218e+02
2.717954010732015604e+02 2.143806577022531030e+02
2.712963199254056121e+02 2.153158270487248558e+02
2.707959989701283803e+02 2.162509963951966370e+02
2.702944117127649406e+02 2.171861657416683897e+02
2.697916942224425156e+02 2.181213350881401709e+02
2.692876721610746813e+02 2.190565044346119237e+02
2.687822071590975952e+02 2.199916737810837049e+02
2.682802122830291296e+02 2.209268431275554576e+02
2.677917695637875681e+02 2.218620124740272388e+02
2.672768720043980011e+02 2.227971818204989916e+02
2.667604306980575188e+02 2.237323511669707727e+02
2.662439893917171503e+02 2.246675205134425255e+02
2.657275480853767817e+02 2.256026898599143067e+02
2.652111067790363563e+02 2.265378592063860594e+02
2.646946654726959309e+02 2.274730285528578406e+02
2.641782241663555055e+02 2.284081978993295934e+02
2.636617828600151370e+02 2.293433672458013746e+02
2.631453415536747116e+02 2.302785365922731273e+02
2.626289002473342862e+02 2.312137059387449085e+02
2.621124589409938608e+02 2.321488752852166613e+02
2.615960176346534354e+02 2.330840446316884425e+02
2.610795763283130100e+02 2.340192139781601952e+02
2.605631350219726414e+02 2.349543833246319764e+02
2.600466937156322729e+02 2.358895526711037292e+02
2.595302524092917906e+02 2.368247220175755103e+02
2.590138111029514221e+02 2.377598913640472631e+02
2.584973697966109967e+02 2.386950607105190159e+02
2.579809284902705713e+02 2.396302300569907970e+02
2.574644871839301459e+02 2.405653994034625498e+02
2.569480458775897773e+02 2.415005687499343310e+02
2.564316045712493519e+02 2.424357380964060837e+02
2.559151632649089265e+02 2.433709074428778649e+02
2.553987219585685295e+02 2.443060767893496177e+02
2.548822806522281326e+02 2.452412461358213989e+02
