3.278610284464291453e+02 5.838689251260188939e+01
3.276645579797902315e+02 5.932608864899939505e+01
3.274680875131513176e+02 6.026528478539689360e+01
3.272716170465123469e+02 6.120448092179439925e+01
3.270751465798733761e+02 6.214367705819190491e+01
3.268786761132344054e+02 6.308287319458940345e+01
3.266822056465954915e+02 6.402206933098690911e+01
3.264857351799565208e+02 6.496126546738440766e+01
3.262892647133176069e+02 6.590046160378192042e+01
3.260927942466786362e+02 6.683965774017941897e+01
3.258963237800397224e+02 6.777885387657691751e+01
3.256998533134007516e+02 6.871805001297443027e+01
3.255033828467618378e+02 6.965724614937192882e+01
3.253069123801228670e+02 7.059644228576942737e+01
3.251104419134839532e+02 7.153563842216694013e+01
3.249139714468450393e+02 7.247483455856443868e+01
3.247175009802060686e+02 7.341403069496193723e+01
3.245210305135670978e+02 7.435322683135944999e+01
3.243245600469281271e+02 7.529242296775694854e+01
3.241280895802892701e+02 7.623161910415444709e+01
3.239316191136502994e+02 7.717081524055194564e+01
3.237351486470113286e+02 7.811001137694945839e+01
3.235386781803724148e+02 7.904920751334695694e+01
3.233422077137335009e+02 7.998840364974446970e+01
3.231457372470945302e+02 8.092759978614196825e+01
3.229492667804555595e+02 8.186679592253946680e+01
3.227527963138166456e+02 8.280599205893696535e+01
3.225563258471777317e+02 8.374518819533447811e+01
3.223598553805387610e+02 8.468438433173197666e+01
3.221633849138997903e+02 8.562358046812948942e+01
3.219669144472608764e+02 8.656277660452698797e+01
3.217704439806219625e+02 8.750197274092448652e+01
3.215739735139829918e+02 8.844116887732198506e+01
3.213775030473440779e+02 8.938036501371949782e+01
3.211810325807050503e+02 9.031956115011699637e+01
3.209845621140661365e+02 9.125875728651450913e+01
3.207880916474271658e+02 9.219795342291200768e+01
3.205916211807882519e+02 9.313714955930950623e+01
3.203951507141493380e+02 9.407634569570700478e+01
3.201703661547572892e+02 9.501554183210451754e+01
3.199567147816327974e+02 9.595473796850201609e+01
3.197572902849226466e+02 9.689393410489952885e+01
3.195703515436039197e+02 9.783313024129702740e+01
3.193933014861568154e+02 9.877232637769452595e+01
3.192281282356026395e+02 9.971152251409202449e+01
3.190711900266759926e+02 1.006507186504895373e+02
3.189224138623938529e+02 1.015899147868870358e+02
3.187834652113003813e+02 1.025291109232845486e+02
3.186510216663456276e+02 1.034683070596820471e+02
3.185263836102326422e+02 1.044075031960795457e+02
3.184088019392121964e+02 1.053466993324770442e+02
3.182990343069529331e+02 1.062858954688745428e+02
3.181954891454940935e+02 1.072250916052720555e+02
3.180975890373060224e+02 1.081642877416695683e+02
3.179951251083132888e+02 1.091034838780670668e+02
3.178879300486362354e+02 1.100426800144645654e+02
3.177745877308951208e+02 1.109818761508620639e+02
3.176563259205997838e+02 1.119210722872595625e+02
3.175332116358788994e+02 1.128602684236570752e+02
3.174040332443027523e+02 1.137994645600545880e+02
3.172723392156128739e+02 1.147386606964520865e+02
3.171352699806589044e+02 1.156778568328495851e+02
3.169979577392888928e+02 1.166170529692470836e+02
3.168579571275496392e+02 1.175562491056445822e+02
3.167203186089503220e+02 1.184954452420420949e+02
3.165835240115749230e+02 1.194346413784396077e+02
3.164510353809347976e+02 1.203738375148371063e+02
3.163226955646355236e+02 1.213130336512346048e+02
3.161987191536836121e+02 1.222522297876321034e+02
3.160778755071878550e+02 1.231914259240296161e+02
3.159593971755913344e+02 1.241306220604271147e+02
3.158395899674873135e+02 1.250698181968246132e+02
3.157157888545037281e+02 1.260090143332221260e+02
3.155836868672740252e+02 1.269482104696196245e+02
3.154411631372321949e+02 1.278874066060171231e+02
3.152839526623226902e+02 1.288266027424146500e+02
3.151096695007393009e+02 1.297657988788121202e+02
3.149177799515648530e+02 1.307049950152096471e+02
3.147079381013957118e+02 1.316441911516071457e+02
3.144799798656060261e+02 1.325833872880046442e+02
3.142338361715161454e+02 1.335225834244021428e+02
3.139680771356526634e+02 1.344617795607996413e+02
3.136825780846398288e+02 1.354009756971971683e+02
3.133796134834427676e+02 1.363401718335946384e+02
3.130582682451985761e+02 1.372793679699921654e+02
3.127209667537114797e+02 1.382185641063896639e+02
3.123655799499292129e+02 1.391577602427871625e+02
3.119953639732820534e+02 1.400969563791846895e+02
3.116063013362489755e+02 1.410361525155821596e+02
3.112026989552278451e+02 1.419753486519796866e+02
3.107843298724195051e+02 1.429145447883771851e+02
3.103466812006332702e+02 1.438537409247746837e+02
3.098938278067357714e+02 1.447929370611721822e+02
3.094235053855943534e+02 1.457321331975696808e+02
3.089345662424443617e+02 1.466713293339672077e+02
3.084304469598706646e+02 1.476105254703646779e+02
3.079069787919626151e+02 1.485497216067622048e+02
3.073684093191052398e+02 1.494889177431597034e+02
3.068215736621741030e+02 1.504281138795572019e+02
3.062729808675539402e+02 1.513673100159547005e+02
3.057240658665740511e+02 1.523065061523521990e+02
3.051743496504928999e+02 1.532457022887497260e+02
3.046242142176357106e+02 1.541848984251471961e+02
3.040727249341077822e+02 1.551240945615447231e+02
3.035206378496834532e+02 1.560632906979422216e+02
3.029679727465779706e+02 1.570024868343397202e+02
3.024145534878399530e+02 1.579416829707372472e+02
3.018601590232520380e+02 1.588808791071347173e+02
3.013051664064900592e+02 1.598200752435322443e+02
3.007496189565496252e+02 1.607592713799297428e+02
3.001934615105511739e+02 1.616984675163272414e+02
2.996366435706856919e+02 1.626376636527247399e+02
2.990794673830837382e+02 1.635768597891222385e+02
2.985221957223918707e+02 1.645160559255197654e+02
2.979651853718985421e+02 1.654552520619172356e+02
2.974087304131702467e+02 1.663944481983147625e+02
2.968531752248425164e+02 1.673336443347122611e+02
2.962991096463408667e+02 1.682728404711097596e+02
2.957467010330333324e+02 1.692120366075072866e+02
2.951962143668439467e+02 1.701512327439047567e+02
2.946480447801484388e+02 1.710904288803022837e+02
2.941024244273992849e+02 1.720296250166997822e+02
2.935594428947956089e+02 1.729688211530972808e+02
2.930191946229747373e+02 1.739080172894947793e+02
2.924814368531123705e+02 1.748472134258922779e+02
2.919459609679850018e+02 1.757864095622898049e+02
2.914123356078512188e+02 1.767256056986872750e+02
2.908801992706158899e+02 1.776648018350848020e+02
2.903491365889633471e+02 1.786039979714823005e+02
2.898189410251637241e+02 1.795431941078797990e+02
2.892893601791042215e+02 1.804823902442773260e+02
2.887602675003954573e+02 1.814215863806747961e+02
2.882315978268573531e+02 1.823607825170723231e+02
2.877033449455810228e+02 1.832999786534698217e+02
2.871756235561990707e+02 1.842391747898673202e+02
2.866486193313156718e+02 1.851783709262648188e+02
2.861226453287272307e+02 1.861175670626623173e+02
2.855981190746720699e+02 1.870567631990598159e+02
2.850755179955498875e+02 1.879959593354573428e+02
2.845552183168865668e+02 1.889351554718548414e+02
2.840377219739268639e+02 1.898743516082523399e+02
2.835233068782292776e+02 1.908135477446498385e+02
2.830119308793055666e+02 1.917527438810473370e+02
2.825036453334058706e+02 1.926919400174448356e+02
2.819983024943718419e+02 1.936311361538423625e+02
2.814956710613736277e+02 1.945703322902398611e+02
2.809953965313251274e+02 1.955095284266373596e+02
2.804970246370568248e+02 1.964487245630348582e+02
2.800001121378548987e+02 1.973879206994323567e+02
2.795042528453709565e+02 1.983271168358298553e+02
2.790091307332910446e+02 1.992663129722273823e+02
2.785145320954292742e+02 2.002055091086248808e+02
2.780203298872455662e+02 2.011447052450223794e+02
2.775264456071267318e+02 2.020839013814198779e+02
2.770327865822084732e+02 2.030230975178173765e+02
2.765391837491024489e+02 2.039622936542148750e+02
2.760454396734714919e+02 2.049014897906124020e+02
2.755513693838354357e+02 2.058406859270099005e+02
2.750567568111594596e+02 2.067798820634073991e+02
2.745612638092144948e+02 2.077190781998048976e+02
2.740647090329316597e+02 2.086582743362023962e+02
2.735669717253076669e+02 2.095974704725998947e+02
2.730679778248206162e+02 2.105366666089974217e+02
2.725677098944271393e+02 2.114758627453949202e+02
2.720662108279887548e+02 2.124150588817924188e+02
2.715635830789225338e+02 2.133542550181899173e+02
2.710600224915027638e+02 2.142934511545874159e+02
2.705557529186677357e+02 2.152326472909849144e+02
2.700508119486241867e+02 2.161718434273824414e+02
2.695457598292622947e+02 2.171110395637799400e+02
2.690418294579874328e+02 2.180502357001774385e+02
2.685403813552608199e+02 2.189894318365749371e+02
2.680416144750623744e+02 2.199286279729724356e+02
2.675443648521093110e+02 2.208678241093699341e+02
2.670481226465152531e+02 2.218070202457674611e+02
2.665594171842333253e+02 2.227462163821649597e+02
2.660825731722416094e+02 2.236854125185624582e+02
2.656091069289044526e+02 2.246246086549599568e+02
2.651356406855672958e+02 2.255638047913574553e+02
2.646621744422301390e+02 2.265030009277549539e+02
2.641887081988929822e+02 2.274421970641524808e+02
2.637152419555558822e+02 2.283813932005499794e+02
2.632417757122187254e+02 2.293205893369474779e+02
2.627683094688815686e+02 2.302597854733449765e+02
2.622948432255444686e+02 2.311989816097424750e+02
2.618213769822073118e+02 2.321381777461399736e+02
2.613479107388701550e+02 2.330773738825375005e+02
2.608744444955329982e+02 2.340165700189349991e+02
2.604009782521958414e+02 2.349557661553324976e+02
2.599275120088586846e+02 2.358949622917299962e+02
2.594540457655215278e+02 2.368341584281274947e+02
2.589805795221844278e+02 2.377733545645249933e+02
2.585071132788472141e+02 2.387125507009225203e+02
2.580336470355101142e+02 2.396517468373200188e+02
2.575601807921729574e+02 2.405909429737175174e+02
2.570867145488358574e+02 2.415301391101150159e+02
2.566132483054987006e+02 2.424693352465125145e+02
2.561397820621615438e+02 2.434085313829100130e+02
2.556663158188244154e+02 2.443477275193075116e+02
2.551928495754872301e+02 2.452869236557050385e+02
