3.278600839026321410e+02 5.860877650218429835e+01
3.276652943832178266e+02 5.955145183616596682e+01
3.274705048638034555e+02 6.049412717014762819e+01
3.272757153443890843e+02 6.143680250412929666e+01
3.270809258249747700e+02 6.237947783811096514e+01
3.268861363055603420e+02 6.332215317209262651e+01
3.266913467861460276e+02 6.426482850607429498e+01
3.264965572667316565e+02 6.520750384005596345e+01
3.263017677473173421e+02 6.615017917403763192e+01
3.261069782279029710e+02 6.709285450801928619e+01
3.259121887084886566e+02 6.803552984200095466e+01
3.257173991890742286e+02 6.897820517598262313e+01
3.255226096696599143e+02 6.992088050996429160e+01
3.253278201502455431e+02 7.086355584394596008e+01
3.251330306308311719e+02 7.180623117792762855e+01
3.249382411114168008e+02 7.274890651190928281e+01
3.247434515920024864e+02 7.369158184589095129e+01
3.245486620725881721e+02 7.463425717987261976e+01
3.243538725531738010e+02 7.557693251385428823e+01
3.241590830337594298e+02 7.651960784783595670e+01
3.239642935143450586e+02 7.746228318181761097e+01
3.237695039949306874e+02 7.840495851579927944e+01
3.235747144755163731e+02 7.934763384978094791e+01
3.233799249561020019e+02 8.029030918376261639e+01
3.231851354366876876e+02 8.123298451774428486e+01
3.229903459172733164e+02 8.217565985172595333e+01
3.227955563978589453e+02 8.311833518570762180e+01
3.226007668784445741e+02 8.406101051968927607e+01
3.224059773590302598e+02 8.500368585367094454e+01
3.222111878396158886e+02 8.594636118765261301e+01
3.220163983202015743e+02 8.688903652163428148e+01
3.218216088007872031e+02 8.783171185561594996e+01
3.216268192813728319e+02 8.877438718959760422e+01
3.214320297619585176e+02 8.971706252357927269e+01
3.212372402425440896e+02 9.065973785756094117e+01
3.210424507231297753e+02 9.160241319154260964e+01
3.208476612037154041e+02 9.254508852552427811e+01
3.206528716843010898e+02 9.348776385950594658e+01
3.204427598799563270e+02 9.443043919348761506e+01
3.202250630194290579e+02 9.537311452746928353e+01
3.200186910374237641e+02 9.631578986145093779e+01
3.198252636699508002e+02 9.725846519543260627e+01
3.196425192894062093e+02 9.820114052941427474e+01
3.194691111925309315e+02 9.914381586339592900e+01
3.193061382823802887e+02 1.000864911973775975e+02
3.191525937690211094e+02 1.010291665313592659e+02
3.190079454936587808e+02 1.019718418653409344e+02
3.188706541620895223e+02 1.029145171993226029e+02
3.187425563377921094e+02 1.038571925333042714e+02
3.186227750014799085e+02 1.047998678672859398e+02
3.185090901519659496e+02 1.057425432012676083e+02
3.184016000988901283e+02 1.066852185352492626e+02
3.183002792949076820e+02 1.076278938692309310e+02
3.181972895031685198e+02 1.085705692032125995e+02
3.180885998615141261e+02 1.095132445371942538e+02
3.179747783336511588e+02 1.104559198711759223e+02
3.178556593029626356e+02 1.113985952051575907e+02
3.177310387357852051e+02 1.123412705391392592e+02
3.176019103167471371e+02 1.132839458731209277e+02
3.174673586931282330e+02 1.142266212071025961e+02
3.173298309120909835e+02 1.151692965410842646e+02
3.171884861892957588e+02 1.161119718750659331e+02
3.170460960602341061e+02 1.170546472090476016e+02
3.169034288636186147e+02 1.179973225430292558e+02
3.167620882172745382e+02 1.189399978770109243e+02
3.166240581421936326e+02 1.198826732109925928e+02
3.164888928606638387e+02 1.208253485449742470e+02
3.163581855205106876e+02 1.217680238789559155e+02
3.162323711151209409e+02 1.227106992129375840e+02
3.161080509058172652e+02 1.236533745469192525e+02
3.159819835511399901e+02 1.245960498809009209e+02
3.158521225925886711e+02 1.255387252148825894e+02
3.157159903211212395e+02 1.264814005488642579e+02
3.155733190650319102e+02 1.274240758828459121e+02
3.154200405210522149e+02 1.283667512168275948e+02
3.152551441776277557e+02 1.293094265508092349e+02
3.150786271936197522e+02 1.302521018847909318e+02
3.148884246154612470e+02 1.311947772187725718e+02
3.146829758652450550e+02 1.321374525527542687e+02
3.144609487110731152e+02 1.330801278867359088e+02
3.142211642321253748e+02 1.340228032207175772e+02
3.139626984453549881e+02 1.349654785546992457e+02
3.136854184473810960e+02 1.359081538886809142e+02
3.133880937290368252e+02 1.368508292226625827e+02
3.130731261737432760e+02 1.377935045566442511e+02
3.127368593001615409e+02 1.387361798906259196e+02
3.123837444424296450e+02 1.396788552246075596e+02
3.120119789646921049e+02 1.406215305585892565e+02
3.116208793906160963e+02 1.415642058925708966e+02
3.112153096537166448e+02 1.425068812265525935e+02
3.107892433857772971e+02 1.434495565605342335e+02
3.103469933012293609e+02 1.443922318945159020e+02
3.098838473032018328e+02 1.453349072284975705e+02
3.094052651674375625e+02 1.462775825624792390e+02
3.089049059047101764e+02 1.472202578964609074e+02
3.083883506126776979e+02 1.481629332304425759e+02
3.078547422104563225e+02 1.491056085644242444e+02
3.073092910384569905e+02 1.500482838984058844e+02
3.067620223684253915e+02 1.509909592323875813e+02
3.062128865581588570e+02 1.519336345663692214e+02
3.056625842071203465e+02 1.528763099003509183e+02
3.051097197309895819e+02 1.538189852343325583e+02
3.045555577157492166e+02 1.547616605683142268e+02
3.039989977683331972e+02 1.557043359022958953e+02
3.034409922015407801e+02 1.566470112362775637e+02
3.028808372125052415e+02 1.575896865702592322e+02
3.023191272080365479e+02 1.585323619042409007e+02
3.017560837260567723e+02 1.594750372382225692e+02
3.011916970208549742e+02 1.604177125722042092e+02
3.006261212332598234e+02 1.613603879061859061e+02
3.000595733824005720e+02 1.623030632401675462e+02
2.994925212761424405e+02 1.632457385741492430e+02
2.989253834583979597e+02 1.641884139081308831e+02
2.983586933913398980e+02 1.651310892421125800e+02
2.977928984541853765e+02 1.660737645760942200e+02
2.972285084234054580e+02 1.670164399100758885e+02
2.966660765753462670e+02 1.679591152440575570e+02
2.961061536607501239e+02 1.689017905780392255e+02
2.955495885929284441e+02 1.698444659120208939e+02
2.949964268859273488e+02 1.707871412460025624e+02
2.944467842951694365e+02 1.717298165799842309e+02
2.939009640104349046e+02 1.726724919139658709e+02
2.933591754050453915e+02 1.736151672479475678e+02
2.928206925816276112e+02 1.745578425819292079e+02
2.922847549202094797e+02 1.755005179159109048e+02
2.917510751091303973e+02 1.764431932498925448e+02
2.912191572024669881e+02 1.773858685838742133e+02
2.906884294945490979e+02 1.783285439178558818e+02
2.901583839339958217e+02 1.792712192518375502e+02
2.896287152023990075e+02 1.802138945858192187e+02
2.890992208814988089e+02 1.811565699198008872e+02
2.885698576582940404e+02 1.820992452537825557e+02
2.880407402264905841e+02 1.830419205877641957e+02
2.875120851456403557e+02 1.839845959217458926e+02
2.869841691791960443e+02 1.849272712557275327e+02
2.864573212713874568e+02 1.858699465897092296e+02
2.859318708424189595e+02 1.868126219236908696e+02
2.854081140980938471e+02 1.877552972576725381e+02
2.848863680467646873e+02 1.886979725916542066e+02
2.843667984591124309e+02 1.896406479256358750e+02
2.838494872210700919e+02 1.905833232596175435e+02
2.833345415894951884e+02 1.915259985935992120e+02
2.828219520866385892e+02 1.924686739275808804e+02
2.823116137539166743e+02 1.934113492615625489e+02
2.818033168136820450e+02 1.943540245955442174e+02
2.812966624434895948e+02 1.952966999295258859e+02
2.807914521588137973e+02 1.962393752635075259e+02
2.802874442570123392e+02 1.971820505974891944e+02
2.797845164932379021e+02 1.981247259314708629e+02
2.792826284482244432e+02 1.990674012654525313e+02
2.787818130792523448e+02 2.000100765994341998e+02
2.782821073782671988e+02 2.009527519334158683e+02
2.777835375645546492e+02 2.018954272673975368e+02
2.772861317859553196e+02 2.028381026013792052e+02
2.767898892723634390e+02 2.037807779353608737e+02
2.762947741858245081e+02 2.047234532693425422e+02
2.758006466716061027e+02 2.056661286033242106e+02
2.753072563342922763e+02 2.066088039373058791e+02
2.748142175557381393e+02 2.075514792712875192e+02
2.743210972240119645e+02 2.084941546052691876e+02
2.738274527263720302e+02 2.094368299392508561e+02
2.733329477836135197e+02 2.103795052732325246e+02
2.728373780096226824e+02 2.113221806072141931e+02
2.723406767810373594e+02 2.122648559411958615e+02
2.718428641940240595e+02 2.132075312751775300e+02
2.713440243516475903e+02 2.141502066091591985e+02
2.708442819674672819e+02 2.150928819431408670e+02
2.703438200831044469e+02 2.160355572771225354e+02
2.698428027957116910e+02 2.169782326111042039e+02
2.693413818605332608e+02 2.179209079450858439e+02
2.688397205548407101e+02 2.188635832790675124e+02
2.683379426194524058e+02 2.198062586130491809e+02
2.678361281378530521e+02 2.207489339470308494e+02
2.673382822723223171e+02 2.216916092810125178e+02
2.668651621423841789e+02 2.226342846149941863e+02
2.663951127346259682e+02 2.235769599489758548e+02
2.659212654623138405e+02 2.245196352829575233e+02
2.654474181900016561e+02 2.254623106169391917e+02
2.649735709176895284e+02 2.264049859509208602e+02
2.644997236453774008e+02 2.273476612849025287e+02
2.640258763730652731e+02 2.282903366188841972e+02
2.635520291007531455e+02 2.292330119528658372e+02
2.630781818284409610e+02 2.301756872868475057e+02
2.626043345561288334e+02 2.311183626208291741e+02
2.621304872838167057e+02 2.320610379548108426e+02
2.616566400115045781e+02 2.330037132887925111e+02
2.611827927391924504e+02 2.339463886227741796e+02
2.607089454668802659e+02 2.348890639567558480e+02
2.602350981945680815e+02 2.358317392907375165e+02
2.597612509222560107e+02 2.367744146247191850e+02
2.592874036499438262e+02 2.377170899587008535e+02
2.588135563776316985e+02 2.386597652926825219e+02
2.583397091053195709e+02 2.396024406266641904e+02
2.578658618330074432e+02 2.405451159606458305e+02
2.573920145606953156e+02 2.414877912946274989e+02
2.569181672883831311e+02 2.424304666286091674e+02
2.564443200160710035e+02 2.433731419625908359e+02
2.559704727437588758e+02 2.443158172965725043e+02
2.554966254714467198e+02 2.452584926305541728e+02
2.550227781991345921e+02 2.462011679645358413e+02
