3.268567272572403226e+02 5.939729035772057841e+01
3.266816210966088647e+02 6.033345626659006200e+01
3.265065149359773500e+02 6.126962217545954559e+01
3.263314087753458921e+02 6.220578808432902918e+01
3.261563026147143773e+02 6.314195399319851276e+01
3.259811964540828058e+02 6.407811990206799635e+01
3.258060902934513479e+02 6.501428581093747994e+01
3.256309841328198900e+02 6.595045171980696352e+01
3.254558779721883752e+02 6.688661762867644711e+01
3.252807718115568605e+02 6.782278353754594491e+01
3.251056656509254026e+02 6.875894944641542850e+01
3.249305594902938310e+02 6.969511535528491208e+01
3.247554533296623731e+02 7.063128126415439567e+01
3.245803471690308584e+02 7.156744717302387926e+01
3.244052410083994005e+02 7.250361308189336285e+01
3.242301348477678857e+02 7.343977899076284643e+01
3.240550286871363710e+02 7.437594489963233002e+01
3.238799225265049131e+02 7.531211080850181361e+01
3.237048163658733984e+02 7.624827671737129720e+01
3.235297102052418836e+02 7.718444262624078078e+01
3.233546040446103689e+02 7.812060853511026437e+01
3.231794978839789110e+02 7.905677444397974796e+01
3.230043917233473394e+02 7.999294035284924576e+01
3.228292855627158815e+02 8.092910626171871513e+01
3.226541794020844236e+02 8.186527217058821293e+01
3.224790732414529089e+02 8.280143807945768231e+01
3.223039670808213941e+02 8.373760398832718010e+01
3.221288609201899362e+02 8.467376989719666369e+01
3.219537547595584215e+02 8.560993580606614728e+01
3.217786485989269067e+02 8.654610171493563087e+01
3.216035424382954488e+02 8.748226762380511445e+01
3.214284362776639341e+02 8.841843353267459804e+01
3.212533301170324194e+02 8.935459944154408163e+01
3.210782239564009615e+02 9.029076535041356522e+01
3.209031177957694467e+02 9.122693125928304880e+01
3.207280116351379320e+02 9.216309716815253239e+01
3.205529054745064172e+02 9.309926307702201598e+01
3.203777993138749594e+02 9.403542898589151378e+01
3.202026931532434446e+02 9.497159489476098315e+01
3.200060297291536813e+02 9.590776080363048095e+01
3.198056863680309903e+02 9.684392671249995033e+01
3.196156027886451056e+02 9.778009262136944812e+01
3.194362645838828030e+02 9.871625853023891750e+01
3.192680535973290716e+02 9.965242443910841530e+01
3.191082481077780812e+02 1.005885903479778989e+02
3.189575441010370014e+02 1.015247562568473825e+02
3.188157780601953846e+02 1.024609221657168661e+02
3.186838529961888753e+02 1.033970880745863496e+02
3.185602075539158022e+02 1.043332539834558332e+02
3.184447390059859231e+02 1.052694198923253168e+02
3.183377714739538646e+02 1.062055858011948004e+02
3.182388226755182927e+02 1.071417517100642840e+02
3.181455904160372370e+02 1.080779176189337676e+02
3.180520006638257655e+02 1.090140835278032512e+02
3.179535953058563109e+02 1.099502494366727490e+02
3.178490779511566870e+02 1.108864153455422183e+02
3.177393205632565696e+02 1.118225812544117161e+02
3.176238976792925541e+02 1.127587471632811855e+02
3.175032222885207034e+02 1.136949130721506833e+02
3.173782087550539472e+02 1.146310789810201527e+02
3.172482940060320971e+02 1.155672448898896505e+02
3.171160181243491252e+02 1.165034107987591341e+02
3.169804356804268082e+02 1.174395767076286177e+02
3.168448906698775431e+02 1.183757426164981013e+02
3.167090220521768060e+02 1.193119085253675848e+02
3.165749830804502949e+02 1.202480744342370684e+02
3.164439138709381041e+02 1.211842403431065520e+02
3.163153603967502363e+02 1.221204062519760356e+02
3.161893451807490010e+02 1.230565721608455192e+02
3.160638087811215087e+02 1.239927380697150028e+02
3.159361856721863546e+02 1.249289039785844864e+02
3.158054543318329479e+02 1.258650698874539700e+02
3.156689627375966438e+02 1.268012357963234535e+02
3.155247705519402075e+02 1.277374017051929513e+02
3.153708967346761369e+02 1.286735676140624491e+02
3.152051716402538659e+02 1.296097335229319185e+02
3.150251656206745565e+02 1.305458994318013879e+02
3.148291944668795850e+02 1.314820653406708857e+02
3.146158604371240131e+02 1.324182312495403835e+02
3.143843144236927856e+02 1.333543971584098529e+02
3.141340434008234297e+02 1.342905630672793222e+02
3.138649324602310458e+02 1.352267289761488200e+02
3.135763923580021810e+02 1.361628948850183178e+02
3.132670828370791583e+02 1.370990607938877872e+02
3.129345107304104090e+02 1.380352267027572566e+02
3.125839069853235515e+02 1.389713926116267544e+02
3.122118251378657874e+02 1.399075585204962522e+02
3.118225484034362580e+02 1.408437244293657216e+02
3.114121165921387728e+02 1.417798903382352194e+02
3.109861443858735583e+02 1.427160562471046887e+02
3.105402594678293440e+02 1.436522221559741865e+02
3.100790831774490357e+02 1.445883880648436843e+02
3.095974775596954487e+02 1.455245539737131537e+02
3.091007250245506839e+02 1.464607198825826231e+02
3.085886209089787826e+02 1.473968857914521209e+02
3.080584597808938270e+02 1.483330517003216187e+02
3.075238819479275207e+02 1.492692176091910881e+02
3.069880940085536736e+02 1.502053835180605574e+02
3.064506535903209397e+02 1.511415494269300552e+02
3.059119634027862276e+02 1.520777153357995530e+02
3.053712512861392270e+02 1.530138812446690224e+02
3.048289526339520421e+02 1.539500471535384918e+02
3.042851073471397285e+02 1.548862130624079896e+02
3.037397071799823038e+02 1.558223789712774874e+02
3.031922620946445477e+02 1.567585448801469568e+02
3.026430962626639598e+02 1.576947107890164546e+02
3.020921861471247780e+02 1.586308766978859239e+02
3.015395355751189186e+02 1.595670426067554217e+02
3.009849203177747086e+02 1.605032085156249195e+02
3.004286240567257664e+02 1.614393744244943889e+02
2.998708604840732050e+02 1.623755403333638583e+02
2.993116890439846429e+02 1.633117062422333561e+02
2.987514941645814588e+02 1.642478721511028539e+02
2.981906269427208258e+02 1.651840380599723233e+02
2.976295678087134888e+02 1.661202039688417926e+02
2.970687040614244552e+02 1.670563698777112904e+02
2.965085768257933978e+02 1.679925357865807882e+02
2.959496598833678718e+02 1.689287016954502576e+02
2.953923943979821161e+02 1.698648676043197270e+02
2.948372992736097444e+02 1.708010335131892248e+02
2.942843663814223305e+02 1.717371994220587226e+02
2.937339063328283260e+02 1.726733653309282204e+02
2.931863659110221647e+02 1.736095312397976898e+02
2.926418682392830988e+02 1.745456971486671591e+02
2.921000641683665435e+02 1.754818630575366569e+02
2.915609612163370343e+02 1.764180289664061547e+02
2.910245243232182020e+02 1.773541948752756241e+02
2.904904075281374958e+02 1.782903607841450935e+02
2.899583641053976066e+02 1.792265266930145913e+02
2.894281854702469445e+02 1.801626926018840891e+02
2.888998335881241815e+02 1.810988585107535584e+02
2.883730294760843549e+02 1.820350244196230278e+02
2.878476032124168569e+02 1.829711903284925256e+02
2.873235126890562015e+02 1.839073562373620234e+02
2.868007822645700458e+02 1.848435221462314928e+02
2.862794814688490987e+02 1.857796880551009622e+02
2.857596933204330298e+02 1.867158539639704600e+02
2.852416159378399811e+02 1.876520198728399578e+02
2.847255371584662953e+02 1.885881857817094271e+02
2.842118258671994795e+02 1.895243516905789249e+02
2.837010171883434850e+02 1.904605175994483943e+02
2.831932076070623339e+02 1.913966835083178921e+02
2.826885836945365327e+02 1.923328494171873615e+02
2.821872222579210074e+02 1.932690153260568593e+02
2.816890792625621316e+02 1.942051812349263287e+02
2.811939549602575426e+02 1.951413471437958265e+02
2.807014865774755208e+02 1.960775130526653243e+02
2.802110771451247047e+02 1.970136789615347936e+02
2.797221509860166293e+02 1.979498448704042914e+02
2.792341035267333496e+02 1.988860107792737608e+02
2.787463420000149199e+02 1.998221766881432586e+02
2.782583516340220626e+02 2.007583425970127280e+02
2.777697043333190550e+02 2.016945085058822258e+02
2.772800833249003176e+02 2.026306744147516952e+02
2.767893087946280843e+02 2.035668403236211930e+02
2.762972760126076537e+02 2.045030062324906623e+02
2.758039722479950910e+02 2.054391721413601601e+02
2.753094254745951162e+02 2.063753380502296295e+02
2.748136372641203593e+02 2.073115039590991273e+02
2.743166113713130585e+02 2.082476698679685967e+02
2.738183738050095712e+02 2.091838357768380945e+02
2.733190007196996589e+02 2.101200016857075923e+02
2.728185901050968596e+02 2.110561675945770617e+02
2.723172015304347156e+02 2.119923335034465595e+02
2.718148459732879019e+02 2.129284994123160288e+02
2.713114548393326686e+02 2.138646653211855266e+02
2.708070070037364871e+02 2.148008312300549960e+02
2.703014217760634210e+02 2.157369971389244938e+02
2.697945845358964903e+02 2.166731630477939632e+02
2.692863548153922011e+02 2.176093289566634610e+02
2.687765016360560821e+02 2.185454948655329304e+02
2.682646949821523208e+02 2.194816607744024282e+02
2.677503738269034557e+02 2.204178266832718975e+02
2.672331830316346668e+02 2.213539925921413953e+02
2.667127598413057399e+02 2.222901585010108647e+02
2.661886833184479997e+02 2.232263244098803625e+02
2.656561965655384938e+02 2.241624903187498603e+02
2.651215305338781150e+02 2.250986562276193297e+02
2.645868645022177361e+02 2.260348221364888275e+02
2.640521984705574141e+02 2.269709880453582969e+02
2.635175324388970921e+02 2.279071539542277947e+02
2.629828664072367701e+02 2.288433198630972640e+02
2.624482003755764481e+02 2.297794857719667618e+02
2.619135343439160692e+02 2.307156516808362312e+02
2.613788683122557472e+02 2.316518175897057290e+02
2.608442022805954252e+02 2.325879834985751984e+02
2.603095362489350464e+02 2.335241494074446962e+02
2.597748702172747244e+02 2.344603153163141656e+02
2.592402041856144024e+02 2.353964812251836634e+02
2.587055381539540804e+02 2.363326471340531327e+02
2.581708721222937584e+02 2.372688130429226305e+02
2.576362060906334364e+02 2.382049789517920999e+02
2.571015400589730575e+02 2.391411448606615977e+02
2.565668740273127355e+02 2.400773107695310955e+02
2.560322079956523567e+02 2.410134766784005649e+02
2.554975419639920347e+02 2.419496425872700627e+02
2.549628759323317126e+02 2.428858084961395321e+02
2.544282099006713622e+02 2.438219744050090299e+02
2.538935438690110686e+02 2.447581403138784992e+02
2.533588778373506898e+02 2.456943062227479970e+02
