3.271415598932683224e+02 5.868842538925221675e+01
3.269632735520240772e+02 5.962828581242763448e+01
3.267849872107797751e+02 6.056814623560305932e+01
3.266067008695355867e+02 6.150800665877847706e+01
3.264284145282913414e+02 6.244786708195389480e+01
3.262501281870470962e+02 6.338772750512931964e+01
3.260718418458028509e+02 6.432758792830473737e+01
3.258935555045586057e+02 6.526744835148015511e+01
3.257152691633143604e+02 6.620730877465557285e+01
3.255369828220701720e+02 6.714716919783100479e+01
3.253586964808258699e+02 6.808702962100642253e+01
3.251804101395816815e+02 6.902689004418184027e+01
3.250021237983373794e+02 6.996675046735725800e+01
3.248238374570931910e+02 7.090661089053267574e+01
3.246455511158489458e+02 7.184647131370809348e+01
3.244672647746046437e+02 7.278633173688352542e+01
3.242889784333603984e+02 7.372619216005894316e+01
3.241106920921162100e+02 7.466605258323436090e+01
3.239324057508719079e+02 7.560591300640977863e+01
3.237541194096277195e+02 7.654577342958521058e+01
3.235758330683834174e+02 7.748563385276062832e+01
3.233975467271392290e+02 7.842549427593604605e+01
3.232192603858949269e+02 7.936535469911146379e+01
3.230409740446507385e+02 8.030521512228688152e+01
3.228626877034064933e+02 8.124507554546229926e+01
3.226844013621622480e+02 8.218493596863771700e+01
3.225061150209180596e+02 8.312479639181314894e+01
3.223278286796737575e+02 8.406465681498856668e+01
3.221495423384295123e+02 8.500451723816398442e+01
3.219712559971853238e+02 8.594437766133940215e+01
3.217929696559410218e+02 8.688423808451483410e+01
3.216146833146968333e+02 8.782409850769025184e+01
3.214363969734525881e+02 8.876395893086566957e+01
3.212581106322082860e+02 8.970381935404108731e+01
3.210798242909640408e+02 9.064367977721650504e+01
3.209015379497197955e+02 9.158354020039192278e+01
3.207232516084755503e+02 9.252340062356734052e+01
3.205449652672313618e+02 9.346326104674275825e+01
3.203525238022546660e+02 9.440312146991819020e+01
3.201501363241911804e+02 9.534298189309360794e+01
3.199593664027860314e+02 9.628284231626902567e+01
3.197815099539383255e+02 9.722270273944445762e+01
3.196145232794588082e+02 9.816256316261987536e+01
3.194555631729976426e+02 9.910242358579529309e+01
3.193064225993833816e+02 1.000422840089707108e+02
3.191668945585770416e+02 1.009821444321461286e+02
3.190347860317847335e+02 1.019220048553215463e+02
3.189117575421502124e+02 1.028618652784969640e+02
3.187971704752445703e+02 1.038017257016723818e+02
3.186905645979940118e+02 1.047415861248478137e+02
3.185940284892833461e+02 1.056814465480232315e+02
3.185051328902815158e+02 1.066213069711986492e+02
3.184222005750056610e+02 1.075611673943740811e+02
3.183371130015784729e+02 1.085010278175494989e+02
3.182469321060513039e+02 1.094408882407249166e+02
3.181517687300247985e+02 1.103807486639003343e+02
3.180512523234637001e+02 1.113206090870757521e+02
3.179469953190855449e+02 1.122604695102511698e+02
3.178374791049535588e+02 1.132003299334265876e+02
3.177247646552157789e+02 1.141401903566020053e+02
3.176082230334838528e+02 1.150800507797774372e+02
3.174898653050007624e+02 1.160199112029528550e+02
3.173694559670561830e+02 1.169597716261282727e+02
3.172498832583489730e+02 1.178996320493037047e+02
3.171299221141470071e+02 1.188394924724791224e+02
3.170120500434118185e+02 1.197793528956545401e+02
3.168961135512946612e+02 1.207192133188299579e+02
3.167819038590307628e+02 1.216590737420053756e+02
3.166654275576637474e+02 1.225989341651807933e+02
3.165465221687720714e+02 1.235387945883562111e+02
3.164241677219389430e+02 1.244786550115316430e+02
3.163000161798445902e+02 1.254185154347070608e+02
3.161726248554720655e+02 1.263583758578824785e+02
3.160429601229839136e+02 1.272982362810578962e+02
3.159072113592537789e+02 1.282380967042333282e+02
3.157656584258411385e+02 1.291779571274087175e+02
3.156126372547278152e+02 1.301178175505841637e+02
3.154444339939601605e+02 1.310576779737595814e+02
3.152578730467482160e+02 1.319975383969349991e+02
3.150497387631158972e+02 1.329373988201104169e+02
3.148182046461729442e+02 1.338772592432858346e+02
3.145628188331738784e+02 1.348171196664612808e+02
3.142831163401024810e+02 1.357569800896366701e+02
3.139785533506506567e+02 1.366968405128121162e+02
3.136519577239474188e+02 1.376367009359875055e+02
3.133007508981075944e+02 1.385765613591629517e+02
3.129263896299120233e+02 1.395164217823383410e+02
3.125297241446224916e+02 1.404562822055137872e+02
3.121093617512616447e+02 1.413961426286892049e+02
3.116664787870398072e+02 1.423360030518646226e+02
3.112046347963738526e+02 1.432758634750400404e+02
3.107222392009164196e+02 1.442157238982154581e+02
3.102214371159847133e+02 1.451555843213909043e+02
3.097067397154807509e+02 1.460954447445662936e+02
3.091857778771902758e+02 1.470353051677417398e+02
3.086607587610854466e+02 1.479751655909171291e+02
3.081317103808146385e+02 1.489150260140925752e+02
3.075995147447937370e+02 1.498548864372679645e+02
3.070652712471725749e+02 1.507947468604434107e+02
3.065287204377366379e+02 1.517346072836188284e+02
3.059911863747336724e+02 1.526744677067942462e+02
3.054520117798794558e+02 1.536143281299696639e+02
3.049121539717469886e+02 1.545541885531450816e+02
3.043710945469140370e+02 1.554940489763205278e+02
3.038290934728665320e+02 1.564339093994959171e+02
3.032862439164304078e+02 1.573737698226713633e+02
3.027419970405647973e+02 1.583136302458467526e+02
3.021968807352085946e+02 1.592534906690221987e+02
3.016509716831376977e+02 1.601933510921975881e+02
3.011042758901514276e+02 1.611332115153730342e+02
3.005567283507704133e+02 1.620730719385484520e+02
3.000086892250578217e+02 1.630129323617238697e+02
2.994604933094385615e+02 1.639527927848992874e+02
2.989123999210817146e+02 1.648926532080747052e+02
2.983645859732860117e+02 1.658325136312501229e+02
2.978175015527629057e+02 1.667723740544255406e+02
2.972716171776716010e+02 1.677122344776009868e+02
2.967272877585395463e+02 1.686520949007763761e+02
2.961850130068015119e+02 1.695919553239518223e+02
2.956451107226166073e+02 1.705318157471272116e+02
2.951077901633478291e+02 1.714716761703026577e+02
2.945732735465275027e+02 1.724115365934780755e+02
2.940418483500092179e+02 1.733513970166534932e+02
2.935132205772113139e+02 1.742912574398289109e+02
2.929871785619335469e+02 1.752311178630043287e+02
2.924636883359505646e+02 1.761709782861797464e+02
2.919425369090268418e+02 1.771108387093551642e+02
2.914233855149006445e+02 1.780506991325306103e+02
2.909058351723688816e+02 1.789905595557059996e+02
2.903897363156170286e+02 1.799304199788814458e+02
2.898749258426350934e+02 1.808702804020568351e+02
2.893614584917211801e+02 1.818101408252322813e+02
2.888491628732807612e+02 1.827500012484076990e+02
2.883380766943598701e+02 1.836898616715831167e+02
2.878283079314975339e+02 1.846297220947585345e+02
2.873200411996475623e+02 1.855695825179339522e+02
2.868134187367627419e+02 1.865094429411093699e+02
2.863086267680275228e+02 1.874493033642847877e+02
2.858058970358013084e+02 1.883891637874602054e+02
2.853055299588831986e+02 1.893290242106356231e+02
2.848079978381729234e+02 1.902688846338110693e+02
2.843133134214073152e+02 1.912087450569864870e+02
2.838215736164760301e+02 1.921486054801619048e+02
2.833327283338036295e+02 1.930884659033373225e+02
2.828465831916964817e+02 1.940283263265127403e+02
2.823628416324515342e+02 1.949681867496881580e+02
2.818810842372445222e+02 1.959080471728635757e+02
2.814008970242356895e+02 1.968479075960389935e+02
2.809217728944781811e+02 1.977877680192144112e+02
2.804432045869461945e+02 1.987276284423898289e+02
2.799647380272210739e+02 1.996674888655652467e+02
2.794860084819529220e+02 2.006073492887406928e+02
2.790067480159163438e+02 2.015472097119161106e+02
2.785267541756664400e+02 2.024870701350915283e+02
2.780458614730948170e+02 2.034269305582669460e+02
2.775639290535456780e+02 2.043667909814423638e+02
2.770808194632428467e+02 2.053066514046177815e+02
2.765964239720445335e+02 2.062465118277931992e+02
2.761106037767011685e+02 2.071863722509686170e+02
2.756231573796551402e+02 2.081262326741440347e+02
2.751338604668399057e+02 2.090660930973194525e+02
2.746425295002936195e+02 2.100059535204948702e+02
2.741490448944246054e+02 2.109458139436703163e+02
2.736533156929236270e+02 2.118856743668457341e+02
2.731553994056540091e+02 2.128255347900211518e+02
2.726554162167620348e+02 2.137653952131965696e+02
2.721534705793269495e+02 2.147052556363719873e+02
2.716497676914849535e+02 2.156451160595474050e+02
2.711446308419570528e+02 2.165849764827228228e+02
2.706383994084820870e+02 2.175248369058982405e+02
2.701311247684751606e+02 2.184646973290736582e+02
2.696233992104806134e+02 2.194045577522490760e+02
2.691163012044235643e+02 2.203444181754244937e+02
2.686120316123547127e+02 2.212842785985999399e+02
2.681263363644039828e+02 2.222241390217753576e+02
2.676676847652731794e+02 2.231639994449507753e+02
2.671812184594908786e+02 2.241038598681261931e+02
2.666947521537085208e+02 2.250437202913016108e+02
2.662082858479261631e+02 2.259835807144770286e+02
2.657218195421438054e+02 2.269234411376524463e+02
2.652353532363614477e+02 2.278633015608278640e+02
2.647488869305791468e+02 2.288031619840032818e+02
2.642624206247967891e+02 2.297430224071786995e+02
2.637759543190144313e+02 2.306828828303541172e+02
2.632894880132320736e+02 2.316227432535295634e+02
2.628030217074497159e+02 2.325626036767049811e+02
2.623165554016673582e+02 2.335024640998803989e+02
2.618300890958850005e+02 2.344423245230558166e+02
2.613436227901026427e+02 2.353821849462312343e+02
2.608571564843202850e+02 2.363220453694066521e+02
2.603706901785379841e+02 2.372619057925820698e+02
2.598842238727556264e+02 2.382017662157574875e+02
2.593977575669732687e+02 2.391416266389329053e+02
2.589112912611909110e+02 2.400814870621083230e+02
2.584248249554085533e+02 2.410213474852837408e+02
2.579383586496261955e+02 2.419612079084591869e+02
2.574518923438438378e+02 2.429010683316346046e+02
2.569654260380615369e+02 2.438409287548100224e+02
2.564789597322791224e+02 2.447807891779854401e+02
2.559924934264968215e+02 2.457206496011608579e+02
