3.268604355579423100e+02 5.952829715770926100e+01
3.266846008532210135e+02 6.046932047806441801e+01
3.265087661484997170e+02 6.141034379841956792e+01
3.263329314437784205e+02 6.235136711877472493e+01
3.261570967390571809e+02 6.329239043912988194e+01
3.259812620343359413e+02 6.423341375948503185e+01
3.258054273296146448e+02 6.517443707984018886e+01
3.256295926248932915e+02 6.611546040019534587e+01
3.254537579201720519e+02 6.705648372055050288e+01
3.252779232154507554e+02 6.799750704090564568e+01
3.251020885107294589e+02 6.893853036126080269e+01
3.249262538060082193e+02 6.987955368161595970e+01
3.247504191012869796e+02 7.082057700197111672e+01
3.245745843965656832e+02 7.176160032232627373e+01
3.243987496918443867e+02 7.270262364268143074e+01
3.242229149871230902e+02 7.364364696303657354e+01
3.240470802824017937e+02 7.458467028339173055e+01
3.238712455776804973e+02 7.552569360374688756e+01
3.236954108729592576e+02 7.646671692410204457e+01
3.235195761682379612e+02 7.740774024445720158e+01
3.233437414635167215e+02 7.834876356481234438e+01
3.231679067587954250e+02 7.928978688516750140e+01
3.229920720540741286e+02 8.023081020552265841e+01
3.228162373493528321e+02 8.117183352587781542e+01
3.226404026446315925e+02 8.211285684623297243e+01
3.224645679399102960e+02 8.305388016658812944e+01
3.222887332351889995e+02 8.399490348694328645e+01
3.221128985304677599e+02 8.493592680729842925e+01
3.219370638257464634e+02 8.587695012765358626e+01
3.217612291210251669e+02 8.681797344800874328e+01
3.215853944163038705e+02 8.775899676836390029e+01
3.214095597115826308e+02 8.870002008871905730e+01
3.212337250068613344e+02 8.964104340907420010e+01
3.210578903021400379e+02 9.058206672942935711e+01
3.208820555974187414e+02 9.152309004978451412e+01
3.207062208926975018e+02 9.246411337013967113e+01
3.205303861879762053e+02 9.340513669049482814e+01
3.203545514832549088e+02 9.434616001084998516e+01
3.201780827767270807e+02 9.528718333120514217e+01
3.199612737699962963e+02 9.622820665156029918e+01
3.197582940166126377e+02 9.716922997191544198e+01
3.195684723154871563e+02 9.811025329227059899e+01
3.193920247541631170e+02 9.905127661262575600e+01
3.192263732377103906e+02 9.999229993298089880e+01
3.190719735079447332e+02 1.009333232533360558e+02
3.189281363690346325e+02 1.018743465736912128e+02
3.187912078865283547e+02 1.028153698940463698e+02
3.186635574449997534e+02 1.037563932144015268e+02
3.185434977062852795e+02 1.046974165347566839e+02
3.184292782863672642e+02 1.056384398551118409e+02
3.183229294410119792e+02 1.065794631754669979e+02
3.182226283173667412e+02 1.075204864958221407e+02
3.181240475886501144e+02 1.084615098161772977e+02
3.180211139099809543e+02 1.094025331365324547e+02
3.179122454577406529e+02 1.103435564568875975e+02
3.177997693389299343e+02 1.112845797772427545e+02
3.176819804013761086e+02 1.122256030975979115e+02
3.175614204247249290e+02 1.131666264179530685e+02
3.174361841599648528e+02 1.141076497383082256e+02
3.173085553512951265e+02 1.150486730586633826e+02
3.171774545264188419e+02 1.159896963790185396e+02
3.170442377110387042e+02 1.169307196993736966e+02
3.169091079775415096e+02 1.178717430197288536e+02
3.167726322369055652e+02 1.188127663400839964e+02
3.166359614401628733e+02 1.197537896604391534e+02
3.164999101626976881e+02 1.206948129807943104e+02
3.163656826374131015e+02 1.216358363011494532e+02
3.162334147365497188e+02 1.225768596215046102e+02
3.161010128407028787e+02 1.235178829418597672e+02
3.159651597580956377e+02 1.244589062622149243e+02
3.158234259659075178e+02 1.253999295825700813e+02
3.156753088098577109e+02 1.263409529029252383e+02
3.155200043986047831e+02 1.272819762232803953e+02
3.153560803469833900e+02 1.282229995436355239e+02
3.151816732970240764e+02 1.291640228639906809e+02
3.149950716602019725e+02 1.301050461843458379e+02
3.147948775135075152e+02 1.310460695047009949e+02
3.145800537681717515e+02 1.319870928250561519e+02
3.143505732244524893e+02 1.329281161454113089e+02
3.141051028551120226e+02 1.338691394657664659e+02
3.138425880548022633e+02 1.348101627861216230e+02
3.135620452757358407e+02 1.357511861064767800e+02
3.132642705382376107e+02 1.366922094268319370e+02
3.129486440552266231e+02 1.376332327471870940e+02
3.126119783878933163e+02 1.385742560675422510e+02
3.122587294354140113e+02 1.395152793878974080e+02
3.118845763091060803e+02 1.404563027082525650e+02
3.114949884184219400e+02 1.413973260286077220e+02
3.110843954631171187e+02 1.423383493489628790e+02
3.106579338522728335e+02 1.432793726693180361e+02
3.102115015243218181e+02 1.442203959896731931e+02
3.097510372093644264e+02 1.451614193100283217e+02
3.092738204638163779e+02 1.461024426303834787e+02
3.087841024420478675e+02 1.470434659507386357e+02
3.082794868826064771e+02 1.479844892710937927e+02
3.077623820890855768e+02 1.489255125914489497e+02
3.072349591761420697e+02 1.498665359118041067e+02
3.067041527028793553e+02 1.508075592321592353e+02
3.061724624874237861e+02 1.517485825525143923e+02
3.056388401472489704e+02 1.526896058728695493e+02
3.051034331165449771e+02 1.536306291932247063e+02
3.045663396146546233e+02 1.545716525135798634e+02
3.040268855791572378e+02 1.555126758339350204e+02
3.034852555777003431e+02 1.564536991542901774e+02
3.029414861253734443e+02 1.573947224746453344e+02
3.023954654220594875e+02 1.583357457950004914e+02
3.018473323458052846e+02 1.592767691153556484e+02
3.012975923633480306e+02 1.602177924357108054e+02
3.007462715568337899e+02 1.611588157560659624e+02
3.001937226256031863e+02 1.620998390764211194e+02
2.996405883406445696e+02 1.630408623967762765e+02
2.990873748545793660e+02 1.639818857171314335e+02
2.985344190177601149e+02 1.649229090374865905e+02
2.979821221810407224e+02 1.658639323578417475e+02
2.974309603998727880e+02 1.668049556781968761e+02
2.968813668945560380e+02 1.677459789985520331e+02
2.963338936274229809e+02 1.686870023189071901e+02
2.957886022847014260e+02 1.696280256392623471e+02
2.952451699232420879e+02 1.705690489596175041e+02
2.947038635143765646e+02 1.715100722799726611e+02
2.941645788905981362e+02 1.724510956003277897e+02
2.936267004993952128e+02 1.733921189206829467e+02
2.930903721272881057e+02 1.743331422410381037e+02
2.925554635571086237e+02 1.752741655613932608e+02
2.920215694691832482e+02 1.762151888817484178e+02
2.914884952728699545e+02 1.771562122021035748e+02
2.909561257997232815e+02 1.780972355224587318e+02
2.904244598369508594e+02 1.790382588428138888e+02
2.898933030831209976e+02 1.799792821631690458e+02
2.893626330508794240e+02 1.809203054835242028e+02
2.888325095202452530e+02 1.818613288038793598e+02
2.883031190048384929e+02 1.828023521242345169e+02
2.877745813208922527e+02 1.837433754445896739e+02
2.872470016590480100e+02 1.846843987649448309e+02
2.867205067247467696e+02 1.856254220852999879e+02
2.861952237281321914e+02 1.865664454056551449e+02
2.856712924368763424e+02 1.875074687260103019e+02
2.851488691525755144e+02 1.884484920463654305e+02
2.846280060638389386e+02 1.893895153667205875e+02
2.841088294839448167e+02 1.903305386870757445e+02
2.835915388995890680e+02 1.912715620074309015e+02
2.830763004064470465e+02 1.922125853277860585e+02
2.825632533943054909e+02 1.931536086481412156e+02
2.820525137726066305e+02 1.940946319684963726e+02
2.815441526661836633e+02 1.950356552888515296e+02
2.810381446468616673e+02 1.959766786092066866e+02
2.805343143661303316e+02 1.969177019295618152e+02
2.800323063708967197e+02 1.978587252499169722e+02
2.795316197569966334e+02 1.987997485702721292e+02
2.790317483335392694e+02 1.997407718906272862e+02
2.785322634743669710e+02 2.006817952109824432e+02
2.780328946723318495e+02 2.016228185313376002e+02
2.775335211353359455e+02 2.025638418516927572e+02
2.770341343023043237e+02 2.035048651720479143e+02
2.765348144996970632e+02 2.044458884924030713e+02
2.760356980299533234e+02 2.053869118127582283e+02
2.755369285533339507e+02 2.063279351331133853e+02
2.750386224503437234e+02 2.072689584534685423e+02
2.745407955126359525e+02 2.082099817738236709e+02
2.740433042670325108e+02 2.091510050941788279e+02
2.735458644242897321e+02 2.100920284145339849e+02
2.730481344438606470e+02 2.110330517348891419e+02
2.725497004836025781e+02 2.119740750552442989e+02
2.720501377265240990e+02 2.129150983755994559e+02
2.715489046853066384e+02 2.138561216959546130e+02
2.710456412286226282e+02 2.147971450163097700e+02
2.705401797356692555e+02 2.157381683366649270e+02
2.700324389342238192e+02 2.166791916570200840e+02
2.695224630065555971e+02 2.176202149773752410e+02
2.690103897096528840e+02 2.185612382977303696e+02
2.684965372406015831e+02 2.195022616180855266e+02
2.679815499732007993e+02 2.204432849384406836e+02
2.674655778101762280e+02 2.213843082587958406e+02
2.669495011399952773e+02 2.223253315791509976e+02
2.664339841501772526e+02 2.232663548995061547e+02
2.659293870648892266e+02 2.242073782198613117e+02
2.654386759199334165e+02 2.251484015402164687e+02
2.649423811980353776e+02 2.260894248605716257e+02
2.644460864761373387e+02 2.270304481809267827e+02
2.639497917542392429e+02 2.279714715012819397e+02
2.634534970323412608e+02 2.289124948216370967e+02
2.629572023104432219e+02 2.298535181419922253e+02
2.624609075885451830e+02 2.307945414623473823e+02
2.619646128666471441e+02 2.317355647827025393e+02
2.614683181447491052e+02 2.326765881030576963e+02
2.609720234228510094e+02 2.336176114234128534e+02
2.604757287009530273e+02 2.345586347437680104e+02
2.599794339790549884e+02 2.354996580641231674e+02
2.594831392571568927e+02 2.364406813844783244e+02
2.589868445352588537e+02 2.373817047048334814e+02
2.584905498133608148e+02 2.383227280251886384e+02
2.579942550914627759e+02 2.392637513455437954e+02
2.574979603695647370e+02 2.402047746658989524e+02
2.570016656476666412e+02 2.411457979862540810e+02
2.565053709257686023e+02 2.420868213066092380e+02
2.560090762038705634e+02 2.430278446269643950e+02
2.555127814819725245e+02 2.439688679473195521e+02
2.550164867600744856e+02 2.449098912676747091e+02
2.545201920381764467e+02 2.458509145880298661e+02
2.540238973162784077e+02 2.467919379083850231e+02
