3.278610571146376174e+02 5.838228648066379378e+01
3.276651034010134822e+02 5.932816876511474646e+01
3.274691496873892902e+02 6.027405104956570625e+01
3.272731959737652119e+02 6.121993333401665893e+01
3.270772422601410767e+02 6.216581561846761872e+01
3.268812885465168847e+02 6.311169790291857140e+01
3.266853348328927495e+02 6.405758018736952408e+01
3.264893811192686144e+02 6.500346247182048387e+01
3.262934274056444792e+02 6.594934475627144366e+01
3.260974736920203441e+02 6.689522704072240344e+01
3.259015199783962089e+02 6.784110932517334902e+01
3.257055662647720737e+02 6.878699160962430881e+01
3.255096125511478817e+02 6.973287389407526859e+01
3.253136588375238034e+02 7.067875617852622838e+01
3.251177051238996114e+02 7.162463846297717396e+01
3.249217514102754762e+02 7.257052074742813375e+01
3.247257976966513411e+02 7.351640303187909353e+01
3.245298439830271491e+02 7.446228531633005332e+01
3.243338902694030139e+02 7.540816760078099890e+01
3.241379365557788788e+02 7.635404988523195868e+01
3.239419828421547436e+02 7.729993216968291847e+01
3.237460291285306084e+02 7.824581445413386405e+01
3.235500754149064733e+02 7.919169673858482383e+01
3.233541217012823381e+02 8.013757902303578362e+01
3.231581679876582029e+02 8.108346130748674341e+01
3.229622142740340678e+02 8.202934359193770320e+01
3.227662605604099326e+02 8.297522587638864877e+01
3.225703068467857975e+02 8.392110816083960856e+01
3.223743531331616623e+02 8.486699044529056835e+01
3.221783994195375271e+02 8.581287272974151392e+01
3.219824457059133351e+02 8.675875501419247371e+01
3.217864919922892000e+02 8.770463729864343350e+01
3.215905382786650648e+02 8.865051958309439328e+01
3.213945845650409296e+02 8.959640186754535307e+01
3.211986308514167945e+02 9.054228415199629865e+01
3.210026771377926025e+02 9.148816643644725843e+01
3.208067234241684673e+02 9.243404872089820401e+01
3.206107697105443322e+02 9.337993100534916380e+01
3.204045824244124105e+02 9.432581328980012358e+01
3.201879255845780676e+02 9.527169557425108337e+01
3.199839372492277789e+02 9.621757785870204316e+01
3.197920620085072869e+02 9.716346014315300295e+01
3.196086125483043929e+02 9.810934242760394852e+01
3.194368155694369307e+02 9.905522471205490831e+01
3.192723865932122749e+02 1.000011069965058539e+02
3.191165201869358725e+02 1.009469892809568137e+02
3.189698684289079438e+02 1.018928715654077735e+02
3.188315291279215558e+02 1.028387538498587332e+02
3.187001443689198368e+02 1.037846361343096930e+02
3.185765648878512479e+02 1.047305184187606528e+02
3.184627459338229869e+02 1.056764007032115984e+02
3.183551133064640908e+02 1.066222829876625582e+02
3.182524516100387473e+02 1.075681652721135038e+02
3.181514828811863254e+02 1.085140475565644635e+02
3.180454789666010811e+02 1.094599298410154233e+02
3.179336551045793726e+02 1.104058121254663831e+02
3.178166882219736635e+02 1.113516944099173429e+02
3.176935454793969029e+02 1.122975766943683027e+02
3.175664877142641558e+02 1.132434589788192483e+02
3.174332316433888082e+02 1.141893412632702081e+02
3.172980211181587151e+02 1.151352235477211536e+02
3.171589960638806929e+02 1.160811058321721134e+02
3.170196793921440985e+02 1.170269881166230732e+02
3.168802978222967681e+02 1.179728704010740330e+02
3.167425870284038183e+02 1.189187526855249928e+02
3.166074165947413235e+02 1.198646349699759384e+02
3.164749386053339322e+02 1.208105172544268981e+02
3.163448464082759983e+02 1.217563995388778437e+02
3.162128510300731250e+02 1.227022818233288035e+02
3.160755747248452394e+02 1.236481641077797633e+02
3.159336785837471098e+02 1.245940463922307231e+02
3.157870326066359894e+02 1.255399286766816829e+02
3.156334959585487923e+02 1.264858109611326284e+02
3.154717845672905128e+02 1.274316932455835882e+02
3.153003074220289932e+02 1.283775755300345622e+02
3.151166358958772094e+02 1.293234578144854936e+02
3.149192081793066791e+02 1.302693400989364534e+02
3.147065283338901054e+02 1.312152223833874132e+02
3.144775313636973806e+02 1.321611046678383730e+02
3.142313545005953301e+02 1.331069869522893327e+02
3.139669043168671010e+02 1.340528692367402641e+02
3.136834563456009164e+02 1.349987515211912523e+02
3.133820920195453823e+02 1.359446338056421837e+02
3.130651910865421428e+02 1.368905160900931719e+02
3.127294846134816453e+02 1.378363983745441033e+02
3.123791193233717536e+02 1.387822806589950630e+02
3.120123945377897599e+02 1.397281629434460228e+02
3.116291464372226301e+02 1.406740452278969826e+02
3.112342321459663594e+02 1.416199275123479424e+02
3.108189400152687654e+02 1.425658097967988738e+02
3.103906280938874716e+02 1.435116920812498620e+02
3.099433113778755455e+02 1.444575743657007934e+02
3.094804800440306281e+02 1.454034566501517531e+02
3.090010064455477163e+02 1.463493389346027129e+02
3.085044628769119299e+02 1.472952212190536727e+02
3.079936479689959015e+02 1.482411035035046325e+02
3.074673856324045005e+02 1.491869857879555639e+02
3.069354046695645479e+02 1.501328680724065521e+02
3.064022467527151434e+02 1.510787503568574834e+02
3.058673680035985285e+02 1.520246326413084432e+02
3.053307934194495488e+02 1.529705149257594030e+02
3.047927871383658385e+02 1.539163972102103628e+02
3.042531267833553557e+02 1.548622794946613226e+02
3.037115521965058633e+02 1.558081617791122540e+02
3.031682011279405629e+02 1.567540440635632422e+02
3.026229943406714824e+02 1.576999263480141735e+02
3.020759303065726726e+02 1.586458086324651617e+02
3.015268786570904922e+02 1.595916909169160931e+02
3.009758990645875087e+02 1.605375732013670529e+02
3.004232676501000014e+02 1.614834554858180127e+02
2.998691274536726041e+02 1.624293377702689725e+02
2.993139172854006915e+02 1.633752200547199323e+02
2.987578985852766209e+02 1.643211023391708636e+02
2.982016440805053321e+02 1.652669846236218518e+02
2.976455520486949240e+02 1.662128669080727832e+02
2.970901829156657072e+02 1.671587491925237430e+02
2.965357962624373727e+02 1.681046314769747028e+02
2.959826439760650487e+02 1.690505137614256626e+02
2.954310297713541331e+02 1.699963960458766223e+02
2.948811282707786745e+02 1.709422783303275537e+02
2.943328515254659123e+02 1.718881606147785419e+02
2.937861913236524174e+02 1.728340428992294733e+02
2.932411138646122595e+02 1.737799251836804615e+02
2.926977500088522675e+02 1.747258074681313929e+02
2.921559219536283081e+02 1.756716897525823526e+02
2.916154821784189153e+02 1.766175720370333124e+02
2.910763167296578331e+02 1.775634543214842722e+02
2.905383638793493333e+02 1.785093366059352320e+02
2.900016813893810763e+02 1.794552188903861634e+02
2.894663305882901909e+02 1.804011011748371516e+02
2.889324041640855967e+02 1.813469834592880829e+02
2.883999941064390100e+02 1.822928657437390427e+02
2.878692192807029642e+02 1.832387480281900025e+02
2.873401774006715073e+02 1.841846303126409623e+02
2.868129590795959416e+02 1.851305125970919221e+02
2.862876333402457476e+02 1.860763948815428535e+02
2.857642497929353453e+02 1.870222771659938132e+02
2.852428903731662331e+02 1.879681594504447730e+02
2.847235058086130834e+02 1.889140417348957328e+02
2.842059773596359946e+02 1.898599240193466926e+02
2.836901438002326472e+02 1.908058063037976524e+02
2.831756760681723790e+02 1.917516885882486122e+02
2.826624327100156506e+02 1.926975708726995720e+02
2.821501580697515124e+02 1.936434531571505318e+02
2.816386264783935758e+02 1.945893354416014631e+02
2.811276570764715643e+02 1.955352177260524229e+02
2.806171009232131155e+02 1.964811000105033827e+02
2.801068976440638494e+02 1.974269822949543425e+02
2.795970218320229606e+02 1.983728645794053023e+02
2.790874762567075322e+02 1.993187468638562621e+02
2.785783089829794790e+02 2.002646291483072218e+02
2.780696702466353258e+02 2.012105114327581816e+02
2.775616621300395082e+02 2.021563937172091130e+02
2.770543664493516189e+02 2.031022760016600728e+02
2.765477969328177323e+02 2.040481582861110326e+02
2.760419032343512526e+02 2.049940405705619924e+02
2.755365496222491402e+02 2.059399228550129521e+02
2.750316052490571792e+02 2.068858051394639119e+02
2.745268466780948984e+02 2.078316874239148717e+02
2.740220239892323093e+02 2.087775697083658315e+02
2.735169299981225777e+02 2.097234519928167629e+02
2.730112925772671701e+02 2.106693342772677227e+02
2.725050300050733085e+02 2.116152165617186824e+02
2.719981578612200792e+02 2.125610988461696422e+02
2.714907843257447553e+02 2.135069811306206020e+02
2.709830822928102521e+02 2.144528634150715618e+02
2.704752822737679594e+02 2.153987456995225216e+02
2.699676575333055553e+02 2.163446279839734530e+02
2.694604874756549293e+02 2.172905102684244127e+02
2.689539525521520886e+02 2.182363925528753725e+02
2.684481557590782472e+02 2.191822748373263323e+02
2.679430866015685524e+02 2.201281571217772921e+02
2.674386346390572271e+02 2.210740394062282519e+02
2.669345041245679795e+02 2.220199216906792117e+02
2.664323637823260924e+02 2.229658039751301715e+02
2.659368529945826936e+02 2.239116862595811028e+02
2.654542871481550605e+02 2.248575685440320626e+02
2.649717213017274275e+02 2.258034508284830224e+02
2.644891554552997945e+02 2.267493331129339822e+02
2.640065896088721615e+02 2.276952153973849420e+02
2.635240237624445285e+02 2.286410976818359018e+02
2.630414579160168955e+02 2.295869799662868616e+02
2.625588920695892625e+02 2.305328622507378213e+02
2.620763262231616295e+02 2.314787445351887527e+02
2.615937603767340534e+02 2.324246268196397125e+02
2.611111945303063635e+02 2.333705091040906723e+02
2.606286286838787305e+02 2.343163913885416321e+02
2.601460628374510975e+02 2.352622736729925919e+02
2.596634969910234645e+02 2.362081559574435516e+02
2.591809311445958315e+02 2.371540382418945114e+02
2.586983652981681985e+02 2.380999205263454712e+02
2.582157994517406223e+02 2.390458028107964026e+02
2.577332336053129325e+02 2.399916850952473624e+02
2.572506677588852995e+02 2.409375673796983222e+02
2.567681019124576665e+02 2.418834496641492819e+02
2.562855360660300335e+02 2.428293319486002417e+02
2.558029702196024004e+02 2.437752142330512015e+02
2.553204043731747674e+02 2.447210965175021613e+02
2.548378385267471344e+02 2.456669788019530927e+02
2.543552726803195014e+02 2.466128610864040525e+02
