3.261392942665286796e+02 5.816046102561938369e+01
3.259789332164506845e+02 5.910846165882525582e+01
3.258185721663727463e+02 6.005646229203112085e+01
3.256582111162946944e+02 6.100446292523699299e+01
3.254978500662167562e+02 6.195246355844285802e+01
3.253374890161387043e+02 6.290046419164873015e+01
3.251771279660607661e+02 6.384846482485459518e+01
3.250167669159827142e+02 6.479646545806046731e+01
3.248564058659047760e+02 6.574446609126633234e+01
3.246960448158267809e+02 6.669246672447221158e+01
3.245356837657487290e+02 6.764046735767807661e+01
3.243753227156707339e+02 6.858846799088394164e+01
3.242149616655927389e+02 6.953646862408980667e+01
3.240546006155147438e+02 7.048446925729567170e+01
3.238942395654367488e+02 7.143246989050155094e+01
3.237338785153588105e+02 7.238047052370741596e+01
3.235735174652807586e+02 7.332847115691328099e+01
3.234131564152027636e+02 7.427647179011916023e+01
3.232527953651247117e+02 7.522447242332502526e+01
3.230924343150467735e+02 7.617247305653089029e+01
3.229320732649687216e+02 7.712047368973676953e+01
3.227717122148907265e+02 7.806847432294263456e+01
3.226113511648127314e+02 7.901647495614849959e+01
3.224509901147347932e+02 7.996447558935436462e+01
3.222906290646567413e+02 8.091247622256022964e+01
3.221302680145788031e+02 8.186047685576610888e+01
3.219699069645007512e+02 8.280847748897197391e+01
3.218095459144227561e+02 8.375647812217783894e+01
3.216491848643447611e+02 8.470447875538371818e+01
3.214888238142667660e+02 8.565247938858958321e+01
3.213284627641887710e+02 8.660048002179544824e+01
3.211681017141107759e+02 8.754848065500132748e+01
3.210077406640327808e+02 8.849648128820719251e+01
3.208473796139547858e+02 8.944448192141305753e+01
3.206870185638767907e+02 9.039248255461893677e+01
3.205266575137987957e+02 9.134048318782478759e+01
3.203662964637208006e+02 9.228848382103066683e+01
3.202059354136428055e+02 9.323648445423653186e+01
3.200455743635648105e+02 9.418448508744239689e+01
3.198852133134868154e+02 9.513248572064827613e+01
3.197028986555405368e+02 9.608048635385414116e+01
3.195255423987274526e+02 9.702848698706000619e+01
3.193589615274756284e+02 9.797648762026588543e+01
3.192023767929692326e+02 9.892448825347175045e+01
3.190586392820249557e+02 9.987248888667761548e+01
3.189238015163334694e+02 1.008204895198834947e+02
3.187984563454915587e+02 1.017684901530893455e+02
3.186820660996800711e+02 1.027164907862952248e+02
3.185765351562584442e+02 1.036644914195010898e+02
3.184786013726475744e+02 1.046124920527069548e+02
3.183884182513065184e+02 1.055604926859128341e+02
3.183058331220772743e+02 1.065084933191186991e+02
3.182261258653521168e+02 1.074564939523245641e+02
3.181426617134686694e+02 1.084044945855304434e+02
3.180536612133831795e+02 1.093524952187363084e+02
3.179591134924533549e+02 1.103004958519421734e+02
3.178595731490520961e+02 1.112484964851480527e+02
3.177536292240271791e+02 1.121964971183539035e+02
3.176436858878011549e+02 1.131444977515597827e+02
3.175274381796024841e+02 1.140924983847656478e+02
3.174067762754012847e+02 1.150404990179715128e+02
3.172815982908923047e+02 1.159884996511773920e+02
3.171529213955923865e+02 1.169365002843832571e+02
3.170226801982960296e+02 1.178845009175891221e+02
3.168920019390931202e+02 1.188325015507950013e+02
3.167620818335024637e+02 1.197805021840008664e+02
3.166341046514563118e+02 1.207285028172067314e+02
3.165083695806180799e+02 1.216765034504126106e+02
3.163824294478468460e+02 1.226245040836184756e+02
3.162514686265589035e+02 1.235725047168243407e+02
3.161126570997487306e+02 1.245205053500302057e+02
3.159650207639602968e+02 1.254685059832360707e+02
3.158070407081910389e+02 1.264165066164419500e+02
3.156371991030825939e+02 1.273645072496478150e+02
3.154537877460079471e+02 1.283125078828536800e+02
3.152555700194038764e+02 1.292605085160595593e+02
3.150413728407845042e+02 1.302085091492654101e+02
3.148102734963922558e+02 1.311565097824712893e+02
3.145617558365497075e+02 1.321045104156771686e+02
3.142953530649556910e+02 1.330525110488830478e+02
3.140110008828692685e+02 1.340005116820888986e+02
3.137068157201902068e+02 1.349485123152947494e+02
3.133847052870230527e+02 1.358965129485006287e+02
3.130456695794123334e+02 1.368445135817065079e+02
3.126902180929185988e+02 1.377925142149123872e+02
3.123162754439757691e+02 1.387405148481182380e+02
3.119272072029426681e+02 1.396885154813241172e+02
3.115241588707386882e+02 1.406365161145299680e+02
3.111057225822161172e+02 1.415845167477358473e+02
3.106751917346524579e+02 1.425325173809417265e+02
3.102322525095640913e+02 1.434805180141476058e+02
3.097747779613578132e+02 1.444285186473534566e+02
3.093040281251872443e+02 1.453765192805593074e+02
3.088209025867433866e+02 1.463245199137651866e+02
3.083230000712154606e+02 1.472725205469710659e+02
3.078130772881971211e+02 1.482205211801769451e+02
3.072939233034167046e+02 1.491685218133827959e+02
3.067697981811907653e+02 1.501165224465886752e+02
3.062438304335005341e+02 1.510645230797945260e+02
3.057158136977083132e+02 1.520125237130004052e+02
3.051859843925208793e+02 1.529605243462062845e+02
3.046547006595620815e+02 1.539085249794121637e+02
3.041217445945520126e+02 1.548565256126180145e+02
3.035874129753251509e+02 1.558045262458238653e+02
3.030520808034028732e+02 1.567525268790297446e+02
3.025156605438178303e+02 1.577005275122356238e+02
3.019782953471839733e+02 1.586485281454415031e+02
3.014400557914761976e+02 1.595965287786473539e+02
3.009010606374893655e+02 1.605445294118532331e+02
3.003613034346248583e+02 1.614925300450590839e+02
2.998210492053571556e+02 1.624405306782649632e+02
2.992805530438726009e+02 1.633885313114708424e+02
2.987401671666286802e+02 1.643365319446767217e+02
2.982002588065614646e+02 1.652845325778825725e+02
2.976611582598033010e+02 1.662325332110884233e+02
2.971232161915729080e+02 1.671805338442943025e+02
2.965867418896776257e+02 1.681285344775001818e+02
2.960520178096465997e+02 1.690765351107060610e+02
2.955193473088400538e+02 1.700245357439119118e+02
2.949893284580908812e+02 1.709725363771177911e+02
2.944618042469238048e+02 1.719205370103236419e+02
2.939368022689460531e+02 1.728685376435295211e+02
2.934143297088842814e+02 1.738165382767354004e+02
2.928943981588719794e+02 1.747645389099412796e+02
2.923765663416020288e+02 1.757125395431471304e+02
2.918605171055532423e+02 1.766605401763529812e+02
2.913458538306765035e+02 1.776085408095588605e+02
2.908320910119850851e+02 1.785565414427647397e+02
2.903187258536970603e+02 1.795045420759706190e+02
2.898052898754353350e+02 1.804525427091764698e+02
2.892914339450509829e+02 1.814005433423823490e+02
2.887766173464033272e+02 1.823485439755881998e+02
2.882606471418247338e+02 1.832965446087940791e+02
2.877434140146397112e+02 1.842445452419999583e+02
2.872248949947329493e+02 1.851925458752058375e+02
2.867051442230935550e+02 1.861405465084116884e+02
2.861845138234767774e+02 1.870885471416175676e+02
2.856634701371506253e+02 1.880365477748234184e+02
2.851425001324810751e+02 1.889845484080292977e+02
2.846221185794461803e+02 1.899325490412351769e+02
2.841028449707484356e+02 1.908805496744410277e+02
2.835851358641654087e+02 1.918285503076469070e+02
2.830692210816650913e+02 1.927765509408527578e+02
2.825553052531992648e+02 1.937245515740586370e+02
2.820434408076251884e+02 1.946725522072645163e+02
2.815337248371315582e+02 1.956205528404703671e+02
2.810260780826309883e+02 1.965685534736762463e+02
2.805203013396680944e+02 1.975165541068821256e+02
2.800161096477721117e+02 1.984645547400879764e+02
2.795131996355531214e+02 1.994125553732938556e+02
2.790113033261219471e+02 2.003605560064997348e+02
2.785102294918094685e+02 2.013085566397055857e+02
2.780099347656417308e+02 2.022565572729114649e+02
2.775103293853778155e+02 2.032045579061173157e+02
2.770113049832115735e+02 2.041525585393231950e+02
2.765126958189555921e+02 2.051005591725290742e+02
2.760141976244668172e+02 2.060485598057349250e+02
2.755157430760169177e+02 2.069965604389408043e+02
2.750171045124160401e+02 2.079445610721466835e+02
2.745181039502251679e+02 2.088925617053525343e+02
2.740186127267722895e+02 2.098405623385584136e+02
2.735185185811566271e+02 2.107885629717642928e+02
2.730177710279438088e+02 2.117365636049701436e+02
2.725164041365410412e+02 2.126845642381760229e+02
2.720144181743423815e+02 2.136325648713818737e+02
2.715118913213668748e+02 2.145805655045877529e+02
2.710088895843618388e+02 2.155285661377936322e+02
2.705054547184371927e+02 2.164765667709994830e+02
2.700015519073801897e+02 2.174245674042053622e+02
2.694971296768761704e+02 2.183725680374112414e+02
2.689920753173526009e+02 2.193205686706170923e+02
2.684864203615491647e+02 2.202685693038229715e+02
2.679798911933817180e+02 2.212165699370288507e+02
2.674742974118724419e+02 2.221645705702347016e+02
2.669742019793623058e+02 2.231125712034405808e+02
2.664834011947123145e+02 2.240605718366464316e+02
2.660027264195544490e+02 2.250085724698523109e+02
2.655323655881458649e+02 2.259565731030581901e+02
2.650669318730546138e+02 2.269045737362640409e+02
2.645992358720105244e+02 2.278525743694699202e+02
2.641315398709664919e+02 2.288005750026757994e+02
2.636638438699224594e+02 2.297485756358816502e+02
2.631961478688784268e+02 2.306965762690875295e+02
2.627284518678343375e+02 2.316445769022934087e+02
2.622607558667903049e+02 2.325925775354992595e+02
2.617930598657462724e+02 2.335405781687051388e+02
2.613253638647022399e+02 2.344885788019109896e+02
2.608576678636582074e+02 2.354365794351168688e+02
2.603899718626141180e+02 2.363845800683227480e+02
2.599222758615700855e+02 2.373325807015285989e+02
2.594545798605260529e+02 2.382805813347344781e+02
2.589868838594819636e+02 2.392285819679403573e+02
2.585191878584379310e+02 2.401765826011462082e+02
2.580514918573938985e+02 2.411245832343520874e+02
2.575837958563498091e+02 2.420725838675579666e+02
2.571160998553057766e+02 2.430205845007638175e+02
2.566484038542618009e+02 2.439685851339696967e+02
2.561807078532177115e+02 2.449165857671755475e+02
2.557130118521736506e+02 2.458645864003814268e+02
2.552453158511296181e+02 2.468125870335873060e+02
