3.278584823147928091e+02 5.898713600032201043e+01
3.276637491590643094e+02 5.993220244735287849e+01
3.274690160033358666e+02 6.087726889438373945e+01
3.272742828476073669e+02 6.182233534141460751e+01
3.270795496918789240e+02 6.276740178844547557e+01
3.268848165361504812e+02 6.371246823547633653e+01
3.266900833804219815e+02 6.465753468250720459e+01
3.264953502246935386e+02 6.560260112953807266e+01
3.263006170689650389e+02 6.654766757656894072e+01
3.261058839132365961e+02 6.749273402359980878e+01
3.259111507575080964e+02 6.843780047063066263e+01
3.257164176017796535e+02 6.938286691766153069e+01
3.255216844460512107e+02 7.032793336469239875e+01
3.253269512903226541e+02 7.127299981172326682e+01
3.251322181345942681e+02 7.221806625875413488e+01
3.249374849788657684e+02 7.316313270578500294e+01
3.247427518231372687e+02 7.410819915281587100e+01
3.245480186674088259e+02 7.505326559984672485e+01
3.243532855116803830e+02 7.599833204687759292e+01
3.241585523559518833e+02 7.694339849390846098e+01
3.239638192002233836e+02 7.788846494093932904e+01
3.237690860444949976e+02 7.883353138797019710e+01
3.235743528887664979e+02 7.977859783500105095e+01
3.233796197330379982e+02 8.072366428203193323e+01
3.231848865773095554e+02 8.166873072906278708e+01
3.229901534215811125e+02 8.261379717609365514e+01
3.227954202658526128e+02 8.355886362312452320e+01
3.226006871101241700e+02 8.450393007015539126e+01
3.224059539543956703e+02 8.544899651718625933e+01
3.222112207986672274e+02 8.639406296421711318e+01
3.220164876429387277e+02 8.733912941124798124e+01
3.218217544872102280e+02 8.828419585827884930e+01
3.216270213314818420e+02 8.922926230530971736e+01
3.214322881757533423e+02 9.017432875234058542e+01
3.212375550200248426e+02 9.111939519937143928e+01
3.210428218642963998e+02 9.206446164640232155e+01
3.208480887085679001e+02 9.300952809343317540e+01
3.206533555528394004e+02 9.395459454046404346e+01
3.204254816448845986e+02 9.489966098749491152e+01
3.202069850721424586e+02 9.584472743452577959e+01
3.200009112368106798e+02 9.678979388155664765e+01
3.198064185278192326e+02 9.773486032858750150e+01
3.196217416631108108e+02 9.867992677561838377e+01
3.194474982993203866e+02 9.962499322264923762e+01
3.192831906076311270e+02 1.005700596696801057e+02
3.191283528733869161e+02 1.015151261167109737e+02
3.189806887622246450e+02 1.024601925637418418e+02
3.188421118844391913e+02 1.034052590107727099e+02
3.187134602213815242e+02 1.043503254578035637e+02
3.185921990405936981e+02 1.052953919048344460e+02
3.184797297801056857e+02 1.062404583518652998e+02
3.183757504317537723e+02 1.071855247988961679e+02
3.182765471160589072e+02 1.081305912459270360e+02
3.181763171668869745e+02 1.090756576929578898e+02
3.180722084233269129e+02 1.100207241399887721e+02
3.179621908813077766e+02 1.109657905870196259e+02
3.178470598878928399e+02 1.119108570340504940e+02
3.177275729670153623e+02 1.128559234810813621e+02
3.176022918595584770e+02 1.138009899281122301e+02
3.174744657582546097e+02 1.147460563751430982e+02
3.173420791843566917e+02 1.156911228221739520e+02
3.172082275654846626e+02 1.166361892692048343e+02
3.170723045161134337e+02 1.175812557162356882e+02
3.169373240099676536e+02 1.185263221632665562e+02
3.168030956078572444e+02 1.194713886102974243e+02
3.166720890921030218e+02 1.204164550573282924e+02
3.165451168114864231e+02 1.213615215043591604e+02
3.164205751371010820e+02 1.223065879513900143e+02
3.162948285558108523e+02 1.232516543984208823e+02
3.161666238569871439e+02 1.241967208454517504e+02
3.160321908563133206e+02 1.251417872924826185e+02
3.158934510625235816e+02 1.260868537395134865e+02
3.157471331996317758e+02 1.270319201865443546e+02
3.155916704495290332e+02 1.279769866335752226e+02
3.154259037729257216e+02 1.289220530806060765e+02
3.152495407133539516e+02 1.298671195276369303e+02
3.150602397467248466e+02 1.308121859746678126e+02
3.148567334656189587e+02 1.317572524216986949e+02
3.146384596009274901e+02 1.327023188687295487e+02
3.144044851342846414e+02 1.336473853157604026e+02
3.141546827745635255e+02 1.345924517627912849e+02
3.138854843170117874e+02 1.355375182098221387e+02
3.135975681363041758e+02 1.364825846568530210e+02
3.132917773532975616e+02 1.374276511038838748e+02
3.129661561019873375e+02 1.383727175509147287e+02
3.126223518481078258e+02 1.393177839979456110e+02
3.122590990672737234e+02 1.402628504449764932e+02
3.118768305506484353e+02 1.412079168920073471e+02
3.114740615803664241e+02 1.421529833390382009e+02
3.110528235039404308e+02 1.430980497860690548e+02
3.106152933944953247e+02 1.440431162330999371e+02
3.101590097849811514e+02 1.449881826801308193e+02
3.096851393840059359e+02 1.459332491271616732e+02
3.091947569357063799e+02 1.468783155741925270e+02
3.086858427437031764e+02 1.478233820212233809e+02
3.081572911893821924e+02 1.487684484682542632e+02
3.076197328977803522e+02 1.497135149152851454e+02
3.070774149617296871e+02 1.506585813623159993e+02
3.065336322464355021e+02 1.516036478093468531e+02
3.059870692815468374e+02 1.525487142563777354e+02
3.054391323614894418e+02 1.534937807034085893e+02
3.048889771904297277e+02 1.544388471504394715e+02
3.043371692058319695e+02 1.553839135974703254e+02
3.037837484185079120e+02 1.563289800445011792e+02
3.032283546709076063e+02 1.572740464915320615e+02
3.026717886574475642e+02 1.582191129385629438e+02
3.021141718872142974e+02 1.591641793855937976e+02
3.015554959481615924e+02 1.601092458326246515e+02
3.009955944326511030e+02 1.610543122796555053e+02
3.004349621869218367e+02 1.619993787266863876e+02
2.998738531909264680e+02 1.629444451737172699e+02
2.993124670966914209e+02 1.638895116207481237e+02
2.987509344805150135e+02 1.648345780677789776e+02
2.981894923858394577e+02 1.657796445148098314e+02
2.976286152559420088e+02 1.667247109618407137e+02
2.970686312014870509e+02 1.676697774088715960e+02
2.965098649445469619e+02 1.686148438559024498e+02
2.959524440892024586e+02 1.695599103029333037e+02
2.953966726545305619e+02 1.705049767499641860e+02
2.948429670620456591e+02 1.714500431969950398e+02
2.942912923155488443e+02 1.723951096440259221e+02
2.937416406642028051e+02 1.733401760910567759e+02
2.931940093807876906e+02 1.742852425380876298e+02
2.926486808895474496e+02 1.752303089851185121e+02
2.921052760978988658e+02 1.761753754321493943e+02
2.915636710170888364e+02 1.771204418791802482e+02
2.910237421554722914e+02 1.780655083262111020e+02
2.904856014340535353e+02 1.790105747732419559e+02
2.899490511100380559e+02 1.799556412202728382e+02
2.894139920772050800e+02 1.809007076673037204e+02
2.888804245660863899e+02 1.818457741143345743e+02
2.883483821509018412e+02 1.827908405613654281e+02
2.878179427315400858e+02 1.837359070083962820e+02
2.872891918304397336e+02 1.846809734554271643e+02
2.867621960020524057e+02 1.856260399024580465e+02
2.862370270515484094e+02 1.865711063494889004e+02
2.857138379207044068e+02 1.875161727965197542e+02
2.851927934926882244e+02 1.884612392435506365e+02
2.846739145147927843e+02 1.894063056905814904e+02
2.841573047094407798e+02 1.903513721376123726e+02
2.836430390927470739e+02 1.912964385846432265e+02
2.831311664077145451e+02 1.922415050316740803e+02
2.826217210807426454e+02 1.931865714787049626e+02
2.821147130912704029e+02 1.941316379257358165e+02
2.816101295606626991e+02 1.950767043727666987e+02
2.811079166101820306e+02 1.960217708197975526e+02
2.806079829170139419e+02 1.969668372668284348e+02
2.801101780042669702e+02 1.979119037138592887e+02
2.796143208831998095e+02 1.988569701608901426e+02
2.791202129257662250e+02 1.998020366079210248e+02
2.786276224540190469e+02 2.007471030549518787e+02
2.781363082367076913e+02 2.016921695019827609e+02
2.776460316206486709e+02 2.026372359490136148e+02
2.771565439834176345e+02 2.035823023960444971e+02
2.766675764703672940e+02 2.045273688430753509e+02
2.761788027415656757e+02 2.054724352901062048e+02
2.756898557669128991e+02 2.064175017371370870e+02
2.752003229348702575e+02 2.073625681841679409e+02
2.747097942906017920e+02 2.083076346311988232e+02
2.742179344299660215e+02 2.092527010782296770e+02
2.737244235327775641e+02 2.101977675252605593e+02
2.732289611582481257e+02 2.111428339722914131e+02
2.727312352559030728e+02 2.120879004193222670e+02
2.722309828934368738e+02 2.130329668663531493e+02
2.717281686107521068e+02 2.139780333133840031e+02
2.712228248378696094e+02 2.149230997604148854e+02
2.707150523361102614e+02 2.158681662074457392e+02
2.702050190243431871e+02 2.168132326544765931e+02
2.696926415418614056e+02 2.177582991015074754e+02
2.691779371422539953e+02 2.187033655485383292e+02
2.686609074782899143e+02 2.196484319955692115e+02
2.681422045033120298e+02 2.205934984426000653e+02
2.676282509755025103e+02 2.215385648896309476e+02
2.671251042380550302e+02 2.224836313366618015e+02
2.666326865950538831e+02 2.234286977836926553e+02
2.661418706544558859e+02 2.243737642307235376e+02
2.656510547138578886e+02 2.253188306777543914e+02
2.651602387732598913e+02 2.262638971247852737e+02
2.646694228326619509e+02 2.272089635718161276e+02
2.641786068920639536e+02 2.281540300188470098e+02
2.636877909514659564e+02 2.290990964658778637e+02
2.631969750108679591e+02 2.300441629129087175e+02
2.627061590702700187e+02 2.309892293599395998e+02
2.622153431296720782e+02 2.319342958069704537e+02
2.617245271890740241e+02 2.328793622540013359e+02
2.612337112484760837e+02 2.338244287010321898e+02
2.607428953078781433e+02 2.347694951480630436e+02
2.602520793672801460e+02 2.357145615950939259e+02
2.597612634266821487e+02 2.366596280421247798e+02
2.592704474860842083e+02 2.376046944891556620e+02
2.587796315454862111e+02 2.385497609361865159e+02
2.582888156048882138e+02 2.394948273832173982e+02
2.577979996642902734e+02 2.404398938302482520e+02
2.573071837236922761e+02 2.413849602772791059e+02
2.568163677830942788e+02 2.423300267243099881e+02
2.563255518424963384e+02 2.432750931713408420e+02
2.558347359018983411e+02 2.442201596183717243e+02
2.553439199613003723e+02 2.451652260654025781e+02
2.548531040207023750e+02 2.461102925124334604e+02
2.543622880801044062e+02 2.470553589594643142e+02
