1.257535034586398410e+02 2.092995769000674784e+02
1.262300952830756842e+02 2.086747219400176618e+02
1.268130119156449211e+02 2.081254832724675907e+02
1.275007690604815878e+02 2.076513859376478877e+02
1.282882682142873136e+02 2.072480756601749761e+02
1.291653151034226141e+02 2.069065763476382358e+02
1.301179413307260972e+02 2.066163470128571191e+02
1.311272567460928258e+02 2.063678748116190604e+02
1.321717465948599113e+02 2.061528946384319170e+02
1.332299337637584813e+02 2.059632710493841046e+02
1.342837297419631284e+02 2.057893972031052670e+02
1.353236637381894241e+02 2.056223984876349391e+02
1.363474856258523857e+02 2.054557989746726889e+02
1.373560430210721108e+02 2.052853781044319703e+02
1.383536988497514528e+02 2.051109326662683259e+02
1.393466375442615686e+02 2.049354560476019458e+02
1.403394512525030393e+02 2.047622235297427267e+02
1.413340469248080353e+02 2.045948061067302604e+02
1.423313589057011939e+02 2.044362528310909397e+02
1.433324964546275453e+02 2.042901835563417023e+02
1.443384926536797934e+02 2.041599695459534018e+02
1.453494863800309815e+02 2.040460639987022375e+02
1.463654523161738439e+02 2.039457323264979323e+02
1.473877964661383260e+02 2.038545044160680675e+02
1.484170926817929796e+02 2.037687749158302211e+02
1.494528093704483354e+02 2.036869046423863381e+02
1.504948519447123090e+02 2.036096327460764712e+02
1.515418602801614156e+02 2.035412991861807370e+02
1.525905309222678454e+02 2.034888172259070132e+02
1.536374713282189077e+02 2.034639563426551376e+02
1.546796721834007258e+02 2.034799311508937478e+02
1.557145446189065865e+02 2.035472837991127903e+02
1.567397679990770314e+02 2.036706977406466592e+02
1.577537635146113075e+02 2.038494749166210340e+02
1.587555620703872989e+02 2.040774664207393130e+02
1.597451591723288118e+02 2.043455105118567019e+02
1.607232423777618635e+02 2.046423350721188399e+02
1.616919379325853185e+02 2.049588952028321955e+02
1.626549500430333808e+02 2.052905342548607450e+02
1.636160158516483989e+02 2.056328532362043973e+02
1.645788791527872377e+02 2.059810379865195387e+02
1.655467050859192852e+02 2.063283860172280129e+02
1.665212586791325577e+02 2.066640627224834930e+02
1.675037097767489911e+02 2.069751410535405398e+02
1.684946180081190334e+02 2.072474637617969222e+02
1.694944725764630107e+02 2.074691114391627877e+02
1.705049226222286052e+02 2.076363186607241573e+02
1.715275838064543450e+02 2.077513713716703307e+02
1.725637870017064870e+02 2.078230666967709226e+02
1.736160091601866213e+02 2.078690921195324108e+02
1.746874692960200264e+02 2.079098843553724407e+02
1.757785092740775212e+02 2.079641125252507550e+02
1.768863054130128489e+02 2.080455116946806982e+02
1.780074329628759813e+02 2.081616232291075050e+02
1.791387973752520963e+02 2.083172809282900459e+02
1.802779553619769786e+02 2.085141706329522435e+02
1.814197111581148363e+02 2.087528051537147746e+02
1.825575085490704055e+02 2.090321008392591295e+02
1.836850359240964963e+02 2.093514889692887664e+02
1.847948553552005535e+02 2.097105650290585288e+02
1.858806347921703832e+02 2.101080553505942419e+02
1.869383831883226037e+02 2.105406939437899609e+02
1.879661542788205395e+02 2.110017506972658055e+02
1.889648301636277097e+02 2.114820013638083935e+02
1.899385766663754680e+02 2.119695001657756848e+02
1.908923398090252306e+02 2.124538507301098775e+02
1.918296695838070036e+02 2.129257496713966589e+02
1.927538314376150765e+02 2.133802689841997164e+02
1.936681518827975026e+02 2.138162909853802489e+02
1.945765929552026705e+02 2.142361576134376833e+02
1.954835540975404911e+02 2.146421227884776499e+02
1.963936969794723950e+02 2.150347943640744575e+02
1.973121992169871817e+02 2.154135218030096439e+02
1.982434038500170459e+02 2.157739003380762028e+02
1.991897602988448739e+02 2.161074208982745404e+02
2.001520278743547863e+02 2.164053152230597732e+02
2.011290468279896686e+02 2.166603548917687476e+02
2.021174776383060134e+02 2.168671132024077792e+02
2.031126517090334858e+02 2.170239699022608875e+02
2.041088180733551951e+02 2.171309605254343182e+02
2.051004783183679763e+02 2.171892041615339508e+02
2.060843995463400233e+02 2.172015950277691729e+02
2.070592289027775621e+02 2.171707493064192818e+02
2.080244473134483485e+02 2.171001405142816907e+02
2.089826665564481516e+02 2.169942574137892279e+02
2.099397177311846576e+02 2.168587766694288632e+02
2.109015787905310333e+02 2.167007586418462779e+02
2.118731893869741612e+02 2.165267765240484437e+02
2.128561957661405586e+02 2.163436052991599752e+02
2.138492534863593164e+02 2.161556292779126238e+02
2.148499977722275105e+02 2.159678759437022109e+02
2.158554693594795424e+02 2.157856239830135507e+02
2.168629598225924724e+02 2.156142948546159346e+02
2.178703392280186222e+02 2.154570440858952054e+02
2.188768859530606505e+02 2.153142643366056177e+02
2.198831577351471935e+02 2.151822976688089000e+02
2.208900085854940016e+02 2.150548726475142587e+02
2.218966311967737965e+02 2.149267028121970213e+02
2.229014718439900093e+02 2.147927178820330312e+02
2.239029929165860722e+02 2.146479001625542082e+02
2.248998375787220425e+02 2.144878218825938632e+02
2.258916393001375127e+02 2.143112869415842852e+02
2.268790684415325813e+02 2.141204829319307805e+02
2.278641527854266826e+02 2.139220271294364011e+02
2.288497492755199403e+02 2.137252426169440014e+02
2.298401196212991806e+02 2.135413846892631682e+02
2.308407643594789533e+02 2.133793449480971844e+02
2.318557440933502107e+02 2.132442444110123461e+02
2.328873862911360959e+02 2.131373675205610994e+02
2.339342251891670230e+02 2.130585557748032102e+02
2.349915208433048974e+02 2.130093589397107507e+02
2.360525113153229881e+02 2.129927423252870824e+02
2.371113104530155056e+02 2.130138534083134232e+02
2.381656422788663008e+02 2.130799139499561647e+02
2.392153372108331553e+02 2.131990397953302931e+02
2.402615882474476621e+02 2.133770968290668861e+02
2.413049860034870733e+02 2.136177257783163554e+02
2.423451822937517477e+02 2.139202102178791165e+02
2.433797331937756496e+02 2.142805067505196348e+02
2.444043990994427986e+02 2.146892411546200208e+02
2.454125589546888477e+02 2.151328856742100299e+02
2.463974349925304637e+02 2.155967902148285020e+02
2.473530655283577744e+02 2.160703501095022432e+02
2.482767359292936646e+02 2.165463176567099310e+02
2.491692271058291226e+02 2.170199781556332823e+02
2.500331621968653337e+02 2.174889254609515774e+02
2.508703025321916016e+02 2.179529890371163106e+02
2.516822211079767726e+02 2.184140254882998988e+02
2.524698580552921499e+02 2.188772188648077304e+02
2.532347425158707210e+02 2.193477913147189327e+02
2.539782244170192200e+02 2.198289500706827084e+02
2.546996768569287610e+02 2.203231819407179728e+02
2.553985948887916493e+02 2.208350407093739136e+02
2.560744516897356107e+02 2.213721931839169770e+02
2.567281467806682258e+02 2.219427319525696305e+02
2.573622088729323991e+02 2.225554311778527108e+02
2.579821896117749702e+02 2.232165436860116756e+02
2.585957038358636737e+02 2.239289592216829874e+02
2.592121888268482621e+02 2.246894187359161492e+02
2.598391758467620321e+02 2.254906651738549499e+02
2.604801256605032904e+02 2.263234350434840394e+02
2.611340270746882766e+02 2.271778344250573696e+02
2.617971945348526788e+02 2.280446247176911356e+02
2.624675677071915629e+02 2.289157615557414545e+02
2.631463202582380063e+02 2.297845387704161340e+02
2.638354761193623972e+02 2.306451579085759249e+02
2.645344352203666745e+02 2.314953638186167382e+02
2.652418244636446616e+02 2.323349727399227334e+02
2.659534633326072708e+02 2.331671996068710655e+02
2.666635022496302554e+02 2.339963282809927136e+02
2.673658118308682674e+02 2.348270128514226371e+02
2.680573813660008113e+02 2.356609885764605679e+02
2.687370606480071729e+02 2.364986079228556832e+02
2.694076434465588363e+02 2.373390147743643013e+02
2.700733930809456638e+02 2.381809026893949977e+02
2.707413580350891493e+02 2.390221117470210572e+02
2.714169432302600171e+02 2.398609856758101273e+02
2.721024012747217284e+02 2.406968341917546752e+02
2.727995766129765798e+02 2.415299047508666490e+02
2.735114210467850171e+02 2.423620686250044400e+02
2.742416461541403692e+02 2.431946797775347591e+02
2.749944575080459686e+02 2.440283833291547353e+02
2.757726525869761645e+02 2.448617174976693320e+02
2.765750146261954114e+02 2.456926161099059982e+02
2.773973479277611887e+02 2.465163739781136485e+02
2.782326540630625686e+02 2.473268260194071786e+02
2.790747015993207469e+02 2.481183031976672169e+02
2.799188372221702821e+02 2.488843851317979556e+02
2.807612592708322268e+02 2.496182837803054895e+02
2.815977660808863448e+02 2.503151755054444152e+02
2.824257624405629485e+02 2.509738851047339949e+02
2.832427377364185759e+02 2.515958241064726622e+02
2.840473905519824029e+02 2.521853636368505249e+02
2.848422106411155710e+02 2.527479355993747845e+02
2.856324540561297454e+02 2.532873878868578856e+02
2.864261679004690109e+02 2.538022220200173820e+02
2.872315655599351203e+02 2.542876253605256238e+02
2.880554022176867193e+02 2.547394705831601414e+02
2.889018697717859823e+02 2.551544911544928027e+02
2.897738864330683555e+02 2.555312165346503264e+02
2.906731226467058491e+02 2.558725005382601978e+02
2.916025668797684034e+02 2.561831191670572139e+02
2.925659206980260478e+02 2.564695679527248444e+02
2.935664501472185748e+02 2.567380031404844090e+02
2.946027887061727597e+02 2.569949452567628327e+02
2.956684611046324562e+02 2.572442507268617078e+02
2.967520056108280642e+02 2.574872856729732575e+02
2.978412228774209893e+02 2.577246883908867972e+02
2.989253573761607186e+02 2.579560679866904707e+02
2.999973035214204060e+02 2.581821522638593933e+02
3.010547789872613862e+02 2.584049270683872237e+02
3.020962713510254503e+02 2.586298531674088963e+02
3.031198506753112838e+02 2.588625715652345889e+02
3.041225792160715855e+02 2.591101752633384194e+02
3.051007827767905951e+02 2.593773096229512021e+02
3.060498495794799396e+02 2.596666628170185618e+02
3.069676489136996906e+02 2.599782204921089601e+02
3.078576534931280548e+02 2.603089699687323559e+02
3.087275680533958280e+02 2.606539950952579829e+02
3.095866664384051319e+02 2.610043292340060361e+02
3.104419688784138316e+02 2.613519316665928045e+02
3.112996421829370775e+02 2.616910553760177436e+02
3.121636222973204440e+02 2.620202505460038651e+02
3.130340692465769052e+02 2.623395444894637194e+02
3.139088030443381285e+02 2.626517587416947208e+02
3.147847015125413463e+02 2.629613297605342268e+02
3.156577283226851023e+02 2.632702432924992308e+02
3.165238068001561942e+02 2.635771997291502089e+02
3.173805019518304107e+02 2.638815876676034122e+02
3.182279183666825020e+02 2.641856153728217009e+02
3.190681224383325798e+02 2.644913365376756360e+02
3.199060242792812119e+02 2.648023609632997477e+02
3.207485888207824019e+02 2.651214303120781324e+02
3.216027353569126035e+02 2.654481269747622036e+02
3.224738529423624414e+02 2.657806541621212659e+02
3.233668723531014280e+02 2.661154362947141863e+02
3.242837648337207952e+02 2.664497283543695403e+02
3.252259151490849831e+02 2.667818101285218972e+02
3.261950245715020174e+02 2.671145165721151216e+02
3.271927785975481129e+02 2.674530919954272008e+02
3.282198114941746780e+02 2.678015789707127965e+02
3.292749495122716326e+02 2.681634853339181177e+02
3.303573981648173685e+02 2.685403619191326356e+02
3.314639107541428871e+02 2.689337370451207789e+02
3.325860164855290577e+02 2.693447129390942791e+02
3.337115313168103512e+02 2.697745580672574874e+02
3.348277858537769021e+02 2.702234826588880878e+02
3.359235521665166857e+02 2.706927215742591670e+02
3.369920389144482442e+02 2.711847858002496423e+02
3.380296807745386332e+02 2.717018943189845572e+02
3.390363935304064285e+02 2.722465778648633545e+02
3.400152172920066960e+02 2.728201869846128034e+02
3.409689271077860440e+02 2.734242789576293831e+02
3.419005306052898163e+02 2.740594225391758982e+02
3.428113722247647956e+02 2.747273906244615773e+02
3.437023636508131972e+02 2.754268851336789226e+02
3.445738697194395854e+02 2.761541032909091768e+02
3.454265305928448697e+02 2.769030724279581364e+02
3.462596988897157075e+02 2.776654135118006934e+02
3.470741406793125634e+02 2.784332609132258085e+02
3.478720663822049346e+02 2.792019367136890082e+02
3.486537668348537409e+02 2.799707483064096323e+02
3.494172175704789538e+02 2.807403181560498524e+02
3.501610689363295705e+02 2.815113035414334490e+02
3.508844030378400589e+02 2.822822108499713067e+02
3.515892446809759804e+02 2.830500056707154499e+02
3.522794549445068242e+02 2.838117822285994407e+02
3.529605343801623576e+02 2.845655819678626131e+02
3.536390177052382455e+02 2.853112954816243700e+02
3.543210982748277047e+02 2.860511875693658794e+02
3.550119924678226084e+02 2.867886967841632213e+02
3.557166280000969323e+02 2.875256097609158701e+02
3.564404964561168185e+02 2.882629797422606543e+02
3.571882886879194530e+02 2.890021890173009638e+02
3.579610769144223354e+02 2.897455624627202724e+02
3.587545406223580926e+02 2.904965817354668616e+02
3.595591460427400534e+02 2.912594914032349038e+02
3.603665164755905721e+02 2.920370079658834470e+02
3.611713253552775882e+02 2.928295211560991902e+02
3.619693394373279602e+02 2.936356402398202476e+02
3.627580477345046575e+02 2.944522292924468729e+02
3.635343887923104376e+02 2.952756496063291252e+02
3.642942271274066570e+02 2.961027986846410158e+02
3.650328085871882422e+02 2.969320364728079085e+02
3.657448480685712866e+02 2.977641405770231131e+02
3.664256002098215959e+02 2.986022438222120172e+02
3.670720210120115894e+02 2.994500548193717577e+02
3.676842759807172456e+02 3.003083355146318922e+02
3.682644599651342787e+02 3.011764439673046923e+02
3.688162310634020855e+02 3.020532591983524640e+02
3.693456845122269101e+02 3.029369133976954345e+02
3.698619120144858243e+02 3.038246205251691094e+02
3.703735415570080818e+02 3.047137366406700494e+02
3.708857887501832238e+02 3.056026634847495416e+02
3.714009377540884316e+02 3.064907011047361607e+02
3.719208042321753851e+02 3.073772931129685162e+02
3.724457534205887441e+02 3.082623275873366993e+02
3.729761763705932935e+02 3.091456846950057979e+02
3.735125090708851303e+02 3.100272308326194661e+02
3.740550421805950236e+02 3.109068769312736435e+02
3.746047949189119208e+02 3.117843106638239306e+02
3.751607059975622178e+02 3.126598572489665457e+02
3.757219780161673270e+02 3.135337610402083897e+02
3.762855657466631101e+02 3.144069552101148020e+02
3.768421709652112668e+02 3.152822890846507562e+02
3.773762424521994490e+02 3.161645281431802914e+02
3.778689504677542459e+02 3.170594425271484624e+02
3.783036882406831296e+02 3.179721211766767510e+02
3.786685855962866185e+02 3.189062015603362852e+02
3.789603573214945982e+02 3.198626903911363115e+02
3.791839876467304862e+02 3.208400603131637467e+02
3.793482307660779043e+02 3.218356287116592966e+02
3.794641814445156456e+02 3.228459957327931420e+02
3.795428780362044563e+02 3.238677788091345064e+02
3.795936598779517794e+02 3.248981160161563935e+02
3.796247247045841391e+02 3.259344952591728770e+02
3.796408119809413506e+02 3.269754641876637038e+02
3.796434409746509573e+02 3.280205572408106605e+02
3.796334262961717059e+02 3.290695247912901777e+02
3.796092926591917376e+02 3.301228189223889444e+02
3.795660166325495197e+02 3.311819790026025316e+02
3.794988903032188432e+02 3.322484477137870726e+02
3.794066496864270448e+02 3.333226123884798540e+02
3.792890319479783443e+02 3.344053662322482978e+02
3.791444025008668177e+02 3.355007986224678689e+02
3.789680555547010954e+02 3.366156187362710170e+02
3.787522345604902512e+02 3.377558160064145341e+02
3.784888774469096120e+02 3.389224134314109733e+02
3.781703132460037295e+02 3.401122288807434870e+02
3.777905620393875097e+02 3.413175436799074305e+02
3.773474001699822793e+02 3.425289306304749175e+02
3.768419178271545888e+02 3.437362472195845839e+02
3.762796852435388928e+02 3.449272260792466227e+02
3.756701130050500979e+02 3.460902784368452672e+02
3.750257504450615897e+02 3.472148701819821213e+02
3.743575014794807316e+02 3.482913061097145260e+02
3.736723544689506298e+02 3.493134995933474443e+02
3.729741117128116343e+02 3.502792814024355721e+02
3.722633099587217771e+02 3.511887443483562947e+02
3.715370945953119417e+02 3.520419452987761701e+02
3.707911368056543324e+02 3.528405025719602577e+02
3.700217441433944714e+02 3.535883705530590078e+02
3.692269728324416747e+02 3.542916536365967204e+02
3.684062853923009015e+02 3.549581442658821402e+02
3.675627198985308723e+02 3.555963538333922997e+02
3.667019620229125962e+02 3.562160647926742172e+02
3.658302340447719985e+02 3.568248378778183678e+02
3.649532144668612546e+02 3.574262681108688184e+02
3.640751502042290895e+02 3.580199545958710701e+02
3.631979315247535851e+02 3.586019597029099373e+02
3.623204649792192527e+02 3.591659676363257176e+02
3.614390135976992156e+02 3.597052615240960449e+02
3.605491743833313194e+02 3.602145313734118872e+02
3.596486184804477944e+02 3.606888293838247250e+02
3.587368609909023007e+02 3.611265731840797457e+02
3.578145479572401655e+02 3.615298710089908241e+02
3.568824897892936860e+02 3.619013674742017201e+02
3.559408991976694665e+02 3.622417567196102937e+02
3.549887366544989504e+02 3.625476464472034195e+02
3.540243971615676060e+02 3.628137990559336004e+02
3.530463571718299818e+02 3.630352427448796675e+02
3.520535762784479630e+02 3.632085823476818405e+02
3.510458156947211137e+02 3.633330386301571480e+02
3.500234665620544661e+02 3.634098880065806156e+02
3.489868854490545118e+02 3.634402940695909479e+02
3.479367787541686994e+02 3.634265620138074837e+02
3.468740471280927977e+02 3.633716309384672627e+02
3.458002152898314421e+02 3.632804764689536228e+02
3.447167245766747214e+02 3.631604540998670245e+02
3.436232931865184810e+02 3.630197025598903906e+02
3.425190338887732651e+02 3.628634565191070465e+02
3.414032728497402900e+02 3.626958278511952471e+02
3.402786844160816031e+02 3.625209190347874255e+02
3.391519352329682988e+02 3.623434677198458758e+02
3.380322073345108720e+02 3.621684061109073127e+02
3.369289237255960643e+02 3.619994765961003509e+02
3.358507041451463238e+02 3.618411007165487945e+02
3.348031712636315547e+02 3.616974763066689320e+02
3.337863456419657382e+02 3.615694588863311196e+02
3.327975152780325061e+02 3.614539186968353306e+02
3.318323944531241523e+02 3.613443174824388393e+02
3.308843463640329219e+02 3.612309226494902532e+02
3.299462588469341426e+02 3.611006414203724830e+02
3.290115488153525121e+02 3.609409436960253288e+02
3.280760621494423503e+02 3.607408706702040604e+02
3.271377037151778495e+02 3.604931688817753752e+02
3.261981958165790729e+02 3.601960523358167165e+02
3.252610628053571986e+02 3.598507179596502397e+02
3.243282800741479832e+02 3.594604856763075418e+02
3.234010602091520923e+02 3.590310020046900945e+02
3.224786804874190693e+02 3.585679155825573616e+02
3.215601399729110881e+02 3.580756633882783717e+02
3.206442783021357172e+02 3.575577491559420764e+02
3.197318205895639949e+02 3.570168907043436661e+02
3.188250130802608737e+02 3.564555750477791776e+02
3.179282960861804668e+02 3.558758072093779106e+02
3.170469129307649609e+02 3.552795197584871971e+02
3.161872583310845357e+02 3.546695663386711317e+02
3.153550735221970172e+02 3.540532451018199254e+02
3.145552075246747563e+02 3.534408950558399169e+02
3.137886288751830648e+02 3.528425507917406208e+02
3.130507503143675763e+02 3.522670250729714212e+02
3.123345217109456371e+02 3.517186841255798413e+02
3.116311009789704940e+02 3.511983161818347412e+02
3.109339733018933885e+02 3.507018189917025666e+02
3.102381144991922497e+02 3.502229851818192969e+02
3.095404072755872562e+02 3.497533998026225390e+02
3.088385915684782503e+02 3.492845441927711363e+02
3.081324308108040100e+02 3.488108816907235905e+02
3.074215132650404030e+02 3.483294133231204341e+02
3.067060415031683078e+02 3.478377488438251817e+02
3.059867716930411916e+02 3.473329392897696835e+02
3.052641072986550626e+02 3.468101304246799259e+02
3.045364930014106335e+02 3.462622432847153391e+02
3.038005472348837657e+02 3.456807650542714327e+02
3.030522481387266112e+02 3.450589741233964673e+02
3.022883388490020025e+02 3.443926452998704804e+02
3.015082156357353824e+02 3.436823306997301302e+02
3.007138261665728578e+02 3.429323826767914056e+02
2.999084541157889134e+02 3.421499979729046004e+02
2.990939377167283055e+02 3.413448170716245045e+02
2.982717586774853089e+02 3.405267539153618372e+02
2.974430441630765927e+02 3.397041388278212821e+02
2.966114565394805140e+02 3.388821960353035365e+02
2.957802563260367492e+02 3.380651046362323768e+02
2.949525725186041996e+02 3.372543448241474948e+02
2.941317812768909334e+02 3.364494865459992070e+02
2.933202359806474533e+02 3.356478747709496702e+02
2.925181891069993299e+02 3.348469407998532006e+02
2.917259291298252606e+02 3.340438204183635662e+02
2.909447973816746753e+02 3.332372899284004006e+02
2.901782702987301263e+02 3.324262840189912822e+02
2.894300451798690688e+02 3.316096696985159724e+02
2.887032915481788109e+02 3.307864757057329825e+02
2.880029525211136843e+02 3.299551872832913659e+02
2.873352772699853404e+02 3.291138894497509568e+02
2.867056095246687164e+02 3.282609446850276527e+02
2.861154589916358191e+02 3.273958903582013704e+02
2.855631266535332315e+02 3.265192471121758331e+02
2.850434504424430315e+02 3.256325967989700416e+02
2.845502643691073672e+02 3.247378289099101494e+02
2.840767178655261205e+02 3.238370427170308403e+02
2.836174423428199134e+02 3.229318833581514809e+02
2.831687911762360841e+02 3.220234682964318722e+02
2.827299889560541715e+02 3.211120351466132092e+02
2.823009668419535387e+02 3.201976050039622805e+02
2.818815307424753200e+02 3.192802373454117060e+02
2.814734523397553403e+02 3.183593892608317901e+02
2.810800483986776044e+02 3.174340443685491664e+02
2.807036919980661764e+02 3.165034754678396212e+02
2.803428361429422466e+02 3.155681566162260197e+02
2.799928063843242967e+02 3.146295202409208969e+02
2.796462195978443219e+02 3.136898288092868370e+02
2.792971822871794529e+02 3.127508883105523410e+02
2.789447794497372115e+02 3.118129791359716592e+02
2.785902215278186986e+02 3.108757303604371600e+02
2.782342887117223427e+02 3.099389029042587254e+02
2.778795711185050550e+02 3.090017030580236224e+02
2.775274914481226460e+02 3.080636948528850212e+02
2.771746755687577206e+02 3.071259122499050136e+02
2.768154336367020960e+02 3.061900988314812366e+02
2.764448588668927300e+02 3.052577582213517076e+02
2.760574841905474841e+02 3.043305657352867115e+02
2.756473788228365720e+02 3.034103387891176453e+02
2.752097057751330453e+02 3.024985596183257712e+02
2.747428042747061454e+02 3.015957371462222341e+02
2.742490894694648205e+02 3.007011312805308307e+02
2.737338936158971023e+02 2.998131080170451810e+02
2.732024026848100675e+02 2.989300781790010433e+02
2.726608897504045217e+02 2.980501194602127271e+02
2.721178862318382130e+02 2.971706175125482901e+02
2.715817868237434709e+02 2.962889998854193436e+02
2.710607099033553027e+02 2.954027788022946197e+02
2.705605135907206886e+02 2.945101591145688076e+02
2.700816654263493888e+02 2.936109975502216685e+02
2.696199221693782420e+02 2.927065943980584848e+02
2.691694821105783717e+02 2.917987275202854107e+02
2.687235624685708899e+02 2.908886627532924649e+02
2.682765964655340554e+02 2.899753301523692244e+02
2.678242357505102973e+02 2.890575708853666015e+02
2.673630052227854890e+02 2.881345159873677062e+02
2.668871635240706723e+02 2.872085293562124662e+02
2.663908827596420679e+02 2.862838359140408784e+02
2.658689933779310763e+02 2.853671980504882413e+02
2.653184190424367443e+02 2.844659049840814760e+02
2.647379844943192211e+02 2.835881799246353694e+02
2.641284846776785571e+02 2.827413714498271702e+02
2.634904470540415105e+02 2.819330303824159500e+02
2.628265122112624681e+02 2.811686166634985966e+02
2.621411951029303964e+02 2.804523004632264929e+02
2.614398110377225066e+02 2.797860717802590216e+02
2.607294115694519405e+02 2.791713132576529119e+02
2.600200256097315332e+02 2.786086112586573336e+02
2.593207960712117597e+02 2.780979032591367286e+02
2.586366324152043603e+02 2.776382370497504439e+02
2.579705112660925010e+02 2.772258650493745904e+02
2.573227251400732030e+02 2.768541408812312170e+02
2.566915429970799778e+02 2.765133608826463956e+02
2.560721135918283835e+02 2.761910865629082537e+02
2.554580913668182802e+02 2.758714058117226386e+02
2.548427582381567049e+02 2.755382079512079372e+02
2.542224687079382761e+02 2.751755964654557829e+02
2.535978552415982108e+02 2.747716791665483242e+02
2.529712767893599903e+02 2.743199043899762728e+02
2.523452485681533517e+02 2.738170257363809696e+02
2.517191594945502402e+02 2.732634040839189424e+02
2.510888510136725813e+02 2.726645172371984813e+02
2.504501954555444172e+02 2.720309678531304485e+02
2.497994398553373117e+02 2.713756325974322294e+02
2.491320097125705502e+02 2.707129326160482492e+02
2.484431284213256674e+02 2.700557455331731944e+02
2.477276999871297392e+02 2.694170227900139025e+02
2.469820455116806102e+02 2.688097428174570496e+02
2.462028693398812038e+02 2.682459434839801133e+02
2.453882622566216583e+02 2.677351867933305130e+02
2.445374500453964117e+02 2.672869295914306917e+02
2.436509986020910219e+02 2.669071347540002535e+02
2.427299964445979583e+02 2.665994295364475875e+02
2.417754909233831313e+02 2.663620506968716199e+02
2.407871608604144740e+02 2.661902844765098735e+02
2.397666258359545850e+02 2.660741493198836451e+02
2.387185924418686227e+02 2.660021330375394086e+02
2.376509351821383689e+02 2.659611052611638797e+02
2.365721938637114192e+02 2.659376731782333536e+02
2.354909668372712304e+02 2.659192596174630125e+02
2.344127244890109978e+02 2.658943703956328477e+02
2.333403743834923034e+02 2.658547252513145622e+02
2.322759243893917471e+02 2.657940432648002229e+02
2.312188022968902033e+02 2.657093035163751438e+02
2.301690138560333025e+02 2.655982482405649989e+02
2.291274977449996868e+02 2.654602749755227933e+02
2.280968844698457474e+02 2.652957218482766848e+02
2.270802833501558666e+02 2.651059809510369405e+02
2.260821371295813265e+02 2.648934372688873964e+02
2.251062666760405193e+02 2.646618492644590788e+02
2.241531975936537151e+02 2.644120515683941903e+02
2.232199391827175816e+02 2.641426261978701859e+02
2.223008389351730898e+02 2.638516090883153993e+02
2.213889993104934319e+02 2.635386560440274479e+02
2.204776990205443212e+02 2.632067387444668611e+02
2.195612246810627255e+02 2.628618449212794417e+02
2.186353633163180064e+02 2.625118380161731011e+02
2.176976358483691456e+02 2.621654443222075201e+02
2.167466587294318856e+02 2.618329412219544565e+02
2.157801814316979403e+02 2.615235926392361989e+02
2.147952742190791469e+02 2.612405209820104233e+02
2.137891134189864317e+02 2.609834745101152294e+02
2.127614069232927818e+02 2.607488684944335091e+02
2.117148272264549576e+02 2.605312632016650127e+02
2.106539440556911984e+02 2.603253382670524161e+02
2.095825516046884616e+02 2.601248364343067010e+02
2.085036566035973919e+02 2.599257226877152789e+02
2.074229366999550166e+02 2.597236811338080997e+02
2.063476554076351874e+02 2.595167620756331530e+02
2.052857151211131566e+02 2.593020084217887415e+02
2.042440269309892926e+02 2.590765388478027944e+02
2.032293609766046245e+02 2.588388278248154393e+02
2.022459733945095479e+02 2.585872929032494199e+02
2.012935354764763929e+02 2.583200047223554066e+02
2.003696567946730624e+02 2.580316609638875320e+02
1.994703255782320070e+02 2.577176412742332445e+02
1.985928517083057443e+02 2.573735562022209820e+02
1.977349942306561559e+02 2.569992295942184910e+02
1.968945713165057896e+02 2.565968455519143845e+02
1.960690277666816144e+02 2.561716907242647494e+02
1.952570023763564677e+02 2.557318047452426981e+02
1.944573025633126235e+02 2.552858355385673121e+02
1.936693454461587862e+02 2.548392361880711405e+02
1.928927115516056574e+02 2.543958188913040317e+02
1.921274875111905089e+02 2.539547297952477720e+02
1.913740867437078066e+02 2.535141028833160703e+02
1.906342458817973693e+02 2.530719668292867084e+02
1.899099698947105423e+02 2.526293147813366318e+02
1.892042343014957169e+02 2.521892626841689093e+02
1.885195725048801023e+02 2.517579036702801716e+02
1.878542051879737755e+02 2.513419265981982562e+02
1.872031067453446269e+02 2.509452802073474516e+02
1.865601769768277336e+02 2.505684542884448547e+02
1.859213584155374974e+02 2.502094917522045705e+02
1.852857586598616990e+02 2.498631322141955025e+02
1.846519999668950902e+02 2.495222140554326415e+02
1.840162937180453753e+02 2.491754353227147476e+02
1.833715571559778539e+02 2.488098333316925732e+02
1.827106449506559329e+02 2.484131559116741244e+02
1.820295395286018163e+02 2.479750707427189127e+02
1.813261640392990728e+02 2.474887935989365246e+02
1.806007976015091003e+02 2.469510269929931496e+02
1.798549276796389051e+02 2.463640992920500423e+02
1.790908930113829172e+02 2.457331885037353345e+02
1.783096783226306172e+02 2.450673547099979999e+02
1.775104682360575623e+02 2.443786099496666111e+02
1.766934651249127057e+02 2.436825639537148049e+02
1.758596075381063883e+02 2.429996316337989981e+02
1.750122766251253950e+02 2.423552977311019276e+02
1.741549946151304482e+02 2.417781320376203951e+02
1.732904751098423333e+02 2.412957755032421687e+02
1.724207868152347487e+02 2.409309010046395372e+02
1.715476646765206681e+02 2.406989760013034925e+02
1.706730147006720415e+02 2.406074081326977705e+02
1.697982038245965555e+02 2.406533541247429184e+02
1.689241631369856407e+02 2.408242989635816969e+02
1.680512980772895446e+02 2.410983396591703638e+02
1.671809551355337646e+02 2.414471182295355050e+02
1.663160761478441998e+02 2.418377213645242989e+02
1.654589356103927287e+02 2.422376075958669048e+02
1.646131082970553621e+02 2.426145126517794779e+02
1.637808829388172569e+02 2.429382282854497248e+02
1.629603252976211820e+02 2.431828138167566067e+02
1.621474076054906845e+02 2.433271421918088322e+02
1.613375664698351670e+02 2.433550417541029844e+02
1.605301548453381884e+02 2.432547624362197780e+02
1.597265961580569069e+02 2.430197202543909043e+02
1.589281248172143250e+02 2.426493528609745738e+02
1.581363418660160960e+02 2.421494617624692864e+02
1.573512962225234446e+02 2.415343879737632733e+02
1.565709819026309901e+02 2.408246716196070452e+02
1.557917227242051581e+02 2.400452219106449547e+02
1.550072257030635114e+02 2.392210335036275524e+02
1.542110192011770664e+02 2.383746613332304491e+02
1.533967601215347258e+02 2.375233799460557407e+02
1.525600984699443075e+02 2.366763770432048091e+02
1.516992752814413166e+02 2.358382371738651955e+02
1.508161482270108422e+02 2.350083806186986237e+02
1.499158833467089380e+02 2.341857367988245926e+02
1.490061864065888244e+02 2.333692360621818409e+02
1.480948461845126474e+02 2.325614586067114828e+02
1.471882910979960002e+02 2.317648492614965221e+02
1.462922603060069093e+02 2.309838358227540596e+02
1.454123197488609662e+02 2.302234890542729318e+02
1.445519779161744225e+02 2.294893501777246456e+02
1.437135392870976602e+02 2.287872362839496532e+02
1.428973429620143065e+02 2.281228377384836108e+02
1.421022417019567570e+02 2.275007796405418787e+02
1.413241266374517124e+02 2.269242445101401131e+02
1.405589002848729763e+02 2.263936020943986023e+02
1.398001041463374747e+02 2.259071217176991979e+02
1.390388134721338531e+02 2.254612534543257425e+02
1.382655296735657942e+02 2.250502061525986619e+02
1.374679839022190890e+02 2.246671999287732717e+02
1.366355295162094308e+02 2.243035709322860498e+02
1.357657890012378061e+02 2.239474990307452344e+02
1.348644973916330514e+02 2.235846299899934593e+02
1.339433609152833355e+02 2.231995861651644759e+02
1.330163314658976503e+02 2.227777377736921949e+02
1.320968013475422538e+02 2.223070352170024648e+02
1.311944228485511985e+02 2.217789993713246872e+02
1.303146243003229756e+02 2.211870740774762396e+02
1.294615248418615181e+02 2.205269430520019682e+02
1.286424183889865844e+02 2.197973292075851646e+02
1.278681692805754722e+02 2.190011253528541033e+02
1.271536291942130106e+02 2.181450311065230494e+02
1.265151916505638781e+02 2.172389959619065394e+02
1.259695816606234757e+02 2.162956143611201583e+02
1.255310196226800201e+02 2.153311610817515316e+02
1.252098854970321327e+02 2.143630375530867695e+02
1.250105045081542698e+02 2.134089181587995085e+02
1.249319287067343964e+02 2.124829421306264123e+02
1.249702148108552819e+02 2.115983446275283768e+02
1.251217235433001633e+02 2.107665712023247977e+02
1.253835976785821913e+02 2.099979743044125655e+02
1.257535034586398410e+02 2.092995769000674784e+02
