1.264392380659310504e+02 2.110626494881735766e+02
1.269622781414281292e+02 2.103996162150770886e+02
1.275973889709274260e+02 2.097873826467572087e+02
1.283353193551149332e+02 2.092244307528276295e+02
1.291625619552661135e+02 2.087103906676629776e+02
1.300619362490341473e+02 2.082456758787362503e+02
1.310155258796225723e+02 2.078298904313282947e+02
1.320063887566181222e+02 2.074600571737078951e+02
1.330187564896127697e+02 2.071293823963626437e+02
1.340383630273305471e+02 2.068298978996217272e+02
1.350548496226211626e+02 2.065530189617381893e+02
1.360619764145989450e+02 2.062894830690072467e+02
1.370564415870683206e+02 2.060320498885768359e+02
1.380385732665271803e+02 2.057757166150339003e+02
1.390124852082930715e+02 2.055198611670425635e+02
1.399843332763784076e+02 2.052687689107785047e+02
1.409598592193642332e+02 2.050302874450613047e+02
1.419425436736495669e+02 2.048125812625425226e+02
1.429338509838367770e+02 2.046199001537917752e+02
1.439338873515588375e+02 2.044525523349883258e+02
1.449417901328764913e+02 2.043080342587620919e+02
1.459570694565107090e+02 2.041829872926339817e+02
1.469805530702369651e+02 2.040729377319176479e+02
1.480133040210998558e+02 2.039742605127542561e+02
1.490563024113004644e+02 2.038839493476199891e+02
1.501092657541825304e+02 2.038010861813482677e+02
1.511707054007763702e+02 2.037257249142619173e+02
1.522374055406108369e+02 2.036598811197320913e+02
1.533051793272794043e+02 2.036063068853604534e+02
1.543680867409811128e+02 2.035691432001310375e+02
1.554182258154558554e+02 2.035521261097102013e+02
1.564470304022999585e+02 2.035580432969222215e+02
1.574471805140478011e+02 2.035896983479531173e+02
1.584134075209216519e+02 2.036487850320506539e+02
1.593432590749023348e+02 2.037362255635030408e+02
1.602369178142892565e+02 2.038513773917273397e+02
1.610980341753080438e+02 2.039934279821934808e+02
1.619344501517022650e+02 2.041622613041931800e+02
1.627550620532085190e+02 2.043584790113409611e+02
1.635673813173300459e+02 2.045818314706380079e+02
1.643774983873030067e+02 2.048316501155675269e+02
1.651902370647161149e+02 2.051064420471936671e+02
1.660096524459376326e+02 2.054032477847436553e+02
1.668396386750503666e+02 2.057181680116284497e+02
1.676834226064913764e+02 2.060437245636051955e+02
1.685436183621582416e+02 2.063673703705496223e+02
1.694240062419977164e+02 2.066742547908151835e+02
1.703275456165545449e+02 2.069505980351807750e+02
1.712561057801875393e+02 2.071873917182971354e+02
1.722108311452999772e+02 2.073807373541438892e+02
1.731907725621324516e+02 2.075327272899040736e+02
1.741925213927133598e+02 2.076490566416588877e+02
1.752096689518033372e+02 2.077388880135415548e+02
1.762343105282132285e+02 2.078133104640340605e+02
1.772569834037578573e+02 2.078841159507579164e+02
1.782679606242427042e+02 2.079616358340832392e+02
1.792583771391165897e+02 2.080528889890428275e+02
1.802215843201243217e+02 2.081625905710236850e+02
1.811563470068199990e+02 2.082931969600194577e+02
1.820658179482172159e+02 2.084483909831583901e+02
1.829570430120989215e+02 2.086314003728002149e+02
1.838371035390806014e+02 2.088471213224752887e+02
1.847107877084348502e+02 2.090999402649316892e+02
1.855792918317959561e+02 2.093944034824389178e+02
1.864411495325686019e+02 2.097315197072115325e+02
1.872942219564462505e+02 2.101095847516847641e+02
1.881377512170110151e+02 2.105253185829049301e+02
1.889735920613523774e+02 2.109711562989404570e+02
1.898058662278002373e+02 2.114374773362350197e+02
1.906407159678718983e+02 2.119114634671695399e+02
1.914850618847974602e+02 2.123803667322628144e+02
1.923451511923741464e+02 2.128316796625154836e+02
1.932232096145735625e+02 2.132578396259912950e+02
1.941177134867862719e+02 2.136565243035566937e+02
1.950258081468477371e+02 2.140337657204873665e+02
1.959434601685226198e+02 2.144001651711761269e+02
1.968661027259188643e+02 2.147670873619663325e+02
1.977885007692628392e+02 2.151412840436582314e+02
1.987051656254388377e+02 2.155213485348986353e+02
1.996111194937478501e+02 2.158977918223457095e+02
2.005023208037853237e+02 2.162561188050800354e+02
2.013746628251199695e+02 2.165791343165957414e+02
2.022263934994446402e+02 2.168501687759536480e+02
2.030593781956362420e+02 2.170575962872332525e+02
2.038772349133456032e+02 2.171960991170333841e+02
2.046855523204704070e+02 2.172664624685954209e+02
2.054903973717660790e+02 2.172759797666288364e+02
2.062975280251863524e+02 2.172348601554761558e+02
2.071109110881794209e+02 2.171544164954152336e+02
2.079338012064172005e+02 2.170432962472035570e+02
2.087701956115129178e+02 2.169068564608155896e+02
2.096250549558722867e+02 2.167469850858560108e+02
2.105040798063231477e+02 2.165650898306901126e+02
2.114112156586247124e+02 2.163634338208587735e+02
2.123485175640060447e+02 2.161466397539992386e+02
2.133149898860057760e+02 2.159237037322139372e+02
2.143072378748844358e+02 2.157058097756748225e+02
2.153205864416713098e+02 2.155050336491657959e+02
2.163493487275467828e+02 2.153310243389944958e+02
2.173879371055911065e+02 2.151893445937087677e+02
2.184328709127945842e+02 2.150812413371284606e+02
2.194831654307138251e+02 2.150013549891779689e+02
2.205375051456968549e+02 2.149409992560082117e+02
2.215934122466576355e+02 2.148881514838264195e+02
2.226469797089987424e+02 2.148313745585387835e+02
2.236935522258500271e+02 2.147605130534705893e+02
2.247285149285793580e+02 2.146716835144239326e+02
2.257491857808748819e+02 2.145676187526293290e+02
2.267553857841687091e+02 2.144559123212414988e+02
2.277484816938998051e+02 2.143454084358599516e+02
2.287320820889783022e+02 2.142461408819741564e+02
2.297117081560621727e+02 2.141656609470165904e+02
2.306925066886771276e+02 2.141100803546723910e+02
2.316772876242647499e+02 2.140827991862014983e+02
2.326664557592346796e+02 2.140848847962155332e+02
2.336584909091230884e+02 2.141151760778304265e+02
2.346509535462159022e+02 2.141713172488975090e+02
2.356422360627681201e+02 2.142511291459676102e+02
2.366324721835322293e+02 2.143506532624169267e+02
2.376230502253008581e+02 2.144659990902473510e+02
2.386170501136699045e+02 2.145930898832902756e+02
2.396184232791987085e+02 2.147278426424598194e+02
2.406299215268691682e+02 2.148670732059601960e+02
2.416506096359636899e+02 2.150088900571488182e+02
2.426770742840988646e+02 2.151521846896851571e+02
2.437039239551469905e+02 2.152974715730481989e+02
2.447235887579858513e+02 2.154489593532669574e+02
2.457277550968901778e+02 2.156136281423117680e+02
2.467081496848832671e+02 2.158020498595257379e+02
2.476587365227430837e+02 2.160254417842311909e+02
2.485764210077205973e+02 2.162935475835932380e+02
2.494600154615553151e+02 2.166135351920667631e+02
2.503086669954018930e+02 2.169897685148544042e+02
2.511229847354729259e+02 2.174238833512278575e+02
2.519048371526748156e+02 2.179164860851186063e+02
2.526572206345496738e+02 2.184673861838614357e+02
2.533823237298952904e+02 2.190782294615891601e+02
2.540825250799172750e+02 2.197495036292974078e+02
2.547606883164059468e+02 2.204809306276945335e+02
2.554201953420962070e+02 2.212679594640437415e+02
2.560642968857096662e+02 2.221016525844974012e+02
2.566964483208851675e+02 2.229674902505587113e+02
2.573200850416299659e+02 2.238469932361612109e+02
2.579412274355995578e+02 2.247214643041432964e+02
2.585677322186135143e+02 2.255746439769447704e+02
2.592056076503923805e+02 2.263940373135041568e+02
2.598578759677992593e+02 2.271732636802835827e+02
2.605250689310624921e+02 2.279114597488060099e+02
2.612050895579783969e+02 2.286136180049890072e+02
2.618943126911955801e+02 2.292873898175452041e+02
2.625879343902471419e+02 2.299411341711612238e+02
2.632832525737730975e+02 2.305827809138383770e+02
2.639793750400571639e+02 2.312178138501043350e+02
2.646752977204812396e+02 2.318508150357433237e+02
2.653716745123855958e+02 2.324857603393734280e+02
2.660686254853027890e+02 2.331268444740131827e+02
2.667656040718787835e+02 2.337787647412419005e+02
2.674612883768041911e+02 2.344466051163536804e+02
2.681556705365422886e+02 2.351347630489690914e+02
2.688479596548287418e+02 2.358472267543654368e+02
2.695372344739643040e+02 2.365868479163001155e+02
2.702236926806845076e+02 2.373544458277332296e+02
2.709091466364864118e+02 2.381482600367900773e+02
2.715961697369534136e+02 2.389640974643905338e+02
2.722866515327954176e+02 2.397959952653148434e+02
2.729822539526325045e+02 2.406366485357812621e+02
2.736839473457532108e+02 2.414785686465921231e+02
2.743947457414718656e+02 2.423144977865559895e+02
2.751182303199566377e+02 2.431393244680611474e+02
2.758574611227011246e+02 2.439513607349302333e+02
2.766145608427258367e+02 2.447525585565127244e+02
2.773901970241316803e+02 2.455473692946083872e+02
2.781833892944536615e+02 2.463408121314046753e+02
2.789913629239870829e+02 2.471365265345912974e+02
2.798101271997922481e+02 2.479359214251149410e+02
2.806354455578132274e+02 2.487389493688046116e+02
2.814632545834390385e+02 2.495431001770822377e+02
2.822895636516603872e+02 2.503446137647044623e+02
2.831089217817606141e+02 2.511386689021367715e+02
2.839153983851761041e+02 2.519204890399667249e+02
2.847048606206891463e+02 2.526842836596104576e+02
2.854746052810011179e+02 2.534253815690038891e+02
2.862235835860594761e+02 2.541406960455481681e+02
2.869537771865961986e+02 2.548269074304691912e+02
2.876684954485005505e+02 2.554783548137331195e+02
2.883729327819468153e+02 2.560873918840762826e+02
2.890729600311149170e+02 2.566473439716481266e+02
2.897739721216775024e+02 2.571522609737614289e+02
2.904822266027526325e+02 2.575973763335840658e+02
2.912043445125941616e+02 2.579815446178178036e+02
2.919476125259576520e+02 2.583063134585270859e+02
2.927189871948382915e+02 2.585767172404150642e+02
2.935251160963717894e+02 2.587994844177042069e+02
2.943712080467613532e+02 2.589834606493729439e+02
2.952610330492385060e+02 2.591377208240504615e+02
2.961960450662301696e+02 2.592726392148323384e+02
2.971757680849314056e+02 2.593990668333216263e+02
2.981967615961077627e+02 2.595265968219235901e+02
2.992538993552901729e+02 2.596604764117789728e+02
3.003415751263793823e+02 2.598021624291641274e+02
3.014526529614739729e+02 2.599493106860432476e+02
3.025800209467761306e+02 2.600972861981517781e+02
3.037169099336719000e+02 2.602423597278943248e+02
3.048581008547211582e+02 2.603819486122936837e+02
3.060007697162933482e+02 2.605160591739743268e+02
3.071434381341388189e+02 2.606458893799684233e+02
3.082850403006198121e+02 2.607726251333408527e+02
3.094244077899562626e+02 2.608971545209096803e+02
3.105591578173965672e+02 2.610199907851402372e+02
3.116841217520582177e+02 2.611412024592295893e+02
3.127923396437749375e+02 2.612598739522849769e+02
3.138766632908510132e+02 2.613770266665374606e+02
3.149323980751715908e+02 2.614931961939553275e+02
3.159575667733696491e+02 2.616097566166893102e+02
3.169531473280233058e+02 2.617292299272677383e+02
3.179218960716934248e+02 2.618570400751569878e+02
3.188678488250378109e+02 2.619999883232264892e+02
3.197947211561606764e+02 2.621658588851593095e+02
3.207056672996573070e+02 2.623612120756672539e+02
3.216021983823630990e+02 2.625929628330497962e+02
3.224835644659635818e+02 2.628665903656918772e+02
3.233475916061371436e+02 2.631842515442633612e+02
3.241922155889827764e+02 2.635449959867514167e+02
3.250176811140331665e+02 2.639453959902607494e+02
3.258274408634861175e+02 2.643776311525867300e+02
3.266269103097116613e+02 2.648326124440227431e+02
3.274213833809453718e+02 2.652997653975448884e+02
3.282161681798882000e+02 2.657688237410102374e+02
3.290171704062908589e+02 2.662305464509118451e+02
3.298296752781528198e+02 2.666794569984495524e+02
3.306577338232435750e+02 2.671125687468843353e+02
3.315022014109738393e+02 2.675284626285043714e+02
3.323617204732003074e+02 2.679273335323446190e+02
3.332331526367529477e+02 2.683128245908272334e+02
3.341128357677147847e+02 2.686888239275582464e+02
3.349977669318104745e+02 2.690607091723813937e+02
3.358872663843994815e+02 2.694333620741865616e+02
3.367817379713640094e+02 2.698105485057150759e+02
3.376813803559501821e+02 2.701945026249547936e+02
3.385852020779868781e+02 2.705854719227719443e+02
3.394906335967718860e+02 2.709836701433602002e+02
3.403928739718661518e+02 2.713898461497906851e+02
3.412859961552055665e+02 2.718063214496008868e+02
3.421648925578001013e+02 2.722357698099288541e+02
3.430265255693835798e+02 2.726816970466385328e+02
3.438697171525372482e+02 2.731473638045800953e+02
3.446938687284605294e+02 2.736333105681840721e+02
3.454976963010941517e+02 2.741386227341923814e+02
3.462798359436898181e+02 2.746616717938314309e+02
3.470372851470481805e+02 2.752013504768056009e+02
3.477678840332832806e+02 2.757570692506580485e+02
3.484692867325673546e+02 2.763294270041523077e+02
3.491403411364343015e+02 2.769186715821637108e+02
3.497799035312176557e+02 2.775266683321261780e+02
3.503891309986934175e+02 2.781563302160655553e+02
3.509715098561772493e+02 2.788138122561242653e+02
3.515315938816060566e+02 2.795052517594074288e+02
3.520748063650868289e+02 2.802353895923353093e+02
3.526070434184612168e+02 2.810054243529016276e+02
3.531342344091631276e+02 2.818130136381021202e+02
3.536623393725168398e+02 2.826509189652276177e+02
3.541991831590515858e+02 2.835087250474746270e+02
3.547532825139921897e+02 2.843758236738830760e+02
3.553320485468501033e+02 2.852407860546303482e+02
3.559407030385213488e+02 2.860919350750782542e+02
3.565821424374188950e+02 2.869190379383660456e+02
3.572597635628819717e+02 2.877142226250340400e+02
3.579758807612617488e+02 2.884732287767677690e+02
3.587325151753470323e+02 2.891940822705144569e+02
3.595294313698514657e+02 2.898784941443291814e+02
3.603660509942495196e+02 2.905296083141888630e+02
3.612414966701700223e+02 2.911516807767092132e+02
3.621522633176095951e+02 2.917490585237433720e+02
3.630903875926466071e+02 2.923279854005476182e+02
3.640447497979671425e+02 2.928965956264851229e+02
3.650012279168126952e+02 2.934644767749543348e+02
3.659444736858465035e+02 2.940416389454825321e+02
3.668600753564169281e+02 2.946373506951204035e+02
3.677352752157527220e+02 2.952595078583296981e+02
3.685613366180859884e+02 2.959135926523375133e+02
3.693333367684854238e+02 2.966028857513223898e+02
3.700513192067912769e+02 2.973280046569299202e+02
3.707195225979545512e+02 2.980871027978964207e+02
3.713451327188477080e+02 2.988763915760986833e+02
3.719379745995633471e+02 2.996905330814886383e+02
3.725078696265990175e+02 3.005240161391220681e+02
3.730638757915261294e+02 3.013719903109062557e+02
3.736115218858824392e+02 3.022316842929726590e+02
3.741519341759851613e+02 3.031026708743865470e+02
3.746833564757343424e+02 3.039851299867522698e+02
3.752040122219874547e+02 3.048767175088271415e+02
3.757145913641619472e+02 3.057732504877304791e+02
3.762191236319822565e+02 3.066698172089604668e+02
3.767241012297133693e+02 3.075619023784200863e+02
3.772358311624070097e+02 3.084469795283625899e+02
3.777592191767545842e+02 3.093250030144945413e+02
3.782948664207852971e+02 3.101981349462134858e+02
3.788413664670293315e+02 3.110675273425175078e+02
3.793942813806849017e+02 3.119347093766131707e+02
3.799483204324910730e+02 3.128015040679430285e+02
3.804969137014984426e+02 3.136701752053039627e+02
3.810323529468805646e+02 3.145433788068365857e+02
3.815473705067669243e+02 3.154236190809854747e+02
3.820370765220191629e+02 3.163125809199160017e+02
3.825002362370236142e+02 3.172106897817039339e+02
3.829380938618781443e+02 3.181175169505546592e+02
3.833503269986773603e+02 3.190331735146793335e+02
3.837360667803392857e+02 3.199579588584362000e+02
3.840922962810113290e+02 3.208929125198953898e+02
3.844130232487178773e+02 3.218400992412348387e+02
3.846904713703476091e+02 3.228021984961706607e+02
3.849178126175371517e+02 3.237815630092230208e+02
3.850903802569712866e+02 3.247798007903934945e+02
3.852085193773169749e+02 3.257967929329456638e+02
3.852759550452803978e+02 3.268312558956709495e+02
3.853009911341814018e+02 3.278803284241438973e+02
3.852934640892005973e+02 3.289406211877209216e+02
3.852638069334605007e+02 3.300085392937020856e+02
3.852211441894943391e+02 3.310809387176698237e+02
3.851738799481528304e+02 3.321549236733793578e+02
3.851294174701814086e+02 3.332286106374473320e+02
3.850939812107844773e+02 3.343028925697873319e+02
3.850724670532239884e+02 3.353807617636811074e+02
3.850692032365737987e+02 3.364650549486754016e+02
3.850854614270972434e+02 3.375567184766678110e+02
3.851176067677683932e+02 3.386524937184373698e+02
3.851568671178667955e+02 3.397453033092074861e+02
3.851900159451419086e+02 3.408263343220166917e+02
3.852009439777992839e+02 3.418879173248620873e+02
3.851730105964799691e+02 3.429261113791048388e+02
3.850914103979441165e+02 3.439397109023530561e+02
3.849460786993578836e+02 3.449297606799693199e+02
3.847293952044256002e+02 3.458986685411351232e+02
3.844371631547417678e+02 3.468504624009296435e+02
3.840677569751780993e+02 3.477897470232450701e+02
3.836224306013129990e+02 3.487190043024315855e+02
3.831047704396302720e+02 3.496396977235531836e+02
3.825214170525932786e+02 3.505522426360657278e+02
3.818807726955029693e+02 3.514560401511166674e+02
3.811927052109961664e+02 3.523488081075166178e+02
3.804663117253838891e+02 3.532264726838554338e+02
3.797101793819292652e+02 3.540858190565643326e+02
3.789308788125860019e+02 3.549258778156527114e+02
3.781335244426355189e+02 3.557464108350205834e+02
3.773230846477289333e+02 3.565487544572098955e+02
3.765047898017207331e+02 3.573355149495405385e+02
3.756839815545716306e+02 3.581092316791968528e+02
3.748652550348942327e+02 3.588718921013441445e+02
3.740507015696369990e+02 3.596251913952044106e+02
3.732399742541832666e+02 3.603682210096304743e+02
3.724298832756672368e+02 3.610975742556314003e+02
3.716158322652298125e+02 3.618066218636914755e+02
3.707928737638960683e+02 3.624878813979980237e+02
3.699575414692298523e+02 3.631332299656291980e+02
3.691076318602320612e+02 3.637362725535897994e+02
3.682423070516264829e+02 3.642945774685885567e+02
3.673619713263166204e+02 3.648093180120928878e+02
3.664670804391631123e+02 3.652818168664181258e+02
3.655574991948356569e+02 3.657116816704771054e+02
3.646327874755237985e+02 3.660976351234780850e+02
3.636923243600235764e+02 3.664378752007655180e+02
3.627356101142704574e+02 3.667309515844900716e+02
3.617628727785807428e+02 3.669775260885334092e+02
3.607746690970978989e+02 3.671792144842155494e+02
3.597715997931695142e+02 3.673377601783909654e+02
3.587543372599565714e+02 3.674551145765624938e+02
3.577238206977902450e+02 3.675340034064748238e+02
3.566813701343298817e+02 3.675782576250551870e+02
3.556286632947594626e+02 3.675927462915770434e+02
3.545675378582561166e+02 3.675828026804791762e+02
3.535008075165508217e+02 3.675565926296148973e+02
3.524312511037832110e+02 3.675221808138581991e+02
3.513613474181911442e+02 3.674867611501042575e+02
3.502923372352378806e+02 3.674558715294003264e+02
3.492228846030145633e+02 3.674325107569246143e+02
3.481504113094609920e+02 3.674159066160154907e+02
3.470711965335462992e+02 3.674011113367859025e+02
3.459827528132570365e+02 3.673790671485535313e+02
3.448860054675419065e+02 3.673412062195131966e+02
3.437845434646755507e+02 3.672798949390693792e+02
3.426825744956191784e+02 3.671885187237298851e+02
3.415833733787949313e+02 3.670639194490035493e+02
3.404897582300623071e+02 3.669055703141666527e+02
3.394035470711085054e+02 3.667150025922665009e+02
3.383268327154295321e+02 3.664950945156895159e+02
3.372614695496667991e+02 3.662494167636686484e+02
3.362099361512411519e+02 3.659811874379687993e+02
3.351745215019692523e+02 3.656929178486548153e+02
3.341588704098428479e+02 3.653865632838652573e+02
3.331686881820039048e+02 3.650654453118161200e+02
3.322105540873213840e+02 3.647340958130389481e+02
3.312892707100255052e+02 3.643966360627867402e+02
3.304055890912114819e+02 3.640573299975356463e+02
3.295565331143699268e+02 3.637185051214260056e+02
3.287354778569132350e+02 3.633810469544783359e+02
3.279355459331321754e+02 3.630460507006949911e+02
3.271505935433922332e+02 3.627151351445125442e+02
3.263737842577526180e+02 3.623885013721418318e+02
3.255986581060905110e+02 3.620637901608270681e+02
3.248192048194952122e+02 3.617373873277255143e+02
3.240323381384447998e+02 3.614055236735635503e+02
3.232373729553939370e+02 3.610638564851741421e+02
3.224344496591392044e+02 3.607086491919389459e+02
3.216243384451510110e+02 3.603360560969202311e+02
3.208075074959414223e+02 3.599434239398337354e+02
3.199840444170361025e+02 3.595288705032979237e+02
3.191527276928899823e+02 3.590923777381161699e+02
3.183113530339880981e+02 3.586339700724224713e+02
3.174569516094734354e+02 3.581528068063045112e+02
3.165892589569575080e+02 3.576469969369475166e+02
3.157102233909821507e+02 3.571152789400965730e+02
3.148250752070574663e+02 3.565548225362819039e+02
3.139400556140794265e+02 3.559644174951465061e+02
3.130607640419524387e+02 3.553432809745945633e+02
3.121908315490453560e+02 3.546931963646902091e+02
3.113335544462649978e+02 3.540196966533609952e+02
3.104919872569217318e+02 3.533295838217408118e+02
3.096661934169918595e+02 3.526310352958230396e+02
3.088545103040366939e+02 3.519309733313546076e+02
3.080531618298971352e+02 3.512353465801336938e+02
3.072586960373287752e+02 3.505474344919895771e+02
3.064676029821755492e+02 3.498695010097264912e+02
3.056774857579032414e+02 3.492025095330881186e+02
3.048869156958908206e+02 3.485477900342439739e+02
3.040950708189087663e+02 3.479058700692895059e+02
3.033025657293276822e+02 3.472752887227836709e+02
3.025099666460191088e+02 3.466532045301059952e+02
3.017192919330274208e+02 3.460359869110570230e+02
3.009346092607249830e+02 3.454208571496129139e+02
3.001601115841033902e+02 3.448044454724224011e+02
2.993971247993841871e+02 3.441824100881260051e+02
2.986441733767251208e+02 3.435491088973196270e+02
2.979002522942997757e+02 3.428978894035449798e+02
2.971668978059587403e+02 3.422231601136108452e+02
2.964476955534442482e+02 3.415199698305614788e+02
2.957464409575994750e+02 3.407844765241231357e+02
2.950648139922165001e+02 3.400152139183812210e+02
2.944030482461414522e+02 3.392132374948614029e+02
2.937597672614684825e+02 3.383823279054431623e+02
2.931339976269897534e+02 3.375281323223941854e+02
2.925257253306511416e+02 3.366573878291086999e+02
2.919345898373836690e+02 3.357773729319214908e+02
2.913578777704648246e+02 3.348952418465661367e+02
2.907913858446779045e+02 3.340163204185515724e+02
2.902297395608395050e+02 3.331430940936182878e+02
2.896692216542271581e+02 3.322748277500191989e+02
2.891067469120199576e+02 3.314102723249659448e+02
2.885402979044813492e+02 3.305477537153379899e+02
2.879690252191928153e+02 3.296868971938437198e+02
2.873939329223577488e+02 3.288273567907462507e+02
2.868163418053947566e+02 3.279686774027285310e+02
2.862377910583031166e+02 3.271103286731694766e+02
2.856611472806393976e+02 3.262513228617276582e+02
2.850893687804555157e+02 3.253906406281894306e+02
2.845253732115216394e+02 3.245272766405318521e+02
2.839705967099613986e+02 3.236607360512687137e+02
2.834268082097360093e+02 3.227904093412116708e+02
2.828980513936633088e+02 3.219149031840285033e+02
2.823888483414528991e+02 3.210326594128152351e+02
2.819021743792277448e+02 3.201426528234643456e+02
2.814375378738184281e+02 3.192450528173535531e+02
2.809924589140649687e+02 3.183407138941252015e+02
2.805630053800610995e+02 3.174309909390298117e+02
2.801432682192905759e+02 3.165179200263196435e+02
2.797277505947407690e+02 3.156033951937073994e+02
2.793131736913516079e+02 3.146885462180741797e+02
2.788990742394057065e+02 3.137735327276412818e+02
2.784870273559417910e+02 3.128578119864561131e+02
2.780783595050687609e+02 3.119409269365704631e+02
2.776739319902812895e+02 3.110225807998013465e+02
2.772727984177284952e+02 3.101030996738008980e+02
2.768735699237068388e+02 3.091829621174615568e+02
2.764761018546107607e+02 3.082622179738808654e+02
2.760826169596348905e+02 3.073401013533681407e+02
2.756948964635695347e+02 3.064159985017007557e+02
2.753119485910403910e+02 3.054902511535811982e+02
2.749317708823309090e+02 3.045635492938520770e+02
2.745530482187129451e+02 3.036363460711990570e+02
2.741757947819126002e+02 3.027086365990439276e+02
2.738006638767760705e+02 3.017801957690173822e+02
2.734270078711475662e+02 3.008512467348573409e+02
2.730538122988911596e+02 2.999221390497916673e+02
2.726801562932626553e+02 2.989931900156316829e+02
2.723056219660681450e+02 2.980645436235485590e+02
2.719310829116316199e+02 2.971358988603248577e+02
2.715571404351371712e+02 2.962070485350446347e+02
2.711841434070452692e+02 2.952778724378840707e+02
2.708111208518465673e+02 2.943487051365642060e+02
2.704367567053644734e+02 2.934200001055426128e+02
2.700589166908014249e+02 2.924918253415132767e+02
2.696754661428189479e+02 2.915625471370685773e+02
2.692837008643023182e+02 2.906307851433524547e+02
2.688795689017946415e+02 2.896959195618635476e+02
2.684587618221574985e+02 2.887594010972210299e+02
2.680182078732947275e+02 2.878237954002314609e+02
2.675558963635841678e+02 2.868943730142442519e+02
2.670721598210104730e+02 2.859785237362215184e+02
2.665686525201890049e+02 2.850846891520033068e+02
2.660459100827017664e+02 2.842215207221323112e+02
2.655039337650148923e+02 2.833962664261491682e+02
2.649416434799092031e+02 2.826140612476565366e+02
2.643550137513287837e+02 2.818781992711285511e+02
2.637378140110490108e+02 2.811899737918133724e+02
2.630842937391827263e+02 2.805481667185703145e+02
2.623926608251663311e+02 2.799484518705515370e+02
2.616651196158659332e+02 2.793833734054241518e+02
2.609087148081864598e+02 2.788416393646547817e+02
2.601341715097405540e+02 2.783113581014401348e+02
2.593522689867099871e+02 2.777825601856268349e+02
2.585719949112940981e+02 2.772478735270473749e+02
2.577981476168633890e+02 2.767018973422524368e+02
2.570311888852108950e+02 2.761394918102748193e+02
2.562674765156468766e+02 2.755567323664080845e+02
2.555016427508767549e+02 2.749502149797141328e+02
2.547288831603909784e+02 2.743183024887841839e+02
2.539455912207689039e+02 2.736603908457590819e+02
2.531497976939260752e+02 2.729772971469408844e+02
2.523420410157585252e+02 2.722728371401968843e+02
2.515254084096374640e+02 2.715557709751179800e+02
2.507030860817964992e+02 2.708390322222413715e+02
2.498783163368267140e+02 2.701386733158351490e+02
2.490523856016730520e+02 2.694711636033885611e+02
2.482250912444717983e+02 2.688514166557793601e+02
2.473932824094650869e+02 2.682902468761807313e+02
2.465522776726294865e+02 2.677938609240898700e+02
2.456961264702214578e+02 2.673643493697956615e+02
2.448197021613992206e+02 2.670003616535324795e+02
2.439192333621600142e+02 2.666986481118249230e+02
2.429930593663569596e+02 2.664526393870870038e+02
2.420419084529900715e+02 2.662550836263348515e+02
2.410681336706363140e+02 2.660971822985891322e+02
2.400729450739195272e+02 2.659704418660236342e+02
2.390575129024603029e+02 2.658662777975950462e+02
2.380250068376500963e+02 2.657771872057342648e+02
2.369780266742901063e+02 2.656971719418108933e+02
2.359170201085321423e+02 2.656202593405777748e+02
2.348425864021769485e+02 2.655404223966180552e+02
2.337564704389347696e+02 2.654503974305721385e+02
2.326619444121689639e+02 2.653428746954819530e+02
2.315626089043499860e+02 2.652107454284541745e+02
2.304640390843276805e+02 2.650498780097947247e+02
2.293722817620778471e+02 2.648613619958889558e+02
2.282904834153847560e+02 2.646490738182856717e+02
2.272169879590286996e+02 2.644190153973229940e+02
2.261471555583081567e+02 2.641770014635143298e+02
2.250761966578642159e+02 2.639286762195902156e+02
2.240010764582034426e+02 2.636789226949417184e+02
2.229216107686517034e+02 2.634308653373274183e+02
2.218406342515867777e+02 2.631850229975968887e+02
2.207631284566517138e+02 2.629401794816233178e+02
2.196953424396654952e+02 2.626950245469213314e+02
2.186432633814387145e+02 2.624482768383713847e+02
2.176116657178270088e+02 2.621994758581344627e+02
2.166021734676315305e+02 2.619472200916962947e+02
2.156128900405412026e+02 2.616914078474068788e+02
2.146398506449866943e+02 2.614313131391697880e+02
2.136784930469281107e+02 2.611673339237227651e+02
2.127253640341924665e+02 2.608990164051992906e+02
2.117789675461375225e+02 2.606270283878781697e+02
2.108410048017566965e+02 2.603513527271850307e+02
2.099167501727423826e+02 2.600730934051172198e+02
2.090123771735163132e+02 2.597929525674466049e+02
2.081314151912023078e+02 2.595098738105901361e+02
2.072725866666013133e+02 2.592241460904146493e+02
2.064301902884044750e+02 2.589358882149961119e+02
2.055958651878946455e+02 2.586468874166350815e+02
2.047629322439825614e+02 2.583578289467263858e+02
2.039277446069195605e+02 2.580705088219489767e+02
2.030888030536243605e+02 2.577861596899217034e+02
2.022453229901966836e+02 2.575036525610912577e+02
2.013967935528403643e+02 2.572221586488857383e+02
2.005437011174353188e+02 2.569395747739253011e+02
1.996876238784262512e+02 2.566548790598503729e+02
1.988314543876415712e+02 2.563666464558124858e+02
1.979783049542471645e+02 2.560751118738281207e+02
1.971303016260328320e+02 2.557797045724534541e+02
1.962870356151188389e+02 2.554806870425824172e+02
1.954470542195853398e+02 2.551802680239308359e+02
1.946078283355915914e+02 2.548811360935874859e+02
1.937656357103513471e+02 2.545866426827683142e+02
1.929182284460178494e+02 2.542983217746123614e+02
1.920670183093971843e+02 2.540158963429738321e+02
1.912171449751037926e+02 2.537356714622976313e+02
1.903766431210153485e+02 2.534506679340336746e+02
1.895548125350090913e+02 2.531519115937953757e+02
1.887603314523860831e+02 2.528305091746317430e+02
1.879988817830299013e+02 2.524805883238563524e+02
1.872694843770375712e+02 2.520993503477618560e+02
1.865655643996101674e+02 2.516871907161534523e+02
1.858796358551572894e+02 2.512447183748587634e+02
1.852045098242894596e+02 2.507723975985926472e+02
1.845340376161091172e+02 2.502676275797407186e+02
1.838629035510783467e+02 2.497266489369642386e+02
1.831873950971176725e+02 2.491454619158258765e+02
1.825039845289566642e+02 2.485231539691122862e+02
1.818077213579070701e+02 2.478622347314077956e+02
1.810916873110715812e+02 2.471686228533287135e+02
1.803481086916885658e+02 2.464520041641456487e+02
1.795712905049564654e+02 2.457260528835515174e+02
1.787587728575254573e+02 2.450093626905181452e+02
1.779124853862994087e+02 2.443234835485355347e+02
1.770377113905876740e+02 2.436930618048666304e+02
1.761407081767099214e+02 2.431417058822377157e+02
1.752265686296592548e+02 2.426884415479249526e+02
1.742982470161763047e+02 2.423464716196967288e+02
1.733589520825407249e+02 2.421197949204189968e+02
1.724121462645065606e+02 2.420039437666149524e+02
1.714618875073600748e+02 2.419863252294333904e+02
1.705112032203651609e+02 2.420499005738522271e+02
1.695602668670984201e+02 2.421753556738911470e+02
1.686062935855775322e+02 2.423440488244848439e+02
1.676459214045793829e+02 2.425370908252665458e+02
1.666744041388079438e+02 2.427355596216402773e+02
1.656887461308978118e+02 2.429197290191187619e+02
1.646884909076183021e+02 2.430688434758831988e+02
1.636768721057830192e+02 2.431606273945688770e+02
1.626590438472946687e+02 2.431727674813710962e+02
1.616410443776409522e+02 2.430856084166173900e+02
1.606293901690631287e+02 2.428858402371398313e+02
1.596293305412411598e+02 2.425673112791068604e+02
1.586430474991371966e+02 2.421317711505731154e+02
1.576690585495760502e+02 2.415890162133115382e+02
1.567065931825446796e+02 2.409542519618329948e+02
1.557566185918641963e+02 2.402455966936599339e+02
1.548188585397878114e+02 2.394824591786839392e+02
1.538922134983266403e+02 2.386835471488681719e+02
1.529747333909041345e+02 2.378663277447440692e+02
1.520641570233083542e+02 2.370445718219761488e+02
1.511573871403879252e+02 2.362283560792068329e+02
1.502518497868262557e+02 2.354223201374365431e+02
1.493461099491136395e+02 2.346267564367906857e+02
1.484395477936453460e+02 2.338389667066560094e+02
1.475327979112941250e+02 2.330583123803373269e+02
1.466271968387196409e+02 2.322871559283122735e+02
1.457236523552444964e+02 2.315311616163497206e+02
1.448203215541932138e+02 2.307991320053830862e+02
1.439123990323531075e+02 2.300999712991927595e+02
1.429946693111920695e+02 2.294402394075862333e+02
1.420654601357283582e+02 2.288224195688274563e+02
1.411272872809095418e+02 2.282447913624990576e+02
1.401850951391785998e+02 2.277024515659494455e+02
1.392454020914305488e+02 2.271882104635023438e+02
1.383129712676621921e+02 2.266943979445565560e+02
1.373898911670971756e+02 2.262137990470890827e+02
1.364775021914344961e+02 2.257394005219752557e+02
1.355770398436664834e+02 2.252641670914411804e+02
1.346880403160353694e+02 2.247817092957785690e+02
1.338082797158284620e+02 2.242861838565238770e+02
1.329342951671063418e+02 2.237715651752645840e+02
1.320639342646369130e+02 2.232290618606594421e+02
1.311974121801671913e+02 2.226478916247730808e+02
1.303393488579129382e+02 2.220171907886502822e+02
1.295012071191378311e+02 2.213277581470071027e+02
1.286991657244234091e+02 2.205746398755586029e+02
1.279516320648745875e+02 2.197588189889085584e+02
1.272777924180413152e+02 2.188874895869848842e+02
1.266971016507944228e+02 2.179730332565616209e+02
1.262257346339249011e+02 2.170322332317994665e+02
1.258747554412113629e+02 2.160843223294556878e+02
1.256510261039491354e+02 2.151479261488898942e+02
1.255565969963212183e+02 2.142390022460148202e+02
1.255906032813771276e+02 2.133694526342337383e+02
1.257505253382468879e+02 2.125478963154998837e+02
1.260341366411102229e+02 2.117784586757069292e+02
1.264392380659310504e+02 2.110626494881735766e+02
