1.451252815512087864e+02 2.030721556463100228e+02
1.461296349477456147e+02 2.028809216584681394e+02
1.471329403659381114e+02 2.027383163796507688e+02
1.481350514680207198e+02 2.026511302332068567e+02
1.491360199203600700e+02 2.026169657757926643e+02
1.501360981082012813e+02 2.026241117266205265e+02
1.511356486225714661e+02 2.026557429922657718e+02
1.521349789839251230e+02 2.026975898859705012e+02
1.531343344243658180e+02 2.027382730498786998e+02
1.541341022908235345e+02 2.027598186572871555e+02
1.551379542052368095e+02 2.027587099991745561e+02
1.561534588526370726e+02 2.027453005508461388e+02
1.571767441749553313e+02 2.027309225170437230e+02
1.581972632215376393e+02 2.027320294767366988e+02
1.592066234380049536e+02 2.027766831213030798e+02
1.601897755744320762e+02 2.029007495312325204e+02
1.611293126336294677e+02 2.031308678460352155e+02
1.620131096160561128e+02 2.034859832230377492e+02
1.628386373700699892e+02 2.039721555768411463e+02
1.636130120886042221e+02 2.045744147550701371e+02
1.643501474776476812e+02 2.052554688802759131e+02
1.650673244256500425e+02 2.059769863816533757e+02
1.657843715182765720e+02 2.067045294839619771e+02
1.665210787745551784e+02 2.074054499964421439e+02
1.672945757896804366e+02 2.080484367182469896e+02
1.681185429091673313e+02 2.086070262576893981e+02
1.690001020570804258e+02 2.090659825241415319e+02
1.699369018114934420e+02 2.094231183470741087e+02
1.709170290092772575e+02 2.096875491661506032e+02
1.719232759716564658e+02 2.098766652683486882e+02
1.729407700795954383e+02 2.100181366371887179e+02
1.739613181186749102e+02 2.101307751117482781e+02
1.749746623664747176e+02 2.102176133871574280e+02
1.759774313555683989e+02 2.102667550615487642e+02
1.769775343639493599e+02 2.102727492797944535e+02
1.779782017164251329e+02 2.102525565783140280e+02
1.789789070322611906e+02 2.102306022858528820e+02
1.799788265367038491e+02 2.102451115270171726e+02
1.809772390767275283e+02 2.103295475320651349e+02
1.819737479330630379e+02 2.105023190267218638e+02
1.829684231935712546e+02 2.107601737661177026e+02
1.839613301845338640e+02 2.111000804540815921e+02
1.849526045570950714e+02 2.115157445521263639e+02
1.859423982939696032e+02 2.120001136977219289e+02
1.869310236771911491e+02 2.125386972554119041e+02
1.879187897354068753e+02 2.131171555546876561e+02
1.889060312227190082e+02 2.137199552022080979e+02
1.898931843730407536e+02 2.143268538979809819e+02
1.908807208197183058e+02 2.149159667234096105e+02
1.918690342440901873e+02 2.154690259200380069e+02
1.928583262268593899e+02 2.159766776597076614e+02
1.938486528943331564e+02 2.164363175471264071e+02
1.948400930387977894e+02 2.168442894312066187e+02
1.958329891923198716e+02 2.171846990024073420e+02
1.968276995506225546e+02 2.174409251199487301e+02
1.978241213842497359e+02 2.176177346770180634e+02
1.988219714546464161e+02 2.177282706219877468e+02
1.998208580411242679e+02 2.177907097344379395e+02
2.008201206630882609e+02 2.178356998983148003e+02
2.018188271713794393e+02 2.179064950705928254e+02
2.028163672220310900e+02 2.180314166753929612e+02
2.038124821384807603e+02 2.182224679257199682e+02
2.048076026820572793e+02 2.184596604626197518e+02
2.058025371146770226e+02 2.187054889943499916e+02
2.067982087302542595e+02 2.189171104685293585e+02
2.077952524562936674e+02 2.190650627259012708e+02
2.087939671303700209e+02 2.191354789861578922e+02
2.097944122399053981e+02 2.191255988902199761e+02
2.107964156570422176e+02 2.190434095835726112e+02
2.117995674119626699e+02 2.189079346491787987e+02
2.128034178909313709e+02 2.187400372428757578e+02
2.138074554073180025e+02 2.185634608517240451e+02
2.148112765842606393e+02 2.183969231297193687e+02
2.158146375039378313e+02 2.182517424488780193e+02
2.168177373554900385e+02 2.181186759552744832e+02
2.178209462278157389e+02 2.179805506362666847e+02
2.188248103451539350e+02 2.178120203769042007e+02
2.198299584514200262e+02 2.175839099513080441e+02
2.208364926727931561e+02 2.172914804597911598e+02
2.218439027446530361e+02 2.169584094047348799e+02
2.228516911142877746e+02 2.166077844254793945e+02
2.238593866654458111e+02 2.162614664461925713e+02
2.248666710833232969e+02 2.159342260373335307e+02
2.258733022168385105e+02 2.156372995899533294e+02
2.268789565371506853e+02 2.153856996183347121e+02
2.278833175608325519e+02 2.151941117126681320e+02
2.288865089165794302e+02 2.150567992049357713e+02
2.298890591396866512e+02 2.149492367896055782e+02
2.308915836588842296e+02 2.148428670973401040e+02
2.318944939306368553e+02 2.147185975611935191e+02
2.328980698108391607e+02 2.145634421963484897e+02
2.339023133678694251e+02 2.143773050250898109e+02
2.349067915996555769e+02 2.141802783822296874e+02
2.359107446572611764e+02 2.140076210811144506e+02
2.369136257993525874e+02 2.138847032311233534e+02
2.379153357868620731e+02 2.138161297630493038e+02
2.389161131943005216e+02 2.137908302473069853e+02
2.399160481900348998e+02 2.138046206553753166e+02
2.409149994133350106e+02 2.138640604642260996e+02
2.419127599617329167e+02 2.139787504446809407e+02
2.429092096107392535e+02 2.141542693014346526e+02
2.439043919255722130e+02 2.143885955038612963e+02
2.448986668256035841e+02 2.146650279297516590e+02
2.458926592842674097e+02 2.149545663126034469e+02
2.468867708901402125e+02 2.152385759791536657e+02
2.478811476578034103e+02 2.155102815025714449e+02
2.488758326353805614e+02 2.157676853466595048e+02
2.498706482224298497e+02 2.160190285979411158e+02
2.508687331964729594e+02 2.162855198065003322e+02
2.518772439888891768e+02 2.165966420059991719e+02
2.528956025336870255e+02 2.169777336235535472e+02
2.539176635758522309e+02 2.174356558486236963e+02
2.549276816063850504e+02 2.179768069199000706e+02
2.559089852992881902e+02 2.186020898531580769e+02
2.568430420856738010e+02 2.193061331060289376e+02
2.577174622399946315e+02 2.200703644231067244e+02
2.585224263746184761e+02 2.208679620134831794e+02
2.592555671209368597e+02 2.216716265336703771e+02
2.599163380533847771e+02 2.224536167709316032e+02
2.605107043271092380e+02 2.231804794825380895e+02
2.610470948691373110e+02 2.238373638274640882e+02
2.615405749318296103e+02 2.244248845384225604e+02
2.620072236493817854e+02 2.249560650733077409e+02
2.624656983074394816e+02 2.254440424642173184e+02
2.629253097264474945e+02 2.259079547610164695e+02
2.633897808884398160e+02 2.263648301304231438e+02
2.638642913736287028e+02 2.268326593459012201e+02
2.643488476221734800e+02 2.273325864544502792e+02
2.648469353759006708e+02 2.278758001557677346e+02
2.653617370413667231e+02 2.284691386041008627e+02
2.658929751048301569e+02 2.291120656957998847e+02
2.664372644160406480e+02 2.297959654956989652e+02
2.669902147940680948e+02 2.305073392811769963e+02
2.675433814212412358e+02 2.312320708266584006e+02
2.680851656912548151e+02 2.319565570753994450e+02
2.686117881822869435e+02 2.326673634788519678e+02
2.691244733060358953e+02 2.333469863545179521e+02
2.696345196436471383e+02 2.339780691081433304e+02
2.701586098165140584e+02 2.345602520934531867e+02
2.707228461324368141e+02 2.350959372580964555e+02
2.713394512239423193e+02 2.355975728357676644e+02
2.720155189920311045e+02 2.360852903420727955e+02
2.727537661656166961e+02 2.365918529160099126e+02
2.735495568883422948e+02 2.371465834820723728e+02
2.743864511243286302e+02 2.377610955255807426e+02
2.752387241177684700e+02 2.384345435947880674e+02
2.760854272726753607e+02 2.391559617939172426e+02
2.768993300035641596e+02 2.399144088836351898e+02
2.776607020278224809e+02 2.406886138252972103e+02
2.783521011659126430e+02 2.414618739392984139e+02
2.789742381969181793e+02 2.422149920835052512e+02
2.795360116756808111e+02 2.429368063916434153e+02
2.800590568405762610e+02 2.436112942886879011e+02
2.805555854768972495e+02 2.442271332566342323e+02
2.810334905336509337e+02 2.447819508031279270e+02
2.815060116369080561e+02 2.452893203347975373e+02
2.819784083224877804e+02 2.457711342534977916e+02
2.824549360387874799e+02 2.462594426853584366e+02
2.829482551232846959e+02 2.467942816987548156e+02
2.834713279989206853e+02 2.474006023689441918e+02
2.840258229425792820e+02 2.480865785373881636e+02
2.846045614457719921e+02 2.488495109121647886e+02
2.852080905313783887e+02 2.496846701813823870e+02
2.858378995356460450e+02 2.505891327550317271e+02
2.864954771315149742e+02 2.515525333013343356e+02
2.871588919788173939e+02 2.525616092175501421e+02
2.877926721032736168e+02 2.535969477320917917e+02
2.883550079870842069e+02 2.546409959588892491e+02
2.888173915251920789e+02 2.556775319078350037e+02
2.891682766159147491e+02 2.567003093611983786e+02
2.894035399062625515e+02 2.577092074507771713e+02
2.895237983737288232e+02 2.587120312815528678e+02
2.895410207648780556e+02 2.597126346220290998e+02
2.894621484680069443e+02 2.607111670633580047e+02
2.892991017153872804e+02 2.617078854938167751e+02
2.890699903021520640e+02 2.627031801905379780e+02
2.887942152491849015e+02 2.637010650920707349e+02
2.884918810092322019e+02 2.647097652703760104e+02
2.881789580382173313e+02 2.657259970563777642e+02
2.878504311013309120e+02 2.667394600027162141e+02
2.874865435788616423e+02 2.677419405343731569e+02
2.870562892619187210e+02 2.687184941346209257e+02
2.865375049717300726e+02 2.696518102659545093e+02
2.859259951263030644e+02 2.705300817911788158e+02
2.852311617249806091e+02 2.713547096072757085e+02
2.844590361810007266e+02 2.721404060799404192e+02
2.836115532062697753e+02 2.729002939399421734e+02
2.826932604548022141e+02 2.736449276192867615e+02
2.817168440280230470e+02 2.743780593187465797e+02
2.807027782218794982e+02 2.751061616719795211e+02
2.796653881561459798e+02 2.758351386929119258e+02
2.786177175310117491e+02 2.765655625488064402e+02
2.775755735405505220e+02 2.772881726655709826e+02
2.765454023888207757e+02 2.779821430961866895e+02
2.755278717499952563e+02 2.786179773789808110e+02
2.745157672350107987e+02 2.791688818558523622e+02
2.735057353212766316e+02 2.796236126630420813e+02
2.724979210107305789e+02 2.799754413628088514e+02
2.714924746270754667e+02 2.802173925747482599e+02
2.704892587955185945e+02 2.803558408187768691e+02
2.694879358533005984e+02 2.804064544568979045e+02
2.684882699406571192e+02 2.803801779479453558e+02
2.674903153956101391e+02 2.802744898773601108e+02
2.664941095782428420e+02 2.800876566476616745e+02
2.654993926700755082e+02 2.798317344595517397e+02
2.645058536171739547e+02 2.795211569617181908e+02
2.635132938552203541e+02 2.791651380148185240e+02
2.625213861495293486e+02 2.787788620932082608e+02
2.615300170409323073e+02 2.783675939744723564e+02
2.605389827726200451e+02 2.779407884633238268e+02
2.595478861944111486e+02 2.775168742808450588e+02
2.585564566719310164e+02 2.771084095112067303e+02
2.575645294459196748e+02 2.767230393792834775e+02
2.565721989076832870e+02 2.763563839020524711e+02
2.555796539691075679e+02 2.759996771148606172e+02
2.545871871764499303e+02 2.756393441696171749e+02
2.535950639715936461e+02 2.752630679262072704e+02
2.526035246957893321e+02 2.748596959740806369e+02
2.516124672874946953e+02 2.744339642136206407e+02
2.506216411712956074e+02 2.739974999451142708e+02
2.496309240974156012e+02 2.735559758514357327e+02
2.486401598171097760e+02 2.731166422491526191e+02
2.476492625357693953e+02 2.726834802139090925e+02
2.466580289705885889e+02 2.722659225555253215e+02
2.456660720762758956e+02 2.718819291039542350e+02
2.446731220587352880e+02 2.715440189524196626e+02
2.436789797288263060e+02 2.712614349548470045e+02
2.426834237485240635e+02 2.710444477265282899e+02
2.416864755126166813e+02 2.708920644979723420e+02
2.406884930660080784e+02 2.707876711267741143e+02
2.396899202482108819e+02 2.707106723948846820e+02
2.386912509922749450e+02 2.706381486239656056e+02
2.376927608665189666e+02 2.705573127830047611e+02
2.366945040581456396e+02 2.704656504558180359e+02
2.356962912674482595e+02 2.703719456028801460e+02
2.346982808977324453e+02 2.702688479308368983e+02
2.337007777331606633e+02 2.701422147234493423e+02
2.327038282906992492e+02 2.699898874818938452e+02
2.317073956842683629e+02 2.698135778087577137e+02
2.307115657084767122e+02 2.696093046283967851e+02
2.297163789337029982e+02 2.693751853779185694e+02
2.287216317539572401e+02 2.691206678636609695e+02
2.277269269113300538e+02 2.688641858055457305e+02
2.267320481741054721e+02 2.686157728738807009e+02
2.257369997436769324e+02 2.683752341139318673e+02
2.247420422141660481e+02 2.681304773333545199e+02
2.237474201713081357e+02 2.678701531673285103e+02
2.227533364885425158e+02 2.675848478016233685e+02
2.217597067501794186e+02 2.672784783267397302e+02
2.207663626634792990e+02 2.669588539294827001e+02
2.197733684989891287e+02 2.666229923023064998e+02
2.187809621202146673e+02 2.662598560079654249e+02
2.177893699714897480e+02 2.658589374861830947e+02
2.167984752540766635e+02 2.654256564785634964e+02
2.158077430767258988e+02 2.649848332221593523e+02
2.148168115809609446e+02 2.645532588182878158e+02
2.138253290778321514e+02 2.641472524778330353e+02
2.128327720737162849e+02 2.637911055606464288e+02
2.118390284021812136e+02 2.634900228582406498e+02
2.108443393955754459e+02 2.632328059707436410e+02
2.098492021541531756e+02 2.629963882539403244e+02
2.088540649127309052e+02 2.627599705371370646e+02
2.078592984496665395e+02 2.625063478151199661e+02
2.068652320249324532e+02 2.622202416353537160e+02
2.058721076603367237e+02 2.618904216053945220e+02
2.048800198333677827e+02 2.615125037431478745e+02
2.038889491098877613e+02 2.610873898392293881e+02
2.028988242816642185e+02 2.606183841264376611e+02
2.019094656798769165e+02 2.601138236690111398e+02
2.009204462274958587e+02 2.595935258655986786e+02
1.999315654210984405e+02 2.590667945559656005e+02
1.989427509320806280e+02 2.585369859608394449e+02
1.979540128006954944e+02 2.580036341883946989e+02
1.969652507105949155e+02 2.574713941578173717e+02
1.959763454283875035e+02 2.569457985844805421e+02
1.949872605850879381e+02 2.564285350765427438e+02
1.939980325496815396e+02 2.559179160258454999e+02
1.930087805555596958e+02 2.554084087170157034e+02
1.920196049190705310e+02 2.548953582308671741e+02
1.910305730564195699e+02 2.543756362937457993e+02
1.900383309710127264e+02 2.538380210367855341e+02
1.890352128286747586e+02 2.532766669379909956e+02
1.880213806712637279e+02 2.526855400879796889e+02
1.870027507024414888e+02 2.520684078294797814e+02
1.859948554313329794e+02 2.514287556289284851e+02
1.850141244206747615e+02 2.507768988657800833e+02
1.840790574253946090e+02 2.501197317288638260e+02
1.832020898477273931e+02 2.494737069657087716e+02
1.823969006611230270e+02 2.488534076833349786e+02
1.816704243872188158e+02 2.482689096291421151e+02
1.810161232868230172e+02 2.477136324160396441e+02
1.804268127819561300e+02 2.471676606248942676e+02
1.798930572278746922e+02 2.466081336522957770e+02
1.793991856956446043e+02 2.460127866901529217e+02
1.789211971538376247e+02 2.453649787587355888e+02
1.784303502621067423e+02 2.446672471974097789e+02
1.778987919982293704e+02 2.439324278755294699e+02
1.773068132990503045e+02 2.431704294494889211e+02
1.766450502385881691e+02 2.424110840928633195e+02
1.759139319446647107e+02 2.417038205255361447e+02
1.751182087215630645e+02 2.410970383308651606e+02
1.742602588483993031e+02 2.406444502188402055e+02
1.733480566894546655e+02 2.403852050897563117e+02
1.723895618025527199e+02 2.403395061269580140e+02
1.713967173611984549e+02 2.404983305588849305e+02
1.703794669278420884e+02 2.408198019046940033e+02
1.693498115957118841e+02 2.412426405101652449e+02
1.683169434982233952e+02 2.417016822986284694e+02
1.672925245496683715e+02 2.421287367037929528e+02
1.662814899545677463e+02 2.424631389753143935e+02
1.652771520493226376e+02 2.426536541300602892e+02
1.642766239245619033e+02 2.426673863315876645e+02
1.632764798368187655e+02 2.424964429380258082e+02
1.622686353638572427e+02 2.421544019174889115e+02
1.612524760869356157e+02 2.416712589949658820e+02
1.602329636531251822e+02 2.410950752287403134e+02
1.592247299867066772e+02 2.404711253822996468e+02
1.582436833113543457e+02 2.398339162181626989e+02
1.573079419385622941e+02 2.392080418154665438e+02
1.564298521794788144e+02 2.386140889618681058e+02
1.556197683129857694e+02 2.380540592112229206e+02
1.548807152149928470e+02 2.375247419910382405e+02
1.542176713507957402e+02 2.370151230085860732e+02
1.536333378652386159e+02 2.365179377753412950e+02
1.531196680574892355e+02 2.360289549380078142e+02
1.526522894164860986e+02 2.355342901530088682e+02
1.521915445809952416e+02 2.350290308380333499e+02
1.517019760813688265e+02 2.345086859978499092e+02
1.511576926712098725e+02 2.339693678873522629e+02
1.505532263919833440e+02 2.334112477358006288e+02
1.498970043513429005e+02 2.328380779814148127e+02
1.492137069619518002e+02 2.322550715887806518e+02
1.485284558876891765e+02 2.316715189760232647e+02
1.478543873377328168e+02 2.310959991622265193e+02
1.471989348190367650e+02 2.305249484795660067e+02
1.465604392159222300e+02 2.299575189845506031e+02
1.459357664790329636e+02 2.293887129920529162e+02
1.453147574657015184e+02 2.288208411535531468e+02
1.446851948641774470e+02 2.282519297814896504e+02
1.440261965470925247e+02 2.276876542751948023e+02
1.433159244031298272e+02 2.271268098396223252e+02
1.425323196220349473e+02 2.265602850892483673e+02
1.416689564565450894e+02 2.259782522960998108e+02
1.407362238119884523e+02 2.253796210423296884e+02
1.397545279459392873e+02 2.247725358837769818e+02
1.387424507020895419e+02 2.241600818936997825e+02
1.377085674573006031e+02 2.235554689002455007e+02
1.366718791433571880e+02 2.229695798163199356e+02
1.356484811181810244e+02 2.224068414537974263e+02
1.346464344714073036e+02 2.218559188625284833e+02
1.336726000776336605e+02 2.212994868424635229e+02
1.327370299176009780e+02 2.207184395345225596e+02
1.318402623942081959e+02 2.201030172733774180e+02
1.309770618806317088e+02 2.194474839227183622e+02
1.301468822941300232e+02 2.187417193676429008e+02
1.293583480562541581e+02 2.179796240106307437e+02
1.286238457169166622e+02 2.171529978239219076e+02
1.279482629870380492e+02 2.162589364420164202e+02
1.273362138200397169e+02 2.152965170611295775e+02
1.268002562284520991e+02 2.142752034481268595e+02
1.263617462353871304e+02 2.132177350100772060e+02
1.260497501646477758e+02 2.121473844009457252e+02
1.258971757809254086e+02 2.110960780497060796e+02
1.259334048092339629e+02 2.100834995726980878e+02
1.261750237338074214e+02 2.091208979470642362e+02
1.266181201065999744e+02 2.082132180246008488e+02
1.272390156638010694e+02 2.073727484953489579e+02
1.280111555917828241e+02 2.066174813962745702e+02
1.289028398870862020e+02 2.059645267033475875e+02
1.298767913406341563e+02 2.054264881822128359e+02
1.309056444710433595e+02 2.050074561764577368e+02
1.319655211833689350e+02 2.047058318468787945e+02
1.330278950862053762e+02 2.045153851288390001e+02
1.340716286152939460e+02 2.044142395224078541e+02
1.350913186267657125e+02 2.043735209109178186e+02
1.360952391639385723e+02 2.043692279921505701e+02
1.370953573619727308e+02 2.043745173740504129e+02
1.380958638333980275e+02 2.043617899392287995e+02
1.390972921336362731e+02 2.043062874362408365e+02
1.401000301913488784e+02 2.041900090446508784e+02
1.411040608562323655e+02 2.040137505796806749e+02
1.421091023548329986e+02 2.037905870054877084e+02
1.431146324647184542e+02 2.035447506956192285e+02
1.441201625746039099e+02 2.032989143857507486e+02
1.451252815512087864e+02 2.030721556463100228e+02
