1.272330388282734077e+02 2.105784087078401399e+02
1.279193772490888250e+02 2.099233472132943348e+02
1.287314774755409701e+02 2.093416387020755280e+02
1.296425272261253099e+02 2.088354602376924731e+02
1.306225793515623650e+02 2.084038526934438096e+02
1.316442121152685445e+02 2.080411357634625347e+02
1.326825086039769133e+02 2.077374306290313370e+02
1.337167915300489938e+02 2.074793209434077426e+02
1.347352360785294536e+02 2.072490805028450040e+02
1.357332737452624656e+02 2.070259645944316844e+02
1.367142896669818981e+02 2.067934470792571346e+02
1.376842238233522551e+02 2.065443065018873199e+02
1.386486142942418383e+02 2.062797966252071546e+02
1.396100594253254599e+02 2.060047060461672004e+02
1.405704088031133949e+02 2.057256791337172217e+02
1.415320022336518946e+02 2.054511212987731028e+02
1.424967104890876044e+02 2.051877530165841108e+02
1.434671624655434243e+02 2.049450182118733323e+02
1.444466655358525600e+02 2.047347981376867381e+02
1.454383232616624184e+02 2.045682418852024966e+02
1.464442764649407138e+02 2.044530400441446432e+02
1.474649644124271504e+02 2.043907706160123325e+02
1.484983814411508831e+02 2.043742285500044034e+02
1.495408656540846835e+02 2.043902590167733422e+02
1.505883341231992176e+02 2.044241946946922894e+02
1.516377972602074919e+02 2.044652959252063340e+02
1.526887932718703098e+02 2.045119037836625466e+02
1.537429550612267519e+02 2.045698842353408509e+02
1.548022432382487068e+02 2.046462804847347172e+02
1.558672786225347693e+02 2.047433227354282508e+02
1.569376892586709857e+02 2.048596747920127541e+02
1.580119956383527722e+02 2.049900217373509008e+02
1.590886737366218426e+02 2.051288887347395473e+02
1.601663202061955928e+02 2.052712344643708207e+02
1.612447591258400337e+02 2.054164269549484629e+02
1.623247054437407826e+02 2.055670345532347767e+02
1.634067043548196239e+02 2.057250157922260314e+02
1.644918545622710155e+02 2.058943176024118884e+02
1.655822832112593801e+02 2.060825814416015760e+02
1.666788803666864283e+02 2.062930047377411142e+02
1.677788908231287337e+02 2.065156898184237093e+02
1.688768095331915049e+02 2.067308606062531453e+02
1.699688590386811313e+02 2.069204015555407352e+02
1.710554853366651571e+02 2.070718194464207045e+02
1.721383249936488085e+02 2.071810744200992644e+02
1.732204666123941479e+02 2.072545894663769559e+02
1.743034328843217224e+02 2.073080892206975250e+02
1.753870065715267117e+02 2.073599749630353131e+02
1.764673534546374185e+02 2.074278891538424432e+02
1.775378781668233898e+02 2.075217217503167433e+02
1.785875856758299847e+02 2.076438991975365980e+02
1.796026851140503879e+02 2.077904586738241335e+02
1.805707118899821637e+02 2.079554747998093376e+02
1.814844698374621430e+02 2.081366595830199344e+02
1.823439482031670309e+02 2.083382179292060528e+02
1.831550281477009889e+02 2.085665999334790968e+02
1.839277317790521522e+02 2.088277943019994041e+02
1.846751063231774310e+02 2.091277759832044580e+02
1.854116162077185948e+02 2.094694483621863128e+02
1.861514565338434011e+02 2.098506007250696541e+02
1.869102116260154389e+02 2.102676401783111828e+02
1.877045955567665487e+02 2.107133096450614005e+02
1.885481715815795383e+02 2.111819017764866544e+02
1.894475679795206702e+02 2.116657554287024823e+02
1.904033220690325265e+02 2.121569638917803786e+02
1.914126152451864584e+02 2.126545637492704373e+02
1.924685178579696299e+02 2.131590888997581317e+02
1.935604262593917611e+02 2.136703967273344347e+02
1.946751456866982437e+02 2.141859051257174826e+02
1.957995850674105895e+02 2.147020657907542613e+02
1.969229032148439273e+02 2.152134117826002182e+02
1.980366616039724477e+02 2.157106154177064923e+02
1.991338813246182440e+02 2.161856024978633570e+02
2.002099462645467725e+02 2.166265633603814535e+02
2.012619588197784992e+02 2.170202622491743227e+02
2.022907304753916833e+02 2.173531211971641710e+02
2.033000127597450160e+02 2.176156131806827432e+02
2.042960825678486003e+02 2.178017941843338008e+02
2.052835463222196495e+02 2.179092317945847981e+02
2.062646336123853814e+02 2.179333577657615137e+02
2.072413437282644395e+02 2.178728858281327803e+02
2.082151004319725871e+02 2.177308461604782792e+02
2.091857733450729029e+02 2.175127329748856368e+02
2.101526885784995784e+02 2.172305154089397661e+02
2.111152968116754209e+02 2.169033930389876730e+02
2.120730703628822766e+02 2.165533205558493819e+02
2.130252361887532402e+02 2.161976944881428153e+02
2.139742907409089128e+02 2.158549060084054645e+02
2.149275764733064591e+02 2.155459584035203306e+02
2.158943984652759411e+02 2.152901834105965690e+02
2.168794291094792754e+02 2.150998203369599651e+02
2.178825286879852001e+02 2.149743672663827851e+02
2.189009224187694826e+02 2.149038562003839274e+02
2.199302943318023154e+02 2.148727826480429712e+02
2.209649462954077990e+02 2.148606769049310401e+02
2.219990809540432792e+02 2.148467128193942983e+02
2.230267483619494442e+02 2.148095160817488249e+02
2.240430511508720315e+02 2.147314936130094054e+02
2.250449039949012047e+02 2.146015618312175093e+02
2.260322068656524550e+02 2.144193613990354379e+02
2.270070641136180996e+02 2.141924518877476942e+02
2.279725841275526363e+02 2.139319997292082860e+02
2.289324583034707530e+02 2.136512657235613517e+02
2.298913327318884683e+02 2.133669402712789633e+02
2.308539924167353092e+02 2.130962127989482440e+02
2.318263200136745183e+02 2.128556703066701061e+02
2.328152057076583219e+02 2.126559693767918020e+02
2.338250112352827159e+02 2.125028599253880941e+02
2.348585481770008982e+02 2.124017697801419331e+02
2.359130457594732206e+02 2.123575455122228277e+02
2.369803905350528339e+02 2.123743140934359417e+02
2.380505295122145526e+02 2.124573081264218786e+02
2.391137632664213584e+02 2.126099241431840596e+02
2.401637046021713218e+02 2.128318070062551328e+02
2.411992868172482076e+02 2.131173348520309503e+02
2.422228289940000252e+02 2.134624138113071581e+02
2.432381119248418031e+02 2.138612912657481218e+02
2.442463260987353806e+02 2.143055953030256831e+02
2.452462989608578141e+02 2.147833164746850230e+02
2.462340608092287653e+02 2.152841021378662276e+02
2.472063214014784194e+02 2.158034860509559394e+02
2.481607022590351903e+02 2.163441368049091693e+02
2.490967067273511759e+02 2.169095392353403895e+02
2.500143313939318546e+02 2.175010831653875698e+02
2.509141636763419854e+02 2.181128056482452848e+02
2.517956589603198836e+02 2.187343452025857005e+02
2.526589342838258858e+02 2.193514078667776062e+02
2.535046355826028162e+02 2.199511260915199102e+02
2.543305328953897515e+02 2.205251012572965408e+02
2.551298178663605540e+02 2.210737660267297429e+02
2.558944345946846965e+02 2.216048623527261725e+02
2.566176139132408025e+02 2.221331709449264622e+02
2.572981576550320710e+02 2.226745313059696230e+02
2.579414654129697055e+02 2.232429598207815502e+02
2.585590895893656125e+02 2.238448600066630831e+02
2.591625236129949599e+02 2.244809084225494189e+02
2.597632110043487046e+02 2.251476496611169864e+02
2.603666300087880927e+02 2.258402121661707724e+02
2.609750376189804228e+02 2.265541186759247410e+02
2.615884086280527754e+02 2.272876229883248698e+02
2.622077959000814644e+02 2.280426876400553624e+02
2.628345629356790596e+02 2.288243152179549611e+02
2.634712477600810416e+02 2.296352579031412802e+02
2.641220483747327989e+02 2.304748453525197363e+02
2.647911541331988019e+02 2.313356230435896919e+02
2.654833648629107756e+02 2.322056099392247006e+02
2.662033966922915624e+02 2.330719836293276046e+02
2.669507516676357000e+02 2.339256204600192746e+02
2.677227527289924751e+02 2.347631457332361435e+02
2.685124210215642506e+02 2.355878027873379210e+02
2.693118939569395138e+02 2.364045414614604397e+02
2.701114725434243269e+02 2.372199853769788263e+02
2.709050300619178415e+02 2.380371053713269589e+02
2.716897457624873482e+02 2.388566866539150055e+02
2.724644269919851922e+02 2.396790612224375536e+02
2.732268531805362386e+02 2.405048472147670395e+02
2.739728413717854210e+02 2.413352090363880507e+02
2.746981642943173938e+02 2.421713234287254295e+02
2.754030223292749042e+02 2.430131346118756142e+02
2.760907525933815805e+02 2.438597136359081219e+02
2.767693549184133417e+02 2.447088335954465492e+02
2.774496810336340218e+02 2.455587390537974670e+02
2.781459206550267709e+02 2.464094037560573724e+02
2.788715957812563602e+02 2.472585593860873132e+02
2.796395201056017186e+02 2.481012812760247357e+02
2.804610019244561272e+02 2.489327295708427528e+02
2.813468184806711179e+02 2.497460261704025015e+02
2.823006654740479462e+02 2.505355490597647190e+02
2.833184661686473760e+02 2.512955727896823817e+02
2.843884047798544543e+02 2.520223871274222915e+02
2.854956983983018972e+02 2.527106767487574075e+02
2.866264775931613826e+02 2.533533887121382691e+02
2.877686766733239097e+02 2.539442146349622362e+02
2.889165094717045008e+02 2.544799840783852005e+02
2.900647453684129005e+02 2.549648882724846999e+02
2.912066143511468681e+02 2.554072911112359066e+02
2.923346961311596601e+02 2.558185640388705622e+02
2.934412504540817963e+02 2.562097419791896868e+02
2.945201151729031039e+02 2.565912233356392562e+02
2.955676947343005736e+02 2.569700824646071169e+02
2.965838245055113020e+02 2.573518210374804767e+02
2.975694079361027775e+02 2.577394459124000718e+02
2.985214982870317044e+02 2.581368955878119777e+02
2.994352545768927030e+02 2.585453422173040963e+02
3.003067984583219641e+02 2.589626890658607294e+02
3.011359335034517812e+02 2.593843934142419698e+02
3.019282965585811098e+02 2.598056724234580770e+02
3.026919738755019580e+02 2.602251242333320533e+02
3.034361863437027296e+02 2.606424957844954520e+02
3.041683237943171889e+02 2.610604612803461464e+02
3.048945231550567314e+02 2.614806060335557163e+02
3.056185340994617263e+02 2.619022153040738203e+02
3.063455381945719296e+02 2.623234013927685169e+02
3.070811462530901963e+02 2.627455898499945874e+02
3.078285821360642558e+02 2.631687500009195446e+02
3.085863174132946369e+02 2.635951809425673105e+02
3.093513847596921664e+02 2.640289597706954510e+02
3.101206602046231069e+02 2.644722733516642279e+02
3.108906411340160503e+02 2.649222715943054141e+02
3.116605941483911693e+02 2.653747574417688497e+02
3.124345333327880780e+02 2.658226386434741926e+02
3.132178983543643653e+02 2.662579517349609546e+02
3.140147592149326101e+02 2.666748345263442275e+02
3.148258307382644716e+02 2.670691912988866648e+02
3.156483139460681855e+02 2.674424634593740393e+02
3.164807131089112886e+02 2.678007443139256338e+02
3.173258775238812746e+02 2.681573235486214912e+02
3.181935040500866307e+02 2.685253929343979280e+02
3.190938081428094506e+02 2.689194292371361144e+02
3.200337366801144299e+02 2.693473692107161241e+02
3.210097199494558140e+02 2.698109954491299050e+02
3.220103170195142184e+02 2.703043384387837023e+02
3.230190389645997584e+02 2.708181804195052678e+02
3.240201441121805601e+02 2.713439706713892292e+02
3.249988472045623666e+02 2.718778695529269953e+02
3.259425975855134539e+02 2.724210892060873448e+02
3.268471325680391146e+02 2.729760141080843709e+02
3.277151405305650087e+02 2.735486959786273928e+02
3.285563995879690538e+02 2.741421811807011863e+02
3.293818090358884092e+02 2.747583829000297442e+02
3.302009918164213218e+02 2.753922650600275119e+02
3.310162284044324679e+02 2.760355156376921855e+02
3.318265590955919038e+02 2.766769420240071327e+02
3.326294225343713151e+02 2.773091253580181501e+02
3.334194974474050355e+02 2.779318144589768735e+02
3.341914295956256069e+02 2.785480889926131454e+02
3.349410061766088234e+02 2.791653975526019167e+02
3.356675250127115078e+02 2.797926394164734347e+02
3.363741449005871118e+02 2.804331486036790011e+02
3.370650857018846409e+02 2.810857068385265620e+02
3.377468505656742082e+02 2.817455184949702129e+02
3.384265724957184034e+02 2.824063887871925544e+02
3.391106619066074472e+02 2.830645537467053146e+02
3.398085503929417541e+02 2.837205694466111936e+02
3.405323735823042171e+02 2.843800147944347714e+02
3.412933646648900776e+02 2.850500371580158685e+02
3.420956518220643829e+02 2.857397835180376546e+02
3.429352275824329013e+02 2.864557173188625256e+02
3.438029987499140248e+02 2.872010673752913590e+02
3.446875073594927699e+02 2.879755977578497550e+02
3.455780593283426469e+02 2.887747316831148510e+02
3.464653622946830751e+02 2.895904109429396840e+02
3.473369198394487398e+02 2.904146045672993068e+02
3.481819750724477558e+02 2.912410446724678650e+02
3.489908192896862715e+02 2.920683139522823240e+02
3.497528243874785971e+02 2.929006715829595464e+02
3.504615102146240133e+02 2.937426825759359872e+02
3.511173760235495820e+02 2.945981316773081744e+02
3.517278766978010935e+02 2.954662090270152248e+02
3.523100552315921732e+02 2.963421703833648735e+02
3.528920526516581049e+02 2.972181821561656534e+02
3.535007614560753382e+02 2.980867583069324382e+02
3.541534308004256673e+02 2.989430972050337800e+02
3.548568890574965735e+02 2.997852980429903482e+02
3.556043820340581760e+02 3.006152409789902435e+02
3.563793763590915660e+02 3.014375283914136503e+02
3.571591644176170348e+02 3.022584813769159382e+02
3.579173874190245783e+02 3.030854374063549130e+02
3.586330419514187611e+02 3.039242431790339651e+02
3.592952698616267071e+02 3.047779212684714594e+02
3.599024180052206816e+02 3.056469318588708575e+02
3.604592483244535970e+02 3.065299493730074687e+02
3.609725468037945575e+02 3.074250848029968211e+02
3.614443567528769563e+02 3.083317693547273848e+02
3.618721589568534114e+02 3.092507042995814572e+02
3.622500257947075966e+02 3.101835397036453514e+02
3.625758869824215367e+02 3.111308518698639318e+02
3.628506721728930415e+02 3.120923820116657907e+02
3.630830141325652676e+02 3.130657270342680931e+02
3.632845446014267736e+02 3.140476490215443164e+02
3.634639859394125097e+02 3.150357199386584739e+02
3.636247590765124187e+02 3.160289875046627230e+02
3.637583487775303865e+02 3.170298220972812828e+02
3.638456080462540285e+02 3.180435536471927094e+02
3.638666519443777361e+02 3.190757175052970069e+02
3.638072341433485235e+02 3.201302794081917114e+02
3.636605824655769084e+02 3.212103898689612151e+02
3.634321546334021491e+02 3.223184533492641322e+02
3.631347090120694929e+02 3.234536794534601540e+02
3.627812374250951279e+02 3.246137523016462865e+02
3.623833447858037289e+02 3.257913215367750581e+02
3.619508126274517394e+02 3.269756673628057797e+02
3.614900265583339660e+02 3.281574253226423252e+02
3.610016188296209521e+02 3.293272734068200975e+02
3.604807071628996482e+02 3.304776551209470199e+02
3.599209301834428061e+02 3.316052279791850879e+02
3.593207419143171251e+02 3.327072387206816870e+02
3.586845677982271354e+02 3.337844754297397571e+02
3.580205901982730552e+02 3.348420230787386345e+02
3.573349935209520254e+02 3.358829277547216634e+02
3.566316947908691191e+02 3.369042680088627435e+02
3.559102918740884434e+02 3.378979990072728583e+02
3.551682488599678891e+02 3.388532246989603891e+02
3.544006975185724855e+02 3.397592135221889862e+02
3.536037733518774644e+02 3.406060392401583954e+02
3.527752703172475321e+02 3.413854823810551693e+02
3.519194516365443519e+02 3.420962305953226519e+02
3.510437440001218761e+02 3.427411128713641233e+02
3.501547915543582121e+02 3.433238237592071300e+02
3.492559686824713481e+02 3.438470622015889262e+02
3.483461990517739082e+02 3.443123350355761545e+02
3.474216134417963531e+02 3.447198380517692726e+02
3.464811895573091647e+02 3.450704443838713473e+02
3.455267871753818554e+02 3.453708350089254964e+02
3.445613191869341563e+02 3.456314740614153607e+02
3.435884839604687500e+02 3.458656473891279006e+02
3.426121380863296508e+02 3.460872092286684278e+02
3.416351957962997972e+02 3.463066285313749404e+02
3.406588279320064885e+02 3.465281113745035100e+02
3.396835359762355324e+02 3.467534592615970155e+02
3.387084430045433123e+02 3.469795219698825122e+02
3.377312722314473490e+02 3.471981204806004371e+02
3.367483190992453501e+02 3.474004922919260707e+02
3.357533941580222177e+02 3.475784981096178967e+02
3.347407899810109484e+02 3.477215538225323712e+02
3.337075965684097696e+02 3.478238780458740393e+02
3.326566721178298280e+02 3.478809382673798609e+02
3.315959737322849037e+02 3.478880458700223812e+02
3.305362194713797521e+02 3.478423574109399397e+02
3.294861948061573571e+02 3.477417386936672301e+02
3.284496223642564701e+02 3.475865226047663441e+02
3.274274035023542524e+02 3.473775606136381384e+02
3.264184261921544135e+02 3.471180324048690409e+02
3.254227928919164015e+02 3.468127248405110095e+02
3.244424280125228393e+02 3.464722651109149751e+02
3.234806101459771526e+02 3.461039824509301184e+02
3.225406821685010073e+02 3.457138335821856003e+02
3.216269765446139672e+02 3.453062177986233223e+02
3.207426235718023690e+02 3.448870627653524252e+02
3.198900932422332062e+02 3.444625380852527314e+02
3.190698389454057633e+02 3.440428863487662170e+02
3.182827975944373406e+02 3.436394196536564891e+02
3.175283610064849427e+02 3.432587907835235228e+02
3.168024968206107133e+02 3.429039543312779870e+02
3.161003603104916806e+02 3.425725749791997714e+02
3.154151887261594425e+02 3.422546478414391231e+02
3.147421573253583915e+02 3.419363608581147105e+02
3.140772684111462922e+02 3.416034610271161682e+02
3.134173353829680195e+02 3.412396011229326405e+02
3.127580906693603993e+02 3.408345591693458232e+02
3.120934001907090192e+02 3.403819907688048829e+02
3.114145152935521992e+02 3.398811829552461745e+02
3.107174330151430013e+02 3.393351101646240409e+02
3.100022678958487177e+02 3.387517498888691421e+02
3.092723776713326060e+02 3.381400431780438112e+02
3.085346320085588445e+02 3.375095437187557650e+02
3.077950665560618972e+02 3.368672938708204470e+02
3.070545019360001788e+02 3.362176324944882140e+02
3.063113102488725872e+02 3.355649811040036639e+02
3.055623870581570145e+02 3.349125923665614550e+02
3.048041105562846269e+02 3.342643736761698392e+02
3.040371549033836800e+02 3.336218220769566187e+02
3.032619231013756007e+02 3.329862734261192827e+02
3.024796218828951169e+02 3.323554475917869695e+02
3.016927179273767479e+02 3.317242110413001797e+02
3.009036234708753454e+02 3.310829351925089554e+02
3.001143555262603968e+02 3.304207842314576737e+02
2.993268561120729032e+02 3.297269214218300135e+02
2.985447377176467398e+02 3.289949932700348540e+02
2.977716716877588397e+02 3.282232802367360023e+02
2.970097645463054050e+02 3.274146214029598241e+02
2.962618945481747232e+02 3.265757692365365301e+02
2.955311451298345560e+02 3.257165103181024506e+02
2.948193645720291443e+02 3.248478397295712057e+02
2.941297713878249738e+02 3.239781238053636798e+02
2.934618770004658472e+02 3.231116184587488078e+02
2.928137972526660064e+02 3.222475475394043656e+02
2.921784094988200877e+02 3.213851326331860037e+02
2.915456645909813460e+02 3.205232473891076097e+02
2.909069612342583468e+02 3.196630207926390881e+02
2.902608688228963274e+02 3.188048510801104385e+02
2.896077428407496086e+02 3.179486392958276042e+02
2.889493221722539715e+02 3.170939013882244808e+02
2.882938002867321075e+02 3.162383565492295929e+02
2.876491693089930095e+02 3.153797800188473843e+02
2.870209088925942069e+02 3.145166464312565040e+02
2.864103321120433066e+02 3.136485902671859094e+02
2.858132194028918320e+02 3.127767861226792547e+02
2.852256219079085895e+02 3.119023332372764798e+02
2.846438393195485332e+02 3.110262616619829714e+02
2.840631395600561291e+02 3.101498886606727865e+02
2.834786036577251025e+02 3.092745835227066209e+02
2.828876507419715836e+02 3.084010646825140043e+02
2.822899590469221494e+02 3.075294217097476803e+02
2.816867087019030578e+02 3.066593260929569738e+02
2.810794911956058968e+02 3.057903348109856552e+02
2.804673865088414573e+02 3.049227039686788316e+02
2.798446770354452156e+02 3.040580251704932380e+02
2.792071624783864650e+02 3.031974676490206093e+02
2.785564429966944999e+02 3.023405859695510571e+02
2.778940917750140898e+02 3.014869422062080275e+02
2.772243842533046063e+02 3.006353462089359709e+02
2.765565774623386233e+02 2.997832211070990525e+02
2.758985026439884223e+02 2.989283869255278887e+02
2.752567116835994625e+02 2.980690198222832805e+02
2.746305282948149511e+02 2.972053080545393868e+02
2.740144487398054025e+02 2.963387836924327985e+02
2.734025290202496308e+02 2.954711013609843349e+02
2.727917605288938603e+02 2.946030985632636430e+02
2.721820228443782526e+02 2.937348088208472632e+02
2.715765355521790525e+02 2.928653359008633856e+02
2.709820383949630695e+02 2.919928036677131331e+02
2.704004764185343106e+02 2.911166706808913887e+02
2.698289720340782765e+02 2.902377379719923738e+02
2.692604184546234478e+02 2.893579838503804922e+02
2.686899371700404799e+02 2.884787663421666934e+02
2.681200329446138539e+02 2.875993881985579037e+02
2.675564243478789876e+02 2.867182575469247467e+02
2.670051224944312480e+02 2.858324357305467629e+02
2.664676849286695983e+02 2.849375654547993690e+02
2.659436462174469398e+02 2.840322804924007869e+02
2.654298083919109104e+02 2.831200941399823705e+02
2.649148534285844789e+02 2.822085073341901307e+02
2.643834880203248758e+02 2.813044927231322845e+02
2.638173941029695015e+02 2.804175475869635648e+02
2.632038307735317630e+02 2.795578474058240772e+02
2.625383601358050214e+02 2.787339040855674739e+02
2.618208906742717659e+02 2.779517989206208313e+02
2.610532385726839948e+02 2.772145659961147430e+02
2.602394516044349757e+02 2.765203166292924379e+02
2.593871127609885434e+02 2.758606578421090489e+02
2.585029243554504319e+02 2.752263747236571589e+02
2.575945877968191553e+02 2.746080230327053187e+02
2.566674942494591392e+02 2.740001648192909443e+02
2.557286585628327202e+02 2.733985263497980327e+02
2.547884877371962489e+02 2.728009403670508277e+02
2.538638028331214400e+02 2.722044122323000011e+02
2.529756249253505871e+02 2.716079690320422628e+02
2.521405244536399550e+02 2.710124217331576801e+02
2.513652763563695203e+02 2.704169193104131637e+02
2.506429270513143877e+02 2.698221819021569559e+02
2.499573456347613103e+02 2.692342465048605504e+02
2.492883756916413915e+02 2.686624910213581074e+02
2.486181309449781054e+02 2.681190900044513796e+02
2.479337257246478998e+02 2.676134900587929906e+02
2.472259671415645244e+02 2.671513175544606611e+02
2.464887849961988877e+02 2.667360185799144574e+02
2.457182365067645264e+02 2.663673755098230913e+02
2.449118105941362842e+02 2.660461859629092487e+02
2.440651209800394383e+02 2.657684092105386071e+02
2.431718682038760448e+02 2.655249141305362173e+02
2.422291454762427065e+02 2.653060154823596122e+02
2.412382728037231630e+02 2.651061297573789943e+02
2.402068024317122195e+02 2.649239466550573070e+02
2.391440694895014474e+02 2.647595228243845895e+02
2.380592860394949923e+02 2.646144677982942994e+02
2.369626235346239298e+02 2.644879421232321306e+02
2.358625483820379429e+02 2.643767772806205016e+02
2.347646936817653796e+02 2.642743386053533641e+02
2.336691854670102089e+02 2.641759925769945880e+02
2.325742680953018180e+02 2.640750967020729831e+02
2.314762023183387782e+02 2.639675630056448199e+02
2.303748200967477260e+02 2.638479066463479512e+02
2.292750588839102193e+02 2.637146867566986543e+02
2.281870354752034586e+02 2.635674455198178521e+02
2.271211521755826084e+02 2.634053113987748702e+02
2.260843035843626012e+02 2.632259167252472594e+02
2.250782716461304176e+02 2.630233573673351657e+02
2.241016951001604127e+02 2.627952490437555753e+02
2.231507557779722219e+02 2.625425414699686826e+02
2.222198342674434457e+02 2.622679397022398007e+02
2.213023406406456672e+02 2.619747604675548587e+02
2.203915850097006341e+02 2.616664759953381463e+02
2.194814930997483486e+02 2.613474947167081837e+02
2.185668964324707417e+02 2.610254118833971120e+02
2.176419164990151387e+02 2.607053391872647126e+02
2.167005904274565182e+02 2.603933605561873037e+02
2.157363703929665348e+02 2.600929439663786980e+02
2.147431400595714877e+02 2.598050093478661893e+02
2.137175757690888815e+02 2.595322828720101711e+02
2.126591636862493999e+02 2.592754245095038641e+02
2.115694843367780891e+02 2.590323521404102394e+02
2.104510345313007633e+02 2.587989950830051953e+02
2.093101264970331385e+02 2.585697077789835134e+02
2.081552459659704652e+02 2.583382998388983083e+02
2.069968258033622419e+02 2.580987218700787480e+02
2.058429958032767217e+02 2.578462008528927072e+02
2.047014437281938513e+02 2.575770532139322881e+02
2.035821202292512453e+02 2.572892771362886606e+02
2.024946135258375080e+02 2.569841106708322513e+02
2.014464606905386859e+02 2.566615649903650365e+02
2.004398959794357893e+02 2.563250871927627372e+02
1.994727731836762246e+02 2.559771659918620514e+02
1.985396112559720905e+02 2.556197132855755854e+02
1.976358145177565575e+02 2.552550360100771059e+02
1.967575865195740903e+02 2.548863023156994814e+02
1.959036932675825256e+02 2.545164476486094145e+02
1.950729863986284727e+02 2.541483794659549460e+02
1.942650471422277860e+02 2.537838263883658385e+02
1.934779086386980964e+02 2.534248400222834050e+02
1.927108115644085160e+02 2.530740212661338546e+02
1.919618105558489560e+02 2.527319178769928669e+02
1.912255665189594538e+02 2.523980916008032125e+02
1.904962556741802473e+02 2.520693077312970161e+02
1.897687393162374292e+02 2.517408921184865562e+02
1.890408376966214234e+02 2.514025979806119722e+02
1.883131302551478541e+02 2.510442647553118150e+02
1.875919076320648173e+02 2.506605123988809112e+02
1.868839592107494241e+02 2.502484274677623262e+02
1.861897238421440761e+02 2.498061968618897879e+02
1.855055127960747541e+02 2.493340979577280336e+02
1.848250882899441194e+02 2.488312160529930281e+02
1.841368681233004452e+02 2.482979092952729445e+02
1.834307203904493804e+02 2.477326570860005006e+02
1.827001238588649699e+02 2.471334444337761340e+02
1.819444048833790362e+02 2.464946407482056259e+02
1.811665020927558203e+02 2.458113797209359177e+02
1.803683644178908025e+02 2.450791774610937068e+02
1.795499978989102772e+02 2.442992862176624840e+02
1.787112604162450396e+02 2.434869203934247821e+02
1.778537441606663947e+02 2.426657396386220285e+02
1.769795984334788841e+02 2.418687360406829612e+02
1.760921620365413105e+02 2.411312133704989265e+02
1.751943540338953937e+02 2.404876611353890326e+02
1.742895691461243359e+02 2.399677892109027084e+02
1.733804305910826997e+02 2.395944937892580811e+02
1.724688987593787886e+02 2.393793926982066296e+02
1.715535448304437409e+02 2.393238936723760162e+02
1.706337633810351235e+02 2.394154889202866059e+02
1.697079547856749571e+02 2.396336504970990120e+02
1.687763957157619359e+02 2.399520093311963365e+02
1.678424812696385118e+02 2.403378579024608825e+02
1.669070862157162480e+02 2.407526714954852878e+02
1.659715696885670582e+02 2.411531173880584618e+02
1.650360879706585422e+02 2.414968256979433079e+02
1.641022264777953410e+02 2.417408813173486521e+02
1.631699409932379581e+02 2.418499726720547187e+02
1.622405123257141497e+02 2.418013229911313715e+02
1.613186543396988952e+02 2.415867629085253725e+02
1.604070862608899404e+02 2.412151994592430810e+02
1.595081811844922299e+02 2.407105357956111504e+02
1.586262078225541359e+02 2.401048719624028251e+02
1.577654322155248678e+02 2.394297316079457687e+02
1.569267891977791010e+02 2.387124388953504877e+02
1.561089065849938891e+02 2.379732310797467676e+02
1.553077119756704008e+02 2.372268627139923183e+02
1.545205126306412069e+02 2.364834276457566204e+02
1.537471508818621828e+02 2.357520472658212043e+02
1.529879199949385224e+02 2.350380521839339849e+02
1.522410136192175685e+02 2.343442309562302341e+02
1.515011277593922046e+02 2.336730420193640896e+02
1.507626435600649017e+02 2.330266442751446903e+02
1.500208419157118271e+02 2.324104847792955866e+02
1.492727345068224167e+02 2.318281326509661824e+02
1.485149180895897700e+02 2.312827254738749048e+02
1.477468626514288701e+02 2.307755847897955448e+02
1.469722948901201107e+02 2.303057790797247719e+02
1.461946920621547577e+02 2.298725770521379559e+02
1.454182273594745709e+02 2.294706773886126143e+02
1.446433097382400774e+02 2.290924655026951200e+02
1.438668221139157026e+02 2.287276088386514346e+02
1.430852659241438687e+02 2.283657170249082640e+02
1.422976410818306192e+02 2.279967276812897694e+02
1.415072726991480181e+02 2.276117857508201610e+02
1.407185921484764322e+02 2.272076584466480824e+02
1.399400368355451576e+02 2.267834409447243047e+02
1.391785955570678084e+02 2.263393748925082036e+02
1.384343824267336913e+02 2.258771007774473674e+02
1.377045015771246881e+02 2.253965932638494110e+02
1.369802153068648067e+02 2.248958325815140142e+02
1.362519562416325698e+02 2.243705978303483448e+02
1.355081769865865340e+02 2.238192205927258556e+02
1.347376403082152478e+02 2.232414263308389195e+02
1.339301453507102053e+02 2.226400743693936874e+02
1.330828710400166131e+02 2.220178952609308567e+02
1.322020931248596867e+02 2.213762197661113760e+02
1.313002880859717436e+02 2.207088894566833233e+02
1.303944690992394442e+02 2.200034496611435202e+02
1.295062868410856822e+02 2.192485816665160314e+02
1.286624376815292692e+02 2.184364118329935422e+02
1.278919368946134512e+02 2.175677175332021136e+02
1.272257848280984263e+02 2.166515893011604987e+02
1.266938819270503132e+02 2.157071760647980341e+02
1.263237479241455219e+02 2.147580772102809306e+02
1.261345275430884669e+02 2.138273990094694739e+02
1.261345357790740707e+02 2.129337616494709096e+02
1.263239456195370281e+02 2.120891300025515136e+02
1.266947662238572434e+02 2.113022628186325562e+02
1.272330388282734077e+02 2.105784087078401399e+02
