1.270108134174117538e+02 2.088485953031152462e+02
1.276592035844794282e+02 2.082301255447964365e+02
1.284443025792552646e+02 2.077100629306017652e+02
1.293419956082745443e+02 2.072959276403267381e+02
1.303241094973623149e+02 2.069844812875050764e+02
1.313604552160136052e+02 2.067652982432745716e+02
1.324239931276804896e+02 2.066210169399251413e+02
1.334933059363900441e+02 2.065323400301983270e+02
1.345557860682766602e+02 2.064784061075686736e+02
1.356042577799970275e+02 2.064376844388515053e+02
1.366344271308522593e+02 2.063897588237324499e+02
1.376477244841914285e+02 2.063216075252425128e+02
1.386499913905210519e+02 2.062295569445087722e+02
1.396471853540815857e+02 2.061180013669367099e+02
1.406422301905124925e+02 2.059955028301405946e+02
1.416362989393437317e+02 2.058680342351961201e+02
1.426292038988334809e+02 2.057346398394307698e+02
1.436206328751197248e+02 2.055937300092413125e+02
1.446105448204909578e+02 2.054450957372466178e+02
1.456000106369789648e+02 2.052941898592077905e+02
1.465911940978452606e+02 2.051520299097525708e+02
1.475864836788470598e+02 2.050307775672009711e+02
1.485874257031630066e+02 2.049383064241653187e+02
1.495959168300838371e+02 2.048779484274542142e+02
1.506151720904476576e+02 2.048464591861063298e+02
1.516467975925033045e+02 2.048382137453402265e+02
1.526912766672821533e+02 2.048491712161306566e+02
1.537444098416601150e+02 2.048785441275384187e+02
1.547971318786100596e+02 2.049264761550354308e+02
1.558386352717699594e+02 2.049954740254187868e+02
1.568590210533507729e+02 2.050883480699344545e+02
1.578518346841046593e+02 2.052099939246082272e+02
1.588149314708728355e+02 2.053666151825324846e+02
1.597496699773053592e+02 2.055616423353350228e+02
1.606594930293439347e+02 2.057921969529688795e+02
1.615495494469652158e+02 2.060526400945009868e+02
1.624257877878037561e+02 2.063357021330447765e+02
1.632938541804707597e+02 2.066318574353559825e+02
1.641589327450185181e+02 2.069310025722996045e+02
1.650268889062725179e+02 2.072265965965731311e+02
1.659039447325203014e+02 2.075138211201445984e+02
1.667965015917222047e+02 2.077869960493320889e+02
1.677101813942310855e+02 2.080371885294975414e+02
1.686481441694948558e+02 2.082486330649022079e+02
1.696109823364093927e+02 2.084039374781995662e+02
1.705988102934930737e+02 2.084938717087734403e+02
1.716119015132279060e+02 2.085173374680453833e+02
1.726466432681010019e+02 2.084862177152813842e+02
1.736934352377317623e+02 2.084179718203895391e+02
1.747390193004335401e+02 2.083306858027866610e+02
1.757727005630550252e+02 2.082430745033879305e+02
1.767920042759102728e+02 2.081729813054765259e+02
1.777988323229914158e+02 2.081361355339992940e+02
1.787940032123146068e+02 2.081443172663169889e+02
1.797777227491751830e+02 2.082041163661748442e+02
1.807495017973829476e+02 2.083218117932628104e+02
1.817113163359457815e+02 2.084998057813247669e+02
1.826662976175582571e+02 2.087401768609865371e+02
1.836176727324191233e+02 2.090411223415232485e+02
1.845663126028346710e+02 2.094002220195681900e+02
1.855110077654649956e+02 2.098097919401872105e+02
1.864464525621110624e+02 2.102571437291316556e+02
1.873642854111670033e+02 2.107259221926683495e+02
1.882569313820769707e+02 2.112032690890406457e+02
1.891193165356399390e+02 2.116779353686004015e+02
1.899506181185367382e+02 2.121434900390466396e+02
1.907548432547225161e+02 2.125988434533689144e+02
1.915392124497363966e+02 2.130454493820995481e+02
1.923113362409065985e+02 2.134815532932284441e+02
1.930774764844454694e+02 2.139009307756368230e+02
1.938422371746709700e+02 2.142944422648754994e+02
1.946102117175285002e+02 2.146541344733964820e+02
1.953885013927566092e+02 2.149810616592686756e+02
1.961874603932043897e+02 2.152839887382043571e+02
1.970186950044312084e+02 2.155778744332945678e+02
1.978899506581711307e+02 2.158789462850877214e+02
1.988059070001648934e+02 2.161986510340693712e+02
1.997691372834972299e+02 2.165396455856878504e+02
2.007800090475607817e+02 2.168959347322908400e+02
2.018343269946871033e+02 2.172525289858792803e+02
2.029197409049806424e+02 2.175905311634215877e+02
2.040190048445201114e+02 2.178879464824640309e+02
2.051161861430615545e+02 2.181299963436516691e+02
2.062003405806669036e+02 2.183109983169630368e+02
2.072656659188060360e+02 2.184281011184700105e+02
2.083102478515628491e+02 2.184858274347479892e+02
2.093372626710976476e+02 2.184938484384825301e+02
2.103512414723498409e+02 2.184614326679968599e+02
2.113566761975959025e+02 2.183918375300178809e+02
2.123549574437304841e+02 2.182858181949084155e+02
2.133460335638676497e+02 2.181431116862452200e+02
2.143307654036753149e+02 2.179681012715008137e+02
2.153111629520309975e+02 2.177710214435651324e+02
2.162906898263935318e+02 2.175695083041360363e+02
2.172730501491228949e+02 2.173824225615390446e+02
2.182606819230273061e+02 2.172221780767090422e+02
2.192537969388810666e+02 2.170898532492322488e+02
2.202507966484829751e+02 2.169773085663071015e+02
2.212488936616964565e+02 2.168703511511206727e+02
2.222448245891013414e+02 2.167523644262427922e+02
2.232357868162925456e+02 2.166090779956909955e+02
2.242198744190131947e+02 2.164307872444431950e+02
2.251967674949108016e+02 2.162158632886837495e+02
2.261677533618858433e+02 2.159708609138876341e+02
2.271354490524365417e+02 2.157091055671731965e+02
2.281023816024354858e+02 2.154434644494286317e+02
2.290711651536969669e+02 2.151872482889426692e+02
2.300439255151671318e+02 2.149512813130468203e+02
2.310221477275257485e+02 2.147431250751647838e+02
2.320063505721782349e+02 2.145654211145927377e+02
2.329970699819211291e+02 2.144208983023495421e+02
2.339942832167077142e+02 2.143094408503085901e+02
2.349982918712257458e+02 2.142325844230309428e+02
2.360105133441515761e+02 2.141975461533263569e+02
2.370319761408196939e+02 2.142095630007875400e+02
2.380624507409278579e+02 2.142674662903395983e+02
2.391027162653678317e+02 2.143688976692447454e+02
2.401558480285889061e+02 2.145099013364414589e+02
2.412239231276045928e+02 2.146872505251274106e+02
2.423073975283053869e+02 2.148967650080233227e+02
2.434027551004654413e+02 2.151348112775627328e+02
2.445038039413637989e+02 2.153965539515793353e+02
2.456011496082842314e+02 2.156778762873011601e+02
2.466844683335213233e+02 2.159729444478804226e+02
2.477422481880236660e+02 2.162751571848357344e+02
2.487649040108694010e+02 2.165795200569467056e+02
2.497442670380808067e+02 2.168847013220931217e+02
2.506769323880180877e+02 2.171933263545376178e+02
2.515639524608118620e+02 2.175113193918653565e+02
2.524070689259891083e+02 2.178463240705969497e+02
2.532050958499910109e+02 2.182073865012000624e+02
2.539568372017458273e+02 2.186062931063582937e+02
2.546596857992125251e+02 2.190530468239803099e+02
2.553122935138970888e+02 2.195533044905993734e+02
2.559195481505376506e+02 2.201098432224973180e+02
2.564904553426713392e+02 2.207217799712083490e+02
2.570386167382878853e+02 2.213865912300523462e+02
2.575779739628071638e+02 2.221004230355302411e+02
2.581225426789426365e+02 2.228602965604063115e+02
2.586810870906032847e+02 2.236634663728667078e+02
2.592576306976475848e+02 2.245080233084638905e+02
2.598538641544005259e+02 2.253893540827980644e+02
2.604688633662750590e+02 2.263002781837569444e+02
2.611025036647417323e+02 2.272308308501412739e+02
2.617556024282520752e+02 2.281690982418704721e+02
2.624306274104665135e+02 2.291004964211747392e+02
2.631276734181974462e+02 2.300132463226978530e+02
2.638467922565833987e+02 2.308987487741407563e+02
2.645833947891047160e+02 2.317552492707291663e+02
2.653310276661871967e+02 2.325850964770354778e+02
2.660833060084984254e+02 2.333939662293778952e+02
2.668329414574926659e+02 2.341868465833602500e+02
2.675722777054201629e+02 2.349686786224309287e+02
2.682998876571550113e+02 2.357449298520083971e+02
2.690183752144530445e+02 2.365228758466846841e+02
2.697359349859411850e+02 2.373059517964768474e+02
2.704602014137504398e+02 2.380933136289074241e+02
2.711957034419060619e+02 2.388821335549076252e+02
2.719418108409441857e+02 2.396699549793088408e+02
2.726968275381317426e+02 2.404552664239324713e+02
2.734545007284377789e+02 2.412388016348123756e+02
2.742092548961251168e+02 2.420223404446001609e+02
2.749616679729371072e+02 2.428081509943627907e+02
2.757136135131042920e+02 2.436004023755535286e+02
2.764688469338494201e+02 2.444005735967872113e+02
2.772270803434662412e+02 2.452081535579116860e+02
2.779837142539107617e+02 2.460186626681272628e+02
2.787302718073166261e+02 2.468265851299655083e+02
2.794603772665213341e+02 2.476252414205664536e+02
2.801735017513477715e+02 2.484106049851051807e+02
2.808727091381627474e+02 2.491796425186829538e+02
2.815653946500272582e+02 2.499274845952679698e+02
2.822607654049912185e+02 2.506466150012381888e+02
2.829702313785076626e+02 2.513293284614418894e+02
2.837058941526253193e+02 2.519710001619457103e+02
2.844807000548397582e+02 2.525676638403557206e+02
2.853017114331030371e+02 2.531176899502924584e+02
2.861720023252450460e+02 2.536191295547582172e+02
2.870880685977753615e+02 2.540726912251906242e+02
2.880377880514818685e+02 2.544817635765372472e+02
2.890074062069487582e+02 2.548546509274934238e+02
2.899857961592425113e+02 2.552027675255860402e+02
2.909637892652359596e+02 2.555405142202069158e+02
2.919351230510167738e+02 2.558763280158894418e+02
2.928952771065715410e+02 2.562150987087757699e+02
2.938442321484802733e+02 2.565612529920051657e+02
2.947847652512741661e+02 2.569168665982308539e+02
2.957196394322255060e+02 2.572825841432715492e+02
2.966493432564118393e+02 2.576560778410192825e+02
2.975737155836463330e+02 2.580348978231428987e+02
2.984953275839590106e+02 2.584159149386910030e+02
2.994153397988807797e+02 2.587984742606788586e+02
3.003354043595686562e+02 2.591797952834617718e+02
3.012526998735028769e+02 2.595600051064084823e+02
3.021607640743239926e+02 2.599377486876380772e+02
3.030529982019783120e+02 2.603130827524148572e+02
3.039241655577104666e+02 2.606886561282425419e+02
3.047704137313152160e+02 2.610678822047282210e+02
3.055887093214707306e+02 2.614526418110565373e+02
3.063774093333573205e+02 2.618460214275889939e+02
3.071361973123027838e+02 2.622470376045604326e+02
3.078690079909092674e+02 2.626537598849390065e+02
3.085877401050030358e+02 2.630670065753494669e+02
3.093122530623909938e+02 2.634852009695515562e+02
3.100625691823890975e+02 2.639086492606225534e+02
3.108566987815659104e+02 2.643346724222268449e+02
3.117037597269454068e+02 2.647607327613312691e+02
3.126061591342934776e+02 2.651840125803491333e+02
3.135581988536237645e+02 2.656051224271759565e+02
3.145473783823451868e+02 2.660263185954473215e+02
3.155589418850739776e+02 2.664514916428517495e+02
3.165746485298997186e+02 2.668846428032262565e+02
3.175755587127068793e+02 2.673318662030007999e+02
3.185463168869665083e+02 2.678010040438941815e+02
3.194770563725429042e+02 2.682981652663301020e+02
3.203624547911274476e+02 2.688289872283899626e+02
3.212049262770420341e+02 2.693960898055431699e+02
3.220150623506047509e+02 2.700023528641673352e+02
3.228091825198494007e+02 2.706511680095661063e+02
3.236052325059569057e+02 2.713453027574661860e+02
3.244188241129272114e+02 2.720849032614306680e+02
3.252594782243906479e+02 2.728647203361036873e+02
3.261298715025806132e+02 2.736720225083463447e+02
3.270293025795758695e+02 2.744912828937307268e+02
3.279513744196663652e+02 2.753082827536304649e+02
3.288857512690809699e+02 2.761088869558570877e+02
3.298226954364031940e+02 2.768839047960374842e+02
3.307523483475402486e+02 2.776323618775080604e+02
3.316654693315681470e+02 2.783549407857034907e+02
3.325535697992938822e+02 2.790567970139570662e+02
3.334116888175072972e+02 2.797447545076588540e+02
3.342366445153979271e+02 2.804244266738976989e+02
3.350264906663977627e+02 2.810986273183076491e+02
3.357808955800354056e+02 2.817666378927474398e+02
3.365018141072164326e+02 2.824250243024401925e+02
3.371938316905220745e+02 2.830718016704794877e+02
3.378632639591144198e+02 2.837039564089227497e+02
3.385179519017798953e+02 2.843171868292815816e+02
3.391678130854927531e+02 2.849068832884776157e+02
3.398171911858930798e+02 2.854703695415790889e+02
3.404667176901774610e+02 2.860065748220754358e+02
3.411132298255329260e+02 2.865159480499301594e+02
3.417524706164256258e+02 2.870006521396827566e+02
3.423800386539885494e+02 2.874653629441949079e+02
3.429954870487604239e+02 2.879184270385014770e+02
3.436017117693922387e+02 2.883732098650031048e+02
3.442047407408148842e+02 2.888471567763770622e+02
3.448141307370621007e+02 2.893562119334375211e+02
3.454385420013313706e+02 2.899143075562788567e+02
3.460839903943560216e+02 2.905287451797834137e+02
3.467503597838044698e+02 2.912019639042527501e+02
3.474324860825554424e+02 2.919324729687388071e+02
3.481190660324209034e+02 2.927158181567745032e+02
3.487976236611994523e+02 2.935454346863659794e+02
3.494573315802309139e+02 2.944142994827021198e+02
3.500875361522971048e+02 2.953159005672799253e+02
3.506794368425238986e+02 2.962417508226895393e+02
3.512267774410765924e+02 2.971839008889878642e+02
3.517285731443674877e+02 2.981339582345011650e+02
3.521833194440008015e+02 2.990869760704239297e+02
3.525895728325658069e+02 3.000404353597663203e+02
3.529471606887838675e+02 3.009956469400067363e+02
3.532567437968199329e+02 3.019551918507199844e+02
3.535196825374390528e+02 3.029226551302845110e+02
3.537373373267279817e+02 3.038990118879610236e+02
3.539113772799701110e+02 3.048839343201943848e+02
3.540439199461258681e+02 3.058770065539263214e+02
3.541371937560055585e+02 3.068777909396130781e+02
3.541929394565304392e+02 3.078859456057045918e+02
3.542117183257379338e+02 3.089013603207876599e+02
3.541924038825315506e+02 3.099242563185375161e+02
3.541334349497121252e+02 3.109549402041606072e+02
3.540352050106592401e+02 3.119933347000404638e+02
3.538991107879061815e+02 3.130404077850843123e+02
3.537293298462147391e+02 3.140991912207704786e+02
3.535291680378409183e+02 3.151705042859655350e+02
3.532997068211151372e+02 3.162528016027609965e+02
3.530403062982895221e+02 3.173445477054711432e+02
3.527488325074560862e+02 3.184423543226229185e+02
3.524220511902228736e+02 3.195423471121230818e+02
3.520557125639030005e+02 3.206386254539099809e+02
3.516449110564569764e+02 3.217252809609815927e+02
3.511844079105947003e+02 3.227953262293809757e+02
3.506698079751644173e+02 3.238440040869069207e+02
3.500988482410905362e+02 3.248688310918097955e+02
3.494714826793015732e+02 3.258666254731480763e+02
3.487887549175453614e+02 3.268306365720558802e+02
3.480506250511306234e+02 3.277537700983913282e+02
3.472594973996402814e+02 3.286283060003189007e+02
3.464225696499712512e+02 3.294506314744488691e+02
3.455487823405338190e+02 3.302224586629872647e+02
3.446493007110227040e+02 3.309486235361118815e+02
3.437345641564996299e+02 3.316355486838567117e+02
3.428143078349575035e+02 3.322890857083829701e+02
3.418949298512360429e+02 3.329151199350393995e+02
3.409804435331932382e+02 3.335198165100937899e+02
3.400699492913149129e+02 3.341050968111004522e+02
3.391598799773889823e+02 3.346666005387998553e+02
3.382447139875307585e+02 3.351958274393404622e+02
3.373212981785106876e+02 3.356830477812883373e+02
3.363882028180678390e+02 3.361209816314940895e+02
3.354450979828121149e+02 3.365079490808658420e+02
3.344928913474906835e+02 3.368485718419166801e+02
3.335322205969737865e+02 3.371460968884694012e+02
3.325638698774494628e+02 3.374045169483831046e+02
3.315872044095091269e+02 3.376269253346230244e+02
3.305985025217816542e+02 3.378139867179390308e+02
3.295958711426846435e+02 3.379635393959962926e+02
3.285813605414716108e+02 3.380729101480803251e+02
3.275603411700087690e+02 3.381413713838162494e+02
3.265391702691243836e+02 3.381681036240714207e+02
3.255245342468996341e+02 3.381576892106023706e+02
3.245214311568479957e+02 3.381155526376783769e+02
3.235314182707631971e+02 3.380413259018206986e+02
3.225530064383829085e+02 3.379303272220118970e+02
3.215814114936748638e+02 3.377763064078248476e+02
3.206082977145259179e+02 3.375739370125216396e+02
3.196265533154635250e+02 3.373208970392474839e+02
3.186312098765923793e+02 3.370184251823730506e+02
3.176219596965385676e+02 3.366688931975484138e+02
3.166020033875777813e+02 3.362783547618431612e+02
3.155781135248897158e+02 3.358557798564967243e+02
3.145581720623322894e+02 3.354146196707270065e+02
3.135511052809873718e+02 3.349683811848795472e+02
3.125640004466733899e+02 3.345268479862420463e+02
3.116033058820768247e+02 3.340943760554770847e+02
3.106740259031970481e+02 3.336730592482094266e+02
3.097815352150228136e+02 3.332617920707550638e+02
3.089309898607278342e+02 3.328605402479003601e+02
3.081301981654963811e+02 3.324713065611653064e+02
3.073867015511463592e+02 3.320962032799372992e+02
3.067014052670210162e+02 3.317338256193122561e+02
3.060698460837780317e+02 3.313795367830000487e+02
3.054803072088286626e+02 3.310249607343822618e+02
3.049142232779129245e+02 3.306611444246544238e+02
3.043541388103583358e+02 3.302779884283630167e+02
3.037839235629765540e+02 3.298677460313861616e+02
3.031920823818944086e+02 3.294231074715914929e+02
3.025721058980458906e+02 3.289370760329377390e+02
3.019192230272342385e+02 3.284072613552873463e+02
3.012312915794402102e+02 3.278321376647641614e+02
3.005111719988522054e+02 3.272091406515107224e+02
2.997642382573171744e+02 3.265376021609135364e+02
2.989968161685881114e+02 3.258175078624839784e+02
2.982141552275008394e+02 3.250517900796982644e+02
2.974251622197877509e+02 3.242438623514701135e+02
2.966386800396444414e+02 3.233998952083478002e+02
2.958611076012623471e+02 3.225272362291958643e+02
2.950966394270873820e+02 3.216352771227752783e+02
2.943470267838231393e+02 3.207328519910172986e+02
2.936124272768306014e+02 3.198285158220313065e+02
2.928911131595122583e+02 3.189278501988090966e+02
2.921803085414431393e+02 3.180342028210606031e+02
2.914764857301255461e+02 3.171469895692423506e+02
2.907758017304220743e+02 3.162642543696402981e+02
2.900743468602707935e+02 3.153829128503289212e+02
2.893698451923800121e+02 3.145021697025865706e+02
2.886617040485421057e+02 3.136221413246186103e+02
2.879511421478529201e+02 3.127425883677973388e+02
2.872390112199220198e+02 3.118633435578807394e+02
2.865260629063173496e+02 3.109842592772772036e+02
2.858122147815928429e+02 3.101053517138165603e+02
2.850935418245059623e+02 3.092273917165410353e+02
2.843680452179890494e+02 3.083507718403253648e+02
2.836378434922576162e+02 3.074750760193990118e+02
2.829084611147105761e+02 3.065992192837351240e+02
2.821848514621559616e+02 3.057222288218424069e+02
2.814670989225504627e+02 3.048440880604665040e+02
2.807554232970837234e+02 3.039647538320609783e+02
2.800499335050951686e+02 3.030842047455649890e+02
2.793496110035723632e+02 3.022026408363050223e+02
2.786534078118435218e+02 3.013202679209751977e+02
2.779611060912297944e+02 3.004371287816974245e+02
2.772729413430056411e+02 2.995531771675291566e+02
2.765883248139847410e+02 2.986685287058268159e+02
2.759076274186744513e+02 2.977831105513558327e+02
2.752321159576808896e+02 2.968966739125878576e+02
2.745611251399033677e+02 2.960093494484355006e+02
2.738952584373579384e+02 2.951210186408585514e+02
2.732373114464245418e+02 2.942311324526267526e+02
2.725906959918182793e+02 2.933390208232101486e+02
2.719580555753460658e+02 2.924441645857788217e+02
2.713402458516385423e+02 2.915463956952415856e+02
2.707379134679456456e+02 2.906455871542186742e+02
2.701536244069044983e+02 2.897412350201487925e+02
2.695894251708667753e+02 2.888316950868025970e+02
2.690453693679701814e+02 2.879131046174341009e+02
2.685147919128040712e+02 2.869840617787908741e+02
2.679858244427301770e+02 2.860456205055436953e+02
2.674449198277789037e+02 2.851032438998868201e+02
2.668790756978336844e+02 2.841647278086856545e+02
2.662789197066786073e+02 2.832404988415240155e+02
2.656413174508256247e+02 2.823403506146784707e+02
2.649648192721739406e+02 2.814747833178326459e+02
2.642523828225407669e+02 2.806518203717488404e+02
2.635079702322063895e+02 2.798785908577590931e+02
2.627392381676376658e+02 2.791587538301973836e+02
2.619540796254771635e+02 2.784947224457099537e+02
2.611632223308013181e+02 2.778856178666071060e+02
2.603769043380318635e+02 2.773298166636000701e+02
2.596067644013662630e+02 2.768230305229484429e+02
2.588618809852620188e+02 2.763615300060765776e+02
2.581523808198748497e+02 2.759412412037613649e+02
2.574865433958295853e+02 2.755561151710542731e+02
2.568620537908273036e+02 2.751972654479316134e+02
2.562712163864036938e+02 2.748501036191112235e+02
2.557054184596334494e+02 2.744996629144399662e+02
2.551551925957927551e+02 2.741327321818694145e+02
2.546072299064395850e+02 2.737383966126776045e+02
2.540482731105205687e+02 2.733108196428862584e+02
2.534656923707995588e+02 2.728476501254585855e+02
2.528517713401153912e+02 2.723488636372959490e+02
2.522023303198216126e+02 2.718185992430539386e+02
2.515147682015607700e+02 2.712660138516168900e+02
2.507856273299567533e+02 2.707009156469298432e+02
2.500110405796188218e+02 2.701338974302375391e+02
2.491892876832789625e+02 2.695742631171418680e+02
2.483203442544851214e+02 2.690338441845710804e+02
2.474077602487713534e+02 2.685269854007945014e+02
2.464558582115528225e+02 2.680676117783485211e+02
2.454705788285507992e+02 2.676657555248744416e+02
2.444584403571207929e+02 2.673308819159123004e+02
2.434268132414229626e+02 2.670659969225001760e+02
2.423822123674094655e+02 2.668693298552157103e+02
2.413315484395575083e+02 2.667352514171554390e+02
2.402798487644138845e+02 2.666543697369996266e+02
2.392312200036068930e+02 2.666133005263744735e+02
2.381871013871053719e+02 2.665964103847833258e+02
2.371483219675623388e+02 2.665885342797927251e+02
2.361142014050918192e+02 2.665777498400934746e+02
2.350843346368131677e+02 2.665552072390169656e+02
2.340555744197524177e+02 2.665123587646668852e+02
2.330227184742406621e+02 2.664423301032414315e+02
2.319833968396752937e+02 2.663393793448890392e+02
2.309377087628704430e+02 2.662040118360948213e+02
2.298859945736782606e+02 2.660379604737372574e+02
2.288287661158627202e+02 2.658438314719213622e+02
2.277663933969641334e+02 2.656235088408436695e+02
2.266988074259932091e+02 2.653766412911028283e+02
2.256266819250128037e+02 2.651066592912648616e+02
2.245513826458134190e+02 2.648205169977161404e+02
2.234747713815442296e+02 2.645276943180127205e+02
2.223965806623651815e+02 2.642331548377420631e+02
2.213137345956901925e+02 2.639408514141996989e+02
2.202252292843071473e+02 2.636531498570542453e+02
2.191344998277738227e+02 2.633744282462532738e+02
2.180478663639762829e+02 2.631087946175927073e+02
2.169713889714372499e+02 2.628539163962509519e+02
2.159100317887651954e+02 2.626056064452733949e+02
2.148666526071080511e+02 2.623583914374494839e+02
2.138414949787793375e+02 2.621052141518480312e+02
2.128328369571060534e+02 2.618402074510362354e+02
2.118380340455071860e+02 2.615616904543422834e+02
2.108520120111400047e+02 2.612676543745554909e+02
2.098671952421949243e+02 2.609592272700566014e+02
2.088781408108260962e+02 2.606362072758788031e+02
2.078843603527529353e+02 2.603012034110578838e+02
2.068886144246538379e+02 2.599566431853932045e+02
2.058928902686008939e+02 2.596040002562216955e+02
2.048956413235725904e+02 2.592455859906729074e+02
2.038963399001247012e+02 2.588862428514311773e+02
2.028954105668928491e+02 2.585305559657002732e+02
2.018921942134850553e+02 2.581813961649783096e+02
2.008868544882640776e+02 2.578348954069682009e+02
1.998807851640337674e+02 2.574843942656906961e+02
1.988785654132694845e+02 2.571189766599148925e+02
1.978872340224643835e+02 2.567300694279309710e+02
1.969166672369887294e+02 2.563121416202374121e+02
1.959754032689124301e+02 2.558621273495811863e+02
1.950691585170391136e+02 2.553796957946844373e+02
1.941977051728785284e+02 2.548674802166986524e+02
1.933582726923790460e+02 2.543308481461228894e+02
1.925493001716369292e+02 2.537776006162222302e+02
1.917710359207968622e+02 2.532170554339850241e+02
1.910224048235371583e+02 2.526585946511536065e+02
1.903026742269414058e+02 2.521082535891529801e+02
1.896112589564522182e+02 2.515733114649560207e+02
1.889482687139210952e+02 2.510586078540093808e+02
1.883129502058088178e+02 2.505691181881378498e+02
1.877033684878298629e+02 2.501061569952460388e+02
1.871147061988004339e+02 2.496715141913165894e+02
1.865412431976012044e+02 2.492652991681914330e+02
1.859772253614735860e+02 2.488857151355992983e+02
1.854177827285952844e+02 2.485267081149434603e+02
1.848592953051824850e+02 2.481797050236392010e+02
1.842959556623310959e+02 2.478331208673176889e+02
1.837229452548844506e+02 2.474734317372403325e+02
1.831382875093300129e+02 2.470898727591323336e+02
1.825435591757153020e+02 2.466703024862806615e+02
1.819386395285576441e+02 2.462026590887097655e+02
1.813197734612409704e+02 2.456778008631154080e+02
1.806822613542067870e+02 2.450909978216536445e+02
1.800196823188960593e+02 2.444432694583726402e+02
1.793263354282904629e+02 2.437422433890944831e+02
1.785976751639823590e+02 2.430068270041047072e+02
1.778316746770213399e+02 2.422622763181984169e+02
1.770285833975077026e+02 2.415418884064667395e+02
1.761922278662752888e+02 2.408814669769613488e+02
1.753265802753953722e+02 2.403176819049908204e+02
1.744350095425397740e+02 2.398835345592195267e+02
1.735206696679362040e+02 2.396033714937272805e+02
1.725875521842687021e+02 2.394895256687359790e+02
1.716411709913059838e+02 2.395409620874634982e+02
1.706887339152086156e+02 2.397443640969129319e+02
1.697400751115459911e+02 2.400765459246314038e+02
1.688064717452164700e+02 2.405035334890735044e+02
1.678949816907729087e+02 2.409837859817276353e+02
1.670107573716768457e+02 2.414676171133635592e+02
1.661556549101863993e+02 2.419070814644694565e+02
1.653315588662089510e+02 2.422579069915420291e+02
1.645363117484543523e+02 2.424853940352698487e+02
1.637647777717989470e+02 2.425666145452306921e+02
1.630120573151554311e+02 2.424937756637842767e+02
1.622749932179579559e+02 2.422723779201926106e+02
1.615534042511562802e+02 2.419205113312614230e+02
1.608489051281158027e+02 2.414626810636652294e+02
1.601612682202660949e+02 2.409279181621360806e+02
1.594897911611300572e+02 2.403464791300630452e+02
1.588317299354051215e+02 2.397481878115313236e+02
1.581839639363551839e+02 2.391556472731824101e+02
1.575430561082056329e+02 2.385851064592158650e+02
1.569094166509968318e+02 2.380489647414273691e+02
1.562863115014905020e+02 2.375547967172365702e+02
1.556753649207273043e+02 2.371027103962327374e+02
1.550777277995159409e+02 2.366877674196453540e+02
1.544910519586434816e+02 2.363005487535332918e+02
1.539102219911141276e+02 2.359280219095974189e+02
1.533262159858993243e+02 2.355543975545587898e+02
1.527309966474863643e+02 2.351580909750571777e+02
1.521165856957750293e+02 2.347206304365601000e+02
1.514807622688164486e+02 2.342273867059636814e+02
1.508271983916455099e+02 2.336757818158237967e+02
1.501643088337902157e+02 2.330715343295779576e+02
1.494981782565803883e+02 2.324227475523235285e+02
1.488300026631863204e+02 2.317397974946820796e+02
1.481581769971250253e+02 2.310329794528458081e+02
1.474764920804248334e+02 2.303124962604856591e+02
1.467760919556747012e+02 2.295896188390959765e+02
1.460499461466000639e+02 2.288779856972593052e+02
1.452951774783005021e+02 2.281899559700016198e+02
1.445092699224293540e+02 2.275370137933966248e+02
1.436942200144546007e+02 2.269256409088095552e+02
1.428533852623981204e+02 2.263582168876056926e+02
1.419887194950882758e+02 2.258293980371564658e+02
1.411002009753386233e+02 2.253264590138714425e+02
1.401870994937310400e+02 2.248317853605290964e+02
1.392500844820968666e+02 2.243268722012579701e+02
1.382935510434115258e+02 2.237976141446476959e+02
1.373284366181584915e+02 2.232381964156665219e+02
1.363714553316257820e+02 2.226484416732437239e+02
1.354356880223455164e+02 2.220324163025426856e+02
1.345277329658729002e+02 2.213966460582091713e+02
1.336511321340342704e+02 2.207479991003740452e+02
1.328050520604171822e+02 2.200927394656542333e+02
1.319842877761277009e+02 2.194351668111074218e+02
1.311798559856834743e+02 2.187752089752688107e+02
1.303853143342493865e+02 2.181056033434456367e+02
1.296009020486501697e+02 2.174176568651648154e+02
1.288378135643566793e+02 2.167036097811845821e+02
1.281164149426977303e+02 2.159609573512090606e+02
1.274618538230044464e+02 2.151906868224576783e+02
1.269007332051481001e+02 2.143955449579067363e+02
1.264580175115850409e+02 2.135823526630256595e+02
1.261537664672263759e+02 2.127588349865191617e+02
1.260012548849707912e+02 2.119321060613986560e+02
1.260078270995150831e+02 2.111114526212590476e+02
1.261787199169699818e+02 2.103108106959064685e+02
1.265146187836982108e+02 2.095491650550335407e+02
1.270108134174117538e+02 2.088485953031152462e+02
