1.275865739860856536e+02 2.083077847274577152e+02
1.282945861714433704e+02 2.077212255866364501e+02
1.291263003723554164e+02 2.072334525833436487e+02
1.300552825222969773e+02 2.068467354611691462e+02
1.310532788379842657e+02 2.065536270736695315e+02
1.320915326356236221e+02 2.063398907557086943e+02
1.331458716456017157e+02 2.061847901962661922e+02
1.341976741717791413e+02 2.060676194011642224e+02
1.352365640863427529e+02 2.059684107832774771e+02
1.362573698353156146e+02 2.058698154490832053e+02
1.372614330420101680e+02 2.057596970170825159e+02
1.382552308085978439e+02 2.056329614046827885e+02
1.392450273109057548e+02 2.054902678434122834e+02
1.402327580432232992e+02 2.053339823691657955e+02
1.412191776096304636e+02 2.051690699649928433e+02
1.422048899037548040e+02 2.049995040014383676e+02
1.431902967199630154e+02 2.048279281194171517e+02
1.441761651338880483e+02 2.046593893596436828e+02
1.451633381022977858e+02 2.044994340293478103e+02
1.461532453459849989e+02 2.043574691005957220e+02
1.471477141728382776e+02 2.042455175042647397e+02
1.481481974436400719e+02 2.041731384639920748e+02
1.491548736668823381e+02 2.041415064918970188e+02
1.501671786174914303e+02 2.041469092201278954e+02
1.511847928434015955e+02 2.041872447860874331e+02
1.522075534631268283e+02 2.042614414968991241e+02
1.532357025450010042e+02 2.043710920621792582e+02
1.542692977887387542e+02 2.045165761222087895e+02
1.553086153716198510e+02 2.046997108093742668e+02
1.563537462007467127e+02 2.049210942548475032e+02
1.574038733142749038e+02 2.051753511872544777e+02
1.584579886200553176e+02 2.054558487767904182e+02
1.595151029586577636e+02 2.057560787631176993e+02
1.605742832175102421e+02 2.060699016510675392e+02
1.616347058233426708e+02 2.063918986688170207e+02
1.626956767267234341e+02 2.067175032578822993e+02
1.637562070687417304e+02 2.070402091352189018e+02
1.648145328008314152e+02 2.073484095901534374e+02
1.658687227856695472e+02 2.076293985370322162e+02
1.669168595595634201e+02 2.078705598570388133e+02
1.679582616948940199e+02 2.080674100380009008e+02
1.689926046307667775e+02 2.082178136033380156e+02
1.700202746848020752e+02 2.083243123633688469e+02
1.710427352359594693e+02 2.083965347469901985e+02
1.720613691240135381e+02 2.084435792685399917e+02
1.730781698440517289e+02 2.084785623019964760e+02
1.740957184064845933e+02 2.085184658294070630e+02
1.751158099636306247e+02 2.085751012112841920e+02
1.761394592190645199e+02 2.086551447778815032e+02
1.771681950649634700e+02 2.087686560079980609e+02
1.782035312172776287e+02 2.089255945271299879e+02
1.792462708139614733e+02 2.091312446511674352e+02
1.802987328119910444e+02 2.093904954420390254e+02
1.813653336445532887e+02 2.097022174649722501e+02
1.824467642140138537e+02 2.100638022905695834e+02
1.835375438950435978e+02 2.104659366987648639e+02
1.846284789654318956e+02 2.108961333611844111e+02
1.857103077908956834e+02 2.113449254469219625e+02
1.867762994222399584e+02 2.118088287889415255e+02
1.878231057575726197e+02 2.122882753765020709e+02
1.888505164735216795e+02 2.127845767026760200e+02
1.898600679012828323e+02 2.132937921796319642e+02
1.908532452671302622e+02 2.138001981198916326e+02
1.918314830831378117e+02 2.142820935940484333e+02
1.927972146704736076e+02 2.147237038747166480e+02
1.937531613101028256e+02 2.151139573624225250e+02
1.947031725801444395e+02 2.154521344508110872e+02
1.956524012635990744e+02 2.157431618191237419e+02
1.966078844877692404e+02 2.160015558820807087e+02
1.975770748149092810e+02 2.162452119938512851e+02
1.985662797549929905e+02 2.164901351011686188e+02
1.995790494193593361e+02 2.167456344574657692e+02
2.006151423808839809e+02 2.170128169059762229e+02
2.016697971951865043e+02 2.172828152263683137e+02
2.027350817372424672e+02 2.175442420109652346e+02
2.038017267095254681e+02 2.177875800078858788e+02
2.048607809089377554e+02 2.180019375643125272e+02
2.059066042846367566e+02 2.181769525061734498e+02
2.069387780712997653e+02 2.183027152491885374e+02
2.079606984389311606e+02 2.183713834484086078e+02
2.089737022472813806e+02 2.183813843718134251e+02
2.099778991859120367e+02 2.183334397313954014e+02
2.109739852576304884e+02 2.182321289380437861e+02
2.119634300020428554e+02 2.180871209551645507e+02
2.129494109604632968e+02 2.179193226916683273e+02
2.139353041672344204e+02 2.177509470585781060e+02
2.149235608084089790e+02 2.175981218473091872e+02
2.159152095617112650e+02 2.174676153322457708e+02
2.169098638090015641e+02 2.173568837257760151e+02
2.179066742826056213e+02 2.172603391975144405e+02
2.189046608386736352e+02 2.171715328059173089e+02
2.199019410240168497e+02 2.170780787868179686e+02
2.208959387867939199e+02 2.169630277835055949e+02
2.218848194563922505e+02 2.168143084214212593e+02
2.228690305061192873e+02 2.166348648900355442e+02
2.238501205121694966e+02 2.164348861808476840e+02
2.248296664498154769e+02 2.162247481395575903e+02
2.258083888141913746e+02 2.160091913264445793e+02
2.267867939803966806e+02 2.157915474804327971e+02
2.277654263392281848e+02 2.155753984680273447e+02
2.287446451615651029e+02 2.153631081431651637e+02
2.297250779318036962e+02 2.151588050939018899e+02
2.307071817398705207e+02 2.149654967830882413e+02
2.316912808461408986e+02 2.147853167100116138e+02
2.326773196545355802e+02 2.146178990754428924e+02
2.336658817736262108e+02 2.144670837826406853e+02
2.346571625409882813e+02 2.143341560721395354e+02
2.356511714229811787e+02 2.142191782286730017e+02
2.366488161382921476e+02 2.141281226661403991e+02
2.376515783975608542e+02 2.140707384283194870e+02
2.386614153330338297e+02 2.140599026367198121e+02
2.396817974918242271e+02 2.141080813405444019e+02
2.407187931117090329e+02 2.142250132967099603e+02
2.417764030145762320e+02 2.144194992618442939e+02
2.428555311094862930e+02 2.146940458738171742e+02
2.439510118433770458e+02 2.150451464945574571e+02
2.450535145596404050e+02 2.154594394445202568e+02
2.461492553442612916e+02 2.159175155290951409e+02
2.472238953698673924e+02 2.163955224907455772e+02
2.482636070370494963e+02 2.168764590369743530e+02
2.492583901925404462e+02 2.173509705808512535e+02
2.501999551800285531e+02 2.178130039996917731e+02
2.510844936034988280e+02 2.182627911744831408e+02
2.519105302491059319e+02 2.187073302230516560e+02
2.526801457523178556e+02 2.191566372267192833e+02
2.533947366119351159e+02 2.196209121526968602e+02
2.540575132317542000e+02 2.201084669762287263e+02
2.546782757396611316e+02 2.206299490169502633e+02
2.552706708225949228e+02 2.211973225639163161e+02
2.558512897080533719e+02 2.218191518582560207e+02
2.564347484398692814e+02 2.224962428482778876e+02
2.570336820153493136e+02 2.232245328783158129e+02
2.576549774651266489e+02 2.239947569154472262e+02
2.583011846456092258e+02 2.247970447583924738e+02
2.589674167414439125e+02 2.256232815671221488e+02
2.596440738434754394e+02 2.264629261420265038e+02
2.603246136621893356e+02 2.273062885109224567e+02
2.610046588936125431e+02 2.281471953172735141e+02
2.616834662980780877e+02 2.289796582521533708e+02
2.623632217771540809e+02 2.298008760588199095e+02
2.630455275822193357e+02 2.306103766233899819e+02
2.637306739784519323e+02 2.314125987261155899e+02
2.644224469531029627e+02 2.322140311558309236e+02
2.651236678487910581e+02 2.330236670818787843e+02
2.658384432857272373e+02 2.338471899717255837e+02
2.665664640700447308e+02 2.346885218127697783e+02
2.673070340371849625e+02 2.355499036540753650e+02
2.680615830063354679e+02 2.364322844250868343e+02
2.688325553614905630e+02 2.373364669482560600e+02
2.696203034124621922e+02 2.382588595073085003e+02
2.704216705319869902e+02 2.391926419842599500e+02
2.712288341907581639e+02 2.401270748593703672e+02
2.720321949212716390e+02 2.410522520777419686e+02
2.728259626856007003e+02 2.419593069815598483e+02
2.736033875759034117e+02 2.428431399111171629e+02
2.743603314391588128e+02 2.436947120422329078e+02
2.750928456341181345e+02 2.445060451158056480e+02
2.758012115648193117e+02 2.452697266914972829e+02
2.764858577661805725e+02 2.459818479998307907e+02
2.771494817772387478e+02 2.466394602303436443e+02
2.777902367032386906e+02 2.472434024228222142e+02
2.784052622890683892e+02 2.477939555482514038e+02
2.789944661670251094e+02 2.482930807515027993e+02
2.795606703382753722e+02 2.487485310226716138e+02
2.801146236799493181e+02 2.491705009829593962e+02
2.806696505858675437e+02 2.495722551106941296e+02
2.812339388255235235e+02 2.499670425374594060e+02
2.818149549647066578e+02 2.503669809165063214e+02
2.824212255173557082e+02 2.507790695224439901e+02
2.830588559186304565e+02 2.512064304005168651e+02
2.837319609445582955e+02 2.516447846860105244e+02
2.844408562233268754e+02 2.520860866055719498e+02
2.851882647347756006e+02 2.525248527496054578e+02
2.859827294165925764e+02 2.529579215645916008e+02
2.868279297043882821e+02 2.533879129243036061e+02
2.877209571956905734e+02 2.538159556604647662e+02
2.886519478946055415e+02 2.542446585524841680e+02
2.896081308562417007e+02 2.546718590054904325e+02
2.905760465653741562e+02 2.550947971073630356e+02
2.915478063673186853e+02 2.555123808062387809e+02
2.925215816327246898e+02 2.559252299082959041e+02
2.934991069079445083e+02 2.563357126690003724e+02
2.944828017678810852e+02 2.567472372177933266e+02
2.954719615392286869e+02 2.571641315765708669e+02
2.964591721738934780e+02 2.575890054063954722e+02
2.974335613915849308e+02 2.580207416905767559e+02
2.983817266583631636e+02 2.584601565553234650e+02
2.992934888764881975e+02 2.589028141463547854e+02
3.001676811996331367e+02 2.593443846351926823e+02
3.010137767922662420e+02 2.597861299140488995e+02
3.018470588597429582e+02 2.602277218075601013e+02
3.026801977735727860e+02 2.606708142476495027e+02
3.035225180384661030e+02 2.611193579919543595e+02
3.043798957217541670e+02 2.615766363817177762e+02
3.052549733163178871e+02 2.620428789629580706e+02
3.061505277594707195e+02 2.625196391101171685e+02
3.070725604005939999e+02 2.630041031171684835e+02
3.080282353738166421e+02 2.634953379100618349e+02
3.090257865361530207e+02 2.639917420907626706e+02
3.100663059999035340e+02 2.644883623214343515e+02
3.111393604743402079e+02 2.649824511114786105e+02
3.122293390520028424e+02 2.654733850731603866e+02
3.133171831437422838e+02 2.659661475216054782e+02
3.143838675877983064e+02 2.664643977165746946e+02
3.154124321888676263e+02 2.669736618325382551e+02
3.163935376625806839e+02 2.674985768327766209e+02
3.173240639037346114e+02 2.680412545194876657e+02
3.182043570463434889e+02 2.685996597771354573e+02
3.190342080147431716e+02 2.691664739292435797e+02
3.198113290603221799e+02 2.697346972613686376e+02
3.205382230142426465e+02 2.702986623542412872e+02
3.212223848930261170e+02 2.708610706801161996e+02
3.218765962921156643e+02 2.714286804090808687e+02
3.225135583952051661e+02 2.720065626398102268e+02
3.231453302216069119e+02 2.725962487746777470e+02
3.237802328256869941e+02 2.731978558232321461e+02
3.244226995965963170e+02 2.738043163866139480e+02
3.250720608585515947e+02 2.744084890100452867e+02
3.257250680856212171e+02 2.750042533288088862e+02
3.263757242850287525e+02 2.755862991602676288e+02
3.270202864584025519e+02 2.761528861673306210e+02
3.276586248630054001e+02 2.767090105693506530e+02
3.282943782834559556e+02 2.772576969430746203e+02
3.289276243134510196e+02 2.778013458843074091e+02
3.295569865287429252e+02 2.783340622843739425e+02
3.301759178059500073e+02 2.788478946349629268e+02
3.307797860384828823e+02 2.793329233333330990e+02
3.313669324857125389e+02 2.797820945359559346e+02
3.319383557573515873e+02 2.801954233637362108e+02
3.324974101320159434e+02 2.805790737860905892e+02
3.330500027163565164e+02 2.809470218795790970e+02
3.336028150484406751e+02 2.813166287870803899e+02
3.341618384009730107e+02 2.817059249695808489e+02
3.347297802140866452e+02 2.821273801825683449e+02
3.353074363037294461e+02 2.825883402473021988e+02
3.358958782811749302e+02 2.830937462420332622e+02
3.364950072142208910e+02 2.836482913156424956e+02
3.371054630889423720e+02 2.842568385163327775e+02
3.377324745517578890e+02 2.849200153133318736e+02
3.383760929093170944e+02 2.856383722478531126e+02
3.390316552269801491e+02 2.864100791927028240e+02
3.396904460475853966e+02 2.872326171301234581e+02
3.403382186138977090e+02 2.881007816856779868e+02
3.409545949560505846e+02 2.890090916155181731e+02
3.415192351857802464e+02 2.899493946281002081e+02
3.420138643418408151e+02 2.909137546109965342e+02
3.424268837079770833e+02 2.918931003945895100e+02
3.427539314967629593e+02 2.928807950274367613e+02
3.430012084081590729e+02 2.938712634988660284e+02
3.431780893587142032e+02 2.948636038971824291e+02
3.432964738735790888e+02 2.958586709072316125e+02
3.433646729161748681e+02 2.968597894759326437e+02
3.433927170898854229e+02 2.978670109915298099e+02
3.433902110960900700e+02 2.988788756812957672e+02
3.433647427971754382e+02 2.998942303022367923e+02
3.433169755749865999e+02 3.009129740301121956e+02
3.432460730345295588e+02 3.019352339846054747e+02
3.431469545211066361e+02 3.029617823501786233e+02
3.430168389719304969e+02 3.039930418072928546e+02
3.428533030096053835e+02 3.050309565652987089e+02
3.426541542164455905e+02 3.060804479298859064e+02
3.424120176688347783e+02 3.071437241256022617e+02
3.421158790248157402e+02 3.082183940162643694e+02
3.417601294260358600e+02 3.092980142327237445e+02
3.413448056375397641e+02 3.103763312517071995e+02
3.408709665388673216e+02 3.114515738569318728e+02
3.403440039819893173e+02 3.125221690111047792e+02
3.397740723234618372e+02 3.135882635914873617e+02
3.391687674865676172e+02 3.146507938669960254e+02
3.385322827199501603e+02 3.157083598669831872e+02
3.378656730137361706e+02 3.167552249382580953e+02
3.371660833233183894e+02 3.177797317278925107e+02
3.364283267516178739e+02 3.187639379103211468e+02
3.356488265666756092e+02 3.196918503470623136e+02
3.348272961365588571e+02 3.205538964252995697e+02
3.339637999153566739e+02 3.213455288325660604e+02
3.330617276933427888e+02 3.220630826102126321e+02
3.321279046199249478e+02 3.227077001839743389e+02
3.311750482638569792e+02 3.232846403211965480e+02
3.302162227215470125e+02 3.238016347972279050e+02
3.292588460882574850e+02 3.242666423302865724e+02
3.283034826421971388e+02 3.246868163480894509e+02
3.273486469084111832e+02 3.250699060375075646e+02
3.263914819988633553e+02 3.254273019960119200e+02
3.254321512463826025e+02 3.257704476029279022e+02
3.244724848137914250e+02 3.261113845734176948e+02
3.235133989845783731e+02 3.264561416742346864e+02
3.225541393049231829e+02 3.267997549109759348e+02
3.215921943346440912e+02 3.271257000449535894e+02
3.206241333448772366e+02 3.274114042977950021e+02
3.196468413023327457e+02 3.276363720375605340e+02
3.186585957803740143e+02 3.277892704086752360e+02
3.176585078427730764e+02 3.278642505780604779e+02
3.166472804042821281e+02 3.278659374343474155e+02
3.156247617031951904e+02 3.278037011650146724e+02
3.145882024374020602e+02 3.276896402384739986e+02
3.135379228018795743e+02 3.275330156868586187e+02
3.124793096599204887e+02 3.273425238147784171e+02
3.114207755336935293e+02 3.271255119771153090e+02
3.103697277905043848e+02 3.268896087558869112e+02
3.093290474645836525e+02 3.266431751741623088e+02
3.083018690911866884e+02 3.263915083785067281e+02
3.072911987797335769e+02 3.261353136795993350e+02
3.062975082415249517e+02 3.258739478959347480e+02
3.053211913663059249e+02 3.256015240038278193e+02
3.043611569946093027e+02 3.253046600291710320e+02
3.034175163946940756e+02 3.249629313633665220e+02
3.024910957316383815e+02 3.245600115052501451e+02
3.015871851016647724e+02 3.240891590283438859e+02
3.007117851360950453e+02 3.235540176484352628e+02
2.998659391990328800e+02 3.229630628154442888e+02
2.990483989446459532e+02 3.223286453294132343e+02
2.982545758628593831e+02 3.216604789428245681e+02
2.974800861982259335e+02 3.209620843290767880e+02
2.967197372855837898e+02 3.202321124197810605e+02
2.959713479611924072e+02 3.194684175957406751e+02
2.952354440165177607e+02 3.186776604725679931e+02
2.945175253101357953e+02 3.178747580019504539e+02
2.938231441627932554e+02 3.170756711052687251e+02
2.931510369657128763e+02 3.162959178351667902e+02
2.924939403984236037e+02 3.155444835909533481e+02
2.918398545847749688e+02 3.148232275784725971e+02
2.911821300493514855e+02 3.141230789605692735e+02
2.905180568401490859e+02 3.134335346880605471e+02
2.898476968522654147e+02 3.127421309535828868e+02
2.891712009608235121e+02 3.120417411755084345e+02
2.884930818785879865e+02 3.113366145176964892e+02
2.878225985505041535e+02 3.106362333920501442e+02
2.871618660969085113e+02 3.099505479496718863e+02
2.865054714428902685e+02 3.092851510556603216e+02
2.858490887625689538e+02 3.086373359764762654e+02
2.851873962572776122e+02 3.079964918946231478e+02
2.845200440112880642e+02 3.073477515943566232e+02
2.838486554638548114e+02 3.066802872046956736e+02
2.831803242409767449e+02 3.059859068336004952e+02
2.825205657834793556e+02 3.052635577809717233e+02
2.818722687932111626e+02 3.045169662971539992e+02
2.812366812032349230e+02 3.037552483658610640e+02
2.806144078092916061e+02 3.029872748251656276e+02
2.800049116988910782e+02 3.022173927050857856e+02
2.794021783408801980e+02 3.014482224987062864e+02
2.788011599719082483e+02 3.006790890155687066e+02
2.781965835720354221e+02 2.999117748161114037e+02
2.775880701673864905e+02 2.991494832134319495e+02
2.769730666535267005e+02 2.983969718517735146e+02
2.763466658813207459e+02 2.976597749096990810e+02
2.757092443825230248e+02 2.969405894303744162e+02
2.750610868692650683e+02 2.962367898235798407e+02
2.744053983204478300e+02 2.955385570301829148e+02
2.737438489310950445e+02 2.948341861969345246e+02
2.730807400181195135e+02 2.941092987633081748e+02
2.724195187609366258e+02 2.933530870530005359e+02
2.717666550330000632e+02 2.925577007771955778e+02
2.711245833820369171e+02 2.917177286852648876e+02
2.704910414923975850e+02 2.908302050407228307e+02
2.698639019927666141e+02 2.898994009939161742e+02
2.692449946974271597e+02 2.889357520766804441e+02
2.686345590399914158e+02 2.879573517345566529e+02
2.680336283140778733e+02 2.869832307701631180e+02
2.674389101280096384e+02 2.860309320692101664e+02
2.668469592968262987e+02 2.851111699483623170e+02
2.662517374546961264e+02 2.842334425672352722e+02
2.656502317820082908e+02 2.834021981335569080e+02
2.650408481567510535e+02 2.826234727096208985e+02
2.644280755720207026e+02 2.819004276732885046e+02
2.638161943562363376e+02 2.812349513022471683e+02
2.632088191042114431e+02 2.806259358924145317e+02
2.626096901711655391e+02 2.800713908188052983e+02
2.620212481937201119e+02 2.795659848240742349e+02
2.614433581497656860e+02 2.791034854366385503e+02
2.608727260880230006e+02 2.786746982160601647e+02
2.603052158314856115e+02 2.782701248241806979e+02
2.597401614088207680e+02 2.778780361640961019e+02
2.591750278095380509e+02 2.774891001949357019e+02
2.586096561887026155e+02 2.770949245019523914e+02
2.580426667321933678e+02 2.766937777590672454e+02
2.574772851936554616e+02 2.762891680949013562e+02
2.569178608606617331e+02 2.758868715649950900e+02
2.563686822819148574e+02 2.754902347688206419e+02
2.558286466689966403e+02 2.750959083846995554e+02
2.552923855978256711e+02 2.746917036863700901e+02
2.547498333619315929e+02 2.742667699506190502e+02
2.541896569123725271e+02 2.738104763816303944e+02
2.535994768283778455e+02 2.733192100884033948e+02
2.529688048610605620e+02 2.727905940443740747e+02
2.522881637812772340e+02 2.722260615679864486e+02
2.515521349238363769e+02 2.716311021911460557e+02
2.507579330312993307e+02 2.710200269046292760e+02
2.499062088934802262e+02 2.704064747711831274e+02
2.489983692516717610e+02 2.698033752076133283e+02
2.480387974454388029e+02 2.692228643617131070e+02
2.470338335960340999e+02 2.686813680584693884e+02
2.459927825141230358e+02 2.681916187167598764e+02
2.449256514151773558e+02 2.677630173899035526e+02
2.438442348852248358e+02 2.673991889823727206e+02
2.427594111210988501e+02 2.671012162326647967e+02
2.416814455563014690e+02 2.668653581874233964e+02
2.406170041423920622e+02 2.666874438680094386e+02
2.395699065565378874e+02 2.665621246052110109e+02
2.385384328293920362e+02 2.664815244216636074e+02
2.375183605060482535e+02 2.664353843070560970e+02
2.365036775458474381e+02 2.664143352582871103e+02
2.354916020417596769e+02 2.664104421933610638e+02
2.344806854905330908e+02 2.664141745593910287e+02
2.334695727001730177e+02 2.664166157530070791e+02
2.324567144934463556e+02 2.664075728281238185e+02
2.314408046630119600e+02 2.663784514801513978e+02
2.304210226407931827e+02 2.663238527101982527e+02
2.293968468754635808e+02 2.662403449260370962e+02
2.283675033794452816e+02 2.661228356092115632e+02
2.273314823435396193e+02 2.659613908390361985e+02
2.262877229344521766e+02 2.657490307707619195e+02
2.252368060560804395e+02 2.654895775120091912e+02
2.241802639063143943e+02 2.651931122918015262e+02
2.231198491139849978e+02 2.648711666836734366e+02
2.220573834273729119e+02 2.645357270385792390e+02
2.209952927889057150e+02 2.642027550553113997e+02
2.199357636270915179e+02 2.638866365300375492e+02
2.188801968128657336e+02 2.635965886146834691e+02
2.178289867778711368e+02 2.633352065064823933e+02
2.167809981600152582e+02 2.630950199919888632e+02
2.157341868267007499e+02 2.628625795233323856e+02
2.146869027764535929e+02 2.626270287725823209e+02
2.136380794661117761e+02 2.623813503264200335e+02
2.125874698687722457e+02 2.621239188498927888e+02
2.115330638110877999e+02 2.618518769497628682e+02
2.104702860353966969e+02 2.615653090613836866e+02
2.093961699571432291e+02 2.612622192824345575e+02
2.083103115812004660e+02 2.609433902021675635e+02
2.072172612975275001e+02 2.606082809396165771e+02
2.061248419069094950e+02 2.602603321060464623e+02
2.050458746090698696e+02 2.599022499170162632e+02
2.039968120853320670e+02 2.595416071753273854e+02
2.029926787612274950e+02 2.591857567965546991e+02
2.020429171232401018e+02 2.588369434403603009e+02
2.011497765259719586e+02 2.584919647618417002e+02
2.003089186287143946e+02 2.581450035938277097e+02
1.995108940857944617e+02 2.577884726501532668e+02
1.987438653896822984e+02 2.574186443095281902e+02
1.979947721581124256e+02 2.570329356962147358e+02
1.972500547793703163e+02 2.566312026361704852e+02
1.964943997084256750e+02 2.562126885478716076e+02
1.957096088797509594e+02 2.557769245432108107e+02
1.948796930024490734e+02 2.553195597707072579e+02
1.939926379560029659e+02 2.548391652442859936e+02
1.930441884339686567e+02 2.543318410879146825e+02
1.920374911126767188e+02 2.537929882682090579e+02
1.909859400998402066e+02 2.532214490466087682e+02
1.899104692885037764e+02 2.526245854879051080e+02
1.888393772966668394e+02 2.520127418943619944e+02
1.878013941457001295e+02 2.513980095803014478e+02
1.868156845984775032e+02 2.507890147922414883e+02
1.858935714813445372e+02 2.501906375712217709e+02
1.850398985840697605e+02 2.496016653238734762e+02
1.842485050134416724e+02 2.490189105954383422e+02
1.835087076770434464e+02 2.484362652758638603e+02
1.828049586114197496e+02 2.478474240096173276e+02
1.821262399748103178e+02 2.472420530100286271e+02
1.814655856596205012e+02 2.466136168020591128e+02
1.808156722960743821e+02 2.459543273721543528e+02
1.801669041684149875e+02 2.452557275515142692e+02
1.795082878941722981e+02 2.445137672194164793e+02
1.788278926571168199e+02 2.437250232319698284e+02
1.781162212180107076e+02 2.428925675181870361e+02
1.773700965371417908e+02 2.420379895739553433e+02
1.765917516712010524e+02 2.411962335975889005e+02
1.757870066231982662e+02 2.404108636794025244e+02
1.749619273171853706e+02 2.397264230745804241e+02
1.741211189541941451e+02 2.391861497060659190e+02
1.732693147918984380e+02 2.388218120372904423e+02
1.724079971332278660e+02 2.386525334540165773e+02
1.715346325539198062e+02 2.386763462879526685e+02
1.706410137087267742e+02 2.388773037209525114e+02
1.697232491439555133e+02 2.392257619222725680e+02
1.687821069533956688e+02 2.396841883551755927e+02
1.678223499716535798e+02 2.402062482994562629e+02
1.668508849001614180e+02 2.407366127825202682e+02
1.658739048031276297e+02 2.412200956845393875e+02
1.649020912259172462e+02 2.416061663029494753e+02
1.639436526821770030e+02 2.418572384973700196e+02
1.630031831093833148e+02 2.419497848674459988e+02
1.620836941400358455e+02 2.418761216491462278e+02
1.611878856090715999e+02 2.416413612090765355e+02
1.603207088182718962e+02 2.412638124350150974e+02
1.594896527228752632e+02 2.407732167058040318e+02
1.587001892945384327e+02 2.402063493308532145e+02
1.579579285378741815e+02 2.396020118838451936e+02
1.572656122367863816e+02 2.389938837620730396e+02
1.566184429156592159e+02 2.384035741713693142e+02
1.560069261259324378e+02 2.378408152375315012e+02
1.554178853855605666e+02 2.373080435177422771e+02
1.548381424345608934e+02 2.367971753962371508e+02
1.542558696768716686e+02 2.362978201129187710e+02
1.536637605210378865e+02 2.357981472378156127e+02
1.530584776592059768e+02 2.352921510481327800e+02
1.524405066718350668e+02 2.347728574002226196e+02
1.518112509216335297e+02 2.342379531632827252e+02
1.511744314243300948e+02 2.336893934155585271e+02
1.505347288568998749e+02 2.331348883775434047e+02
1.498963254822471356e+02 2.325817971751364155e+02
1.492624112975063326e+02 2.320313828199299166e+02
1.486347949880238559e+02 2.314833734529208868e+02
1.480156515380826932e+02 2.309362469806926583e+02
1.474025145919991928e+02 2.303886567074212905e+02
1.467877617477430192e+02 2.298401376940917658e+02
1.461614485987648777e+02 2.292904403502760431e+02
1.455140205407704173e+02 2.287404423118772456e+02
1.448400794820878446e+02 2.281922212834709853e+02
1.441382527984218314e+02 2.276445657603961763e+02
1.434054845961952083e+02 2.270932084720444664e+02
1.426414063170825557e+02 2.265288097606725728e+02
1.418477508943715293e+02 2.259476843962713701e+02
1.410333731608339178e+02 2.253501272018137058e+02
1.402074973651177174e+02 2.247417053512576217e+02
1.393787017103040569e+02 2.241281277017478146e+02
1.385564394621431745e+02 2.235155365447666895e+02
1.377506472094921151e+02 2.229104457667031625e+02
1.369704887750651778e+02 2.223173261735539086e+02
1.362224348809416199e+02 2.217374772301216126e+02
1.355092373847568865e+02 2.211686003462830854e+02
1.348293862633433378e+02 2.206068163759940148e+02
1.341787006338959998e+02 2.200516167634845033e+02
1.335527346284089560e+02 2.195104925929667274e+02
1.329456042265822475e+02 2.189941505531028838e+02
1.323478267703984841e+02 2.185102707000076521e+02
1.317491913309929430e+02 2.180596716182645309e+02
1.311459900627148727e+02 2.176348280095651546e+02
1.305367706946820192e+02 2.172253127075022405e+02
1.299210446353603174e+02 2.168132896268463412e+02
1.293000211772838668e+02 2.163709240399255691e+02
1.286802402579696718e+02 2.158703154918642326e+02
1.280784062242933885e+02 2.152902653152640369e+02
1.275195492936811377e+02 2.146250636513179586e+02
1.270357447273363789e+02 2.138830101108439976e+02
1.266581371662533115e+02 2.130815348018550424e+02
1.264113022535056530e+02 2.122425639340444263e+02
1.263152058480107769e+02 2.113888659439350022e+02
1.263823679908043687e+02 2.105457296896555306e+02
1.266189122419004320e+02 2.097367479056545676e+02
1.270229074581894224e+02 2.089846730838019653e+02
1.275865739860856536e+02 2.083077847274577152e+02
