1.510410370365610788e+02 2.030243994250532182e+02
1.520434016873517180e+02 2.029254480103568312e+02
1.530451066331890502e+02 2.028571084879635578e+02
1.540459519523820688e+02 2.028286577039061740e+02
1.550458552114367308e+02 2.028439207700417910e+02
1.560446134291856879e+02 2.029123164994402941e+02
1.570420391372988433e+02 2.030425438723077605e+02
1.580379954565323430e+02 2.032409544138997717e+02
1.590325704222380807e+02 2.035034630727139984e+02
1.600258642861273302e+02 2.038254179288677790e+02
1.610179014809188232e+02 2.042056852456005629e+02
1.620086804984201194e+02 2.046443350066630273e+02
1.629984718437322044e+02 2.051288151264917872e+02
1.639876982201268447e+02 2.056395111593147931e+02
1.649768785751040809e+02 2.061523426963005363e+02
1.659666333575203794e+02 2.066385194221986694e+02
1.669573655564167893e+02 2.070793416788349646e+02
1.679493594876286124e+02 2.074616165294435746e+02
1.689428535748475042e+02 2.077742805428143811e+02
1.699377779456685857e+02 2.080205759661382672e+02
1.709337970488020915e+02 2.082160731841674135e+02
1.719304737023280722e+02 2.083810584866801321e+02
1.729274642753539979e+02 2.085314771713785547e+02
1.739246692056280494e+02 2.086719491655736078e+02
1.749220065982964627e+02 2.088062745869256958e+02
1.759193943430493619e+02 2.089382635507738541e+02
1.769170704111206192e+02 2.090568736210330769e+02
1.779152452600033598e+02 2.091523390651838099e+02
1.789142127502370556e+02 2.092110240492954176e+02
1.799138876473988091e+02 2.092368836550476203e+02
1.809172714619455178e+02 2.092574959536016763e+02
1.819313926658940943e+02 2.093082815999785566e+02
1.829518070575707611e+02 2.094271216346137408e+02
1.839641884138585510e+02 2.096389351748913441e+02
1.849527824669158917e+02 2.099519656991292607e+02
1.859072120734623184e+02 2.103534836705198927e+02
1.868246779614560467e+02 2.108321931548815940e+02
1.877093731400153729e+02 2.113726369049970799e+02
1.885698340562423141e+02 2.119617048005056574e+02
1.894162116856820148e+02 2.125846551282950827e+02
1.902582251352944240e+02 2.132198662733262893e+02
1.911046367852482604e+02 2.138412379676545925e+02
1.919652378556513668e+02 2.144238023731918474e+02
1.928502225425374661e+02 2.149508122424857675e+02
1.937680031472186215e+02 2.154149181176221077e+02
1.947225555421816807e+02 2.158107384119417702e+02
1.957110523814583871e+02 2.161282798887932017e+02
1.967227909460947330e+02 2.163699205035987063e+02
1.977421383992925428e+02 2.165382690429808576e+02
1.987549894465931857e+02 2.166479930046211280e+02
1.997570579448988042e+02 2.167296391318866995e+02
2.007552095029799659e+02 2.168261853251010791e+02
2.017522713919664170e+02 2.169732947781615451e+02
2.027478812578328018e+02 2.171877815870461745e+02
2.037419360910300838e+02 2.174744256419245687e+02
2.047349258602163502e+02 2.178104912217455364e+02
2.057276840572141907e+02 2.181573023065951986e+02
2.067212072956398856e+02 2.184686136340426685e+02
2.077162249804866576e+02 2.187105790627369117e+02
2.087131672267151998e+02 2.188632402267598138e+02
2.097122231832128989e+02 2.189178201640117436e+02
2.107133499742210745e+02 2.188763084125469618e+02
2.117161245517382326e+02 2.187583354144233851e+02
2.127197447081637733e+02 2.186011255266127762e+02
2.137234132991147249e+02 2.184416681606383577e+02
2.147264978963768840e+02 2.183093095026843002e+02
2.157288297978442415e+02 2.182118777351449523e+02
2.167304830557694402e+02 2.181459366558632951e+02
2.177320601068812493e+02 2.180835317555252573e+02
2.187343661320741148e+02 2.179873007091935335e+02
2.197380997907594349e+02 2.178248240442624422e+02
2.207434407948486808e+02 2.175877626969578387e+02
2.217502196235026872e+02 2.172839828408530991e+02
2.227578749921029271e+02 2.169395294286372291e+02
2.237657408181963206e+02 2.165853102839017765e+02
2.247734363693543571e+02 2.162389923046149818e+02
2.257807207872318145e+02 2.159117518957559128e+02
2.267873519207470565e+02 2.156148254483757398e+02
2.277930836975178579e+02 2.153596313112772123e+02
2.287977674743986825e+02 2.151530668829710748e+02
2.298014487341668257e+02 2.149930216534911835e+02
2.308043589843738346e+02 2.148687531171125045e+02
2.318067781455511920e+02 2.147672722897140147e+02
2.328088881488078528e+02 2.146801371314312803e+02
2.338108259595700815e+02 2.146009921179372952e+02
2.348125089288878939e+02 2.145336723587678023e+02
2.358138374083270321e+02 2.144828017803050670e+02
2.368147282533884663e+02 2.144522384867458982e+02
2.378151688814375007e+02 2.144425663425241737e+02
2.388152594795485868e+02 2.144491364270609779e+02
2.398149219664404654e+02 2.144755718991042386e+02
2.408139268813942522e+02 2.145325202864318044e+02
2.418119512988460542e+02 2.146349661098261379e+02
2.428087585402985553e+02 2.147938918193002849e+02
2.438046286986480595e+02 2.149963004325902602e+02
2.447999464276235813e+02 2.152243430939761879e+02
2.457947911227884674e+02 2.154743356588702454e+02
2.467890865342380664e+02 2.157498163057517218e+02
2.477826655757869503e+02 2.160585382344250718e+02
2.487755700674591139e+02 2.163985608954614577e+02
2.497679488032192694e+02 2.167629798919751920e+02
2.507634247550244595e+02 2.171505359907874038e+02
2.517697576958982495e+02 2.175627157259956448e+02
2.527866979579972337e+02 2.180096190628952968e+02
2.538080568719081782e+02 2.185001217231975943e+02
2.548145494803244162e+02 2.190379590678860211e+02
2.557854389550611245e+02 2.196181191459596675e+02
2.567101211090582069e+02 2.202302390781954955e+02
2.575818666423043624e+02 2.208699438621523825e+02
2.584000810407047766e+02 2.215283396240967022e+02
2.591628497703408129e+02 2.222053841044223930e+02
2.598710734647093545e+02 2.228991082507420742e+02
2.605206470757298121e+02 2.236044574439547716e+02
2.611132596507946459e+02 2.243136502692851195e+02
2.616645043379553499e+02 2.250204892519375335e+02
2.621947269990891982e+02 2.257329045967309753e+02
2.627258001562190088e+02 2.264642426585745625e+02
2.632691142000312539e+02 2.272194349951342076e+02
2.638281653438731951e+02 2.279901550015658813e+02
2.643939668342381424e+02 2.287572185995385610e+02
2.649564770064616823e+02 2.295005907844910666e+02
2.655044271264349049e+02 2.302187454104326605e+02
2.660355438121593465e+02 2.309113044082047566e+02
2.665515976030198999e+02 2.315841562920755052e+02
2.670647716310222677e+02 2.322410464244483705e+02
2.675897420923558343e+02 2.328748833667239353e+02
2.681360995587590423e+02 2.334791532415062534e+02
2.687162706716550247e+02 2.340510361337359768e+02
2.693304969447755752e+02 2.346029031187146643e+02
2.699795680886025480e+02 2.351478182438379747e+02
2.706520505028595380e+02 2.357042514527364574e+02
2.713340301648411810e+02 2.362727500863956891e+02
2.720081761712561956e+02 2.368446757347125242e+02
2.726672238552000636e+02 2.374158038953772802e+02
2.733206949811861932e+02 2.379835561220460534e+02
2.739716946053029005e+02 2.385529294750236318e+02
2.746243862623224459e+02 2.391214840938221471e+02
2.752753858864390963e+02 2.396908574467997255e+02
2.759288570124252828e+02 2.402586096734684986e+02
2.765843105308891836e+02 2.408296603776745997e+02
2.772434800146646694e+02 2.414012632727924768e+02
2.779026494984402120e+02 2.419728661679103539e+02
2.785581030169041128e+02 2.425439168721164833e+02
2.792115741428902993e+02 2.431116690987852280e+02
2.798625737670069498e+02 2.436810424517628064e+02
2.805152654240264951e+02 2.442495970705613502e+02
2.811626708826632353e+02 2.448188929670802736e+02
2.818011654860098929e+02 2.453863224405500603e+02
2.824338862827262915e+02 2.459568832407349248e+02
2.830762721889946647e+02 2.465317202742329243e+02
2.837400862406646525e+02 2.471148109060762579e+02
2.844288333646958336e+02 2.476979347438163757e+02
2.851396287340947424e+02 2.482722805867282148e+02
2.858684416160448336e+02 2.488294846487096095e+02
2.866172928818121477e+02 2.493618236778336552e+02
2.873920398306598827e+02 2.498769586515406047e+02
2.882117717604739369e+02 2.503845961135628215e+02
2.890897497403728380e+02 2.509019557789627584e+02
2.900328533776221320e+02 2.514348852304777608e+02
2.910222895742500100e+02 2.519827224057100921e+02
2.920229761267708568e+02 2.525369764662680154e+02
2.929918891601789710e+02 2.530944396920120312e+02
2.938968248401723145e+02 2.536648754981874276e+02
2.947211256604613254e+02 2.542604738183956670e+02
2.954614919120234617e+02 2.548957129192929756e+02
2.961244035513866493e+02 2.555783692206466071e+02
2.967221675377426777e+02 2.563144252721180578e+02
2.972706904960498946e+02 2.571036057276868974e+02
2.977849934481923242e+02 2.579470924987547846e+02
2.982754762488725646e+02 2.588431942638958390e+02
2.987454840601653814e+02 2.597911969308941025e+02
2.991918356389771816e+02 2.607842083580374037e+02
2.996044056216437070e+02 2.618111828241330841e+02
2.999686035106082045e+02 2.628509610562718990e+02
3.002689496717599695e+02 2.638840050008969342e+02
3.005003315096371352e+02 2.649042070862611808e+02
3.006716816398179617e+02 2.659117278082496227e+02
3.007857545434944768e+02 2.669144183363522984e+02
3.008468707430527047e+02 2.679159676151761005e+02
3.008486187271648191e+02 2.689162374727408178e+02
3.007888040053641134e+02 2.699151806164381924e+02
3.006732452266333553e+02 2.709129224417032447e+02
3.005107253516792980e+02 2.719096522266971192e+02
3.003064521713183694e+02 2.729054822024887699e+02
3.000585431226580226e+02 2.739003717986994957e+02
2.997636619803279245e+02 2.748942491176373437e+02
2.994253859137542122e+02 2.758871912494856247e+02
2.990493946041862614e+02 2.768793205948400100e+02
2.986372522140021601e+02 2.778742666970678670e+02
2.981877311489816975e+02 2.788797949095049376e+02
2.976967340500997921e+02 2.798957849241347731e+02
2.971562000064564018e+02 2.809160656312141668e+02
2.965549978782811991e+02 2.819247895248380473e+02
2.958795535918594624e+02 2.829050122099806117e+02
2.951192404041607347e+02 2.838378563449444982e+02
2.942728456899487810e+02 2.847141016626490000e+02
2.933529866590051256e+02 2.855314144668135441e+02
2.923760054141277465e+02 2.862907550808925521e+02
2.913624921666317391e+02 2.869932173874223054e+02
2.903271939423759136e+02 2.876251279459681882e+02
2.892836417600978507e+02 2.881644461741893792e+02
2.882478484236026475e+02 2.885923707132440654e+02
2.872259610839180937e+02 2.889019523940997374e+02
2.862178932543207566e+02 2.890986896297135900e+02
2.852154729081350411e+02 2.892002254443447669e+02
2.842146064096099281e+02 2.892296590002148378e+02
2.832150182550636259e+02 2.891997743290322660e+02
2.822165822518734899e+02 2.891164270711909126e+02
2.812192598764934246e+02 2.889814048116359118e+02
2.802227312843815525e+02 2.888095491043449101e+02
2.792267373896087292e+02 2.886128821579119972e+02
2.782276140465621665e+02 2.883945737619088163e+02
2.772177131531015561e+02 2.881479555853859438e+02
2.762009964401138973e+02 2.878575343897414314e+02
2.751916135860091686e+02 2.875065831554888973e+02
2.742053867488377819e+02 2.870837081357632883e+02
2.732531270865959527e+02 2.865814995434702155e+02
2.723377061568381237e+02 2.860078990915994268e+02
2.714547923906449114e+02 2.853847935345173710e+02
2.705956336909297306e+02 2.847352996691600993e+02
2.697500973528225359e+02 2.840733114054890507e+02
2.689087359163814881e+02 2.834078452852830878e+02
2.680631221002700499e+02 2.827494521868598554e+02
2.672036406473558827e+02 2.821149348441421125e+02
2.663201595422283958e+02 2.815181551745196202e+02
2.654041332886304758e+02 2.809726432008569645e+02
2.644517343771279343e+02 2.804768961082848477e+02
2.634661149106293578e+02 2.800258376324036931e+02
2.624581907156917850e+02 2.796072011138241464e+02
2.614435690113861028e+02 2.792195664899167582e+02
2.604361357794332434e+02 2.788584429001127774e+02
2.594400200739072488e+02 2.785005729085593202e+02
2.584478618574388520e+02 2.781259212879323854e+02
2.574565146822702673e+02 2.777136354055083984e+02
2.564627119838819453e+02 2.772484363344192388e+02
2.554587935945936579e+02 2.767242156137206734e+02
2.544484502230966712e+02 2.761380560848028836e+02
2.534450793475551507e+02 2.755081346239333016e+02
2.524637565707228362e+02 2.748576994408197152e+02
2.515148627848158753e+02 2.741993061126607358e+02
2.506015176235126489e+02 2.735293850252318180e+02
2.497199659275286194e+02 2.728430761431679912e+02
2.488618658712334479e+02 2.721444586836923349e+02
2.480170488547751404e+02 2.714490921700316903e+02
2.471756351702361769e+02 2.707860504869020133e+02
2.463285999904039443e+02 2.701936120746289589e+02
2.454659757443739636e+02 2.697049278712877936e+02
2.445773957850708484e+02 2.693447472663339681e+02
2.436546615651535888e+02 2.691105010206784982e+02
2.426942761925336924e+02 2.689853448815413230e+02
2.416998574568783340e+02 2.689425936018573111e+02
2.406827594008535414e+02 2.689496462436009665e+02
2.396589669595737178e+02 2.689875558136762947e+02
2.386425353339602964e+02 2.690439792746911394e+02
2.376377560104217537e+02 2.690881219408475431e+02
2.366376025422282510e+02 2.690844691789450280e+02
2.356390924867854437e+02 2.690045581232606651e+02
2.346422720809667908e+02 2.688462432719529716e+02
2.336466192962504635e+02 2.686337480006583291e+02
2.326513644158117415e+02 2.684027890164059045e+02
2.316558944671198788e+02 2.681818097149965183e+02
2.306598370128051840e+02 2.679880920837696294e+02
2.296631478843724778e+02 2.678236856468515725e+02
2.286663552508418036e+02 2.676640820947639554e+02
2.276700353710288880e+02 2.674825416361505859e+02
2.266744483865975610e+02 2.672669930737918094e+02
2.256793784536528449e+02 2.670274520821736814e+02
2.246845064817489970e+02 2.667787252233986237e+02
2.236897575999002470e+02 2.665242866908023984e+02
2.226951745545917447e+02 2.662621529449381228e+02
2.217009893704696424e+02 2.659815574856518197e+02
2.207074504468417331e+02 2.656709739892111770e+02
2.197144564331707954e+02 2.653351053636598635e+02
2.187214408954380644e+02 2.650002355062071615e+02
2.177281119122087603e+02 2.646799102716757375e+02
2.167344582366758345e+02 2.643746515388917828e+02
2.157405455829418202e+02 2.640814100158626729e+02
2.147466329292078058e+02 2.637881684928335631e+02
2.137529017756706367e+02 2.634865049252973677e+02
2.127592500392423460e+02 2.631811562134054725e+02
2.117656671625753404e+02 2.628726122434123340e+02
2.107720678250642834e+02 2.625648320960692104e+02
2.097784671301799335e+02 2.622571149341015939e+02
2.087852120483840395e+02 2.619333604957881789e+02
2.077925775662639580e+02 2.615808087438493317e+02
2.068004386546598425e+02 2.612052613312141034e+02
2.058084969930915804e+02 2.608205610437614155e+02
2.048165239180276842e+02 2.604373184178580800e+02
2.038244104086947175e+02 2.600605922789082456e+02
2.028320104289656456e+02 2.596971590535108589e+02
2.018395020963769184e+02 2.593387536607139054e+02
2.008471349521535672e+02 2.589737967890879986e+02
1.998550634352094448e+02 2.585951221025665063e+02
1.988632240075482969e+02 2.582056779165874900e+02
1.978717485713787596e+02 2.577993436522725119e+02
1.968807486252190984e+02 2.573709455109126907e+02
1.958902827300302363e+02 2.569177661234470520e+02
1.949003976397803228e+02 2.564376359936052268e+02
1.939110642463537033e+02 2.559319058077749105e+02
1.929221722793316474e+02 2.554056923778966279e+02
1.919334865468637190e+02 2.548699091700006534e+02
1.909447774374117444e+02 2.543352107102396644e+02
1.899526128084635843e+02 2.537940012877994604e+02
1.889494946661255881e+02 2.532326471890049220e+02
1.879356625087145289e+02 2.526415203389936721e+02
1.869170325398923183e+02 2.520243880804937362e+02
1.859091372687838088e+02 2.513847358799424399e+02
1.849283287801213191e+02 2.507364742820418257e+02
1.839965332186677074e+02 2.500943601244558465e+02
1.831304580941388735e+02 2.494713133797886826e+02
1.823327425575469647e+02 2.488642922040378949e+02
1.816006677726173280e+02 2.482597998851849184e+02
1.809260608375097945e+02 2.476441911655733463e+02
1.803064284805764714e+02 2.470084012219014937e+02
1.797395215954452397e+02 2.463491618371437255e+02
1.792161614177028639e+02 2.456632535018893293e+02
1.787164615610998339e+02 2.449469988982385757e+02
1.782131431879263346e+02 2.442083581348718440e+02
1.776777745094232728e+02 2.434601035965295068e+02
1.770896062248698684e+02 2.427115403869509862e+02
1.764403921238546218e+02 2.419895090671185471e+02
1.757312304199219284e+02 2.413393108146329666e+02
1.749652404280678866e+02 2.408117406282535171e+02
1.741406348053226338e+02 2.404499130069116291e+02
1.732587789742544828e+02 2.402793502940578776e+02
1.723202551248707266e+02 2.403095182306455513e+02
1.713321433843081536e+02 2.405285125989462074e+02
1.703023466887547670e+02 2.409051854420346217e+02
1.692448407753664128e+02 2.413967209366682027e+02
1.681800941851919333e+02 2.419459478186284684e+02
1.671214890149136068e+02 2.424884914698087073e+02
1.660861952156184600e+02 2.429533413433044871e+02
1.650842616251673576e+02 2.432853351424118671e+02
1.641316077477471538e+02 2.434442415234739769e+02
1.632413082006733589e+02 2.434168521209577705e+02
1.624272969281139467e+02 2.432059187889516352e+02
1.616996732778672765e+02 2.428415171055887640e+02
1.610585050640306690e+02 2.423721117822501583e+02
1.604916234447556462e+02 2.418407286215788190e+02
1.599745847070138893e+02 2.412811118020858601e+02
1.594752135823349590e+02 2.407139058803625744e+02
1.589547752703695096e+02 2.401451356901736744e+02
1.583737604019833043e+02 2.395742998617780302e+02
1.577087917388439564e+02 2.389870943979387334e+02
1.569547943256658868e+02 2.383756651324461870e+02
1.561284908912135734e+02 2.377399263467509059e+02
1.552570515044129138e+02 2.370904248847675717e+02
1.543729636724112879e+02 2.364343563799186825e+02
1.535015242856106568e+02 2.357848549179353199e+02
1.526716256859104988e+02 2.351490386542358237e+02
1.519026517500929288e+02 2.345372866355442909e+02
1.512148738869697127e+02 2.339531864544771338e+02
1.506166742316508476e+02 2.334041554310354627e+02
1.500999903954466390e+02 2.328881753876711116e+02
1.496362588790263999e+02 2.323911306297150361e+02
1.491902202334389358e+02 2.318987381553589557e+02
1.487264887170186967e+02 2.314016933974029087e+02
1.482133990462944269e+02 2.308857908104971841e+02
1.476301759136151190e+02 2.303370825402544995e+02
1.469687249377193154e+02 2.297535497196672054e+02
1.462314336455897887e+02 2.291424804812744469e+02
1.454229730682500872e+02 2.285071262200346212e+02
1.445460829470414978e+02 2.278575072913996848e+02
1.436110159517613738e+02 2.272003401544834276e+02
1.426302849411031275e+02 2.265484833913349973e+02
1.416223896699946181e+02 2.259088311907837010e+02
1.406037597011724074e+02 2.252916989322837935e+02
1.395899275437613483e+02 2.247005720822725152e+02
1.385867319234191370e+02 2.241428131487257644e+02
1.375941671063589524e+02 2.236201734146371223e+02
1.366009736962025727e+02 2.231267019080524108e+02
1.355961387783206931e+02 2.226450103126251179e+02
1.345836920599916766e+02 2.221564511221345128e+02
1.335742802049405782e+02 2.216399438319252511e+02
1.325726131702238035e+02 2.210714063306171795e+02
1.315818157009517790e+02 2.204400234321742005e+02
1.306110509059183187e+02 2.197414795595508679e+02
1.296781696302296609e+02 2.189709151919900023e+02
1.288035474890260161e+02 2.181299137020499757e+02
1.280011925477578814e+02 2.172217326582004375e+02
1.272853799477685754e+02 2.162534812773201907e+02
1.266770061703098520e+02 2.152306070513360794e+02
1.262013627991488818e+02 2.141723383663360778e+02
1.258845533204654714e+02 2.130982881906132036e+02
1.257490088323040709e+02 2.120323643656115848e+02
1.258084594650678696e+02 2.109975440490995879e+02
1.260654159606941676e+02 2.100185580773939193e+02
1.265119236413965211e+02 2.091194406412718081e+02
1.271316962199938700e+02 2.083310800129875417e+02
1.279017856309730234e+02 2.076709618215317619e+02
1.287908720215718859e+02 2.071385561386387053e+02
1.297621140934425910e+02 2.067262394264788554e+02
1.307884197789598772e+02 2.064254149744144229e+02
1.318463314241617752e+02 2.062149744730957082e+02
1.329078034925088900e+02 2.060663750386422635e+02
1.339518095519855763e+02 2.059525833684682823e+02
1.349730344725291502e+02 2.058406412941718031e+02
1.359799256103234484e+02 2.056985053808166981e+02
1.369843013927463744e+02 2.055062326341615631e+02
1.379897767336977950e+02 2.052629377342096291e+02
1.389960452546403644e+02 2.049828373800219197e+02
1.400026473877680360e+02 2.046872566201899701e+02
1.410089002665995963e+02 2.044078820974733048e+02
1.420142130028519034e+02 2.041721324456095203e+02
1.430184820483357271e+02 2.039848125489648112e+02
1.440219855137515310e+02 2.038330174039189444e+02
1.450250735583108792e+02 2.037004987831062408e+02
1.460279074293396206e+02 2.035797744238141718e+02
1.470304364946603641e+02 2.034731937805288453e+02
1.480328300165649011e+02 2.033729026768914139e+02
1.490354405673728877e+02 2.032625409115351545e+02
1.500382857713911449e+02 2.031412906743453277e+02
1.510410370365610788e+02 2.030243994250532182e+02
