1.254685896309109694e+02 2.094953753684150968e+02
1.259759296355140066e+02 2.088504371627508647e+02
1.265979516541355849e+02 2.082700720487011381e+02
1.273234486893290125e+02 2.077586754532338489e+02
1.281388045609202777e+02 2.073179756215483280e+02
1.290303332204738638e+02 2.069456808566273480e+02
1.299835666258376534e+02 2.066348348748879005e+02
1.309838525062941414e+02 2.063730165482081702e+02
1.320149861805631986e+02 2.061460767570179939e+02
1.330592435356394958e+02 2.059398979449008209e+02
1.341017629236644950e+02 2.057435874029222589e+02
1.351330227837684674e+02 2.055509342922820224e+02
1.361492629739515792e+02 2.053595933769278190e+02
1.371516916081911575e+02 2.051691724813659050e+02
1.381454286980757331e+02 2.049819389975635602e+02
1.391367348533286474e+02 2.048011349029869734e+02
1.401307058713450147e+02 2.046316790415967546e+02
1.411297397533893729e+02 2.044787448571140089e+02
1.421348218242143560e+02 2.043455477661729560e+02
1.431465538849029429e+02 2.042340516301374578e+02
1.441652049001065734e+02 2.041451341630932745e+02
1.451904379315364224e+02 2.040776958321443431e+02
1.462215640397510583e+02 2.040268364474529221e+02
1.472589757770052756e+02 2.039847786920183808e+02
1.483027669574653373e+02 2.039436987348161665e+02
1.493531016125498638e+02 2.038978210610904966e+02
1.504078802416163398e+02 2.038449190909411186e+02
1.514623177800949065e+02 2.037863953485434934e+02
1.525102133652573002e+02 2.037270461052019925e+02
1.535457767729507168e+02 2.036749838496382949e+02
1.545645774326480932e+02 2.036394575810309675e+02
1.555653152730243391e+02 2.036330273999986389e+02
1.565491959496464176e+02 2.036678976421501943e+02
1.575187691863080488e+02 2.037521499214688845e+02
1.584779797863278645e+02 2.038911007634910675e+02
1.594317324719030751e+02 2.040878031112504800e+02
1.603848457912586980e+02 2.043417248266036950e+02
1.613408732874688098e+02 2.046468779807251224e+02
1.623020985896940545e+02 2.049934069866278890e+02
1.632693441432855366e+02 2.053676880015117661e+02
1.642433991765826136e+02 2.057560843517490241e+02
1.652257415531557001e+02 2.061471110250511742e+02
1.662186434755626294e+02 2.065308751459244263e+02
1.672243409116730106e+02 2.068970891338618401e+02
1.682453488033920053e+02 2.072350515080213427e+02
1.692848912292306807e+02 2.075332724207209765e+02
1.703454694891069892e+02 2.077842278281198105e+02
1.714279256421398259e+02 2.079841193245733280e+02
1.725303835594544637e+02 2.081370569641499344e+02
1.736483141043772491e+02 2.082530363910005633e+02
1.747732416402810145e+02 2.083476428291455420e+02
1.758931542791841878e+02 2.084384613504390984e+02
1.769950033240144478e+02 2.085417380405856136e+02
1.780677790227878177e+02 2.086696385265007621e+02
1.791057444526988434e+02 2.088286095811543817e+02
1.801107415384161925e+02 2.090218018015556822e+02
1.810874865562849720e+02 2.092522129205875956e+02
1.820409916919712430e+02 2.095209939294961430e+02
1.829744223410661732e+02 2.098291704065335637e+02
1.838902264227431829e+02 2.101771092368597635e+02
1.847909149336951486e+02 2.105635776234078662e+02
1.856796346508432407e+02 2.109839736396238550e+02
1.865608881531072711e+02 2.114272900284437924e+02
1.874397650474274997e+02 2.118808241381290713e+02
1.883217064730006314e+02 2.123301193497027270e+02
1.892113433433678438e+02 2.127629796368951247e+02
1.901132869233186113e+02 2.131710084690510598e+02
1.910292552602544163e+02 2.135488222182927700e+02
1.919573316587405714e+02 2.138939751261262927e+02
1.928931198805212546e+02 2.142080873450745457e+02
1.938306131715758625e+02 2.144957523761047469e+02
1.947630121415420206e+02 2.147631035281688696e+02
1.956844226861362870e+02 2.150185047614949667e+02
1.965907229271304288e+02 2.152718677109567693e+02
1.974787007557171705e+02 2.155284104855039686e+02
1.983472142424284641e+02 2.157887685456703366e+02
1.991982940653127514e+02 2.160501723852428881e+02
2.000364852075354065e+02 2.163067601251691201e+02
2.008673197245599340e+02 2.165530786213698207e+02
2.016974380896623131e+02 2.167831551742316378e+02
2.025326169573111770e+02 2.169912221745315151e+02
2.033778237224793770e+02 2.171717756891135878e+02
2.042354303457904621e+02 2.173198697046540246e+02
2.051069929939909002e+02 2.174304933822951398e+02
2.059945889611109351e+02 2.174986299372586700e+02
2.069006426850869786e+02 2.175181939800178270e+02
2.078282566488046541e+02 2.174849339367528387e+02
2.087797723726582717e+02 2.173986510431740271e+02
2.097536965932794715e+02 2.172643190818974972e+02
2.107455465018295229e+02 2.170905148585591746e+02
2.117500866216606141e+02 2.168912261606992615e+02
2.127624402767676770e+02 2.166843387095539128e+02
2.137784574727623692e+02 2.164860753412679912e+02
2.147956029044740376e+02 2.163077127456345465e+02
2.158132422399630741e+02 2.161551402241393873e+02
2.168313121374283128e+02 2.160301238378846165e+02
2.178502025234366499e+02 2.159276252372125668e+02
2.188696037651772031e+02 2.158385040199700597e+02
2.198880291782222116e+02 2.157488503439432748e+02
2.209020858201143938e+02 2.156449400287749540e+02
2.219082452144944000e+02 2.155152585747545118e+02
2.229046026345656344e+02 2.153535902746149873e+02
2.238908671414403386e+02 2.151589857056034134e+02
2.248685754667057495e+02 2.149364596938414138e+02
2.258400674270358763e+02 2.146936477782052179e+02
2.268081483999230841e+02 2.144397047651988260e+02
2.277751107376911648e+02 2.141821113029776313e+02
2.287435263049487446e+02 2.139292601739428221e+02
2.297162872041738524e+02 2.136905891948046587e+02
2.306966687685244040e+02 2.134767867814282738e+02
2.316875745270812388e+02 2.132973280390307877e+02
2.326913492773452958e+02 2.131598647604531038e+02
2.337093223141137344e+02 2.130687348419989746e+02
2.347423699699274948e+02 2.130267980253136670e+02
2.357902133184813351e+02 2.130331440883823859e+02
2.368526289811521792e+02 2.130843921089950186e+02
2.379303182010783644e+02 2.131711201538010982e+02
2.390241201044199784e+02 2.132788782379117833e+02
2.401342415565338513e+02 2.133939006514389689e+02
2.412587615401577352e+02 2.135055839046891606e+02
2.423930520774555362e+02 2.136087507473161224e+02
2.435300744032620059e+02 2.137052924637899878e+02
2.446603916965527503e+02 2.138046711869546925e+02
2.457716071596471181e+02 2.139218643275430622e+02
2.468505155650728966e+02 2.140723511830008192e+02
2.478843681161198447e+02 2.142707693851869521e+02
2.488633828371152106e+02 2.145288643963714605e+02
2.497803549339467963e+02 2.148537367508160116e+02
2.506319537479869837e+02 2.152475554845061936e+02
2.514180468322441300e+02 2.157099020346696250e+02
2.521426641639578747e+02 2.162374046935122465e+02
2.528130255015739181e+02 2.168261347354157351e+02
2.534366503994611435e+02 2.174726980593068788e+02
2.540222843439976259e+02 2.181752096017890210e+02
2.545785048169478557e+02 2.189310858730556788e+02
2.551145400810283945e+02 2.197346928397172974e+02
2.556396336855842151e+02 2.205776442081642585e+02
2.561652945969596544e+02 2.214501440810060444e+02
2.567039870518811995e+02 2.223406604898580099e+02
2.572664401671150358e+02 2.232383134507854550e+02
2.578607782494038929e+02 2.241327503039876206e+02
2.584902526043965167e+02 2.250166282138013116e+02
2.591529384061932433e+02 2.258853587750290330e+02
2.598442715294767140e+02 2.267379015718457254e+02
2.605565245326174590e+02 2.275760200539555456e+02
2.612814218560752124e+02 2.284041840311193710e+02
2.620106194167250351e+02 2.292274417752993543e+02
2.627399832438989620e+02 2.300498359058834694e+02
2.634704217449643124e+02 2.308719007159139096e+02
2.642045537204448351e+02 2.316928337062834657e+02
2.649438821840035416e+02 2.325121742970007404e+02
2.656901243191894650e+02 2.333293962783553184e+02
2.664445909604377221e+02 2.341440979613090008e+02
2.672056433256755668e+02 2.349567815304070564e+02
2.679694588648868603e+02 2.357686183589356119e+02
2.687303008847010801e+02 2.365813663857932738e+02
2.694838601722812541e+02 2.373963461160827251e+02
2.702260024839382595e+02 2.382148244377702326e+02
2.709548088957396885e+02 2.390373893814173130e+02
2.716678910310121751e+02 2.398647728355854838e+02
2.723642363633758237e+02 2.406972850764902887e+02
2.730454799480248766e+02 2.415352377249135145e+02
2.737160259262579984e+02 2.423800570011823368e+02
2.743806261297999072e+02 2.432327780957431855e+02
2.750417479135625172e+02 2.440945787847795714e+02
2.757007947395310907e+02 2.449644244652486691e+02
2.763586791123262856e+02 2.458395964756568048e+02
2.770175166528287605e+02 2.467134556024745962e+02
2.776809791820969622e+02 2.475765669964655444e+02
2.783567123286156857e+02 2.484190091673145844e+02
2.790540067673724138e+02 2.492300887704430181e+02
2.797792740640190914e+02 2.499998880471378015e+02
2.805354622887227265e+02 2.507205797484384107e+02
2.813213786758053629e+02 2.513885957577495560e+02
2.821346780624642179e+02 2.520055803416033768e+02
2.829727561841299917e+02 2.525752401889607484e+02
2.838318157769851382e+02 2.531027269361151468e+02
2.847092325215404571e+02 2.535947467796203796e+02
2.856034824174314508e+02 2.540576886088862238e+02
2.865158655760136526e+02 2.544976176746462784e+02
2.874484342614706520e+02 2.549192925099436025e+02
2.884027572529232657e+02 2.553275424093508832e+02
2.893795204911584165e+02 2.557253942311793935e+02
2.903801098396308475e+02 2.561144659347875177e+02
2.914049023251956783e+02 2.564975715471385911e+02
2.924522126539982310e+02 2.568777543969404746e+02
2.935203121811504730e+02 2.572582269361928411e+02
2.946061932609119367e+02 2.576398470210024243e+02
2.957066322806158496e+02 2.580205526471562507e+02
2.968177565007403018e+02 2.583973888091388744e+02
2.979356753703478944e+02 2.587649805204942481e+02
2.990561123322155481e+02 2.591166863117827575e+02
3.001770158831077993e+02 2.594461220902360310e+02
3.012994898640554311e+02 2.597500911563093950e+02
3.024256802461300140e+02 2.600315212443077826e+02
3.035572011447276850e+02 2.602953930080524856e+02
3.046933867120080777e+02 2.605496260829299331e+02
3.058326693853337019e+02 2.608040407043434925e+02
3.069737333197791145e+02 2.610686027483274643e+02
3.081159794535874994e+02 2.613514634460779575e+02
3.092601956475956513e+02 2.616579413647235697e+02
3.104088730790310819e+02 2.619906879729180673e+02
3.115638393642693700e+02 2.623466090076825594e+02
3.127251575483450097e+02 2.627206062656742915e+02
3.138935078995124854e+02 2.631058413353743504e+02
3.150694796777177658e+02 2.634961071771730303e+02
3.162531062409211700e+02 2.638852018487740452e+02
3.174419560106351810e+02 2.642671631291937047e+02
3.186321436399172171e+02 2.646372712616442868e+02
3.198179661903080842e+02 2.649938140084286715e+02
3.209924842731217041e+02 2.653348566350264832e+02
3.221478344700378784e+02 2.656603979925079102e+02
3.232761950248257108e+02 2.659696888983405643e+02
3.243699732171826327e+02 2.662631200895259553e+02
3.254228198819185991e+02 2.665404303431885182e+02
3.264299258380927995e+02 2.668040493248769849e+02
3.273890286065163764e+02 2.670584031557960998e+02
3.282990431014032424e+02 2.673088624410177090e+02
3.291605176549641101e+02 2.675601006158721020e+02
3.299732100438897078e+02 2.678147846895209909e+02
3.307373272796603487e+02 2.680755015330951210e+02
3.314562723125914658e+02 2.683451304744934873e+02
3.321355797144244093e+02 2.686264760144990191e+02
3.327835248511771624e+02 2.689217778426586847e+02
3.334097589496740852e+02 2.692344479825341068e+02
3.340250583582798072e+02 2.695671740168543806e+02
3.346393456240868431e+02 2.699221270165984947e+02
3.352610078115864667e+02 2.702976823617437390e+02
3.358960663970620999e+02 2.706920523696090299e+02
3.365483775268943987e+02 2.711021445148360272e+02
3.372178196879332290e+02 2.715226849601545496e+02
3.379021254834966612e+02 2.719482813910069581e+02
3.385958038021587981e+02 2.723746465010934799e+02
3.392925150572533539e+02 2.728001543722422184e+02
3.399883455929914930e+02 2.732245766442867421e+02
3.406824675321448694e+02 2.736497306285087916e+02
3.413776721729895485e+02 2.740774928533347179e+02
3.420780630662823114e+02 2.745106022151090315e+02
3.427881088520759931e+02 2.749511083969971423e+02
3.435103643938963387e+02 2.754019048264415233e+02
3.442445606036306458e+02 2.758657483250881342e+02
3.449856601479837650e+02 2.763471978474522643e+02
3.457271264798866355e+02 2.768507801912337527e+02
3.464612874971022052e+02 2.773824463607396069e+02
3.471828426316411083e+02 2.779476130782252881e+02
3.478882889185051681e+02 2.785525288907394952e+02
3.485779083497560009e+02 2.792019708141369847e+02
3.492534405218320330e+02 2.798997828565125019e+02
3.499193931173353462e+02 2.806458962969908271e+02
3.505800593079126202e+02 2.814368221686457900e+02
3.512366884607513953e+02 2.822647872982751664e+02
3.518877731584913704e+02 2.831200498278476516e+02
3.525308870508631003e+02 2.839929852888913047e+02
3.531653762500531002e+02 2.848751183277422570e+02
3.537906370037650277e+02 2.857602874436769298e+02
3.544083777252338336e+02 2.866427908701955403e+02
3.550215789970403648e+02 2.875192762088315703e+02
3.556361800933947848e+02 2.883873189128530612e+02
3.562586889135733372e+02 2.892468585834791384e+02
3.568967983007685234e+02 2.900980291744808710e+02
3.575561935911318301e+02 2.909418642998316500e+02
3.582415426384195030e+02 2.917777462166152418e+02
3.589548437241556371e+02 2.926050625761154720e+02
3.596951617673208261e+02 2.934240999223727044e+02
3.604561204332335365e+02 2.942368122044728125e+02
3.612273544730886670e+02 2.950463757250156505e+02
3.619985808640192886e+02 2.958559415894770268e+02
3.627597976811337048e+02 2.966685747643266495e+02
3.635065150057538403e+02 2.974856511297425072e+02
3.642391898611181773e+02 2.983070306365923443e+02
3.649610357516298791e+02 2.991317285461030338e+02
3.656754497558799244e+02 2.999587038654569255e+02
3.663831365310373371e+02 3.007877406611592050e+02
3.670802563170059329e+02 3.016200155803127245e+02
3.677627599643817575e+02 3.024567694347900897e+02
3.684268058008375419e+02 3.032991794576736879e+02
3.690701651209988086e+02 3.041479286082256408e+02
3.696911159607387845e+02 3.050035445611053433e+02
3.702895827869280652e+02 3.058660504625082694e+02
3.708664461819990379e+02 3.067351764688136200e+02
3.714244205580316134e+02 3.076100907819323425e+02
3.719666333690283295e+02 3.084898350321749945e+02
3.724966757850392582e+02 3.093733087497910219e+02
3.730180997753763563e+02 3.102594234776124154e+02
3.735327860193496008e+02 3.111476029046701797e+02
3.740392831335362871e+02 3.120382917895057062e+02
3.745314920567678314e+02 3.129333591141580655e+02
3.750010018404473158e+02 3.138353823100422915e+02
3.754380935698892472e+02 3.147473396186425703e+02
3.758352827724761482e+02 3.156715245642418495e+02
3.761886790139870982e+02 3.166091293224033052e+02
3.764974313515721178e+02 3.175604146540634929e+02
3.767631011219436346e+02 3.185249021068520960e+02
3.769919145496398869e+02 3.195006837310846777e+02
3.771908178142171550e+02 3.204856309557446821e+02
3.773655112766547859e+02 3.214779969755466027e+02
3.775179511493921041e+02 3.224771823333260272e+02
3.776476708480349771e+02 3.234833300081133984e+02
3.777535478929139572e+02 3.244967839699531851e+02
3.778362353109575906e+02 3.255173441068006923e+02
3.779002975978579002e+02 3.265436116852723671e+02
3.779518950061793703e+02 3.275736989719808889e+02
3.779961466762234181e+02 3.286068499328168855e+02
3.780354508188399905e+02 3.296451054807424157e+02
3.780675699634135754e+02 3.306908299283943506e+02
3.780860716681861504e+02 3.317451524697456762e+02
3.780824423341636589e+02 3.328075850861799836e+02
3.780448755628553386e+02 3.338773759381685977e+02
3.779614095175831494e+02 3.349544263936304560e+02
3.778226504082018664e+02 3.360404854930761758e+02
3.776225361715411850e+02 3.371372152979121211e+02
3.773589082137441437e+02 3.382459644380212467e+02
3.770335760200763957e+02 3.393657297284390779e+02
3.766525570002885388e+02 3.404943586680865906e+02
3.762246603435983161e+02 3.416289112329289424e+02
3.757576719765398821e+02 3.427657976924740524e+02
3.752573183103173733e+02 3.438993390468346547e+02
3.747249433783107406e+02 3.450208901191893460e+02
3.741599993838474916e+02 3.461212705327045569e+02
3.735622034693682849e+02 3.471922259236494597e+02
3.729327178739762303e+02 3.482270776806963113e+02
3.722746338830306740e+02 3.492205035234289880e+02
3.715918337897743413e+02 3.501675746832206642e+02
3.708862946249957986e+02 3.510628720976744717e+02
3.701596411905505875e+02 3.519017351895803927e+02
3.694131110844102182e+02 3.526802432993942489e+02
3.686463660263203224e+02 3.533985314658864354e+02
3.678586636335968478e+02 3.540608633060600710e+02
3.670482228050648246e+02 3.546747785408387585e+02
3.662138650540341018e+02 3.552488789385940890e+02
3.653552861199034396e+02 3.557917180106219917e+02
3.644752222987206096e+02 3.563108223503708700e+02
3.635787234743650060e+02 3.568138996406186152e+02
3.626725785684675998e+02 3.573103597429523575e+02
3.617637760412497414e+02 3.578080724720927037e+02
3.608580444572619967e+02 3.583114720084810756e+02
3.599584630370573564e+02 3.588205006391519305e+02
3.590646848694726714e+02 3.593312787508971269e+02
3.581734233099289781e+02 3.598385590213125624e+02
3.572795531416666108e+02 3.603346746327295023e+02
3.563791399248236758e+02 3.608094382714209019e+02
3.554688028499082861e+02 3.612518173199194962e+02
3.545452197053919008e+02 3.616509703838702308e+02
3.536063899568080160e+02 3.620003691062174198e+02
3.526512828659822958e+02 3.622966498724147186e+02
3.516803569619775089e+02 3.625413090033162575e+02
3.506937310260522622e+02 3.627373860878765868e+02
3.496898135916229649e+02 3.628887460182174891e+02
3.486676669134689064e+02 3.629978066503937271e+02
3.476289777227428317e+02 3.630673247693114263e+02
3.465783854107702382e+02 3.631023339773713019e+02
3.455223293353964209e+02 3.631095879913678459e+02
3.444664295217930317e+02 3.630951429723845649e+02
3.434135562068955210e+02 3.630646792482231717e+02
3.423647358038529092e+02 3.630209080721081705e+02
3.413196398733232968e+02 3.629650000445686828e+02
3.402787673647969768e+02 3.628971191759887347e+02
3.392431655013822933e+02 3.628170240460676723e+02
3.382163967359920207e+02 3.627238447155867220e+02
3.372045444387715634e+02 3.626163163107685250e+02
3.362144139973920574e+02 3.624920521857139875e+02
3.352506043977663808e+02 3.623465680958298663e+02
3.343137575959469814e+02 3.621759177748521665e+02
3.334026870094042465e+02 3.619765908276605728e+02
3.325161224283956471e+02 3.617485685938740971e+02
3.316525743173777414e+02 3.614947277328164432e+02
3.308084491121705923e+02 3.612176797255777956e+02
3.299780033580683494e+02 3.609233483056128762e+02
3.291564711753016468e+02 3.606203217174467568e+02
3.283398069469959069e+02 3.603158013129042843e+02
3.275231678104289585e+02 3.600147895306561168e+02
3.267017280404256780e+02 3.597170885790604871e+02
3.258704066818872889e+02 3.594184287525907280e+02
3.250261265462956999e+02 3.591106829843819810e+02
3.241689179100213778e+02 3.587862330837473905e+02
3.233009705965682201e+02 3.584399618910235858e+02
3.224246039447599514e+02 3.580685094121001839e+02
3.215405016396017572e+02 3.576716117534122645e+02
3.206457603979710029e+02 3.572507369722169415e+02
3.197371481428621678e+02 3.568085123300598411e+02
3.188135353611959317e+02 3.563453885421546374e+02
3.178765118016650035e+02 3.558591914150661637e+02
3.169290349645681317e+02 3.553475273914033323e+02
3.159765845984114776e+02 3.548096533491657283e+02
3.150244569381185329e+02 3.542461761784878718e+02
3.140754442527289712e+02 3.536602418313101452e+02
3.131316564213393576e+02 3.530552848578499265e+02
3.121928881576758386e+02 3.524361270045281458e+02
3.112591196225425847e+02 3.518069903683836515e+02
3.103298070820055727e+02 3.511726571208279779e+02
3.094071052057440170e+02 3.505359707504882749e+02
3.084941781270108550e+02 3.498989937080324353e+02
3.075915181484443224e+02 3.492619160963599825e+02
3.066979055934867802e+02 3.486224540417670710e+02
3.058117865826104662e+02 3.479779805300904627e+02
3.049346211982044679e+02 3.473243111411294421e+02
3.040687165186498078e+02 3.466581346114779763e+02
3.032158496733332527e+02 3.459762089890786001e+02
3.023754493543236777e+02 3.452761374793535651e+02
3.015463230958989129e+02 3.445586431960568348e+02
3.007262274584845727e+02 3.438261665397449178e+02
2.999105090365002297e+02 3.430818571301575162e+02
2.990940440410284964e+02 3.423282169849062484e+02
2.982725349854414389e+02 3.415660860859455852e+02
2.974424031679436666e+02 3.407947318054992820e+02
2.966038816535485694e+02 3.400125494362110317e+02
2.957616644368462175e+02 3.392199758576833233e+02
2.949245652188570261e+02 3.384182156056460258e+02
2.941014031819911452e+02 3.376091430030745073e+02
2.932980558521408625e+02 3.367953267193492479e+02
2.925172848370804104e+02 3.359790173998223395e+02
2.917613739931454120e+02 3.351603571333341733e+02
2.910330369365011620e+02 3.343368356983194190e+02
2.903345766765149278e+02 3.335049715508885129e+02
2.896669932124805769e+02 3.326636455903257001e+02
2.890305676423732848e+02 3.318127716776249372e+02
2.884233925156473788e+02 3.309529343274700750e+02
2.878414502347122834e+02 3.300853646830696562e+02
2.872817797096731169e+02 3.292109701338853256e+02
2.867435309537954709e+02 3.283300111478637291e+02
2.862265940137897928e+02 3.274425214188338487e+02
2.857294238069082439e+02 3.265489744183389575e+02
2.852498384774387432e+02 3.256500387491403217e+02
2.847836617126076817e+02 3.247469941907559132e+02
2.843254216630548399e+02 3.238415175239053951e+02
2.838709659188955357e+02 3.229348812033613285e+02
2.834170465555663441e+02 3.220280805155302914e+02
2.829625334444733085e+02 3.211214617743752910e+02
2.825074868208968155e+02 3.202150065215378163e+02
2.820549155805097143e+02 3.193077927180656275e+02
2.816102571525118492e+02 3.183981541308726264e+02
2.811786171940031522e+02 3.174845261943390256e+02
2.807617425281149508e+02 3.165663736160702797e+02
2.803592468841601999e+02 3.156438147639521503e+02
2.799697056499519476e+02 3.147172861928112297e+02
2.795904283162993238e+02 3.137876123759908751e+02
2.792176822080492116e+02 3.128559371457344014e+02
2.788475147434691621e+02 3.119234717219430877e+02
2.784765011166169870e+02 3.109912655941392359e+02
2.781015626353836865e+02 3.100602621895318975e+02
2.777191884434265035e+02 3.091315373667269455e+02
2.773286968303498270e+02 3.082053000274635224e+02
2.769309588174305077e+02 3.072812832580188456e+02
2.765270414296354602e+02 3.063591600817577500e+02
2.761168385381372445e+02 3.054389630205499770e+02
2.756970008701230199e+02 3.045217184177222975e+02
2.752632077393692498e+02 3.036087502942553442e+02
2.748125831502659366e+02 3.027009399635168734e+02
2.743449244063140782e+02 3.017983495393480098e+02
2.738641439323924374e+02 3.008997801074198151e+02
2.733791479449589019e+02 3.000025024675923646e+02
2.728992585707408125e+02 2.991036599691552738e+02
2.724306408428805071e+02 2.982013634137722988e+02
2.719780705586090335e+02 2.972941493173102572e+02
2.715438471758523633e+02 2.963813130392607036e+02
2.711280223248509174e+02 2.954628387581735183e+02
2.707271492090045513e+02 2.945397827023368791e+02
2.703356326400456737e+02 2.936138594481566884e+02
2.699460149165925031e+02 2.926873543162010378e+02
2.695519110989234832e+02 2.917622238924641351e+02
2.691484851545270658e+02 2.908399501194373897e+02
2.687306724416890802e+02 2.899212723308107797e+02
2.682928880163919985e+02 2.890051261486802332e+02
2.678269141279997143e+02 2.880915384706839859e+02
2.673252676393631191e+02 2.871808685452156169e+02
2.667828947368659556e+02 2.862760822438047512e+02
2.661995801971530682e+02 2.853824603697906355e+02
2.655783103647702319e+02 2.845067584156240628e+02
2.649202286021096029e+02 2.836569022082298943e+02
2.642273327279291379e+02 2.828395443529029194e+02
2.635034974890843387e+02 2.820586464404607341e+02
2.627531195815066098e+02 2.813153953701774981e+02
2.619830338444867266e+02 2.806076234769799385e+02
2.612006774678769716e+02 2.799307361061366919e+02
2.604095020949003469e+02 2.792797063586970125e+02
2.596116087296705928e+02 2.786489087924815067e+02
2.588091813630686602e+02 2.780322856804550611e+02
2.580041160244772982e+02 2.774239522556231350e+02
2.571969593622537218e+02 2.768179310371974680e+02
2.563860649774256899e+02 2.762061700467613719e+02
2.555681885049115181e+02 2.755802116936284847e+02
2.547398762664018363e+02 2.749341611805050434e+02
2.538969825370277817e+02 2.742650634829728347e+02
2.530339349365978023e+02 2.735746188668933883e+02
2.521458721441508146e+02 2.728665510636632803e+02
2.512296342752505609e+02 2.721466342852936009e+02
2.502831873691740157e+02 2.714247333746506570e+02
2.493065502795677162e+02 2.707122344826442486e+02
2.483009483628460430e+02 2.700219216110601224e+02
2.472704807786869310e+02 2.693683149586205445e+02
2.462206183744797841e+02 2.687654244399877257e+02
2.451581246684540929e+02 2.682254508376840931e+02
2.440875328654529142e+02 2.677555625499860525e+02
2.430102789187301369e+02 2.673572304036180185e+02
2.419273747319461449e+02 2.670281863908678588e+02
2.408385715947913468e+02 2.667646358549419574e+02
2.397428735619882332e+02 2.665617894185315890e+02
2.386401114590956070e+02 2.664139412508464488e+02
2.375320384227096611e+02 2.663140235334766430e+02
2.364223174013783364e+02 2.662518113448608119e+02
2.353170101612750500e+02 2.662162829673534361e+02
2.342247154929218595e+02 2.661954394768544603e+02
2.331523539949219526e+02 2.661760547891749411e+02
2.321038721391178683e+02 2.661462796294849227e+02
2.310804723218245158e+02 2.660957676649024961e+02
2.300784035456362062e+02 2.660185583231010469e+02
2.290923167383440955e+02 2.659119711997257696e+02
2.281201965593279510e+02 2.657768769785220115e+02
2.271621774389284951e+02 2.656165813407333189e+02
2.262181123018084747e+02 2.654325873385361092e+02
2.252868073348489020e+02 2.652236511631681992e+02
2.243665098610308064e+02 2.649886165909196620e+02
2.234545190319302321e+02 2.647288614061678231e+02
2.225460762066376503e+02 2.644500588073663607e+02
2.216360305711116325e+02 2.641576978130715361e+02
2.207206774913271374e+02 2.638585395516462313e+02
2.197972967876710300e+02 2.635582538240456643e+02
2.188638928480127390e+02 2.632609601051423738e+02
2.179196233423352282e+02 2.629711419472268972e+02
2.169641216464521278e+02 2.626913402744825703e+02
2.159977396157330531e+02 2.624222766628229238e+02
2.150222643506654094e+02 2.621648374044391971e+02
2.140401341863482116e+02 2.619187710575989740e+02
2.130541504084692690e+02 2.616827579615522268e+02
2.120665049339903021e+02 2.614531895469103802e+02
2.110781516974755050e+02 2.612254549765640945e+02
2.100874265110976467e+02 2.609933589639280740e+02
2.090896682441609755e+02 2.607503088580455142e+02
2.080787385082371088e+02 2.604911781711809908e+02
2.070485157951287363e+02 2.602100968383952022e+02
2.059926998610329463e+02 2.599039563518430214e+02
2.049083706497549713e+02 2.595701937856925952e+02
2.037958251068276638e+02 2.592103549760769852e+02
2.026593072276759528e+02 2.588280603562345732e+02
2.015054042777874770e+02 2.584273857915206349e+02
2.003403361213323990e+02 2.580142151346445303e+02
1.991697729389684071e+02 2.575941436243241469e+02
1.979988766445512738e+02 2.571716232452118334e+02
1.968351956980186230e+02 2.567463918722031622e+02
1.956870883581189844e+02 2.563167479487484002e+02
1.945627465140620700e+02 2.558778394043434332e+02
1.934688566820006201e+02 2.554240622290187730e+02
1.924113022958312627e+02 2.549518062041404391e+02
1.913937050538416145e+02 2.544616234379520847e+02
1.904172689088424875e+02 2.539553403352908845e+02
1.894818618014568870e+02 2.534384203487576315e+02
1.885891982817442738e+02 2.529173152657088792e+02
1.877401920827454660e+02 2.523993926950464015e+02
1.869339658830712381e+02 2.518891960689728364e+02
1.861664026680153938e+02 2.513877140162908290e+02
1.854320965153007421e+02 2.508940772698766466e+02
1.847237176498756810e+02 2.504051215150029179e+02
1.840344734335047292e+02 2.499162815857580142e+02
1.833599249338854804e+02 2.494249903886463358e+02
1.826968516512495739e+02 2.489293564929284912e+02
1.820416706870803978e+02 2.484251897699406300e+02
1.813898276041051929e+02 2.479063344823484272e+02
1.807357485515220787e+02 2.473652571072549904e+02
1.800728432243140276e+02 2.467943768583698443e+02
1.793946674672778272e+02 2.461906753472624132e+02
1.786939965866289128e+02 2.455544985171627559e+02
1.779632225375109442e+02 2.448907538079802748e+02
1.771960965670579640e+02 2.442108664295869289e+02
1.763912410405542630e+02 2.435342562446906243e+02
1.755514201256293916e+02 2.428873605669845119e+02
1.746834105562263630e+02 2.422993249172406536e+02
1.737932792258006884e+02 2.417972343707735376e+02
1.728839626599795452e+02 2.414042353219944914e+02
1.719577145201198789e+02 2.411350066452297938e+02
1.710155756321025535e+02 2.409963613753014329e+02
1.700612407391780323e+02 2.409868305243560656e+02
1.691003108760666294e+02 2.410985101878483192e+02
1.681377648341101008e+02 2.413162131481009567e+02
1.671772035081602326e+02 2.416187505171472480e+02
1.662233173871193515e+02 2.419779392316005442e+02
1.652801618590984276e+02 2.423616396750308297e+02
1.643523836884115497e+02 2.427348535104574694e+02
1.634429858952563848e+02 2.430640138181275915e+02
1.625542199559010328e+02 2.433174835650006003e+02
1.616848726651095092e+02 2.434668147848389026e+02
1.608322509801820104e+02 2.434877886835557774e+02
1.599920192427773031e+02 2.433658675872399613e+02
1.591626607896909036e+02 2.430980271406339170e+02
1.583450946128933765e+02 2.426928193902036242e+02
1.575417407383183388e+02 2.421684628000579380e+02
1.567551935777785559e+02 2.415489532810223068e+02
1.559855003616783620e+02 2.408600431196998102e+02
1.552310181447484752e+02 2.401251671048635785e+02
1.544879894517643777e+02 2.393638290524976924e+02
1.537512818984455407e+02 2.385886568674400792e+02
1.530146182588716499e+02 2.378078871725269323e+02
1.522739988828453761e+02 2.370278098525980681e+02
1.515273924413594671e+02 2.362526599173895079e+02
1.507733372533407419e+02 2.354862206519078427e+02
1.500113255211223020e+02 2.347304664822796667e+02
1.492417659882973737e+02 2.339885709184977713e+02
1.484654637385469584e+02 2.332612191483222546e+02
1.476825671552647350e+02 2.325483322327353335e+02
1.468932473209964940e+02 2.318474751884183434e+02
1.460996951364521976e+02 2.311573365508925235e+02
1.453072717687703914e+02 2.304778067440983023e+02
1.445222827397059859e+02 2.298116872561042214e+02
1.437498770330494722e+02 2.291627803471492655e+02
1.429892410793968054e+02 2.285355576184930442e+02
1.422349244009841414e+02 2.279342810387117879e+02
1.414799971853979628e+02 2.273618732299012777e+02
1.407196806449040309e+02 2.268184943569485768e+02
1.399497867269371341e+02 2.263021332160572570e+02
1.391655172313013509e+02 2.258091049218993476e+02
1.383606579590437775e+02 2.253342915753577813e+02
1.375298019905470994e+02 2.248703835708855650e+02
1.366691076676721650e+02 2.244077728300721901e+02
1.357787894042772621e+02 2.239357286196390362e+02
1.348634780856642692e+02 2.234454781483358374e+02
1.339321152599148093e+02 2.229293185998656384e+02
1.329941217178446209e+02 2.223808038959318196e+02
1.320560758959152565e+02 2.217949739510793847e+02
1.311232493619134516e+02 2.211658634658129188e+02
1.302007315506414784e+02 2.204870117644406662e+02
1.292966995270883785e+02 2.197527094986492102e+02
1.284227413551542725e+02 2.189602245879041220e+02
1.275955511039941257e+02 2.181118180640610262e+02
1.268356235038309308e+02 2.172175391859524325e+02
1.261657845476797206e+02 2.162922734099662421e+02
1.256065871994910026e+02 2.153530554874612335e+02
1.251733247167968273e+02 2.144166440948187073e+02
1.248763814911335430e+02 2.134976017803191439e+02
1.247204309835720437e+02 2.126090804306188033e+02
1.247056327496235042e+02 2.117601095524062202e+02
1.248282725852483281e+02 2.109557295656395013e+02
1.250840940402300703e+02 2.101991431130638261e+02
1.254685896309109694e+02 2.094953753684150968e+02
