1.292816446473545113e+02 2.061093530064519541e+02
1.302639442375390217e+02 2.057628436083278416e+02
1.313005767658023899e+02 2.055518905676781287e+02
1.323603162088931242e+02 2.054529158114284257e+02
1.334231075875358101e+02 2.054341080235533923e+02
1.344764949542586692e+02 2.054601416032289762e+02
1.355119024201041498e+02 2.054983204161028425e+02
1.365287892146520221e+02 2.055222964178574898e+02
1.375334555463315667e+02 2.055134740257447561e+02
1.385325941768998348e+02 2.054620148898489447e+02
1.395280807196896831e+02 2.053660523533654896e+02
1.405201647922385177e+02 2.052286281912837467e+02
1.415093628051399151e+02 2.050560352500262127e+02
1.424967019361962457e+02 2.048607904536065689e+02
1.434831348541742955e+02 2.046545027781304213e+02
1.444694501607437758e+02 2.044467819203362637e+02
1.454568636372593176e+02 2.042524430785251752e+02
1.464467322314810076e+02 2.040880216684395236e+02
1.474399316494945538e+02 2.039641888187849759e+02
1.484365813838367103e+02 2.038824006348233411e+02
1.494365161405876563e+02 2.038406428874416179e+02
1.504390048151710175e+02 2.038300065246644408e+02
1.514426993747386803e+02 2.038340647655703890e+02
1.524465566927924556e+02 2.038401063394476864e+02
1.534501983354051049e+02 2.038435197479755630e+02
1.544541668036008559e+02 2.038509157688418156e+02
1.554589831698997386e+02 2.038686440575040137e+02
1.564653352729288827e+02 2.039050864382279542e+02
1.574737584981404837e+02 2.039667669801746115e+02
1.584848938195322603e+02 2.040614964273120790e+02
1.594993614369031434e+02 2.041968323745758767e+02
1.605173429200216333e+02 2.043749873843761975e+02
1.615383572725777412e+02 2.045901001596253934e+02
1.625620235252106340e+02 2.048375283058608716e+02
1.635882933411035651e+02 2.051166828030897022e+02
1.646172032795747668e+02 2.054280091537430621e+02
1.656485491973170951e+02 2.057690197200840885e+02
1.666815141121609827e+02 2.061297589679164446e+02
1.677145241740823565e+02 2.064910483664020830e+02
1.687453572799112749e+02 2.068258099389088329e+02
1.697719985777357579e+02 2.071094912192310176e+02
1.707932582130555943e+02 2.073275929470335086e+02
1.718087952109318053e+02 2.074759600895737890e+02
1.728194392307024998e+02 2.075647026617570532e+02
1.738265127055141761e+02 2.076099354931378684e+02
1.748315060614431786e+02 2.076298205318252030e+02
1.758381676976586334e+02 2.076453124066314899e+02
1.768537751299262766e+02 2.076784086001690071e+02
1.778802731838532054e+02 2.077488712571179690e+02
1.789125167071791225e+02 2.078695883683309944e+02
1.799414213196312176e+02 2.080461115280887725e+02
1.809584186061080118e+02 2.082854379741070829e+02
1.819576507647498715e+02 2.085914658652297362e+02
1.829373450608470648e+02 2.089694307306227756e+02
1.838988618375196893e+02 2.094173125426638080e+02
1.848454580594972754e+02 2.099231297788388702e+02
1.857810551805998216e+02 2.104652572604680358e+02
1.867103117923995228e+02 2.110272498743087795e+02
1.876377629816570050e+02 2.115972830885278029e+02
1.885675329778874527e+02 2.121655316727510012e+02
1.895043962618659066e+02 2.127230882889175234e+02
1.904535415761729951e+02 2.132599681073628517e+02
1.914193505149517307e+02 2.137601531008123743e+02
1.924046750278446893e+02 2.142067263372678099e+02
1.934123520933517852e+02 2.145909515164830452e+02
1.944458085457138452e+02 2.149147036456810724e+02
1.955000466882077887e+02 2.151884615843640063e+02
1.965608854674041481e+02 2.154264016696337762e+02
1.976105579481047698e+02 2.156445236301965167e+02
1.986352340299776529e+02 2.158612804271642176e+02
1.996307470660368608e+02 2.160972778779896544e+02
2.006016610734330925e+02 2.163682484078021844e+02
2.015518507591442869e+02 2.166781012081849553e+02
2.024846019591290087e+02 2.170152065739802936e+02
2.034041745667125269e+02 2.173620634631090525e+02
2.043151949489225103e+02 2.177018340823332210e+02
2.052215810188833984e+02 2.180151731809243074e+02
2.061266260381613051e+02 2.182821295672071642e+02
2.070338285100733628e+02 2.184782471706155889e+02
2.079480878923934881e+02 2.185900160113745869e+02
2.088751742972637828e+02 2.186183381847495752e+02
2.098204407569923831e+02 2.185767743076184217e+02
2.107871979357340706e+02 2.184870704619236790e+02
2.117747688968678972e+02 2.183678152899722136e+02
2.127780573683150180e+02 2.182321867562843352e+02
2.137884699077897324e+02 2.180868771237570627e+02
2.147965333139926258e+02 2.179326999138339431e+02
2.157962276282477774e+02 2.177718829518091752e+02
2.167882605480916993e+02 2.176091130584812845e+02
2.177780876757041142e+02 2.174441863469803593e+02
2.187674625964474444e+02 2.172737491590982302e+02
2.197556582951543760e+02 2.170889422753463123e+02
2.207421334976235130e+02 2.168831698677828399e+02
2.217268159848884181e+02 2.166555518946923087e+02
2.227102778652958364e+02 2.164130599209664183e+02
2.236937541404236640e+02 2.161707433575938069e+02
2.246784250137664287e+02 2.159429838602409859e+02
2.256653827665209349e+02 2.157430916861101196e+02
2.266555387644210668e+02 2.155821725031909466e+02
2.276492913977109254e+02 2.154650809923394945e+02
2.286462216655240525e+02 2.153867113169666823e+02
2.296450220201634806e+02 2.153311300377696114e+02
2.306439953568119563e+02 2.152776566727606564e+02
2.316422250752918899e+02 2.152151217683671121e+02
2.326394863398855080e+02 2.151407855344691598e+02
2.336355245439761745e+02 2.150515454004438993e+02
2.346307596698885050e+02 2.149525191626771061e+02
2.356256972503875886e+02 2.148498671131767992e+02
2.366205035608514322e+02 2.147456154408528448e+02
2.376154512012971622e+02 2.146430859792698698e+02
2.386133731157508464e+02 2.145520778567637876e+02
2.396207216589902487e+02 2.144845333567771775e+02
2.406390245368841931e+02 2.144551317103450572e+02
2.416629178955685973e+02 2.144740958669304405e+02
2.426834493608994023e+02 2.145485860134851919e+02
2.436921622404345840e+02 2.146869608112622814e+02
2.446831766495046736e+02 2.148928493236771260e+02
2.456543230989197184e+02 2.151666523320346300e+02
2.466091682147602171e+02 2.155085126067837393e+02
2.475571049446464826e+02 2.159145479092656217e+02
2.485057373320346983e+02 2.163793120724689629e+02
2.494592909030584167e+02 2.168900327073887411e+02
2.504145994124528443e+02 2.174285820426252371e+02
2.513652880009480839e+02 2.179775431148870837e+02
2.523025353287530663e+02 2.185251931310647819e+02
2.532220248925490580e+02 2.190681447817393916e+02
2.541214075706180893e+02 2.196106865649177564e+02
2.549926954380771065e+02 2.201619865138164585e+02
2.558255915135160024e+02 2.207324436392943312e+02
2.566136600957609062e+02 2.213333170265895262e+02
2.573518717074147730e+02 2.219815818990323351e+02
2.580379387388024952e+02 2.226868124320949960e+02
2.586710401261013317e+02 2.234474886868974863e+02
2.592569969902136791e+02 2.242537023691143077e+02
2.598063280868537959e+02 2.250925850561839638e+02
2.603345098317788597e+02 2.259475764788660115e+02
2.608580503372252224e+02 2.268059829413870716e+02
2.613899375876698059e+02 2.276587257640948110e+02
2.619413401768129006e+02 2.284982632212081057e+02
2.625171901989093044e+02 2.293204329807770137e+02
2.631170124841345341e+02 2.301150186785442031e+02
2.637344044567597052e+02 2.308746583048631180e+02
2.643641491549273610e+02 2.315966193910740003e+02
2.650009390353229151e+02 2.322826288170120108e+02
2.656385027306307620e+02 2.329377685323021581e+02
2.662703047097897411e+02 2.335679729480147842e+02
2.668912896047092431e+02 2.341777606720621918e+02
2.674990536669738503e+02 2.347727230351050594e+02
2.680940032548371619e+02 2.353542293895340833e+02
2.686795490336737089e+02 2.359204486485951122e+02
2.692574016042075300e+02 2.364627349393904012e+02
2.698196388032673667e+02 2.369696609166162204e+02
2.703602291907533868e+02 2.374345846285020798e+02
2.708850351619292951e+02 2.378639220957595910e+02
2.714030150300768582e+02 2.382809566395252716e+02
2.719278210012527666e+02 2.387102941067827828e+02
2.724684113887387866e+02 2.391752178186686422e+02
2.730308138817184158e+02 2.396841580250075481e+02
2.736114585839744677e+02 2.402357461159213869e+02
2.742060353003627711e+02 2.408206072060871179e+02
2.748110812800223357e+02 2.414297895167723595e+02
2.754229363033211939e+02 2.420548571481883471e+02
2.760378898203506992e+02 2.426876412115259427e+02
2.766526779616722820e+02 2.433184100491006916e+02
2.772617419316866858e+02 2.439341767952596740e+02
2.778577560589329778e+02 2.445247183532781321e+02
2.784403873665435185e+02 2.450840820135708213e+02
2.790084161318181373e+02 2.456178231470105970e+02
2.795619687571915506e+02 2.461339010812339154e+02
2.801024484061504154e+02 2.466455263127201363e+02
2.806371523917479180e+02 2.471631510250785482e+02
2.811769600231449431e+02 2.476992080727353880e+02
2.817372404638130661e+02 2.482604059148416127e+02
2.823320665845760686e+02 2.488510449643753191e+02
2.829730970981697737e+02 2.494641884363219333e+02
2.836649351656556632e+02 2.500906631137841885e+02
2.844102488268776483e+02 2.507222783417583116e+02
2.852120725603990650e+02 2.513511394866335422e+02
2.860684451937812014e+02 2.519682036530402058e+02
2.869755938900376009e+02 2.525558252972045352e+02
2.879257184873825963e+02 2.530900641740124684e+02
2.889105763405407856e+02 2.535481782425736128e+02
2.899204880214197146e+02 2.539234305953033015e+02
2.909473715332659935e+02 2.542190500614746327e+02
2.919832367133880098e+02 2.544521003098069230e+02
2.930233843533133609e+02 2.546494988608720291e+02
2.940633682752795153e+02 2.548398160777810517e+02
2.951008114693486846e+02 2.550436533921288742e+02
2.961323634262914766e+02 2.552710454547266750e+02
2.971588587789058238e+02 2.555282258867606515e+02
2.981861121794991050e+02 2.558193660936946401e+02
2.992167853894283098e+02 2.561521792159707047e+02
3.002510206383454943e+02 2.565283984274768727e+02
3.012887874192579147e+02 2.569476519778621082e+02
3.023319214328646467e+02 2.574075868452517284e+02
3.033853919688036740e+02 2.579020730634553047e+02
3.044506091682334841e+02 2.584196348526775751e+02
3.055255181667935744e+02 2.589441332065840697e+02
3.066016657747053387e+02 2.594601518475901116e+02
3.076684505499521265e+02 2.599588151125562945e+02
3.087126132969412993e+02 2.604414217983252229e+02
3.097225495475458388e+02 2.609137112415735942e+02
3.106872391815417132e+02 2.613856702162672718e+02
3.115992900633081604e+02 2.618626984021159387e+02
3.124526444446585174e+02 2.623458417555745541e+02
3.132453723504515892e+02 2.628338469267498567e+02
3.139768464545111328e+02 2.633268456649057043e+02
3.146494614740502129e+02 2.638162021782734996e+02
3.152652028552672050e+02 2.642915212540900143e+02
3.158293859515794111e+02 2.647485057627262677e+02
3.163558257660973823e+02 2.651887661957409819e+02
3.168620620063843489e+02 2.656257390280659365e+02
3.173676681146092733e+02 2.660719794466238000e+02
3.178853804074434493e+02 2.665387806062724394e+02
3.184216792847741431e+02 2.670325088156993161e+02
3.189807460267178953e+02 2.675573611569367358e+02
3.195617656846834507e+02 2.681128947995503040e+02
3.201650701709547775e+02 2.686997186369920882e+02
3.207921651455001211e+02 2.693223396235617884e+02
3.214406918975923304e+02 2.699845503802139319e+02
3.221061851190575567e+02 2.706905893161917902e+02
3.227829666545251825e+02 2.714407849380959306e+02
3.234580728593397225e+02 2.722338752909958544e+02
3.241218017679231593e+02 2.730637413807812095e+02
3.247669196755350640e+02 2.739244108299749314e+02
3.253900490848246818e+02 2.748088021530940068e+02
3.259869037752839631e+02 2.757130900967147227e+02
3.265535120784111882e+02 2.766346537155279748e+02
3.270843733147551688e+02 2.775747370680433050e+02
3.275771019768590122e+02 2.785336884273907572e+02
3.280320371524354641e+02 2.795107736004602543e+02
3.284483029582891618e+02 2.804989506317259043e+02
3.288207883193220482e+02 2.814890989905373999e+02
3.291408091132608433e+02 2.824757285420747621e+02
3.294010025147704255e+02 2.834597665851482589e+02
3.295948729312063961e+02 2.844472185021102746e+02
3.297221810984846115e+02 2.854401327247263112e+02
3.297808858779491175e+02 2.864386767551972071e+02
3.297729227633839741e+02 2.874426917608696499e+02
3.297035550620363438e+02 2.884517458183441363e+02
3.295813978142097653e+02 2.894651319505585434e+02
3.294200214026870981e+02 2.904817365295999707e+02
3.292273790923483716e+02 2.915009068857605143e+02
3.290005217966296982e+02 2.925228850302764272e+02
3.287392212827419371e+02 2.935476896926418817e+02
3.284445330027536443e+02 2.945752342591700312e+02
3.281155888747462654e+02 2.956055899673691556e+02
3.277541628670990690e+02 2.966406400368731511e+02
3.273601847880049149e+02 2.976858625616123959e+02
3.269284644404016262e+02 2.987440353447576058e+02
3.264491073429126686e+02 2.998152399111014574e+02
3.259103810343593750e+02 3.008932509809966405e+02
3.253032075295666914e+02 3.019689404447722154e+02
3.246264634420451785e+02 3.030290347121153331e+02
3.238890481582684515e+02 3.040627568126541291e+02
3.231026367280685463e+02 3.050607525261424371e+02
3.222787923164329413e+02 3.060111182420574778e+02
3.214224654654252618e+02 3.069042187841541249e+02
3.205351647549432528e+02 3.077316486076141473e+02
3.196205298562068151e+02 3.084938414835867206e+02
3.186850454389384595e+02 3.092008226298545424e+02
3.177323447734834190e+02 3.098611274838170857e+02
3.167664243769201562e+02 3.104768361464912800e+02
3.157907544765340617e+02 3.110455106263702874e+02
3.148124718656634968e+02 3.115625889342117603e+02
3.138374820813148176e+02 3.120244489317432794e+02
3.128654718085747390e+02 3.124312096431851842e+02
3.118913970034051317e+02 3.127880900968706896e+02
3.109132836612878918e+02 3.130957579799738824e+02
3.099308048748516171e+02 3.133502296835064840e+02
3.089437464408426877e+02 3.135488949818144420e+02
3.079519094503975793e+02 3.136893300227436612e+02
3.069555519452367207e+02 3.137746792362060546e+02
3.059548544318821541e+02 3.138071422281653327e+02
3.049497912288440489e+02 3.137864060506049100e+02
3.039402704879918815e+02 3.137113514658730651e+02
3.029263247610228404e+02 3.135823751405641246e+02
3.019083841719963175e+02 3.134047184556309844e+02
3.008871613413593309e+02 3.131870652202089786e+02
2.998606403890433967e+02 3.129295728368081200e+02
2.988227676776676276e+02 3.126251576894408686e+02
2.977704757921020473e+02 3.122651004443357010e+02
2.967041744273866470e+02 3.118454924984206400e+02
2.956316744089032227e+02 3.113739224422666894e+02
2.945642980597218070e+02 3.108680504097720814e+02
2.935164925488071503e+02 3.103410539414852565e+02
2.925013080322260066e+02 3.098048104814339467e+02
2.915312285569070241e+02 3.092671722892470143e+02
2.906148042973678116e+02 3.087368512488036458e+02
2.897608990375085227e+02 3.082222726342221222e+02
2.889753319824408209e+02 3.077301208979757803e+02
2.882556302233618339e+02 3.072605106788550984e+02
2.875943595332099676e+02 3.067982280380539351e+02
2.869788049186007584e+02 3.063263341622658231e+02
2.863960908114991071e+02 3.058316800682306962e+02
2.858317689150229057e+02 3.053094864439470939e+02
2.852762595233421621e+02 3.047652722862632686e+02
2.847216937223145692e+02 3.042056332766618425e+02
2.841577120452135432e+02 3.036294108154966125e+02
2.835764867584347257e+02 3.030302407974401149e+02
2.829733405346535164e+02 3.024016350354497149e+02
2.823502917183355976e+02 3.017422068069079160e+02
2.817121682737905530e+02 3.010566730443585470e+02
2.810658240128031480e+02 3.003509740887027988e+02
2.804155967834822150e+02 2.996390277836954397e+02
2.797692525224948099e+02 2.989333288280397483e+02
2.791312944536577447e+02 2.982498102912532545e+02
2.785090223797229214e+02 2.975998472452384362e+02
2.779052756203968784e+02 2.969886459094109910e+02
2.773142820791711642e+02 2.964112818749842404e+02
2.767252733023969427e+02 2.958577001874574535e+02
2.761336961456704557e+02 2.953144772676866410e+02
2.755388287406494214e+02 2.947727554805416617e+02
2.749480928129459585e+02 2.942264564523965191e+02
2.743668909695807656e+02 2.936680791834923525e+02
2.737957494286687847e+02 2.930856103877052874e+02
2.732318362691514153e+02 2.924597510258074067e+02
2.726697583696726497e+02 2.917701429863186604e+02
2.721043216361694022e+02 2.910028393589050211e+02
2.715331802134229520e+02 2.901578279660065505e+02
2.709591905562190277e+02 2.892505619555245175e+02
2.703901170582147984e+02 2.883035798016783247e+02
2.698330078899816726e+02 2.873455721687438995e+02
2.692935752708931432e+02 2.864056885231285037e+02
2.687706234123919558e+02 2.855115883327722486e+02
2.682569687240697363e+02 2.846808349724602749e+02
2.677383339998688712e+02 2.839207476703066959e+02
2.671979999421710090e+02 2.832233511479997787e+02
2.666180838474122652e+02 2.825695620651283662e+02
2.659859896103470192e+02 2.819394398279791858e+02
2.652947915298911425e+02 2.813189909953209167e+02
2.645430750809005644e+02 2.806954535022886148e+02
2.637266271498961601e+02 2.800592538580449968e+02
2.628416662483704727e+02 2.794024346843367539e+02
2.618940456081547836e+02 2.787232062599203459e+02
2.608998173786180814e+02 2.780260236342494409e+02
2.598766926440058569e+02 2.773198703471526869e+02
2.588436113490737966e+02 2.766159398359326360e+02
2.578157983945446858e+02 2.759258217118848506e+02
2.568056682045806269e+02 2.752564709227248159e+02
2.558184661171528376e+02 2.746032017634289559e+02
2.548547228872401149e+02 2.739542885403224659e+02
2.539086934670612550e+02 2.733040360499858252e+02
2.529719484761856165e+02 2.726454733616664612e+02
2.520336046246304704e+02 2.719727459857921872e+02
2.510858329234043254e+02 2.712822622079575012e+02
2.501230948218637309e+02 2.705797441869132172e+02
2.491406810006125738e+02 2.698772163744483237e+02
2.481356799682103258e+02 2.691908701415545693e+02
2.471088705514884794e+02 2.685487928896561698e+02
2.460648529844644656e+02 2.679802042675530060e+02
2.450117644238967785e+02 2.675089817478475993e+02
2.439602239600233133e+02 2.671531170916133533e+02
2.429203772565920190e+02 2.669199912315224310e+02
2.418975691108202000e+02 2.667991489987236378e+02
2.408893021361299418e+02 2.667640948829317153e+02
2.398875224015251888e+02 2.667833702056061611e+02
2.388877022300199542e+02 2.668265242592657387e+02
2.378883690253620102e+02 2.668756123654435441e+02
2.368886130575812103e+02 2.669195487891445850e+02
2.358879426979036964e+02 2.669523426688156746e+02
2.348856523596664374e+02 2.669653959071986264e+02
2.338809980975481722e+02 2.669496429783098392e+02
2.328734527049150245e+02 2.668986594779618713e+02
2.318624634572198318e+02 2.668057100472499314e+02
2.308482879872420312e+02 2.666739341328372461e+02
2.298315808458178822e+02 2.665113079225477577e+02
2.288126336078231873e+02 2.663213844726842581e+02
2.277917530607360277e+02 2.661079022164004755e+02
2.267695306149146290e+02 2.658780679279253718e+02
2.257462186686946666e+02 2.656349572683390079e+02
2.247217859789898569e+02 2.653781895174429337e+02
2.236959617451231566e+02 2.651044647679668742e+02
2.226691929395198599e+02 2.648192297107088393e+02
2.216417982089446923e+02 2.645263672930338998e+02
2.206142999345286739e+02 2.642322431167952459e+02
2.195870774498689286e+02 2.639414796434608093e+02
2.185597236133857564e+02 2.636491155506530504e+02
2.175316997680995996e+02 2.633485869032215305e+02
2.165029169284662487e+02 2.630388093462553343e+02
2.154734383167519525e+02 2.627205532899990317e+02
2.144436771268620419e+02 2.623988538089106441e+02
2.134140947259423058e+02 2.620793330041415174e+02
2.123848804536385728e+02 2.617642981198266625e+02
2.113559360005536973e+02 2.614525511829853599e+02
2.103269184288323856e+02 2.611399132412815902e+02
2.092975974229485701e+02 2.608235777290634587e+02
2.082683328509116905e+02 2.605079299051619159e+02
2.072393491394985574e+02 2.601957045764481791e+02
2.062108545214254889e+02 2.598894392131458062e+02
2.051802542198581136e+02 2.595822369309452142e+02
2.041412811302553791e+02 2.592644128580520828e+02
2.030908648931125526e+02 2.589272117813046066e+02
2.020294897942935393e+02 2.585676340421883879e+02
2.009660825420720300e+02 2.581821436950878024e+02
1.999163338361770741e+02 2.577749605636974479e+02
1.988965394169723595e+02 2.573530923265914225e+02
1.979185594254434477e+02 2.569228651587438890e+02
1.969874403433869929e+02 2.564890422756103590e+02
1.961012387363436744e+02 2.560528106036849181e+02
1.952524321534771730e+02 2.556104990915630708e+02
1.944281999242223264e+02 2.551554720874110558e+02
1.936119778783792071e+02 2.546891029457307241e+02
1.927931518550390706e+02 2.542192460938853742e+02
1.919653440252023984e+02 2.537515079459028300e+02
1.911217460980661542e+02 2.532866529004624851e+02
1.902571926980784269e+02 2.528154856174178065e+02
1.893675705063964756e+02 2.523285849543170229e+02
1.884542039509107667e+02 2.518156681385883928e+02
1.875233753413294835e+02 2.512764082562812007e+02
1.865913129406249027e+02 2.507159392272334060e+02
1.856799056426440302e+02 2.501430833556310631e+02
1.848078441143820214e+02 2.495609834951584389e+02
1.839894045248607881e+02 2.489658412984043139e+02
1.832279477524360516e+02 2.483501326775384541e+02
1.825192898313540866e+02 2.477068523620042413e+02
1.818576203289679540e+02 2.470351326695698901e+02
1.812329413293963967e+02 2.463426590599505346e+02
1.806341828641488405e+02 2.456363410745647968e+02
1.800482781164396329e+02 2.449252748992668671e+02
1.794593990579203080e+02 2.442182515319292975e+02
1.788516402975532742e+02 2.435190966626784643e+02
1.782112020561704924e+02 2.428282193207482464e+02
1.775284951762984349e+02 2.421471107820847521e+02
1.767989016712295154e+02 2.414898499113710955e+02
1.760200409821998733e+02 2.408790612082697180e+02
1.751926772920510871e+02 2.403510166925559304e+02
1.743245444510733364e+02 2.399473964660733145e+02
1.734236495108696090e+02 2.397030493995873428e+02
1.724937343406598131e+02 2.396312699925146887e+02
1.715393233179806032e+02 2.397244436934630301e+02
1.705639873050486699e+02 2.399604633833747869e+02
1.695737587734904821e+02 2.403032879299830427e+02
1.685735222142172347e+02 2.407123017667087765e+02
1.675673509350680206e+02 2.411415527933579028e+02
1.665576845834269477e+02 2.415371148085006325e+02
1.655415241044296124e+02 2.418446400198458832e+02
1.645215759385161221e+02 2.420134532973972910e+02
1.635051873242481406e+02 2.420127876462493077e+02
1.625050797298638940e+02 2.418308179834481564e+02
1.615311546014128226e+02 2.414747125030572192e+02
1.605845273864742353e+02 2.409680529798548605e+02
1.596632572005183874e+02 2.403406801295872128e+02
1.587641315874743952e+02 2.396325545718940759e+02
1.578876002737127351e+02 2.388864357800671883e+02
1.570355472107881099e+02 2.381415059398615313e+02
1.562125336483185833e+02 2.374237219574857818e+02
1.554211500752229824e+02 2.367517394628719103e+02
1.546629958521640447e+02 2.361339949115832155e+02
1.539346648359207279e+02 2.355700514222192794e+02
1.532337521173170103e+02 2.350558882172613551e+02
1.525576229650011726e+02 2.345831678539537961e+02
1.519006915464684084e+02 2.341389408030299251e+02
1.512618571668233756e+02 2.337037298344313001e+02
1.506452409337226186e+02 2.332608369475086931e+02
1.500558825746176694e+02 2.327952336025055047e+02
1.494930987715375181e+02 2.322917950147109423e+02
1.489460355225324406e+02 2.317404752567074411e+02
1.483930964460661244e+02 2.311340113243276448e+02
1.478114039491280778e+02 2.304721715582369654e+02
1.471800802849754746e+02 2.297658279354378692e+02
1.464867070213435056e+02 2.290292389065504324e+02
1.457240400507192248e+02 2.282775797953385677e+02
1.448941381392785388e+02 2.275180382997531865e+02
1.440068335616102218e+02 2.267552768763796109e+02
1.430746288196198748e+02 2.259970670048132604e+02
1.421108669349951015e+02 2.252482054539919147e+02
1.411233130541761511e+02 2.245170079867045843e+02
1.401213567136970255e+02 2.238085496525742997e+02
1.391129583584131524e+02 2.231277428390759496e+02
1.381102182500039817e+02 2.224717353321062774e+02
1.371237875219165971e+02 2.218352262353928381e+02
1.361669590717710889e+02 2.212077783796899553e+02
1.352501824439698908e+02 2.205871486005409281e+02
1.343869563046661710e+02 2.199779884504919210e+02
1.335833637945227679e+02 2.193880222791385108e+02
1.328295527597147441e+02 2.188249877996448731e+02
1.321114243389630474e+02 2.182932056074132561e+02
1.314163786836475936e+02 2.177903815351104981e+02
1.307347828751233010e+02 2.173040486742033863e+02
1.300584148773463653e+02 2.168129021129742284e+02
1.293856754378136600e+02 2.162924897302792715e+02
1.287249346116374795e+02 2.157161696973071230e+02
1.280951479817528877e+02 2.150689163313247150e+02
1.275204710109899509e+02 2.143440114933440555e+02
1.270247726435137281e+02 2.135408680186109223e+02
1.266299762707746765e+02 2.126659775815863327e+02
1.263627527271832207e+02 2.117342748582912861e+02
1.262509621016917549e+02 2.107719830774278762e+02
1.263162435320137718e+02 2.098074393500701831e+02
1.265690946009399909e+02 2.088727316010582911e+02
1.270074899420422412e+02 2.080058166468529635e+02
1.276212023910641449e+02 2.072406125832773682e+02
1.283888713524957552e+02 2.066036754243484097e+02
1.292816446473545113e+02 2.061093530064519541e+02
