1.360289605097967467e+02 2.053915592824014311e+02
1.369585223548451722e+02 2.051888941407831339e+02
1.378719337693893294e+02 2.049981330137619580e+02
1.387728057813616829e+02 2.048163724085668207e+02
1.396686818186940400e+02 2.046449666106318546e+02
1.405663491878152627e+02 2.044865082116025974e+02
1.414696657665806754e+02 2.043437769854724024e+02
1.423807696713182054e+02 2.042156146716627632e+02
1.433009090035117765e+02 2.040968975079147185e+02
1.442306014665389284e+02 2.039796734253017121e+02
1.451702097492718622e+02 2.038560266247623076e+02
1.461199340690174893e+02 2.037191910371990673e+02
1.470803440203721664e+02 2.035665710208810424e+02
1.480520882149180579e+02 2.033999039741550519e+02
1.490359458404904558e+02 2.032261955314904185e+02
1.500334978237220298e+02 2.030574265910580039e+02
1.510475897734180819e+02 2.029073952367656375e+02
1.520795308078577079e+02 2.027906714241840973e+02
1.531276841581084227e+02 2.027196039743687379e+02
1.541890419783974266e+02 2.027051359739413101e+02
1.552606448876147738e+02 2.027550187062435043e+02
1.563403588995129212e+02 2.028718535368197990e+02
1.574264541146331453e+02 2.030535336061915643e+02
1.585160603609344605e+02 2.032965673298395188e+02
1.596063188133672384e+02 2.035953142304491337e+02
1.606953603098725694e+02 2.039427596628977710e+02
1.617822255894155603e+02 2.043309935240085338e+02
1.628658613735647123e+02 2.047488924629129770e+02
1.639448958050382714e+02 2.051825112174192327e+02
1.650183395723771298e+02 2.056186591780327149e+02
1.660855950916772770e+02 2.060457967878089676e+02
1.671459960106366225e+02 2.064530171610507523e+02
1.681984376653261961e+02 2.068286602341818252e+02
1.692432680377646648e+02 2.071625345786214893e+02
1.702833308737988034e+02 2.074454633158939885e+02
1.713210411571479597e+02 2.076702804834934568e+02
1.723578751156882447e+02 2.078330568066448052e+02
1.733958021177527939e+02 2.079342610948708057e+02
1.744356003931593193e+02 2.079813550222028198e+02
1.754759269518750955e+02 2.079878786187283310e+02
1.765142389709883162e+02 2.079735098612651427e+02
1.775476829537860795e+02 2.079620336912996095e+02
1.785743979283317344e+02 2.079806164452326698e+02
1.795932011139730378e+02 2.080539494981359780e+02
1.806041475793904567e+02 2.082020820683594593e+02
1.816079597792073628e+02 2.084350454021026451e+02
1.826071809957359164e+02 2.087549090314577995e+02
1.836064084584728278e+02 2.091575315640318138e+02
1.846104625150431104e+02 2.096331196301402144e+02
1.856210675442771389e+02 2.101671150761347917e+02
1.866386232654815842e+02 2.107433211031503504e+02
1.876633071032763098e+02 2.113443052060168839e+02
1.886950172518674265e+02 2.119516642455569695e+02
1.897331476481408288e+02 2.125457052184319764e+02
1.907778168315144285e+02 2.131090947634730242e+02
1.918298972161834399e+02 2.136279266766160276e+02
1.928901043985191848e+02 2.140903647907942400e+02
1.939592199359325946e+02 2.144894320945404331e+02
1.950382351215933454e+02 2.148254094772486553e+02
1.961273204475235445e+02 2.151036098822152667e+02
1.972252968729504232e+02 2.153329237913089003e+02
1.983300729223642520e+02 2.155262064759071450e+02
1.994382831153336610e+02 2.156961708786853364e+02
2.005456137320187509e+02 2.158520275895346572e+02
2.016480327615361716e+02 2.159985118846071259e+02
2.027434709848914736e+02 2.161377340844359765e+02
2.038316704141987259e+02 2.162699078411935147e+02
2.049120536974718902e+02 2.163931274975956853e+02
2.059846308281749714e+02 2.165016223713491286e+02
2.070500359027709010e+02 2.165879969055663992e+02
2.081067781993642996e+02 2.166442587209878070e+02
2.091531649181303862e+02 2.166645234690722077e+02
2.101885314353914396e+02 2.166464808486775837e+02
2.112132125511781453e+02 2.165912946595888684e+02
2.122282306358566188e+02 2.165025187677059932e+02
2.132346901701226898e+02 2.163839924629883740e+02
2.142341241565939640e+02 2.162410446222382916e+02
2.152283741336720766e+02 2.160800766247849651e+02
2.162199230403128354e+02 2.159097194251028213e+02
2.172112408215814412e+02 2.157385588095493176e+02
2.182042226502362325e+02 2.155731825960649530e+02
2.192001167691660726e+02 2.154179298069692550e+02
2.201998460210649000e+02 2.152760083396050845e+02
2.212035256921530504e+02 2.151478189408843775e+02
2.222105539164794266e+02 2.150312694620607772e+02
2.232190438152584591e+02 2.149198009159069329e+02
2.242262146959149902e+02 2.148037473253484109e+02
2.252293472412717961e+02 2.146736560605877173e+02
2.262257730038506338e+02 2.145202513202009129e+02
2.272141193311724123e+02 2.143387616211720683e+02
2.281939820303015836e+02 2.141277819467499626e+02
2.291663328783710085e+02 2.138906902954848306e+02
2.301333482138129511e+02 2.136350518464905974e+02
2.310974871995280751e+02 2.133694149061977328e+02
2.320619830839960684e+02 2.131022081084972513e+02
2.330320156136421019e+02 2.128418370493210432e+02
2.340119770406304838e+02 2.125977642341473484e+02
2.350040234484444852e+02 2.123803961867959345e+02
2.360081966540593612e+02 2.122005884546202594e+02
2.370232776748233050e+02 2.120692159059548487e+02
2.380469780842736327e+02 2.119941520937667292e+02
2.390776864077385255e+02 2.119804910830714562e+02
2.401159550217945480e+02 2.120298491572963258e+02
2.411631987312087517e+02 2.121428255263137714e+02
2.422219495012909647e+02 2.123182058583446405e+02
2.432940036005589093e+02 2.125529635823237982e+02
2.443777906636936166e+02 2.128435859362659244e+02
2.454693428587455060e+02 2.131869543393046911e+02
2.465623910416753688e+02 2.135822375983124175e+02
2.476496720761794563e+02 2.140282744605028142e+02
2.487226490498432554e+02 2.145225250968608179e+02
2.497742900964449859e+02 2.150606244438771455e+02
2.507997015982184337e+02 2.156371219784431901e+02
2.517945566013970620e+02 2.162467465037211412e+02
2.527559386235135435e+02 2.168844818144702913e+02
2.536813509817300769e+02 2.175457039327702660e+02
2.545703385649410393e+02 2.182254741905939568e+02
2.554235418144222081e+02 2.189183035873063545e+02
2.562405433764626537e+02 2.196193955547716428e+02
2.570214581645052476e+02 2.203265235407447733e+02
2.577660633384471112e+02 2.210395893246139849e+02
2.584766438242604636e+02 2.217609001294507891e+02
2.591585576883385329e+02 2.224934264105275474e+02
2.598187826325331571e+02 2.232408277072779015e+02
2.604632093978531771e+02 2.240045549846801123e+02
2.610974710935352050e+02 2.247823821148565742e+02
2.617268914895593639e+02 2.255709461840112340e+02
2.623564185711904315e+02 2.263672816583272720e+02
2.629872863163677721e+02 2.271705923528732001e+02
2.636202942001843894e+02 2.279819572966457315e+02
2.642561376549358556e+02 2.288041628273707033e+02
2.648936813621355668e+02 2.296404459895233572e+02
2.655309703728154318e+02 2.304909415107230188e+02
2.661654932114379335e+02 2.313536976567089596e+02
2.667957764449593583e+02 2.322252528625075740e+02
2.674222113248312098e+02 2.331009410961535480e+02
2.680473244591854609e+02 2.339756880600258455e+02
2.686750504564824951e+02 2.348452807631129531e+02
2.693093414490438136e+02 2.357077446140357608e+02
2.699529754911442296e+02 2.365639505206227682e+02
2.706067468673980443e+02 2.374164316226157894e+02
2.712722124864719149e+02 2.382663570566207909e+02
2.719510997870604001e+02 2.391159915141304566e+02
2.726465390637298469e+02 2.399669130838391027e+02
2.733598449175348719e+02 2.408206675733245561e+02
2.740899517612854197e+02 2.416761515742576876e+02
2.748336686458921463e+02 2.425290948365394570e+02
2.755853929630767425e+02 2.433734776644566296e+02
2.763395129116199200e+02 2.442026805244096010e+02
2.770911289866940024e+02 2.450108851891389179e+02
2.778382531044518942e+02 2.457943494380983225e+02
2.785821302266960515e+02 2.465529554913642301e+02
2.793249689291993718e+02 2.472878119629613707e+02
2.800706034221549316e+02 2.480000863288829009e+02
2.808237909156857199e+02 2.486920457487717044e+02
2.815896793053509555e+02 2.493652934953151998e+02
2.823714068915145390e+02 2.500216561283474164e+02
2.831702950080942855e+02 2.506615453925428483e+02
2.839858793876193204e+02 2.512849678996603870e+02
2.848175735537316200e+02 2.518898343575994829e+02
2.856650858347432518e+02 2.524730872324475399e+02
2.865309941640467173e+02 2.530330317583141095e+02
2.874195168601406749e+02 2.535689694918987698e+02
2.883334177250058588e+02 2.540825464938358209e+02
2.892743817120954759e+02 2.545756265765783724e+02
2.902401950849050536e+02 2.550510692139745856e+02
2.912270479904716467e+02 2.555100775957027679e+02
2.922291731179441854e+02 2.559528343020078864e+02
2.932372655204552530e+02 2.563782098074162263e+02
2.942410284955215047e+02 2.567845388936335667e+02
2.952287506553082039e+02 2.571696986138904322e+02
2.961894042422244979e+02 2.575333745090977118e+02
2.971170123619589276e+02 2.578756138274156342e+02
2.980119871573870114e+02 2.581975851732470915e+02
2.988789223649011433e+02 2.585024559908229662e+02
2.997260486310347005e+02 2.587945336742097311e+02
3.005628410307324430e+02 2.590809683756290269e+02
3.013979238987664075e+02 2.593675879080271329e+02
3.022371772621783066e+02 2.596601573461642261e+02
3.030851205728600348e+02 2.599624648651413850e+02
3.039473054909868779e+02 2.602764502255877233e+02
3.048317140247525003e+02 2.606010387902638286e+02
3.057462056551696605e+02 2.609347010680089625e+02
3.066958581219308826e+02 2.612748972453232454e+02
3.076819023321054374e+02 2.616183065888860142e+02
3.087026312887447830e+02 2.619621965192533253e+02
3.097549173565530509e+02 2.623069839710209976e+02
3.108332623976258446e+02 2.626538812418344833e+02
3.119277944623888743e+02 2.630041174958839179e+02
3.130265057247804634e+02 2.633583625945525455e+02
3.141175015074994690e+02 2.637169635333722226e+02
3.151899667178638538e+02 2.640778818640900454e+02
3.162358988017914498e+02 2.644368507121868106e+02
3.172509592150539106e+02 2.647857698190259725e+02
3.182348404907100985e+02 2.651119704075126151e+02
3.191913535104264383e+02 2.654025552125908121e+02
3.201270858231198417e+02 2.656467771205891495e+02
3.210500320505816489e+02 2.658398399554874914e+02
3.219677174278568828e+02 2.659832156165749666e+02
3.228862768506046450e+02 2.660865645427779782e+02
3.238105427004083481e+02 2.661662505457622387e+02
3.247451469985800259e+02 2.662416918806389958e+02
3.256926416293227931e+02 2.663317314646987484e+02
3.266537081369709767e+02 2.664512571464871371e+02
3.276256940610503534e+02 2.666097164701525344e+02
3.286036031352948044e+02 2.668111731192942102e+02
3.295800179810614168e+02 2.670578035761817546e+02
3.305464524582645822e+02 2.673504456214828906e+02
3.314933559956518820e+02 2.676904544827621635e+02
3.324114069562157852e+02 2.680771164559488398e+02
3.332924483194193499e+02 2.685094546004311837e+02
3.341314451389550300e+02 2.689832380013339730e+02
3.349274664964453905e+02 2.694923985122372301e+02
3.356833653146447887e+02 2.700259283560376957e+02
3.364026028385273435e+02 2.705697655332959926e+02
3.370898764907076952e+02 2.711072364954462728e+02
3.377488313416520214e+02 2.716232399124048698e+02
3.383839737172176001e+02 2.721054765620716580e+02
3.390007699408895405e+02 2.725474655940736284e+02
3.396057548751123818e+02 2.729482562871945674e+02
3.402051577263696345e+02 2.733133155589925991e+02
3.408058006677854905e+02 2.736561976036103943e+02
3.414123470345664373e+02 2.739955614262400445e+02
3.420270521407469460e+02 2.743510022580259715e+02
3.426518473061001373e+02 2.747385801140345620e+02
3.432880716778414580e+02 2.751689001134889736e+02
3.439385847396538338e+02 2.756476628965343707e+02
3.446062790732084977e+02 2.761768572799740014e+02
3.452930701005717538e+02 2.767553828242106988e+02
3.459997637077695458e+02 2.773802824745080216e+02
3.467263295392965574e+02 2.780479240545841435e+02
3.474720365882575948e+02 2.787549924522358538e+02
3.482363309520960115e+02 2.794980466860686192e+02
3.490194263892435629e+02 2.802714999047927904e+02
3.498200914974877378e+02 2.810694692576035436e+02
3.506341935475492164e+02 2.818854705741066482e+02
3.514556096096989677e+02 2.827137118855922608e+02
3.522764705907388816e+02 2.835494425653397457e+02
3.530880377727826271e+02 2.843916240919476195e+02
3.538824689287823730e+02 2.852390318414194326e+02
3.546549026260356641e+02 2.860897959533115795e+02
3.554083474765985216e+02 2.869393746271554164e+02
3.561496035370047366e+02 2.877833840142839108e+02
3.568862644874495800e+02 2.886175657470411124e+02
3.576233577386473144e+02 2.894393497465352993e+02
3.583628939374883089e+02 2.902462918744557783e+02
3.591023631186973262e+02 2.910378780118306850e+02
3.598356177458490492e+02 2.918160254715968449e+02
3.605547629252056367e+02 2.925843217485448804e+02
3.612524905327591682e+02 2.933470159009799545e+02
3.619246305326449260e+02 2.941079474511233229e+02
3.625719840159200089e+02 2.948696912840439381e+02
3.631978161248729862e+02 2.956340301859980855e+02
3.638061220622501537e+02 2.964022861464017069e+02
3.643969998146562261e+02 2.971766806608376896e+02
3.649681518011940966e+02 2.979603460164933040e+02
3.655173653286659601e+02 2.987566408544345791e+02
3.660450138325513763e+02 2.995682630869919763e+02
3.665572294517955925e+02 3.003960885234810121e+02
3.670612174433585437e+02 3.012401910363580555e+02
3.675636251251839326e+02 3.020999746405916540e+02
3.680697613252033307e+02 3.029740609008399588e+02
3.685863207638064978e+02 3.038592877091190303e+02
3.691185503103478709e+02 3.047514714231188009e+02
3.696699229211257602e+02 3.056457275086188474e+02
3.702406434089801905e+02 3.065374435680106444e+02
3.708270820637754355e+02 3.074233163433068512e+02
3.714196345911061030e+02 3.083030276930682589e+02
3.720039504256019427e+02 3.091798683162412544e+02
3.725623637628877987e+02 3.100605903766844449e+02
3.730795265713202298e+02 3.109523708094453696e+02
3.735441434831035963e+02 3.118592675603541124e+02
3.739518283857536289e+02 3.127825424191216825e+02
3.743022285835468210e+02 3.137222968486805712e+02
3.745937977892378967e+02 3.146789756824323376e+02
3.748258450267365447e+02 3.156527776992556937e+02
3.750009669822682099e+02 3.166429558886775339e+02
3.751230952040742181e+02 3.176483792292896169e+02
3.751973115858480128e+02 3.186675857701734458e+02
3.752292909729490020e+02 3.196989429810391243e+02
3.752287618089965804e+02 3.207396521990373799e+02
3.752076186851867874e+02 3.217862916075046087e+02
3.751778542171401227e+02 3.228354111902700083e+02
3.751499137722080945e+02 3.238840060410302613e+02
3.751297691520949229e+02 3.249303582015768370e+02
3.751164103208186589e+02 3.259747582374194508e+02
3.751018867287336889e+02 3.270194933497584202e+02
3.750758644872457239e+02 3.280675363748694622e+02
3.750295262032689720e+02 3.291214238860650880e+02
3.749576761268732525e+02 3.301834591010212421e+02
3.748566340160015216e+02 3.312574623840401955e+02
3.747207247598516346e+02 3.323467364357415477e+02
3.745441792798837923e+02 3.334529117596675860e+02
3.743231176182447939e+02 3.345767850847921068e+02
3.740544830751143763e+02 3.357173669171992287e+02
3.737346098857184415e+02 3.368738908434107202e+02
3.733607903686205418e+02 3.380446020485533722e+02
3.729320822900733674e+02 3.392243877510394441e+02
3.724492033890479661e+02 3.404069063488810798e+02
3.719123357153877123e+02 3.415853720259996749e+02
3.713228137319619577e+02 3.427507798716321759e+02
3.706851726423090554e+02 3.438939513110599364e+02
3.700062837085765750e+02 3.450061418480996167e+02
3.692921047050333527e+02 3.460785857052180177e+02
3.685480960172561140e+02 3.471047090495641214e+02
3.677776136259087139e+02 3.480805662828582854e+02
3.669833021192422393e+02 3.490027411128147605e+02
3.661691544727449354e+02 3.498701930646615779e+02
3.653402059465088314e+02 3.506848283586913340e+02
3.645003829390664123e+02 3.514511551927219557e+02
3.636532402700845523e+02 3.521750342064910910e+02
3.628009109182073644e+02 3.528627694110317634e+02
3.619451068508840308e+02 3.535202105051783974e+02
3.610857229704303109e+02 3.541527975790475580e+02
3.602212532073884859e+02 3.547648951205574690e+02
3.593515939056384241e+02 3.553589532848886847e+02
3.584770110252375162e+02 3.559358965769076235e+02
3.575975739590904254e+02 3.564959662135802319e+02
3.567135851607344534e+02 3.570402135549106220e+02
3.558251704220886609e+02 3.575690758667138880e+02
3.549325487040318308e+02 3.580833142798155677e+02
3.540357598176328793e+02 3.585830671816383415e+02
3.531336058367705277e+02 3.590641704561887764e+02
3.522233276331985508e+02 3.595170330862465562e+02
3.513021705021229195e+02 3.599320794309714984e+02
3.503678306543978351e+02 3.603013012792916925e+02
3.494186238606369557e+02 3.606188440744031141e+02
3.484536632186945440e+02 3.608816248520528234e+02
3.474726874684312179e+02 3.610887354447785356e+02
3.464756861041480533e+02 3.612401393336771207e+02
3.454636184620189852e+02 3.613391712712289063e+02
3.444374933655880682e+02 3.613893380331691674e+02
3.433984164014139537e+02 3.613944827535522677e+02
3.423469222728074897e+02 3.613592745914428406e+02
3.412815817677910673e+02 3.612883451993670860e+02
3.402007587398613850e+02 3.611846230568996816e+02
3.391037047086814482e+02 3.610521943576466128e+02
3.379918100725735712e+02 3.608938015961849715e+02
3.368684287136367175e+02 3.607126681750440298e+02
3.357408253570266083e+02 3.605133283756896958e+02
3.346197556554170660e+02 3.603016253734197676e+02
3.335171584672219183e+02 3.600832398960727119e+02
3.324433867306906336e+02 3.598612298982920379e+02
3.314060570863335329e+02 3.596374790584835068e+02
3.304092196174466380e+02 3.594128201246857657e+02
3.294530495948016551e+02 3.591865710571957493e+02
3.285333216096615843e+02 3.589562804919024757e+02
3.276409729000339439e+02 3.587178013340312077e+02
3.267649902279399612e+02 3.584646662962665005e+02
3.258944929186337163e+02 3.581915489067862381e+02
3.250212551444144538e+02 3.578942236298090052e+02
3.241392880154227214e+02 3.575703666133062484e+02
3.232458679152131253e+02 3.572193576714520873e+02
3.223398861831083195e+02 3.568423200925009837e+02
3.214228878574695045e+02 3.564410726137791698e+02
3.204982055273363812e+02 3.560199727271446477e+02
3.195683605702961927e+02 3.555852928325418816e+02
3.186353401695387220e+02 3.551419439551153232e+02
3.177005468029058193e+02 3.546937993215435654e+02
3.167671095473864966e+02 3.542414634094499775e+02
3.158403664956422858e+02 3.537834858906865065e+02
3.149258852554397663e+02 3.533165918692612877e+02
3.140310437929253453e+02 3.528370210271637006e+02
3.131632815640489866e+02 3.523406082698966202e+02
3.123265716444615236e+02 3.518251118013336054e+02
3.115212582282027256e+02 3.512888488765554484e+02
3.107436542402178361e+02 3.507315722071864457e+02
3.099858191580804032e+02 3.501529199733898849e+02
3.092365593512594160e+02 3.495529885885236467e+02
3.084830610237520432e+02 3.489306662963199983e+02
3.077135529455062510e+02 3.482845372546050839e+02
3.069188735005221247e+02 3.476124473783594908e+02
3.060935798010865483e+02 3.469132799127571047e+02
3.052373652588865980e+02 3.461858244415031436e+02
3.043543987756237357e+02 3.454299305431765106e+02
3.034538114217471616e+02 3.446492376404582956e+02
3.025466059813860511e+02 3.438500537011200322e+02
3.016440734064726144e+02 3.430394351983222805e+02
3.007543293919621306e+02 3.422241221196311471e+02
2.998825873204834238e+02 3.414085749980379205e+02
2.990317685754899344e+02 3.405943799935969309e+02
2.982028085003707361e+02 3.397818694701816753e+02
2.973941407058438244e+02 3.389695700542426948e+02
2.966017180806665010e+02 3.381561674054167383e+02
2.958214327302669631e+02 3.373400816378892841e+02
2.950503491824611046e+02 3.365213487107468495e+02
2.942887269136667783e+02 3.356998939782353091e+02
2.935393058026509721e+02 3.348749292364840358e+02
2.928038339516505175e+02 3.340459515942824851e+02
2.920840940597580584e+02 3.332124482076531535e+02
2.913824021942581908e+02 3.323737527941237317e+02
2.907003402002756047e+02 3.315294102910596052e+02
2.900366164618641278e+02 3.306797922684370405e+02
2.893877415017163912e+02 3.298259025734165562e+02
2.887514617190926174e+02 3.289683895181962043e+02
2.881261923857969123e+02 3.281077089948079220e+02
2.875116701813163331e+02 3.272439367548688551e+02
2.869107858651498191e+02 3.263762411893845865e+02
2.863274152461600579e+02 3.255035073119606182e+02
2.857650112827510611e+02 3.246247417811351852e+02
2.852279447110269075e+02 3.237386872306494752e+02
2.847204536458115172e+02 3.228441244465188902e+02
2.842439584802361310e+02 3.219406448123558562e+02
2.837947890645249345e+02 3.210293041508830925e+02
2.833670658552555324e+02 3.201117938795965756e+02
2.829545912101379486e+02 3.191898969261575303e+02
2.825513520034460271e+02 3.182653431368021302e+02
2.821551965029595976e+02 3.173387515183583218e+02
2.817649397663708442e+02 3.164104629531033197e+02
2.813802271759087716e+02 3.154805794569012960e+02
2.810003764046970218e+02 3.145492973204389955e+02
2.806259486906168945e+02 3.136164550877148258e+02
2.802583077263975611e+02 3.126816604538208821e+02
2.798969451304648715e+02 3.117450596691421651e+02
2.795366079468943212e+02 3.108081638955017070e+02
2.791693379378500026e+02 3.098732625458259236e+02
2.787871057497372362e+02 3.089426654915072277e+02
2.783840203068484698e+02 3.080180674676308854e+02
2.779590321712272498e+02 3.070997703748024037e+02
2.775168791900576934e+02 3.061864112368441511e+02
2.770631170417516387e+02 3.052763918052198733e+02
2.766043508426773769e+02 3.043678119307878660e+02
2.761483168341800365e+02 3.034584460642111026e+02
2.756985659990882596e+02 3.025472726645207899e+02
2.752549743653356131e+02 3.016343273957994597e+02
2.748150730628581186e+02 3.007203204985745515e+02
2.743750151135062652e+02 2.998063586652679646e+02
2.739305787398601524e+02 2.988936564099462885e+02
2.734781754791642925e+02 2.979832460557428249e+02
2.730160264764211888e+02 2.970756393407723408e+02
2.725455319432630859e+02 2.961704334544281210e+02
2.720724906971155974e+02 2.952659602023375101e+02
2.716045063580436363e+02 2.943600321874382644e+02
2.711495496571919830e+02 2.934503564027488665e+02
2.707113426396202840e+02 2.925358620963959879e+02
2.702879598691261549e+02 2.916162946619564309e+02
2.698742055722306645e+02 2.906903871728515014e+02
2.694628132080631531e+02 2.897577514490012618e+02
2.690469807298449609e+02 2.888184203022953511e+02
2.686204415688358722e+02 2.878747979309837888e+02
2.681769095397530123e+02 2.869311193135304734e+02
2.677115577043125541e+02 2.859939248533482328e+02
2.672237610437708213e+02 2.850697084546226279e+02
2.667173101166078482e+02 2.841660110758742235e+02
2.661973471262642761e+02 2.832916684578062245e+02
2.656654900429637678e+02 2.824563668193587773e+02
2.651188051124388494e+02 2.816691112266559003e+02
2.645494083782915595e+02 2.809370936391325699e+02
2.639478822892517655e+02 2.802641970309159660e+02
2.633053593181249425e+02 2.796505374944632081e+02
2.626181344718029891e+02 2.790917470875737081e+02
2.618879784853227193e+02 2.785797369909622603e+02
2.611182605833353136e+02 2.781046141348197125e+02
2.603157417397525251e+02 2.776545378361940948e+02
2.594881548707417096e+02 2.772161412180925026e+02
2.586421126535417443e+02 2.767742069890431935e+02
2.577841426905241633e+02 2.763148534335801401e+02
2.569198251867045997e+02 2.758266097265811254e+02
2.560517427247888236e+02 2.753001254274380472e+02
2.551793649004919757e+02 2.747298456669088864e+02
2.542995925857978250e+02 2.741130491832388998e+02
2.534087001106570938e+02 2.734500960301521673e+02
2.525047802760312265e+02 2.727453308194643000e+02
2.515890716718705846e+02 2.720085967752372085e+02
2.506648873138906310e+02 2.712566261210789662e+02
2.497373508726938383e+02 2.705087050402449336e+02
2.488101473668007770e+02 2.697846095457432511e+02
2.478845111437529454e+02 2.691036521101279391e+02
2.469601982992156763e+02 2.684816017826942129e+02
2.460346619944726854e+02 2.679320639643752884e+02
2.451035294579126571e+02 2.674630456596320300e+02
2.441606659364129257e+02 2.670785124823037791e+02
2.431999994291224994e+02 2.667758335924743847e+02
2.422171356776719620e+02 2.665487550990043246e+02
2.412115002876550420e+02 2.663867078568447369e+02
2.401858681940616407e+02 2.662787023620576861e+02
2.391440699726883565e+02 2.662117940617320642e+02
2.380897458293323439e+02 2.661718340943323255e+02
2.370258406722572317e+02 2.661463512113115257e+02
2.359544334418356470e+02 2.661241357463085819e+02
2.348788368425996396e+02 2.660966969110394871e+02
2.338024868372872902e+02 2.660590505144904228e+02
2.327289622536799243e+02 2.660084126262183872e+02
2.316592752664071782e+02 2.659434005211895169e+02
2.305910614527872440e+02 2.658624832090764585e+02
2.295206263787626426e+02 2.657614343474897396e+02
2.284438076918907257e+02 2.656353849079693532e+02
2.273583981081128513e+02 2.654794726158331741e+02
2.262642259421945141e+02 2.652931006753203178e+02
2.251615726362753662e+02 2.650772474086281818e+02
2.240511064080880885e+02 2.648342356102078838e+02
2.229336920425177482e+02 2.645670713624106156e+02
2.218102847287518671e+02 2.642790750023602868e+02
2.206819809299791473e+02 2.639740579503270510e+02
2.195496011965638274e+02 2.636548725248588880e+02
2.184142035629546399e+02 2.633251965639220771e+02
2.172767349243662807e+02 2.629883215739274078e+02
2.161371148292636803e+02 2.626439678969578608e+02
2.149953203309891876e+02 2.622920557680405977e+02
2.138508480039391770e+02 2.619336457019853697e+02
2.127017206810073731e+02 2.615714646022070724e+02
2.115466925853383486e+02 2.612097979138430901e+02
2.103854022886534949e+02 2.608540772637768441e+02
2.092200272872827895e+02 2.605097811812572672e+02
2.080542993920140304e+02 2.601814467883067437e+02
2.068940142075130382e+02 2.598713120251737791e+02
2.057454425301001208e+02 2.595792263644200943e+02
2.046165516284918340e+02 2.593028811462182830e+02
2.035151504681114432e+02 2.590363754639416243e+02
2.024464911496181685e+02 2.587722776325412042e+02
2.014137475012493042e+02 2.585018673111796943e+02
2.004175414626760414e+02 2.582168783723450360e+02
1.994580691127364389e+02 2.579118216603562814e+02
1.985348631323144559e+02 2.575850980448735754e+02
1.976476325543215466e+02 2.572366871751372628e+02
1.967956535940428466e+02 2.568684642406541343e+02
1.959781588472293663e+02 2.564815813055363378e+02
1.951932522733482358e+02 2.560776004438210975e+02
1.944388052524046770e+02 2.556583712357088700e+02
1.937111343062192077e+02 2.552260823425488070e+02
1.930059748106912991e+02 2.547826348853998866e+02
1.923178537175453187e+02 2.543308801053204888e+02
1.916426667663472472e+02 2.538753274510895608e+02
1.909770857077967037e+02 2.534208978696275381e+02
1.903173726265151799e+02 2.529736166079520672e+02
1.896611740115513669e+02 2.525376621945364377e+02
1.890073787841080843e+02 2.521147933530389764e+02
1.883548044900692560e+02 2.517053596149509644e+02
1.877020676718729817e+02 2.513050691807460169e+02
1.870468573714889260e+02 2.509068076590248779e+02
1.863875034981063550e+02 2.505026717311374682e+02
1.857229417564354605e+02 2.500858366347776496e+02
1.850520731778744903e+02 2.496518673362349432e+02
1.843733824887431183e+02 2.491948346598775856e+02
1.836833582343587921e+02 2.487089310458898410e+02
1.829775571247289179e+02 2.481889655899148863e+02
1.822508323609527281e+02 2.476339392673909572e+02
1.814991729696545519e+02 2.470466312986366688e+02
1.807196940940585534e+02 2.464346071199503854e+02
1.799122388102107948e+02 2.458097929546601677e+02
1.790775086619723879e+02 2.451874246872566516e+02
1.782171561163049773e+02 2.445879462964362574e+02
1.773344645953220891e+02 2.440341868181888003e+02
1.764323293471260001e+02 2.435511743150926804e+02
1.755143905061013925e+02 2.431598381628112975e+02
1.745837313184948130e+02 2.428760974140043913e+02
1.736448218984917844e+02 2.427062996395592336e+02
1.727033243775340168e+02 2.426492998257048725e+02
1.717655491946791813e+02 2.426955325271354695e+02
1.708352703715343921e+02 2.428282901573732886e+02
1.699130897401494735e+02 2.430265624286482193e+02
1.689979508056236170e+02 2.432685986663149436e+02
1.680878201453980694e+02 2.435327898020526050e+02
1.671811619528578206e+02 2.437998497342582027e+02
1.662802077233608600e+02 2.440508955459571894e+02
1.653879285883328123e+02 2.442673185235439917e+02
1.645078228370253441e+02 2.444308702555450736e+02
1.636434246219662327e+02 2.445236874250536232e+02
1.627964532420901094e+02 2.445294724879548767e+02
1.619647998116552969e+02 2.444341561092990958e+02
1.611454804018149218e+02 2.442262119916045719e+02
1.603349875222135097e+02 2.439020925649414835e+02
1.595319745622648782e+02 2.434653204182624791e+02
1.587362439030090400e+02 2.429293911957813634e+02
1.579494611049876198e+02 2.423139407589022767e+02
1.571741983581433999e+02 2.416406749990121341e+02
1.564120307330551611e+02 2.409318957026014800e+02
1.556647055560607384e+02 2.402071829515564332e+02
1.549334733321938700e+02 2.394805231618283301e+02
1.542168461271516264e+02 2.387593858290834987e+02
1.535124582093170318e+02 2.380453786594257508e+02
1.528176839759616428e+02 2.373382257900047421e+02
1.521273550927863312e+02 2.366372475991806823e+02
1.514353239951218484e+02 2.359420753043110324e+02
1.507347120175409714e+02 2.352527575154717852e+02
1.500189726611149865e+02 2.345704179122331254e+02
1.492826642272785591e+02 2.338945949485796518e+02
1.485207890027465396e+02 2.332255276368954355e+02
1.477315821658961283e+02 2.325616966731821549e+02
1.469152685912789309e+02 2.319022777592923035e+02
1.460729970450149438e+02 2.312450101868409433e+02
1.452059045727683326e+02 2.305890465738849571e+02
1.443169930058344903e+02 2.299376887081028826e+02
1.434106784373650783e+02 2.292963548753191390e+02
1.424921768651120431e+02 2.286707951468769124e+02
1.415680666216489101e+02 2.280660732022242314e+02
1.406469152348272189e+02 2.274858553106520844e+02
1.397359745036646359e+02 2.269329271742274159e+02
1.388432461033729624e+02 2.264080440404636647e+02
1.379749067461253560e+02 2.259096974665446851e+02
1.371328077457403936e+02 2.254334028340758778e+02
1.363125340881886416e+02 2.249716874872963785e+02
1.355054317520327629e+02 2.245147031168100682e+02
1.347033961546712817e+02 2.240519178702701311e+02
1.339020759737692856e+02 2.235719750999785447e+02
1.330995200026867735e+02 2.230655674834068236e+02
1.322967245164155088e+02 2.225238383864234493e+02
1.314960444459260316e+02 2.219363530434284542e+02
1.307017568784362425e+02 2.212926377611893827e+02
1.299227336718444406e+02 2.205845181686335081e+02
1.291707072578771260e+02 2.198091372962504693e+02
1.284597268941274422e+02 2.189702014637892944e+02
1.278071261746563039e+02 2.180771910348996130e+02
1.272312669345476479e+02 2.171450125934070456e+02
1.267507838904215873e+02 2.161930081572386371e+02
1.263855622133838494e+02 2.152408551076758272e+02
1.261544581209740556e+02 2.143085424420445690e+02
1.260710831358976236e+02 2.134106180628274387e+02
1.261413794406474551e+02 2.125535658783535382e+02
1.263635458221298222e+02 2.117372339399773296e+02
1.267313973398179030e+02 2.109570832593004752e+02
1.272358462630093641e+02 2.102076971610807163e+02
1.278642077087070561e+02 2.094865636739109505e+02
1.285989750094767032e+02 2.087966910418543023e+02
1.294202301134155846e+02 2.081470578766300719e+02
1.303066830912581224e+02 2.075516075757030308e+02
1.312377846272347028e+02 2.070230528133159282e+02
1.321942675891189651e+02 2.065687645853834056e+02
1.331607743789187452e+02 2.061886053822381655e+02
1.341260355414638923e+02 2.058753294085361460e+02
1.350836237009241927e+02 2.056153948028861009e+02
1.360289605097967467e+02 2.053915592824014311e+02
