1.267280911143228650e+02 2.082350984691638303e+02
1.274111774525725878e+02 2.076606330354738930e+02
1.282130975412817975e+02 2.071877608873137433e+02
1.291169816657892113e+02 2.068153133946110813e+02
1.301005616093623303e+02 2.065386283183588603e+02
1.311406305062759543e+02 2.063489393284123707e+02
1.322161371534676277e+02 2.062325961795491764e+02
1.333090173386650577e+02 2.061707262893287975e+02
1.344038490590618835e+02 2.061424749504062390e+02
1.354891672982367652e+02 2.061262308976066606e+02
1.365569414672324058e+02 2.061030611484128769e+02
1.376036979957492861e+02 2.060572957567694914e+02
1.386307073021778535e+02 2.059786397122777544e+02
1.396418315816041513e+02 2.058625082304151306e+02
1.406417160130856132e+02 2.057123496494081962e+02
1.416344831359462830e+02 2.055389651091746828e+02
1.426245714529152622e+02 2.053568388043598532e+02
1.436161302857729538e+02 2.051795112435495412e+02
1.446119869862478993e+02 2.050162089419149254e+02
1.456151853051600256e+02 2.048742126218751878e+02
1.466297092639341031e+02 2.047574650309860260e+02
1.476575097665758278e+02 2.046668545608053194e+02
1.486980895002043610e+02 2.046008538934557635e+02
1.497504631883855950e+02 2.045572955879696053e+02
1.508122777642082042e+02 2.045372793279881023e+02
1.518787103279562700e+02 2.045427599614158112e+02
1.529438120006687711e+02 2.045771648573760046e+02
1.540012114095882794e+02 2.046427372042660977e+02
1.550460788996919632e+02 2.047427067787594979e+02
1.560752494386693741e+02 2.048790015091415739e+02
1.570866584401041735e+02 2.050493380969366228e+02
1.580800016027677657e+02 2.052497370620576476e+02
1.590566722869979799e+02 2.054755982907051362e+02
1.600191154030400185e+02 2.057213844461642793e+02
1.609711207929703392e+02 2.059834794539011398e+02
1.619172566899918024e+02 2.062600462495715021e+02
1.628619118459985771e+02 2.065488122421846526e+02
1.638093474753632677e+02 2.068466517714790029e+02
1.647629247277425293e+02 2.071475019901873509e+02
1.657252896516023384e+02 2.074434033319573984e+02
1.666985719259033090e+02 2.077245609826243822e+02
1.676842286078035897e+02 2.079797462755515198e+02
1.686837365691947070e+02 2.082002628682077727e+02
1.696976811045009299e+02 2.083788736800743777e+02
1.707258267651004644e+02 2.085118239182214097e+02
1.717678922732066553e+02 2.085999977974454964e+02
1.728252943171591767e+02 2.086512164693338320e+02
1.738980688857810435e+02 2.086791063783897471e+02
1.749835940697677756e+02 2.087009041363625954e+02
1.760775614810067964e+02 2.087354864508009769e+02
1.771759603598935939e+02 2.088017183129688874e+02
1.782761853697166714e+02 2.089148220847928883e+02
1.793766346673223211e+02 2.090833525101329542e+02
1.804760225156840647e+02 2.093119844505163485e+02
1.815747637294311687e+02 2.096006483155454987e+02
1.826747019376602452e+02 2.099458140250862357e+02
1.837775089395651094e+02 2.103433190905251990e+02
1.848857955107089595e+02 2.107855734977018756e+02
1.860014523403830253e+02 2.112646169612567633e+02
1.871234979486237933e+02 2.117708027013083552e+02
1.882487164027676556e+02 2.122947931808097337e+02
1.893728309905914955e+02 2.128287996269718008e+02
1.904916549763345586e+02 2.133667126014676683e+02
1.916025725957031511e+02 2.139046344502388592e+02
1.927041675687680424e+02 2.144377864157938802e+02
1.937959424182013493e+02 2.149593981405862451e+02
1.948785216990628157e+02 2.154623606635822455e+02
1.959527604388198370e+02 2.159381054448812449e+02
1.970193985199420581e+02 2.163776881911667260e+02
1.980795263512972610e+02 2.167755201651483503e+02
1.991331884867180122e+02 2.171265998230688012e+02
2.001790448236273789e+02 2.174263969974826978e+02
2.012139413754388215e+02 2.176692576500445568e+02
2.022338370223303912e+02 2.178495475318617309e+02
2.032356800425014853e+02 2.179634753893088828e+02
2.042178290305619441e+02 2.180068418503679482e+02
2.051823874917863009e+02 2.179774188312075580e+02
2.061362716541362943e+02 2.178745773447208762e+02
2.070871669003116722e+02 2.177018161950978197e+02
2.080388658829524786e+02 2.174673036328213129e+02
2.089927888942846437e+02 2.171852721098935604e+02
2.099492948598098110e+02 2.168752211922964079e+02
2.109080053353081894e+02 2.165596197960912832e+02
2.118678660342314970e+02 2.162605164016764547e+02
2.128272697130698816e+02 2.159963699764472267e+02
2.137841924111478420e+02 2.157789039985216277e+02
2.147363062019697963e+02 2.156101193335199753e+02
2.156833257333037466e+02 2.154875284215729607e+02
2.166275357606622833e+02 2.154060645005736205e+02
2.175714497920713484e+02 2.153562125781728867e+02
2.185157474066716929e+02 2.153283366750644632e+02
2.194603113527834068e+02 2.153131255251129801e+02
2.204052545348677086e+02 2.153028414863918556e+02
2.213507276283798433e+02 2.152905971630285649e+02
2.222977431891242475e+02 2.152689387818346631e+02
2.232487575338694512e+02 2.152278950839161382e+02
2.242050330808483238e+02 2.151569026226665642e+02
2.251667050690889482e+02 2.150478529392678979e+02
2.261347263627958171e+02 2.148978382476537377e+02
2.271100973291476350e+02 2.147119592937996515e+02
2.280946091117595245e+02 2.145041842774662371e+02
2.290889822569232592e+02 2.142956433717014875e+02
2.300926938844713732e+02 2.141101226118693717e+02
2.311027070767093505e+02 2.139740746434124503e+02
2.321133709921651587e+02 2.139132585272542428e+02
2.331175658057679811e+02 2.139481958792171383e+02
2.341086818026132903e+02 2.140914412268462002e+02
2.350815568057399787e+02 2.143434531603974165e+02
2.360332305972656854e+02 2.146923872054591129e+02
2.369631752721761018e+02 2.151171001759823866e+02
2.378722964426486044e+02 2.155918364665467095e+02
2.387627690597847163e+02 2.160914262760462066e+02
2.396393120178420020e+02 2.165949740257861436e+02
2.405071061463784190e+02 2.170880610295195368e+02
2.413712330403589874e+02 2.175610609868868437e+02
2.422351884721177839e+02 2.180082274945095264e+02
2.431003540210874121e+02 2.184224748098527016e+02
2.439658279470796458e+02 2.187968123560708875e+02
2.448295286896491803e+02 2.191237545066630332e+02
2.456883074867612322e+02 2.193978997756624381e+02
2.465390199398001414e+02 2.196163251657469289e+02
2.473780283539400102e+02 2.197812728823830639e+02
2.482038477092172570e+02 2.199030953307844527e+02
2.490168569080800580e+02 2.199983605766479968e+02
2.498179440280443941e+02 2.200873222410899928e+02
2.506067718823466066e+02 2.201919899985988991e+02
2.513797567466357350e+02 2.203354415979552243e+02
2.521298850117391908e+02 2.205373848201191436e+02
2.528480391239682206e+02 2.208130849227279384e+02
2.535282154098262595e+02 2.211710534450987780e+02
2.541708472916308210e+02 2.216116637852694566e+02
2.547838624508914904e+02 2.221274098108882527e+02
2.553823288380103236e+02 2.227051364635865411e+02
2.559840229466946084e+02 2.233303325982863612e+02
2.566062499472625404e+02 2.239914167293205480e+02
2.572605432288821703e+02 2.246825567524977600e+02
2.579501489836972610e+02 2.254019598916005407e+02
2.586720350443746383e+02 2.261494278381217953e+02
2.594175113736882281e+02 2.269248456398603935e+02
2.601758066746299960e+02 2.277260575744861058e+02
2.609362634412960347e+02 2.285486170463449866e+02
2.616923060549000297e+02 2.293869468941900323e+02
2.624407670974001121e+02 2.302341546679525663e+02
2.631811030517804966e+02 2.310840604085507266e+02
2.639142411848620213e+02 2.319312017221647579e+02
2.646425415602259932e+02 2.327724163607188643e+02
2.653687117814838530e+02 2.336062700830606786e+02
2.660914176880740456e+02 2.344351055928837582e+02
2.668064083275914982e+02 2.352627168727461253e+02
2.675090354367796408e+02 2.360941168039248055e+02
2.681958870098033003e+02 2.369339394318641610e+02
2.688662086088668275e+02 2.377849072753634800e+02
2.695234323094840647e+02 2.386479024838814667e+02
2.701749056465041576e+02 2.395192563033186843e+02
2.708313238259547688e+02 2.403904764689581270e+02
2.715049715810426392e+02 2.412501278550007839e+02
2.722055574610019448e+02 2.420869592001054400e+02
2.729344596911232088e+02 2.428932833519353380e+02
2.736837658485336533e+02 2.436663760156676801e+02
2.744406033704304377e+02 2.444084602801189590e+02
2.751926907001883933e+02 2.451261487047681840e+02
2.759326316983069773e+02 2.458265146956188687e+02
2.766593547769693942e+02 2.465157886337628383e+02
2.773785596861246177e+02 2.471966041248115857e+02
2.780981193058916006e+02 2.478694949183656604e+02
2.788257227931100601e+02 2.485322313209274796e+02
2.795657032652794101e+02 2.491821373387123799e+02
2.803173654937169204e+02 2.498165278307409949e+02
2.810767928920278109e+02 2.504340112496688278e+02
2.818398782497980051e+02 2.510334374947980223e+02
2.826031432761494671e+02 2.516149886610686224e+02
2.833649092194107197e+02 2.521777975490655308e+02
2.841251112230975195e+02 2.527202702116012745e+02
2.848877968961728584e+02 2.532410345256192272e+02
2.856603185391766715e+02 2.537375874995552181e+02
2.864514539438054044e+02 2.542069924553651674e+02
2.872686567032058065e+02 2.546450325106459047e+02
2.881162774191638505e+02 2.550480818672646137e+02
2.889935240343514806e+02 2.554133919712034526e+02
2.898930907295289785e+02 2.557421054988099058e+02
2.908048153782881400e+02 2.560377987955464505e+02
2.917190763849883979e+02 2.563073821448606395e+02
2.926281685480437886e+02 2.565620775642860281e+02
2.935280301956789799e+02 2.568128293673410099e+02
2.944181671325068237e+02 2.570700116077616144e+02
2.953014719423160273e+02 2.573391795788817262e+02
2.961826760220896517e+02 2.576227113916299913e+02
2.970669931955701486e+02 2.579188357148734099e+02
2.979563525169348850e+02 2.582234513778059295e+02
2.988492858887590273e+02 2.585331771339188549e+02
2.997448813445606675e+02 2.588448116932947869e+02
3.006438709751626561e+02 2.591569760435961598e+02
3.015495911470584360e+02 2.594685505279014706e+02
3.024663382135491929e+02 2.597780805231290060e+02
3.033982985278628348e+02 2.600841859044103330e+02
3.043492985120885237e+02 2.603855884761440507e+02
3.053219758871580325e+02 2.606815918524557674e+02
3.063156765600375593e+02 2.609725564945821930e+02
3.073241418606383490e+02 2.612603459080154380e+02
3.083378556101143317e+02 2.615484190297557916e+02
3.093461324315418324e+02 2.618411840158798327e+02
3.103372105025840710e+02 2.621396010998613519e+02
3.112998940363237352e+02 2.624420713657248143e+02
3.122262342167721840e+02 2.627458063661640040e+02
3.131142160082359851e+02 2.630471144814592890e+02
3.139660722231481031e+02 2.633425001181506104e+02
3.147871734965932546e+02 2.636282769630677194e+02
3.155861645911929259e+02 2.639032005772942284e+02
3.163741126293943466e+02 2.641693203426247578e+02
3.171627922121376173e+02 2.644309465767622100e+02
3.179617425815197862e+02 2.646936174169576930e+02
3.187753364982088442e+02 2.649622745521069191e+02
3.196049803185247242e+02 2.652386813170904816e+02
3.204530124269251701e+02 2.655230655893487324e+02
3.213217176571259301e+02 2.658163201134653946e+02
3.222126708101379791e+02 2.661190479539275202e+02
3.231242291585656403e+02 2.664339739930634323e+02
3.240506334690211361e+02 2.667660352875656145e+02
3.249835693813662942e+02 2.671234045135864790e+02
3.259130169912909878e+02 2.675126444028452397e+02
3.268302421639968998e+02 2.679391413466498761e+02
3.277314629270184128e+02 2.684073425892335649e+02
3.286182031546583175e+02 2.689159067868263264e+02
3.294931086046351538e+02 2.694591158230341534e+02
3.303597465810972835e+02 2.700269309701432121e+02
3.312229103089821365e+02 2.706080749657330671e+02
3.320915258682856575e+02 2.711900605634738213e+02
3.329766130545155534e+02 2.717627993512023750e+02
3.338884280269202236e+02 2.723195097739740049e+02
3.348324490395219186e+02 2.728593414401909740e+02
3.358081748690830182e+02 2.733862937129607644e+02
3.368085307784882048e+02 2.739090724708001403e+02
3.378222032035090479e+02 2.744374252374176422e+02
3.388352971878143762e+02 2.749809524011678832e+02
3.398349505498861731e+02 2.755476995252748793e+02
3.408103255316302125e+02 2.761436526568060685e+02
3.417527188653217536e+02 2.767686297767734231e+02
3.426540302189502540e+02 2.774200886347332471e+02
3.435098202558187950e+02 2.780933139852315890e+02
3.443189706085174180e+02 2.787830111442990528e+02
3.450829111716786883e+02 2.794844568914940055e+02
3.458045001370597902e+02 2.801925478467717880e+02
3.464847824129166725e+02 2.809035468599165597e+02
3.471258405211396507e+02 2.816124303146435182e+02
3.477324143955926274e+02 2.823136175546323443e+02
3.483137992615788789e+02 2.830011674503978156e+02
3.488809202135578289e+02 2.836698055961863361e+02
3.494432292286269899e+02 2.843163447904120176e+02
3.500067228524695224e+02 2.849409911516539182e+02
3.505771657047518488e+02 2.855469346971695472e+02
3.511597433525851102e+02 2.861400561822449049e+02
3.517592668866514600e+02 2.867265843512518586e+02
3.523785105405713125e+02 2.873151355034434573e+02
3.530184035411093078e+02 2.879158514526426984e+02
3.536782407862870059e+02 2.885372234189738947e+02
3.543538244422762773e+02 2.891872461709235722e+02
3.550414603677504033e+02 2.898721860491190228e+02
3.557398860852955522e+02 2.905951555361352803e+02
3.564518873348905004e+02 2.913549275905016884e+02
3.571806487704241704e+02 2.921466962333784068e+02
3.579298223042956693e+02 2.929622313161746661e+02
3.587024437865422328e+02 2.937910806785610021e+02
3.594994065616762668e+02 2.946226130315477008e+02
3.603191488695774751e+02 2.954481856749012536e+02
3.611588116618585786e+02 2.962626838211070890e+02
3.620128584436758956e+02 2.970653650249835209e+02
3.628738964138464667e+02 2.978578901897988089e+02
3.637324797273825538e+02 2.986450877448492633e+02
3.645786341241264381e+02 2.994325055097339714e+02
3.654010366005009587e+02 3.002263890942707576e+02
3.661873036453338273e+02 3.010313459359298349e+02
3.669273214682126536e+02 3.018504752809894285e+02
3.676161565128385291e+02 3.026852889569023546e+02
3.682523459224020144e+02 3.035362352380877837e+02
3.688374558141933335e+02 3.044028342072263058e+02
3.693782248906917971e+02 3.052830208720917540e+02
3.698817924667972079e+02 3.061746074777248623e+02
3.703543446101941754e+02 3.070756983800132502e+02
3.707987582726082678e+02 3.079854119725991950e+02
3.712149148957095690e+02 3.089037845862201266e+02
3.716034369107289876e+02 3.098306254845053900e+02
3.719668274282071820e+02 3.107651676201156761e+02
3.723077683522948860e+02 3.117065891566157916e+02
3.726304857137752151e+02 3.126535950790171228e+02
3.729405488857954083e+02 3.136044787216388841e+02
3.732434889968805010e+02 3.145575451383931522e+02
3.735439173923846852e+02 3.155113812393951775e+02
3.738439289215039594e+02 3.164653450839571747e+02
3.741424307441512838e+02 3.174197715594393117e+02
3.744361329642621286e+02 3.183764814771677720e+02
3.747218003597965890e+02 3.193392420461030383e+02
3.749952747215590989e+02 3.203118188287909334e+02
3.752533144384423736e+02 3.212971390436088654e+02
3.754909293300863737e+02 3.222953146770486228e+02
3.756996234509629176e+02 3.233037343559887518e+02
3.758708955819656694e+02 3.243173325532393960e+02
3.759983150416460944e+02 3.253298036755607541e+02
3.760779508431639897e+02 3.263359001764346203e+02
3.761077575617545676e+02 3.273338757069461735e+02
3.760852792558758324e+02 3.283236273149604472e+02
3.760060257853359644e+02 3.293057622130087907e+02
3.758635176420436323e+02 3.302814846800845316e+02
3.756512520320678732e+02 3.312531995012284369e+02
3.753668109190649034e+02 3.322256408949862134e+02
3.750114840580277473e+02 3.332043522445359258e+02
3.745889989911133853e+02 3.341916406644104427e+02
3.741047654070569024e+02 3.351856674817759654e+02
3.735639142374672588e+02 3.361825102516266384e+02
3.729718641053804049e+02 3.371786938695906883e+02
3.723371678738533319e+02 3.381733566178904766e+02
3.716710396487567891e+02 3.391669967429708663e+02
3.709857290211625696e+02 3.401624779097170972e+02
3.702927734770055395e+02 3.411640534053638589e+02
3.696013014285363738e+02 3.421744325971402532e+02
3.689168687270680493e+02 3.431917111045205502e+02
3.682420554381023976e+02 3.442112295190650570e+02
3.675762142605416898e+02 3.452267832065147672e+02
3.669143565855457609e+02 3.462313422756300838e+02
3.662503083639298325e+02 3.472167047194819816e+02
3.655789315777613524e+02 3.481741209544388767e+02
3.648963313659647838e+02 3.490963964052388633e+02
3.642021340396440792e+02 3.499789599581653192e+02
3.634976430503651841e+02 3.508198977252865234e+02
3.627832497745184241e+02 3.516177803089947247e+02
3.620568070837211394e+02 3.523709458670264780e+02
3.613124376960447535e+02 3.530746250844276233e+02
3.605433797904654512e+02 3.537250120872589605e+02
3.597460496334415438e+02 3.543217230280210970e+02
3.589198169449182956e+02 3.548697423100938977e+02
3.580656175101458416e+02 3.553764412437383839e+02
3.571855296076111017e+02 3.558490899601453066e+02
3.562824016280786168e+02 3.562929288828713084e+02
3.553597906723130109e+02 3.567107942859070704e+02
3.544221420364036135e+02 3.571044480624611310e+02
3.534749323531189020e+02 3.574768264709551886e+02
3.525241154961782968e+02 3.578330989446978379e+02
3.515733399653482252e+02 3.581750655032599866e+02
3.506224384522229798e+02 3.584994326322727147e+02
3.496683988436814730e+02 3.588018488896135523e+02
3.487078699763026748e+02 3.590804367373402215e+02
3.477391972843691974e+02 3.593351007590638346e+02
3.467604005038111268e+02 3.595684370815557145e+02
3.457694043303334297e+02 3.597818033262962558e+02
3.447647192465881858e+02 3.599766495412396239e+02
3.437463599580670461e+02 3.601510509501006823e+02
3.427153973515361258e+02 3.603005428635805174e+02
3.416750471749027156e+02 3.604187210543724973e+02
3.406305529917954118e+02 3.605019862601253635e+02
3.395891286621115341e+02 3.605482199215685455e+02
3.385584447593364530e+02 3.605576778656044894e+02
3.375473469236887922e+02 3.605314094606738990e+02
3.365658330998816723e+02 3.604725144408802748e+02
3.356232748094101339e+02 3.603853283068714290e+02
3.347260279880075018e+02 3.602724791672743549e+02
3.338764181227900849e+02 3.601346067522441103e+02
3.330720474436929521e+02 3.599689650780380816e+02
3.323069042421043378e+02 3.597720288065775662e+02
3.315727225374856175e+02 3.595420291643514474e+02
3.308596109712682392e+02 3.592822963631651874e+02
3.301552368604580465e+02 3.589998529333437318e+02
3.294474828712299086e+02 3.587022944582070636e+02
3.287254187577030962e+02 3.583937453876562813e+02
3.279788852628821587e+02 3.580752793982251205e+02
3.271980652960396014e+02 3.577478443958429466e+02
3.263756189002523911e+02 3.574110006142457792e+02
3.255076594388273747e+02 3.570644235581099224e+02
3.245922813800663107e+02 3.567081783883688786e+02
3.236302185745045108e+02 3.563395436654417949e+02
3.226246114485089720e+02 3.559536851275200888e+02
3.215837657510303416e+02 3.555465420731410404e+02
3.205201545214747512e+02 3.551164750838192958e+02
3.194465702630561736e+02 3.546643343986516470e+02
3.183753051753656678e+02 3.541905765635993930e+02
3.173173972830642242e+02 3.536958897498491865e+02
3.162813042685130540e+02 3.531795146194805284e+02
3.152722421951730212e+02 3.526393936246879548e+02
3.142922957873157657e+02 3.520743534732184230e+02
3.133420408150604999e+02 3.514863618197087476e+02
3.124210536573034460e+02 3.508791934345043160e+02
3.115255308998029591e+02 3.502590038095518707e+02
3.106511373048970199e+02 3.496314723634319535e+02
3.097933973354500949e+02 3.490021039608430442e+02
3.089479887473099780e+02 3.483746715489739358e+02
3.081110433126380030e+02 3.477515831540678164e+02
3.072767873132500540e+02 3.471320696647342174e+02
3.064387254718286613e+02 3.465119799615377474e+02
3.055932776622740903e+02 3.458861807115346210e+02
3.047392766904233667e+02 3.452496411169963721e+02
3.038786315113504202e+02 3.445998873091863857e+02
3.030140278470519206e+02 3.439366150474811548e+02
3.021495913294409661e+02 3.432602973205874264e+02
3.012902095948036845e+02 3.425715114356465278e+02
3.004399617734350159e+02 3.418700564298836184e+02
2.995993343033339897e+02 3.411552738877209663e+02
2.987655662133862506e+02 3.404269869857840263e+02
2.979356332213450287e+02 3.396870334557975184e+02
2.971093202355870062e+02 3.389364111056555657e+02
2.962889011517404469e+02 3.381739461983041224e+02
2.954771822077312891e+02 3.373969495199729636e+02
2.946794332853524452e+02 3.366022728929526693e+02
2.939006457311337499e+02 3.357902620770129261e+02
2.931447522761527011e+02 3.349636173208965602e+02
2.924126592904302697e+02 3.341266377312995246e+02
2.917035572276195126e+02 3.332839411483785739e+02
2.910183317967627659e+02 3.324383530635055877e+02
2.903556058877093164e+02 3.315911374235281528e+02
2.897106488008606675e+02 3.307420652255916593e+02
2.890788623034591751e+02 3.298897697263016084e+02
2.884574095030493481e+02 3.290343075930755390e+02
2.878466068738820240e+02 3.281755818462842171e+02
2.872487500494211758e+02 3.273128890173783248e+02
2.866684369894032898e+02 3.264448201183307674e+02
2.861106308897095687e+02 3.255698542390043144e+02
2.855764857818230666e+02 3.246876377406906045e+02
2.850626313583885576e+02 3.237992034124924885e+02
2.845635470081523408e+02 3.229062429776101908e+02
2.840722712537091184e+02 3.220108896948970596e+02
2.835836879206877938e+02 3.211147113528608088e+02
2.830959842139833427e+02 3.202182634601934410e+02
2.826093743034815589e+02 3.193214803871760523e+02
2.821271185432481161e+02 3.184233630385347169e+02
2.816542680917958137e+02 3.175223635490690413e+02
2.811977987682633966e+02 3.166163442650784532e+02
2.807638220633216406e+02 3.157034323956562503e+02
2.803529785743971274e+02 3.147834316376254264e+02
2.799614065507356599e+02 3.138575253768545963e+02
2.795834859450651493e+02 3.129274358074846987e+02
2.792151962914484784e+02 3.119943949516938346e+02
2.788537275662494608e+02 3.110592639065525873e+02
2.784965508438073130e+02 3.101228176301253256e+02
2.781396666927269621e+02 3.091862816988142413e+02
2.777787180943935255e+02 3.082509912672128394e+02
2.774091252552661899e+02 3.073183497565418065e+02
2.770294415724997634e+02 3.063888004603934405e+02
2.766408306387331777e+02 3.054619868101610791e+02
2.762467421189130619e+02 3.045368516985870428e+02
2.758494247968409354e+02 3.036127060136231535e+02
2.754475276812278821e+02 3.026899637498799507e+02
2.750356382018787258e+02 3.017702835227083256e+02
2.746059095183779846e+02 3.008560698995316898e+02
2.741508963588461256e+02 2.999496043920506736e+02
2.736653821567781506e+02 2.990524855527036721e+02
2.731467127353745354e+02 2.981655267212211697e+02
2.725968796833504939e+02 2.972881175998154504e+02
2.720213022637100266e+02 2.964185975222071079e+02
2.714297500652635335e+02 2.955539727184516892e+02
2.708361709018260512e+02 2.946899690531071201e+02
2.702544418346611792e+02 2.938223340719776502e+02
2.696969847171475294e+02 2.929472612513682179e+02
2.691728730859662733e+02 2.920619701179208505e+02
2.686863654798295897e+02 2.911651556949931319e+02
2.682355515798450938e+02 2.902574033762383579e+02
2.678119381138938024e+02 2.893405031568279924e+02
2.674037263429223685e+02 2.884152947996751664e+02
2.669985327207920136e+02 2.874830817590482752e+02
2.665856080195947015e+02 2.865452241365537134e+02
2.661545354759443853e+02 2.856055185502337963e+02
2.656981696678731169e+02 2.846685936621955761e+02
2.652125266271090140e+02 2.837408485547019268e+02
2.646951122915281189e+02 2.828293940154815687e+02
2.641409288522746692e+02 2.819436246276354723e+02
2.635443299029089985e+02 2.810928628412341368e+02
2.629003134932580679e+02 2.802871655163972946e+02
2.622081500996958994e+02 2.795358042760831268e+02
2.614720518946969605e+02 2.788455313128277453e+02
2.606985790401829490e+02 2.782198869302285402e+02
2.598956452158143975e+02 2.776585755285040022e+02
2.590755661659918587e+02 2.771562668025165408e+02
2.582521664080416031e+02 2.767029803239839794e+02
2.574399173938074910e+02 2.762837817182448816e+02
2.566497339444500199e+02 2.758827346988736053e+02
2.558887879333765909e+02 2.754840030150252232e+02
2.551589965737318835e+02 2.750748322210921515e+02
2.544576306145758906e+02 2.746454626628638493e+02
2.537794342671709273e+02 2.741907264426299662e+02
2.531189745869552894e+02 2.737088913403154038e+02
2.524695199510548491e+02 2.731995027005762040e+02
2.518236909759207265e+02 2.726641252759286544e+02
2.511742873833873659e+02 2.721052154725562673e+02
2.505145153959750814e+02 2.715277303351994078e+02
2.498403257858290658e+02 2.709378525710142185e+02
2.491497032214177807e+02 2.703442040160475131e+02
2.484406197561067131e+02 2.697566623128038827e+02
2.477101547430997641e+02 2.691863251990388903e+02
2.469541631826654395e+02 2.686423018693506606e+02
2.461691699076864097e+02 2.681313479805174893e+02
2.453525017349414838e+02 2.676609147400567394e+02
2.445021426603264274e+02 2.672355294968009503e+02
2.436159991098583077e+02 2.668574151994624799e+02
2.426928798760177983e+02 2.665265823192363541e+02
2.417317252777250474e+02 2.662406718063118092e+02
2.407331056822795858e+02 2.659948211608027577e+02
2.396981929276263372e+02 2.657830213427832291e+02
2.386292143367768972e+02 2.655993184872730808e+02
2.375315101035295129e+02 2.654388108621093920e+02
2.364151140173090653e+02 2.652980869569556717e+02
2.352911650081182700e+02 2.651750480787910647e+02
2.341688858668501894e+02 2.650662676713059795e+02
2.330567944286885620e+02 2.649665511333816994e+02
2.319623363901150697e+02 2.648705533859821344e+02
2.308881399105563617e+02 2.647727719311263854e+02
2.298319663086942910e+02 2.646689320876620855e+02
2.287884090534726624e+02 2.645563229474501554e+02
2.277512825207117544e+02 2.644335036019203358e+02
2.267160130206306121e+02 2.642996959490310473e+02
2.256813973865277489e+02 2.641543116870837480e+02
2.246504185717176938e+02 2.639967400374576982e+02
2.236290085904056184e+02 2.638255020787656235e+02
2.226240855682556230e+02 2.636374800494235160e+02
2.216424945892774190e+02 2.634313179000589002e+02
2.206884367957143240e+02 2.632056257443988443e+02
2.197631203072135690e+02 2.629607759571442784e+02
2.188651282619927372e+02 2.627001280967020307e+02
2.179901947944625249e+02 2.624299668167439563e+02
2.171306811176888232e+02 2.621582222117949073e+02
2.162782430761239993e+02 2.618919935833134218e+02
2.154248908409857677e+02 2.616363691640013940e+02
2.145655783001555221e+02 2.613938177552859656e+02
2.136980047252177428e+02 2.611655108578107729e+02
2.128225867883365368e+02 2.609484121433150676e+02
2.119414685653710535e+02 2.607392791246807633e+02
2.110589159659744212e+02 2.605344178257533372e+02
2.101799559734570266e+02 2.603306656006787989e+02
2.093085178698905793e+02 2.601266771731283143e+02
2.084454603120286720e+02 2.599207220224925550e+02
2.075903294510827095e+02 2.597131212115021981e+02
2.067441815615366068e+02 2.595049086343564113e+02
2.059081142687788315e+02 2.592977958069055830e+02
2.050805689741360425e+02 2.590903860920545867e+02
2.042595426236662490e+02 2.588753988577632299e+02
2.034448648055210356e+02 2.586450012945226717e+02
2.026369042107684209e+02 2.583929901535150293e+02
2.018329069777927600e+02 2.581131160368331052e+02
2.010259048653813920e+02 2.578034080778144244e+02
2.002086440563248004e+02 2.574648612341927674e+02
1.993733775186042863e+02 2.571020898033035564e+02
1.985119910577653570e+02 2.567209229720847361e+02
1.976185283729868445e+02 2.563275421434130976e+02
1.966911277288737097e+02 2.559256230962972154e+02
1.957298539064182137e+02 2.555166332473182820e+02
1.947367907626207852e+02 2.550972701202838380e+02
1.937163551381233049e+02 2.546623083119804960e+02
1.926760617669077362e+02 2.542042218069163653e+02
1.916262128820498560e+02 2.537190074808555096e+02
1.905802973425147684e+02 2.532076787067902615e+02
1.895512563940553719e+02 2.526742845211941244e+02
1.885482244880525116e+02 2.521256292257924940e+02
1.875776147725226508e+02 2.515679850884781672e+02
1.866410919777970605e+02 2.510073307285670126e+02
1.857373468564267114e+02 2.504465952858844844e+02
1.848608484195308961e+02 2.498861976673420031e+02
1.840048035192133682e+02 2.493216324794315142e+02
1.831622069297349924e+02 2.487476612965935772e+02
1.823297723464098965e+02 2.481577784761610701e+02
1.815083007596905418e+02 2.475483519445809577e+02
1.807000745612022286e+02 2.469170820661279322e+02
1.799070342280585066e+02 2.462638197583698911e+02
1.791298342279138183e+02 2.455926871669968818e+02
1.783659000767210330e+02 2.449096315831478137e+02
1.776095286406061859e+02 2.442222169043639610e+02
1.768532327857004702e+02 2.435382639990389748e+02
1.760916971554681254e+02 2.428667899208434164e+02
1.753213413808942107e+02 2.422192891084202699e+02
1.745395381362634737e+02 2.416108609705190986e+02
1.737452506423522323e+02 2.410620069679864059e+02
1.729390974680967759e+02 2.405984768810633625e+02
1.721227504557819259e+02 2.402453755905777655e+02
1.712983193910382909e+02 2.400219296994950753e+02
1.704674907129665087e+02 2.399380761766267938e+02
1.696309197276733585e+02 2.399926530306191523e+02
1.687878497764459667e+02 2.401726855676186005e+02
1.679356388378072324e+02 2.404545344750609104e+02
1.670706185744845413e+02 2.408066343065265471e+02
1.661904981247683395e+02 2.411941055953679438e+02
1.652957931847994928e+02 2.415808961162100559e+02
1.643879621967260789e+02 2.419342417242677357e+02
1.634715070839227735e+02 2.422244054098741231e+02
1.625509304735262504e+02 2.424257174476533692e+02
1.616278813270173771e+02 2.425182167265384123e+02
1.607041564479431202e+02 2.424868240597469935e+02
1.597802174982422514e+02 2.423219671083144817e+02
1.588545441191403427e+02 2.420201896473932379e+02
1.579242516999435111e+02 2.415843722509094675e+02
1.569863749963173802e+02 2.410243681068770911e+02
1.560400915862985300e+02 2.403580128848971071e+02
1.550872898623663616e+02 2.396075002622637271e+02
1.541316268812211945e+02 2.387965360759437203e+02
1.531763560580066894e+02 2.379482564230561366e+02
1.522250217331721274e+02 2.370829753170099252e+02
1.512805571820532009e+02 2.362187225660072158e+02
1.503470018289028474e+02 2.353695367343871681e+02
1.494290754710166595e+02 2.345452839385836796e+02
1.485292372198932469e+02 2.337502277901688785e+02
1.476496970705533442e+02 2.329840372558994090e+02
1.467927352670562868e+02 2.322423100559080353e+02
1.459600209996879983e+02 2.315198888055095665e+02
1.451519420831234299e+02 2.308140901201290376e+02
1.443663400435391964e+02 2.301241059497967854e+02
1.435978621562741182e+02 2.294506980160504384e+02
1.428381873090805811e+02 2.287958085539337389e+02
1.420754500102534337e+02 2.281622609337007646e+02
1.412976197376745802e+02 2.275523433938809035e+02
1.404978431307280005e+02 2.269658456720967479e+02
1.396723786174160296e+02 2.264001930194311285e+02
1.388207167618168967e+02 2.258503884034606699e+02
1.379448162973888543e+02 2.253092089640704216e+02
1.370462370687306475e+02 2.247686284553865050e+02
1.361265585064558366e+02 2.242205309577483376e+02
1.351902035952532799e+02 2.236567690360722622e+02
1.342424302178050652e+02 2.230706808323815835e+02
1.332876547353353374e+02 2.224583568309087696e+02
1.323321512364038028e+02 2.218181442564886652e+02
1.313836421964614374e+02 2.211495331219563809e+02
1.304515561212846535e+02 2.204505702573694350e+02
1.295493743149594650e+02 2.197173158828937005e+02
1.286934091191931770e+02 2.189453653531381860e+02
1.279021705699847473e+02 2.181307722287806996e+02
1.271930311957659967e+02 2.172705368996999482e+02
1.265811999995501935e+02 2.163627567893939556e+02
1.260789937786012445e+02 2.154114432370605812e+02
1.256961195257416080e+02 2.144258116035903470e+02
1.254398949356131538e+02 2.134227688306088453e+02
1.253157848646654600e+02 2.124229608039285040e+02
1.253264415291218654e+02 2.114499201680906992e+02
1.254724607450167753e+02 2.105275032777886963e+02
1.257549893598907147e+02 2.096757296642537085e+02
1.261742593900025611e+02 2.089087221198957707e+02
1.267280911143228650e+02 2.082350984691638303e+02
