1.269893786033626100e+02 2.105520555489313779e+02
1.276430756204992178e+02 2.098546448018413457e+02
1.284226218914120352e+02 2.092457636009433486e+02
1.293065935172236038e+02 2.087314699203123496e+02
1.302694554831190885e+02 2.083071349499069811e+02
1.312829450011165875e+02 2.079592906852910232e+02
1.323211673185867312e+02 2.076702512540158523e+02
1.333632579623362062e+02 2.074240026777075627e+02
1.343957830646129707e+02 2.072048295592594229e+02
1.354112835015147311e+02 2.069962453407950704e+02
1.364093757788756704e+02 2.067851937572580709e+02
1.373935153716411151e+02 2.065651299810034800e+02
1.383693605591881237e+02 2.063350357313765926e+02
1.393417474513983905e+02 2.060966948228890487e+02
1.403132137844836791e+02 2.058552547435612041e+02
1.412852994235067285e+02 2.056158996306972426e+02
1.422595883679764768e+02 2.053839622054182712e+02
1.432376785695815329e+02 2.051648221605036611e+02
1.442212793127101804e+02 2.049642340033937558e+02
1.452117006785668991e+02 2.047866082769392051e+02
1.462102006412358719e+02 2.046361800992260669e+02
1.472175804544683047e+02 2.045156469854863417e+02
1.482354664069785599e+02 2.044270879282686337e+02
1.492670142196451764e+02 2.043700256145344838e+02
1.503143164277250889e+02 2.043425386850778125e+02
1.513771269468422531e+02 2.043379863143867681e+02
1.524498921693234195e+02 2.043462092897549383e+02
1.535231139239402012e+02 2.043587823432154664e+02
1.545874779942527937e+02 2.043761948469306731e+02
1.556354500734950079e+02 2.044051005366596883e+02
1.566630910692965983e+02 2.044579212204956207e+02
1.576700106288118093e+02 2.045488798000289421e+02
1.586576825366909702e+02 2.046872015082543044e+02
1.596287611761662220e+02 2.048758241500761414e+02
1.605860917970053663e+02 2.051103453381013253e+02
1.615318582195414479e+02 2.053790294625138699e+02
1.624690030542484180e+02 2.056703880885814613e+02
1.634004162065711228e+02 2.059727658798645393e+02
1.643280722095654198e+02 2.062725636775578550e+02
1.652542891715164046e+02 2.065574478812551433e+02
1.661822642920072042e+02 2.068179355831837825e+02
1.671159575232477721e+02 2.070459738855116427e+02
1.680608079248613080e+02 2.072350828437624273e+02
1.690240177964249710e+02 2.073793207307629132e+02
1.700122281234557988e+02 2.074781013371976428e+02
1.710297681826237408e+02 2.075341747927936069e+02
1.720766326675842777e+02 2.075569459184870311e+02
1.731480604079517036e+02 2.075583692572035375e+02
1.742336952248265334e+02 2.075521363687738301e+02
1.753202456667119407e+02 2.075517289088124926e+02
1.763929068148053432e+02 2.075733720419488293e+02
1.774370990312248750e+02 2.076306181474660093e+02
1.784427212472344877e+02 2.077341193280385028e+02
1.794067922806283093e+02 2.078906404712971039e+02
1.803321306285018011e+02 2.081013118294802950e+02
1.812242646585147838e+02 2.083611165948364032e+02
1.820881840975695525e+02 2.086605203250408636e+02
1.829266278169515374e+02 2.089899018944795444e+02
1.837399746663068356e+02 2.093398602772007280e+02
1.845281425358769525e+02 2.097027368253480972e+02
1.852928197152422456e+02 2.100745854717284260e+02
1.860377933659339078e+02 2.104510808174541694e+02
1.867694662393562623e+02 2.108276703015477551e+02
1.874961403611970923e+02 2.111973417518436236e+02
1.882274148999091778e+02 2.115521854981834053e+02
1.889750617685214706e+02 2.118870691723379309e+02
1.897528253855251705e+02 2.122009583931695715e+02
1.905712750288670918e+02 2.124955029754207771e+02
1.914349935772251285e+02 2.127706508420056934e+02
1.923398071644508036e+02 2.130266580522416575e+02
1.932742223499039937e+02 2.132643545864011969e+02
1.942248316498607039e+02 2.134892876964336210e+02
1.951806887126105607e+02 2.137094709479769392e+02
1.961353762159646976e+02 2.139337873068041347e+02
1.970864143360100229e+02 2.141732111555110407e+02
1.980361663075905767e+02 2.144384414717624452e+02
1.989887185166947461e+02 2.147363731155681421e+02
1.999483970173364185e+02 2.150660507473710936e+02
2.009169588519577587e+02 2.154208623678627532e+02
2.018927445289754701e+02 2.157884113426335944e+02
2.028691755673016246e+02 2.161537886632465302e+02
2.038377054579830769e+02 2.164998251344754010e+02
2.047922034273735790e+02 2.168092839081020031e+02
2.057311596704916496e+02 2.170653800768308486e+02
2.066583593157197924e+02 2.172536668483491553e+02
2.075803372541748217e+02 2.173657729624118531e+02
2.085047099753605835e+02 2.173971546230686727e+02
2.094365412735526206e+02 2.173474823344383253e+02
2.103790960110316064e+02 2.172217491511258061e+02
2.113346230302698245e+02 2.170317896296726303e+02
2.123029984935284915e+02 2.167927239262027683e+02
2.132814194145025510e+02 2.165207986838394731e+02
2.142653657267279641e+02 2.162328154337380397e+02
2.152493378536033788e+02 2.159421059828729028e+02
2.162305309685804673e+02 2.156627789973764493e+02
2.172108820760803383e+02 2.154098932933997901e+02
2.181954910544772019e+02 2.151948058593891631e+02
2.191889772072540836e+02 2.150241019993110285e+02
2.201941451728889945e+02 2.148961224398281900e+02
2.212094310314861616e+02 2.148022059600358489e+02
2.222305944593558138e+02 2.147280770102421741e+02
2.232533865906572146e+02 2.146594312825971258e+02
2.242740423300270720e+02 2.145835931396056822e+02
2.252897478929701265e+02 2.144910896439824342e+02
2.262990511138391980e+02 2.143770319088465612e+02
2.273032283379014871e+02 2.142423208008689812e+02
2.283062829521398100e+02 2.140893327749022603e+02
2.293119460131576943e+02 2.139250588472259551e+02
2.303217634338722064e+02 2.137599890699968341e+02
2.313353626519630666e+02 2.136069838803117023e+02
2.323507855844223968e+02 2.134777170522359597e+02
2.333656295176605227e+02 2.133818246111643475e+02
2.343770683069794245e+02 2.133235520082089920e+02
2.353829268294938402e+02 2.133035275947322020e+02
2.363843767866559347e+02 2.133240770116580052e+02
2.373857146226051782e+02 2.133848827534636143e+02
2.383906963308181446e+02 2.134818446179585862e+02
2.394025509609520554e+02 2.136097170317412406e+02
2.404218150061176402e+02 2.137675457332426845e+02
2.414462593139250544e+02 2.139568764318865419e+02
2.424733324050666852e+02 2.141797887156952243e+02
2.434997983589868227e+02 2.144393030048641720e+02
2.445225215996136399e+02 2.147346544577769976e+02
2.455374992369912945e+02 2.150619475985961628e+02
2.465431142973993985e+02 2.154177580923515052e+02
2.475390249289676490e+02 2.157998006796926802e+02
2.485231883023452326e+02 2.162077829273053453e+02
2.494928304268235308e+02 2.166435761597334704e+02
2.504432394144683371e+02 2.171106402528556032e+02
2.513700914975018463e+02 2.176120454407350735e+02
2.522702930261661436e+02 2.181504131159742315e+02
2.531412855226702732e+02 2.187293375596407259e+02
2.539775527071998340e+02 2.193504520785058105e+02
2.547731856349109876e+02 2.200113286693091084e+02
2.555277616417713205e+02 2.207085460580019571e+02
2.562467457822892811e+02 2.214400772260300982e+02
2.569393978869811122e+02 2.222002205262794519e+02
2.576129705646527555e+02 2.229821816126810177e+02
2.582738961543341247e+02 2.237775424909603430e+02
2.589269786509576079e+02 2.245792691066898783e+02
2.595761207542192324e+02 2.253812335483099787e+02
2.602238045768305028e+02 2.261800269542089268e+02
2.608733052861316537e+02 2.269728488330204925e+02
2.615303258170639538e+02 2.277586029625696256e+02
2.622010946442061936e+02 2.285374672203984119e+02
2.628872179788547783e+02 2.293082008977290513e+02
2.635850227216050143e+02 2.300696834836233791e+02
2.642906464253729268e+02 2.308209998849037561e+02
2.649986914270983789e+02 2.315628552111288627e+02
2.657072476592065300e+02 2.322972407610859022e+02
2.664189601776818108e+02 2.330277407536352143e+02
2.671368107443289546e+02 2.337597578067107520e+02
2.678619501201084177e+02 2.344972574046728084e+02
2.685906216771132335e+02 2.352447133974036149e+02
2.693183385987800875e+02 2.360075269327559226e+02
2.700383646266893152e+02 2.367933070563008755e+02
2.707436776124352491e+02 2.376078960841689991e+02
2.714297743084368904e+02 2.384538302504234366e+02
2.720957149529492654e+02 2.393274997128430073e+02
2.727448788550399286e+02 2.402201154326162964e+02
2.733825476353066506e+02 2.411180473156915696e+02
2.740115018801826636e+02 2.420072596165564960e+02
2.746320108820168571e+02 2.428733150289653793e+02
2.752440918720789114e+02 2.437030278269585608e+02
2.758496342539741022e+02 2.444867652806001956e+02
2.764481186549347171e+02 2.452202502230794607e+02
2.770383674423618459e+02 2.459013653253095129e+02
2.776212726303435829e+02 2.465319090432576843e+02
2.782009934694571029e+02 2.471190320801507596e+02
2.787837317513834705e+02 2.476716902724066358e+02
2.793764753189520320e+02 2.481996981843351193e+02
2.799846121148090674e+02 2.487115826270072318e+02
2.806138694695619051e+02 2.492143122761303289e+02
2.812673869147521373e+02 2.497128621251415552e+02
2.819441794493847624e+02 2.502121095388048388e+02
2.826396050325538454e+02 2.507159286530531119e+02
2.833504023256150504e+02 2.512271419312158969e+02
2.840760651528049721e+02 2.517449619038673063e+02
2.848178945051658388e+02 2.522647918488809182e+02
2.855818102566199173e+02 2.527782585437739158e+02
2.863775852280101617e+02 2.532756241983570362e+02
2.872127790856611114e+02 2.537500324691397680e+02
2.880886013797477858e+02 2.541961011560724160e+02
2.890009077956422061e+02 2.546106913710930826e+02
2.899456690404081201e+02 2.549950656716989670e+02
2.909200213500374730e+02 2.553519837166924731e+02
2.919212374695166545e+02 2.556836357236636559e+02
2.929464718639231933e+02 2.559943177601170419e+02
2.939913992378773173e+02 2.562920222477055745e+02
2.950494573810284464e+02 2.565913886980781058e+02
2.961129110149864232e+02 2.569071672184282988e+02
2.971730489839442271e+02 2.572524345157386279e+02
2.982232788435310340e+02 2.576358386979072748e+02
2.992595411816553224e+02 2.580601002489852362e+02
3.002795769931863106e+02 2.585235878670941929e+02
3.012816319924041863e+02 2.590195912954123401e+02
3.022660005673011483e+02 2.595387377255179899e+02
3.032360778070501510e+02 2.600689056800050594e+02
3.041937170372916626e+02 2.605975313713844912e+02
3.051400034917945732e+02 2.611117022817891780e+02
3.060727223877822780e+02 2.616033615325274582e+02
3.069904720562644798e+02 2.620685628787967403e+02
3.078934648589432186e+02 2.625089905722134631e+02
3.087799212866448784e+02 2.629309597194356343e+02
3.096460397953146639e+02 2.633451321076867089e+02
3.104873584440711625e+02 2.637639534078835482e+02
3.113019689565180670e+02 2.642007506482468671e+02
3.120918367151410848e+02 2.646632573353995213e+02
3.128618121433544275e+02 2.651558797651442205e+02
3.136197068524617748e+02 2.656795565246334263e+02
3.143719049280144873e+02 2.662353581336809611e+02
3.151189218522641795e+02 2.668229760423746484e+02
3.158584925567035384e+02 2.674387496740308165e+02
3.165910979436034722e+02 2.680790300487911395e+02
3.173214316464719786e+02 2.687372123025774613e+02
3.180580921792865752e+02 2.694000090822153766e+02
3.188126929745840243e+02 2.700509831843627353e+02
3.195974625622183680e+02 2.706747602604606300e+02
3.204174857590344914e+02 2.712613217525962455e+02
3.212712092149588443e+02 2.718059684359878929e+02
3.221539522108810161e+02 2.723073272536050240e+02
3.230595418288629617e+02 2.727712688872760509e+02
3.239828484479113513e+02 2.732087181672725933e+02
3.249186349124727258e+02 2.736330510049172631e+02
3.258606351504413965e+02 2.740577194346422516e+02
3.268018498757583075e+02 2.744929027925588798e+02
3.277356765229623647e+02 2.749463581856876999e+02
3.286561374080910696e+02 2.754218004652296372e+02
3.295589798173936060e+02 2.759207233750561841e+02
3.304423292226505851e+02 2.764438506229501513e+02
3.313071421969440848e+02 2.769906237172476153e+02
3.321570244952763460e+02 2.775585789778020853e+02
3.329934147357017764e+02 2.781444610190613389e+02
3.338123237953384432e+02 2.787456147923190315e+02
3.346060703937631047e+02 2.793606905816574226e+02
3.353689394838579574e+02 2.799904137045533616e+02
3.360987329491217110e+02 2.806386855458695209e+02
3.367958973462686458e+02 2.813073993229996859e+02
3.374626146203072494e+02 2.819978180339567189e+02
3.381047078533372314e+02 2.827109076082720094e+02
3.387300988615892265e+02 2.834460039092057286e+02
3.393462392756364352e+02 2.841991670824714902e+02
3.399622231271362125e+02 2.849652225063231299e+02
3.405869099302244649e+02 2.857388346754165696e+02
3.412248441617839489e+02 2.865125980526434546e+02
3.418772132758859925e+02 2.872785519956411235e+02
3.425446267822589448e+02 2.880288376379587589e+02
3.432272347462217681e+02 2.887564304726813020e+02
3.439238129710828957e+02 2.894566858098878583e+02
3.446376650424039099e+02 2.901272359831244785e+02
3.453767509380192564e+02 2.907692310892892920e+02
3.461489419769731626e+02 2.913881339958070953e+02
3.469586430902740517e+02 2.919915888784224762e+02
3.478021624421836009e+02 2.925902791827352303e+02
3.486698275721683444e+02 2.931941611658846796e+02
3.495459008631177653e+02 2.938139598923314679e+02
3.504141245151962494e+02 2.944601136724035655e+02
3.512579888955393130e+02 2.951419776871083513e+02
3.520671895769581283e+02 2.958651434618469693e+02
3.528390597573603031e+02 2.966303540979582181e+02
3.535792173548289270e+02 2.974329469496897786e+02
3.542960539769986781e+02 2.982646345468422169e+02
3.549949914360306593e+02 2.991160201145493147e+02
3.556793385863003323e+02 2.999778421162363315e+02
3.563505189011324887e+02 3.008428396722945877e+02
3.570092485671558507e+02 3.017070320766669056e+02
3.576532766332854294e+02 3.025701918448178276e+02
3.582781937028804577e+02 3.034330674854397785e+02
3.588804290632671723e+02 3.042983741086600276e+02
3.594632227278744949e+02 3.051684468193972748e+02
3.600342868983889844e+02 3.060420035887343602e+02
3.606032172135708151e+02 3.069161941856656313e+02
3.611792709245194715e+02 3.077882688918274425e+02
3.617632542182678321e+02 3.086579882422571472e+02
3.623422537232135028e+02 3.095291879474319785e+02
3.628950238707411700e+02 3.104081786636731977e+02
3.634002213144977418e+02 3.113013000906150864e+02
3.638429780867340355e+02 3.122129685202554583e+02
3.642140848666139732e+02 3.131459194340398540e+02
3.645132991270041884e+02 3.141002248707739000e+02
3.647450659205449028e+02 3.150745644986720890e+02
3.649169860284280276e+02 3.160666806272606664e+02
3.650371126935330039e+02 3.170741811695586421e+02
3.651114074820385440e+02 3.180952953376915957e+02
3.651436079958952519e+02 3.191289129367853548e+02
3.651338388537883475e+02 3.201749969508528579e+02
3.650810927838618909e+02 3.212348553311194337e+02
3.649845913262495856e+02 3.223120168057181445e+02
3.648460533521618459e+02 3.234076252984935991e+02
3.646680450132294027e+02 3.245193485858698068e+02
3.644520744067588112e+02 3.256425461622154103e+02
3.641980347969029594e+02 3.267728339412563514e+02
3.639052924523687125e+02 3.279084295914723839e+02
3.635747325873062437e+02 3.290476493599397827e+02
3.632064801445757212e+02 3.301908295936247555e+02
3.627979202152507128e+02 3.313399873530881337e+02
3.623427050158704219e+02 3.324960567636613860e+02
3.618318478164022167e+02 3.336556567327216953e+02
3.612588463944925934e+02 3.348128061040711145e+02
3.606251105993862325e+02 3.359591620921973458e+02
3.599374740986314123e+02 3.370850765055164402e+02
3.592078225716406337e+02 3.381795872627523636e+02
3.584484441572089963e+02 3.392308606041071357e+02
3.576675191279197179e+02 3.402269299383593193e+02
3.568688523324487392e+02 3.411599647365003420e+02
3.560550410221958941e+02 3.420269402528936666e+02
3.552289696653447777e+02 3.428285029280216349e+02
3.543930757253532420e+02 3.435677207198194196e+02
3.535471192382129857e+02 3.442495981146018948e+02
3.526899783417438243e+02 3.448793243569429592e+02
3.518198270432186519e+02 3.454618534464954678e+02
3.509368721994989073e+02 3.460012778914439195e+02
3.500422721262420964e+02 3.465014972980295056e+02
3.491375108797919324e+02 3.469675079169234664e+02
3.482249352737296135e+02 3.474072105727671556e+02
3.473071335797675374e+02 3.478293189874716518e+02
3.463868025549340928e+02 3.482429121115562225e+02
3.454655199344941252e+02 3.486533015768258110e+02
3.445428950574147962e+02 3.490591721768493016e+02
3.436166830464485429e+02 3.494529662676719113e+02
3.426840211421017557e+02 3.498250460319016497e+02
3.417418615049455752e+02 3.501651505587205975e+02
3.407878109090457315e+02 3.504652227708280634e+02
3.398196184976489462e+02 3.507176848935588964e+02
3.388362167866354753e+02 3.509189431157530521e+02
3.378368122101898052e+02 3.510663258045210000e+02
3.368208762939117378e+02 3.511580537884802311e+02
3.357872320662224297e+02 3.511935607541992681e+02
3.347341062109918539e+02 3.511779780433060978e+02
3.336608082446584262e+02 3.511179471873598459e+02
3.325680825437321460e+02 3.510217865710962997e+02
3.314607637515217107e+02 3.508972349289130648e+02
3.303464572354341158e+02 3.507497412816950373e+02
3.292321318564093531e+02 3.505820217609189058e+02
3.281249469277575486e+02 3.503951262970245466e+02
3.270308985622085061e+02 3.501893706369529014e+02
3.259556195336717792e+02 3.499630430575706441e+02
3.249036305860003608e+02 3.497146390509801108e+02
3.238792478494773377e+02 3.494418177497394140e+02
3.228856206908596960e+02 3.491429530981822609e+02
3.219255968460093982e+02 3.488158952441136762e+02
3.210011937266052087e+02 3.484608440252652599e+02
3.201160040966370843e+02 3.480807391315716472e+02
3.192738617664958269e+02 3.476808208504187405e+02
3.184751184474854426e+02 3.472677028052581250e+02
3.177175966753497960e+02 3.468451592373926928e+02
3.169963197062860445e+02 3.464153193546849820e+02
3.163018805093198580e+02 3.459785321460284422e+02
3.156235821951830758e+02 3.455348464477191897e+02
3.149495018618273434e+02 3.450836393835678564e+02
3.142698086373453066e+02 3.446242404235306935e+02
3.135763350464273458e+02 3.441550186497474897e+02
3.128649044224106319e+02 3.436736709841500215e+02
3.121333554015077425e+02 3.431752458820723177e+02
3.113821188682753132e+02 3.426514587141626293e+02
3.106122754519565206e+02 3.420938662798168934e+02
3.098269574085932163e+02 3.414965037949577891e+02
3.090286487303365561e+02 3.408560108692816470e+02
3.082176613028270822e+02 3.401739994219389018e+02
3.073970452302503418e+02 3.394550099227793680e+02
3.065716999204209969e+02 3.387083934059738795e+02
3.057459607506268071e+02 3.379459498815128313e+02
3.049216541396752973e+02 3.371792753095263606e+02
3.040996965215886121e+02 3.364171689907642531e+02
3.032815196092105907e+02 3.356646792350753685e+02
3.024690588033882364e+02 3.349249678414038840e+02
3.016636809152324190e+02 3.341979688977845058e+02
3.008656703018259577e+02 3.334818266170395304e+02
3.000728009017349791e+02 3.327724849449911062e+02
2.992796912925105062e+02 3.320661626562526294e+02
2.984820195821791913e+02 3.313578551971205002e+02
2.976794105214447654e+02 3.306433667298994123e+02
2.968745087561001128e+02 3.299185537012072018e+02
2.960699454651878000e+02 3.291795749078671065e+02
2.952690748753460639e+02 3.284231233818328519e+02
2.944802030216815183e+02 3.276456386932415512e+02
2.937119307975039533e+02 3.268450939345289044e+02
2.929715239370704012e+02 3.260216927001602585e+02
2.922641232288156630e+02 3.251779951892034433e+02
2.915919038733123898e+02 3.243186202339209672e+02
2.909525392146468334e+02 3.234496845211007212e+02
2.903382202430680081e+02 3.225777001416285543e+02
2.897387666052797499e+02 3.217072609958915450e+02
2.891441617428481550e+02 3.208396878553081706e+02
2.885495417650157037e+02 3.199731279617453765e+02
2.879526939885340653e+02 3.191072298001363379e+02
2.873546000252004546e+02 3.182417017983981395e+02
2.867584568235928373e+02 3.173755943540928683e+02
2.861666014633611894e+02 3.165082132750935671e+02
2.855821551632671458e+02 3.156386314532927599e+02
2.850032706909539684e+02 3.147673975795145225e+02
2.844237295740302898e+02 3.138963587515143558e+02
2.838397750384401093e+02 3.130266308589337996e+02
2.832498924878556750e+02 3.121586637883849562e+02
2.826534434911666835e+02 3.112926471756172759e+02
2.820539653018221316e+02 3.104275303360740850e+02
2.814543692040292626e+02 3.095624485193494593e+02
2.808558122343499122e+02 3.086970580462402154e+02
2.802559697750024839e+02 3.078320494072746669e+02
2.796518337226473818e+02 3.069683161114334098e+02
2.790421856899855584e+02 3.061062200611747812e+02
2.784269451541741773e+02 3.052457851745211883e+02
2.778047413096761602e+02 3.043874186273305895e+02
2.771769555066866246e+02 3.035307101116230797e+02
2.765511846919761751e+02 3.026734030758782410e+02
2.759375469441774840e+02 3.018124921066830666e+02
2.753441098852491677e+02 3.009455808459813397e+02
2.747781579566434971e+02 3.000705055669586727e+02
2.742460227461738214e+02 2.991853855727327982e+02
2.737499943618319094e+02 2.982895406233564586e+02
2.732861597769025366e+02 2.973841330208240947e+02
2.728489926319999768e+02 2.964708042817937894e+02
2.724312458712773832e+02 2.955517070282836585e+02
2.720254394978070422e+02 2.946290630737340734e+02
2.716257844943590953e+02 2.937045919531142886e+02
2.712248353737957132e+02 2.927805052292834489e+02
2.708168587179924316e+02 2.918585059223859162e+02
2.703960655097193921e+02 2.909403135673908878e+02
2.699549508283118939e+02 2.900281573809360793e+02
2.694890197736554569e+02 2.891233725012018567e+02
2.689964979673939069e+02 2.882264859788965623e+02
2.684788528119132138e+02 2.873360531883809585e+02
2.679380245966676739e+02 2.864482002986271141e+02
2.673724382412375462e+02 2.855617406750359351e+02
2.667824244991203386e+02 2.846781460618530559e+02
2.661698735286943247e+02 2.838010475672156758e+02
2.655327558416798865e+02 2.829364736090193446e+02
2.648682235470307660e+02 2.820905350485444387e+02
2.641728312057718426e+02 2.812683424863690789e+02
2.634442354929262819e+02 2.804729537343011998e+02
2.626806007439377026e+02 2.797044331401190220e+02
2.618820561633395982e+02 2.789583515716062720e+02
2.610510382782826468e+02 2.782290114043945550e+02
2.601933197243471341e+02 2.775099108060915114e+02
2.593155630951617923e+02 2.767972420613536997e+02
2.584233309509046421e+02 2.760897524394571860e+02
2.575225302038143127e+02 2.753894908290775447e+02
2.566218786865192101e+02 2.746989365600160795e+02
2.557308517049857244e+02 2.740214403512766239e+02
2.548571610875974898e+02 2.733597261046529070e+02
2.540075732679113401e+02 2.727164887112226666e+02
2.531887830808410058e+02 2.720926823944805619e+02
2.524035413829837182e+02 2.714901825098547192e+02
2.516544294007484837e+02 2.709097735573293448e+02
2.509445893316392358e+02 2.703537633646377003e+02
2.502736264845718779e+02 2.698265722952205579e+02
2.496364034243310925e+02 2.693311617608034680e+02
2.490223192867620128e+02 2.688683709730223654e+02
2.484197510304192065e+02 2.684368516457217311e+02
2.478194398073558204e+02 2.680339607193680536e+02
2.472129325063238241e+02 2.676581416878649975e+02
2.465910522547596315e+02 2.673068272876984111e+02
2.459446010690148228e+02 2.669791527403970690e+02
2.452662027658529382e+02 2.666772047049802268e+02
2.445512476702590448e+02 2.664003234222066681e+02
2.437953273169511021e+02 2.661447651813695074e+02
2.429941531825334096e+02 2.659073410860946183e+02
2.421466993111493764e+02 2.656879897231898440e+02
2.412532133728906842e+02 2.654887249338916604e+02
2.403162664185340418e+02 2.653124498142894367e+02
2.393378952927506589e+02 2.651605288803358462e+02
2.383202752599936787e+02 2.650345327667939728e+02
2.372684717294064853e+02 2.649368802833316749e+02
2.361918556444836099e+02 2.648666865327670052e+02
2.351013780186286795e+02 2.648187281204724286e+02
2.340075662892370474e+02 2.647793492011469993e+02
2.329184149860305411e+02 2.647315257193241678e+02
2.318399451365399386e+02 2.646588980554645332e+02
2.307736867910542742e+02 2.645496087074654383e+02
2.297167570756111274e+02 2.643981349274856711e+02
2.286647579050638797e+02 2.642047294822990011e+02
2.276158511867625691e+02 2.639746743953254509e+02
2.265707300785745701e+02 2.637175801200490923e+02
2.255326899668896772e+02 2.634409833113342643e+02
2.245052007231107041e+02 2.631499350518814140e+02
2.234895323417149484e+02 2.628450303559993699e+02
2.224845158910100906e+02 2.625235244439703592e+02
2.214878462474126479e+02 2.621859486680928057e+02
2.204957224439537526e+02 2.618376882283724285e+02
2.195028235518055340e+02 2.614910151964521106e+02
2.185050002051794422e+02 2.611615277377865141e+02
2.174994308402421552e+02 2.608646267769432825e+02
2.164866887398340509e+02 2.606118757433351334e+02
2.154693655856244732e+02 2.604078521715741203e+02
2.144531023630119364e+02 2.602464574044528831e+02
2.134470276218856100e+02 2.601174387877823051e+02
2.124614970275233361e+02 2.600092277901666193e+02
2.115047205837844331e+02 2.599087181796291475e+02
2.105807977756172704e+02 2.598038911607577006e+02
2.096888933401922941e+02 2.596866702406867944e+02
2.088217554449277316e+02 2.595513250888671450e+02
2.079680647216330840e+02 2.593974770910228358e+02
2.071189331029831635e+02 2.592246972632131587e+02
2.062676993897123339e+02 2.590317793727308526e+02
2.054106359788387977e+02 2.588138406919561021e+02
2.045457758247137861e+02 2.585649894249474414e+02
2.036736101167104493e+02 2.582812459770018449e+02
2.027946680408666964e+02 2.579643392353734725e+02
2.019086275980115488e+02 2.576184812419108425e+02
2.010146010888603030e+02 2.572529508544628811e+02
2.001150200893885653e+02 2.568772688187605695e+02
1.992140499592330229e+02 2.565025679364323423e+02
1.983169399306893297e+02 2.561356928831685877e+02
1.974293279378764510e+02 2.557789810797421524e+02
1.965605314460001125e+02 2.554326494665599512e+02
1.957223940068254819e+02 2.550962460186379417e+02
1.949247102567888135e+02 2.547684825011052681e+02
1.941731087468427859e+02 2.544453993442665478e+02
1.934660745043143208e+02 2.541210779189055700e+02
1.927965161037121220e+02 2.537890600932876453e+02
1.921537125811850615e+02 2.534433221885450962e+02
1.915246219178697515e+02 2.530794385698116571e+02
1.908959977009411091e+02 2.526948803149323055e+02
1.902568048223976973e+02 2.522893126861052622e+02
1.896009241372601650e+02 2.518652156981938504e+02
1.889279397877445774e+02 2.514290491640671803e+02
1.882400397866403523e+02 2.509876208794061654e+02
1.875420029666312871e+02 2.505455983368117359e+02
1.868392549410605170e+02 2.501067851036687273e+02
1.861365269839856182e+02 2.496714355336524704e+02
1.854350514020486855e+02 2.492357296133677096e+02
1.847345744241872296e+02 2.487933167188098196e+02
1.840347633304380963e+02 2.483374680513173587e+02
1.833366493122820202e+02 2.478625591688620204e+02
1.826441011237516534e+02 2.473659230897725649e+02
1.819611044179288228e+02 2.468488159428289634e+02
1.812895353584202098e+02 2.463112500211489362e+02
1.806267366822532097e+02 2.457516966712418309e+02
1.799659777872210782e+02 2.451656289626978946e+02
1.792977618980750378e+02 2.445520225909368719e+02
1.786126404652195561e+02 2.439149359151767271e+02
1.779020818676095246e+02 2.432650754067009302e+02
1.771606946408329293e+02 2.426177874830552810e+02
1.763879272107183738e+02 2.419981346543881671e+02
1.755879560738932526e+02 2.414350368442976560e+02
1.747661928217109164e+02 2.409578107206542086e+02
1.739257203743068203e+02 2.405914803210904438e+02
1.730666591668601484e+02 2.403509451124883185e+02
1.721867423519530291e+02 2.402387196422791362e+02
1.712832317149013761e+02 2.402456486037861225e+02
1.703560863268262153e+02 2.403541571447815954e+02
1.694088381734074744e+02 2.405391372332606750e+02
1.684450499384718967e+02 2.407716296786105659e+02
1.674697741437926766e+02 2.410184439197674351e+02
1.664881570942778808e+02 2.412490581649949490e+02
1.655071305132742054e+02 2.414352984323870714e+02
1.645327483761104475e+02 2.415546155041586758e+02
1.635715501686102300e+02 2.415892835832568721e+02
1.626278386643999170e+02 2.415290991322989385e+02
1.617055869884262620e+02 2.413705630039376331e+02
1.608047170852637180e+02 2.411160288524276609e+02
1.599241064929808545e+02 2.407726295490150221e+02
1.590649980921570261e+02 2.403535541555642681e+02
1.582311109784292569e+02 2.398748635380745213e+02
1.574272484142337873e+02 2.393531112534737986e+02
1.566553955999000607e+02 2.388033146793510468e+02
1.559147568346500918e+02 2.382349465015067551e+02
1.552018191776634808e+02 2.376553238808513697e+02
1.545119824869250635e+02 2.370695718016231979e+02
1.538404082292808255e+02 2.364847450090986740e+02
1.531841423253688959e+02 2.359066249650414875e+02
1.525412522989969943e+02 2.353372012789021710e+02
1.519084263129578858e+02 2.347754704167683144e+02
1.512825552155760533e+02 2.342185263803849011e+02
1.506591345741534838e+02 2.336620249257360342e+02
1.500336115614749417e+02 2.331018416905258448e+02
1.493997786332816986e+02 2.325359868317263476e+02
1.487513879108508661e+02 2.319632127145897584e+02
1.480851627823908530e+02 2.313858654320738992e+02
1.474018531545924588e+02 2.308114636918440965e+02
1.467059868548629993e+02 2.302513069872061351e+02
1.460040965462745532e+02 2.297168347505842689e+02
1.453015736889757363e+02 2.292156338842095806e+02
1.446009935481307025e+02 2.287482861950385882e+02
1.439020090811449961e+02 2.283079409136663571e+02
1.432022002617593159e+02 2.278824189648857725e+02
1.424988248706283400e+02 2.274579157250849732e+02
1.417903391179106620e+02 2.270231967225396943e+02
1.410768110726060343e+02 2.265730685976809866e+02
1.403595773502958650e+02 2.261088107241008913e+02
1.396400511180597164e+02 2.256354581430906876e+02
1.389206666300893858e+02 2.251605633631428987e+02
1.382053690494018952e+02 2.246899803691198940e+02
1.374958797005287465e+02 2.242284189962479104e+02
1.367935915809950416e+02 2.237782966735112495e+02
1.360974502007354090e+02 2.233409906662083415e+02
1.354060432967334577e+02 2.229144752452919533e+02
1.347157325493600410e+02 2.224962895116834147e+02
1.340230720610897492e+02 2.220835878511704209e+02
1.333253393696955413e+02 2.216760971476203395e+02
1.326205427196328799e+02 2.212740094813577798e+02
1.319062819268171722e+02 2.208761840538204240e+02
1.311811933283744054e+02 2.204771694941195506e+02
1.304482112817071027e+02 2.200641466320544168e+02
1.297148040061386496e+02 2.196207182194371512e+02
1.289936109504351691e+02 2.191289739271001338e+02
1.283007928129967183e+02 2.185743169536054324e+02
1.276555153041905726e+02 2.179467533908526207e+02
1.270780291081761391e+02 2.172440475463139933e+02
1.265896076953800673e+02 2.164713440055900548e+02
1.262112030017918300e+02 2.156427175713898237e+02
1.259628228607563187e+02 2.147773669721826764e+02
1.258594718201191256e+02 2.138954982617137262e+02
1.259089953831521598e+02 2.130146213418789785e+02
1.261150330642437325e+02 2.121513193581285464e+02
1.264767541004878524e+02 2.113242116010234213e+02
1.269893786033626100e+02 2.105520555489313779e+02
