1.507551088076971837e+02 2.029141156444003968e+02
1.517548684195856765e+02 2.028561797007594691e+02
1.527548234818887067e+02 2.028435973359755167e+02
1.537549155154836740e+02 2.028627986760552915e+02
1.547551044770392252e+02 2.029044918072814312e+02
1.557553763953456496e+02 2.029654347597580681e+02
1.567557538863525224e+02 2.030508754847539592e+02
1.577562728433989037e+02 2.031691429049286342e+02
1.587569821614093257e+02 2.033315829149266847e+02
1.597578981128351927e+02 2.035419714796853441e+02
1.607590017835373715e+02 2.037959196399594930e+02
1.617602638650034805e+02 2.040866264589010655e+02
1.627616662489599264e+02 2.044098899755285572e+02
1.637632070177051560e+02 2.047652651939740736e+02
1.647648699892859838e+02 2.051489971491054121e+02
1.657666145816907601e+02 2.055516689283658138e+02
1.667683634490616669e+02 2.059553326984148214e+02
1.677700293036588732e+02 2.063397336473340147e+02
1.687715270038447102e+02 2.066851149585806979e+02
1.697728027548596401e+02 2.069789937480680919e+02
1.707738225767565154e+02 2.072134850890138296e+02
1.717745828582233116e+02 2.073877509891993611e+02
1.727751339206096759e+02 2.075134683401956295e+02
1.737755171905777161e+02 2.076002500527394545e+02
1.747757771674214666e+02 2.076584220309467241e+02
1.757759799019523825e+02 2.077033111324957986e+02
1.767761863167464185e+02 2.077490542261148789e+02
1.777764765932740829e+02 2.078142571390345097e+02
1.787769206651537388e+02 2.079151477205665515e+02
1.797775500861167757e+02 2.080590479027212325e+02
1.807783876617282317e+02 2.082512496363586934e+02
1.817794313191466244e+02 2.084912719259453127e+02
1.827806910304198595e+02 2.087814287499940065e+02
1.837821723762747865e+02 2.091230150964798895e+02
1.847838840014513266e+02 2.095180369467757657e+02
1.857858284700671732e+02 2.099670892953567432e+02
1.867880157843363236e+02 2.104724931206707197e+02
1.877904464958672861e+02 2.110343764215291174e+02
1.887930865040486594e+02 2.116448262714095563e+02
1.897958491373908885e+02 2.122837308570657910e+02
1.907986023158182434e+02 2.129204414630948463e+02
1.918012128818945712e+02 2.135240593764150958e+02
1.928035930996982472e+02 2.140742257860738675e+02
1.938057134107693287e+02 2.145640817557616913e+02
1.948075900401554463e+02 2.149973922505179473e+02
1.958092501502670189e+02 2.153804602118149489e+02
1.968106924396527120e+02 2.157129836424570044e+02
1.978119118447186224e+02 2.159937875533547356e+02
1.988129340368084002e+02 2.162288288891933803e+02
1.998138173442141294e+02 2.164316425242911066e+02
2.008146161994927468e+02 2.166148593413604146e+02
2.018153783857327426e+02 2.167895672374416449e+02
2.028161257733502794e+02 2.169608411654099598e+02
2.038168737901463032e+02 2.171322610920225031e+02
2.048176379845860708e+02 2.173074349837766022e+02
2.058184104833198376e+02 2.174845358576371837e+02
2.068191718938603572e+02 2.176590637553898659e+02
2.078198834915653492e+02 2.178220327604757927e+02
2.088205161704662487e+02 2.179666889356104775e+02
2.098210557266435501e+02 2.180897363113995482e+02
2.108214955838892877e+02 2.181896489020130048e+02
2.118218325920017264e+02 2.182656957142386602e+02
2.128220720559034476e+02 2.183191077366458046e+02
2.138221961905289277e+02 2.183457580075565261e+02
2.148221598803340271e+02 2.183351776241826201e+02
2.158219244394614975e+02 2.182783896698817330e+02
2.168215112125755581e+02 2.181803470986618265e+02
2.178209542356460133e+02 2.180489478371845848e+02
2.188202685270768768e+02 2.178876768530893742e+02
2.198194440717258544e+02 2.176942101679561290e+02
2.208184599644916943e+02 2.174636968268296755e+02
2.218173352962007243e+02 2.172005667885745197e+02
2.228161335880221827e+02 2.169195599163195709e+02
2.238149122201710668e+02 2.166339910864259082e+02
2.248137083960567111e+02 2.163524932187302170e+02
2.258125474767429637e+02 2.160809512585862251e+02
2.268114483505123644e+02 2.158237481652947736e+02
2.278104231484430784e+02 2.155836989127166703e+02
2.288094752577561621e+02 2.153615894935533674e+02
2.298086021574283109e+02 2.151568349132369349e+02
2.308077887342477652e+02 2.149659282043323287e+02
2.318070072224823264e+02 2.147824264266672003e+02
2.328062623797554807e+02 2.146074335699901781e+02
2.338055848763631559e+02 2.144480665682150118e+02
2.348049859513290585e+02 2.143069333971246522e+02
2.358045019849591881e+02 2.141924759783292984e+02
2.368041962139996599e+02 2.141193681755707985e+02
2.378041112588279304e+02 2.140974998970137619e+02
2.388042714074569233e+02 2.141325070903239691e+02
2.398046842143377262e+02 2.142261427392236612e+02
2.408053164924605483e+02 2.143707059152219472e+02
2.418060931713526713e+02 2.145487767800754000e+02
2.428089716509465461e+02 2.147453607592484559e+02
2.438193633895037635e+02 2.149505744406034751e+02
2.448396063923726729e+02 2.151630217356792514e+02
2.458689935455578279e+02 2.153875507367602040e+02
2.469004056518951415e+02 2.156345732202911734e+02
2.479240149596905667e+02 2.159069525649826744e+02
2.489265008899901659e+02 2.162048151762656687e+02
2.498958227109444294e+02 2.165268569308611291e+02
2.508201894569779711e+02 2.168751996609494483e+02
2.516918090979232545e+02 2.172537979825508785e+02
2.525025687156350216e+02 2.176701139271024772e+02
2.532452008717855279e+02 2.181259178296441519e+02
2.539167019610684406e+02 2.186157385832345597e+02
2.545228822076373092e+02 2.191319580783126639e+02
2.550811780336607910e+02 2.196669791030899432e+02
2.556128166892046352e+02 2.202119960982062139e+02
2.561408558133265387e+02 2.207522565611253071e+02
2.566814126778858736e+02 2.212787389516340681e+02
2.572450624177967029e+02 2.217909876925758113e+02
2.578405571543421502e+02 2.222989901599346467e+02
2.584710312519971467e+02 2.228211560172961754e+02
2.591350006130082875e+02 2.233718527937054432e+02
2.598243797209590866e+02 2.239572433904500031e+02
2.605292533572368257e+02 2.245777625406223024e+02
2.612383665017787280e+02 2.252329657429465328e+02
2.619430063937310251e+02 2.259143414655214315e+02
2.626304299607969028e+02 2.266130825420922577e+02
2.632917205338105759e+02 2.273165222809052466e+02
2.639182918034399563e+02 2.280160216039392367e+02
2.645096109938074846e+02 2.287023517214651349e+02
2.650680718494688222e+02 2.293710392762423567e+02
2.656032124247659567e+02 2.300162751106406915e+02
2.661242488343588093e+02 2.306357454868675063e+02
2.666410525651511421e+02 2.312232768070004170e+02
2.671548402322188736e+02 2.317722797669215140e+02
2.676632319180903323e+02 2.322776735755675759e+02
2.681609795854118943e+02 2.327443338943229776e+02
2.686466588909396478e+02 2.331907480329790872e+02
2.691286488772518055e+02 2.336422011173310125e+02
2.696145012715015810e+02 2.341287798830275051e+02
2.701125653035502410e+02 2.346688515201020948e+02
2.706213691185600965e+02 2.352698784407208166e+02
2.711356198006526483e+02 2.359263224029691628e+02
2.716529143725343260e+02 2.366277516654716351e+02
2.721744671480391276e+02 2.373670429290689583e+02
2.727101346689272532e+02 2.381345546280413714e+02
2.732691118861911264e+02 2.389230620701983412e+02
2.738609132039570113e+02 2.397212681488694557e+02
2.744879065661538107e+02 2.405187125624076145e+02
2.751495347192755503e+02 2.413004865738263334e+02
2.758371931552183582e+02 2.420537281443179722e+02
2.765419586501556068e+02 2.427642495962522275e+02
2.772490755968623262e+02 2.434254444567111477e+02
2.779444048312797122e+02 2.440349846359786170e+02
2.786164055996854358e+02 2.446015379487455448e+02
2.792613973095868687e+02 2.451370413671532731e+02
2.798808428001887023e+02 2.456572337333276437e+02
2.804823463725033434e+02 2.461709863593537762e+02
2.810751390921495272e+02 2.466827035053899522e+02
2.816701215094401505e+02 2.471915611884999748e+02
2.822763393786205484e+02 2.476951624042762035e+02
2.829057085961557618e+02 2.481902087712310276e+02
2.835756900180510343e+02 2.486805740787958712e+02
2.843016062557905457e+02 2.491768093930452039e+02
2.850954670325962184e+02 2.496855540204286683e+02
2.859582003966746697e+02 2.502058889530430577e+02
2.868812640366757023e+02 2.507210528478397578e+02
2.878513145712768733e+02 2.512121900322535168e+02
2.888544947569284318e+02 2.516711521476030669e+02
2.898787564667788956e+02 2.520949190865437970e+02
2.909108035951932720e+02 2.524892962017731577e+02
2.919408260376408748e+02 2.528612418339767487e+02
2.929617058208390290e+02 2.532214517569623240e+02
2.939727382139134875e+02 2.535753270578793206e+02
2.949762878028483897e+02 2.539276395909924133e+02
2.959778389444196023e+02 2.542854217870873015e+02
2.969794451520356233e+02 2.546559818645296502e+02
2.979811371778716875e+02 2.550464557570568616e+02
2.989849943919861062e+02 2.554701516273205186e+02
2.999965138640073974e+02 2.559370518787134756e+02
3.010180724488998862e+02 2.564547753390641560e+02
3.020489315004838886e+02 2.570208531686002402e+02
3.030818921529483987e+02 2.576272103154311708e+02
3.041070409398059837e+02 2.582568203429597702e+02
3.051089628979498229e+02 2.588930175263166120e+02
3.060700942875731698e+02 2.595182643925652428e+02
3.069762553029783021e+02 2.601249789783466326e+02
3.078224095990730689e+02 2.607177330299476239e+02
3.086150735675466876e+02 2.613019405156311450e+02
3.093646116512429671e+02 2.618772177668734003e+02
3.100829503138745622e+02 2.624371493277035938e+02
3.107780446212782408e+02 2.629796448968200480e+02
3.114587590888601198e+02 2.635113023343770351e+02
3.121341590929626477e+02 2.640428636734117163e+02
3.128112764210782757e+02 2.645900437567696031e+02
3.134927754229021275e+02 2.651684652476585029e+02
3.141764318435932068e+02 2.657926928666180402e+02
3.148543377623014408e+02 2.664711157702705009e+02
3.155124116462287134e+02 2.672085136865422328e+02
3.161309128580780907e+02 2.680068697049712796e+02
3.166869628221566018e+02 2.688605303669472733e+02
3.171600829552162395e+02 2.697617468517757970e+02
3.175378579857865589e+02 2.707042176038299885e+02
3.178191187256798003e+02 2.716788515772413461e+02
3.180093362735148048e+02 2.726773061171628001e+02
3.181228811634115914e+02 2.736901602071359321e+02
3.181780335548438643e+02 2.747104500052169556e+02
3.181951890918506365e+02 2.757313195539067010e+02
3.181888831688210644e+02 2.767486521755456579e+02
3.181708067497519323e+02 2.777582374495104887e+02
3.181542850985609903e+02 2.787603399538112967e+02
3.181495026245908662e+02 2.797603698495677804e+02
3.181649259629942321e+02 2.807603126687471899e+02
3.181995731228894897e+02 2.817601726432212104e+02
3.182436051956386223e+02 2.827599921735857720e+02
3.182775163623682033e+02 2.837598553198088212e+02
3.182780688388589283e+02 2.847598622246943592e+02
3.182181628767530128e+02 2.857601296741098622e+02
3.180763506752098237e+02 2.867607500969588159e+02
3.178406640591349515e+02 2.877637970886477206e+02
3.175070135704149834e+02 2.887747423232657979e+02
3.170760763041874384e+02 2.897959269046497184e+02
3.165509760941424702e+02 2.908266093639356882e+02
3.159369070189227386e+02 2.918596032508139047e+02
3.152407506093287566e+02 2.928850388180818527e+02
3.144718443720498726e+02 2.938895547022303845e+02
3.136426173270617710e+02 2.948610622288719583e+02
3.127681604823495718e+02 2.957876962540129853e+02
3.118645920355014596e+02 2.966615782440645717e+02
3.109461724671418779e+02 2.974765236868908005e+02
3.100214635639737821e+02 2.982326966874955474e+02
3.090919950705653605e+02 2.989349076982024371e+02
3.081538214671336391e+02 2.995886137726710103e+02
3.072014405598352482e+02 3.001979586607617989e+02
3.062309986500404193e+02 3.007648769877284849e+02
3.052392367329347849e+02 3.012900708045809210e+02
3.042302907097807179e+02 3.017735082875987018e+02
3.032132812656806209e+02 3.022171851502534992e+02
3.021977368597637792e+02 3.026258283741003652e+02
3.011898412704481416e+02 3.029998373142157106e+02
3.001892515956226362e+02 3.033343624032845582e+02
2.991904508732760632e+02 3.036148052807766362e+02
2.981913391557667410e+02 3.038230828283795404e+02
2.971918715731885641e+02 3.039487831427759374e+02
2.961920359039651771e+02 3.039890702502999602e+02
2.951918426545151988e+02 3.039463821283130756e+02
2.941913205860519724e+02 3.038273927148426310e+02
2.931905101599226668e+02 3.036414909227054295e+02
2.921894553927638185e+02 3.033988906570573363e+02
2.911881949488854957e+02 3.031085638345871303e+02
2.901847338327867192e+02 3.027767811108388969e+02
2.891736348890055410e+02 3.024074629533208167e+02
2.881525646198695654e+02 3.020030514407810642e+02
2.871222764917282007e+02 3.015694543810586197e+02
2.860920124937372861e+02 3.011196440667976049e+02
2.850750989481423403e+02 3.006661971857734557e+02
2.840817655753494932e+02 3.002132036915816116e+02
2.831209370495456596e+02 2.997524470475636917e+02
2.821979331842223360e+02 2.992729662265133470e+02
2.813198659948108684e+02 2.987652354911624002e+02
2.804927875378568274e+02 2.982234537066590860e+02
2.797166895339217376e+02 2.976468599016170060e+02
2.789914051194543276e+02 2.970389668277431952e+02
2.783148361023729649e+02 2.964001985310114833e+02
2.776780210930496082e+02 2.957290916164185433e+02
2.770716209170258253e+02 2.950186642657602647e+02
2.764845503374845066e+02 2.942630841960607881e+02
2.759016693716394570e+02 2.934605316352938758e+02
2.753101156287029312e+02 2.926079269845853901e+02
2.746995587911937946e+02 2.917098598044524920e+02
2.740674502342569667e+02 2.907736161457010553e+02
2.734163234089223238e+02 2.898136822250863815e+02
2.727573195574059923e+02 2.888440131596585729e+02
2.721055123170617094e+02 2.878828241595983854e+02
2.714707908420131730e+02 2.869447487440559144e+02
2.708541492208497061e+02 2.860363026895678331e+02
2.702529321101200139e+02 2.851595004578874182e+02
2.696596552044042596e+02 2.843242653943368055e+02
2.690674510918341866e+02 2.835423512027676907e+02
2.684669369717908580e+02 2.828235704089274805e+02
2.678421013631680694e+02 2.821685420191068943e+02
2.671758200168748658e+02 2.815707477687308256e+02
2.664553078649132658e+02 2.810218456768421902e+02
2.656764458283674912e+02 2.805127764102489891e+02
2.648444688526038817e+02 2.800305212883723698e+02
2.639706564669702971e+02 2.795645046045365802e+02
2.630737639182293606e+02 2.791063894566871681e+02
2.621718127316548248e+02 2.786476731031594909e+02
2.612781247771266635e+02 2.781857441098842401e+02
2.604061322529273639e+02 2.777208515939005906e+02
2.595639709051155819e+02 2.772499024659645102e+02
2.587512380270632661e+02 2.767669324061338330e+02
2.579638899840319937e+02 2.762618247462762611e+02
2.571917337414838585e+02 2.757294883654042223e+02
2.564214324178473134e+02 2.751662667040764632e+02
2.556366477477211561e+02 2.745760782074789859e+02
2.548242135304567455e+02 2.739635456575105081e+02
2.539739481903289970e+02 2.733362150011462290e+02
2.530786846413595867e+02 2.727010431891246753e+02
2.521364088766974021e+02 2.720626739438110349e+02
2.511518008362560863e+02 2.714303651832436231e+02
2.501362336245021538e+02 2.708203600465215004e+02
2.491054378586549660e+02 2.702471548780769695e+02
2.480747530334855639e+02 2.697215056731298546e+02
2.470534112566002136e+02 2.692540917456162788e+02
2.460421957682802940e+02 2.688577298392202692e+02
2.450388110025584183e+02 2.685436639509575230e+02
2.440378508578088770e+02 2.683230204814236117e+02
2.430372936027549144e+02 2.681958661437708429e+02
2.420371012625971616e+02 2.681533890198247150e+02
2.410371953968794969e+02 2.681773872786032484e+02
2.400374801851678512e+02 2.682456261265737680e+02
2.390378920675080110e+02 2.683433567006907765e+02
2.380383540341784965e+02 2.684527091668895764e+02
2.370387736347285568e+02 2.685522307243759315e+02
2.360390880418090660e+02 2.686273425085258282e+02
2.350392293343108747e+02 2.686622836656911772e+02
2.340391498885948067e+02 2.686460032984878694e+02
2.330388320790447381e+02 2.685744114448945083e+02
2.320382710359916132e+02 2.684463781154038315e+02
2.310374576018720632e+02 2.682597783297480305e+02
2.300364010807704744e+02 2.680167710678791764e+02
2.290351542676559689e+02 2.677296072160383460e+02
2.280338134828578234e+02 2.674206375666813074e+02
2.270324725256820102e+02 2.671116279176956141e+02
2.260312014461018180e+02 2.668188331181425497e+02
2.250300004121854727e+02 2.665422921676598662e+02
2.240288195464558498e+02 2.662704311737202829e+02
2.230276328371234058e+02 2.659972141923719846e+02
2.220264223008882993e+02 2.657184682623643539e+02
2.210251788793043488e+02 2.654320914032157361e+02
2.200239091916737948e+02 2.651396196006633659e+02
2.190226155004534974e+02 2.648415778498322766e+02
2.180213128326663536e+02 2.645414531183433269e+02
2.170200149828349083e+02 2.642424463764728557e+02
2.160187409986911007e+02 2.639489775831783618e+02
2.150174899019916097e+02 2.636608197405675469e+02
2.140162314533847621e+02 2.633709559137981273e+02
2.130149576933319224e+02 2.630775391200207878e+02
2.120136802142309307e+02 2.627832593342569112e+02
2.110124101301317694e+02 2.624906955325588456e+02
2.100111591282400241e+02 2.622025596897437367e+02
2.090099451444516490e+02 2.619230137671646048e+02
2.080087392451757182e+02 2.616453438271655614e+02
2.070074883984238738e+02 2.613572439840161792e+02
2.060061293459027638e+02 2.610440353740210639e+02
2.050046267070968611e+02 2.606975080734158041e+02
2.040029713890843368e+02 2.603155521017930596e+02
2.030011744972962333e+02 2.599007444352237712e+02
2.019992598457068311e+02 2.594586110223951891e+02
2.009972538425743096e+02 2.589952798064044828e+02
1.999951875374254087e+02 2.585179557203484819e+02
1.989931035851131469e+02 2.580365366723172542e+02
1.979889853696679438e+02 2.575522763644412407e+02
1.969773687800707194e+02 2.570628403223105352e+02
1.959579178265544499e+02 2.565649829637159201e+02
1.949368314696999960e+02 2.560626266110201641e+02
1.939236546608696301e+02 2.555643252102421741e+02
1.929254826650071095e+02 2.550712851959544878e+02
1.919430141447960523e+02 2.545822665457966423e+02
1.909760600619972024e+02 2.540886749946141663e+02
1.900238046965799867e+02 2.535845440023015556e+02
1.890891755017157720e+02 2.530676519325408833e+02
1.881763354990804658e+02 2.525379948449967173e+02
1.872926251149013126e+02 2.519970481202308292e+02
1.864446000057845083e+02 2.514475025320095654e+02
1.856391648550613809e+02 2.508922863521943327e+02
1.848786594125066927e+02 2.503364415445882400e+02
1.841652757500744428e+02 2.497878697359571447e+02
1.834986105613309348e+02 2.492513737089237793e+02
1.828719651194433595e+02 2.487272633341376036e+02
1.822776118536472723e+02 2.482059088236943865e+02
1.817064180724316316e+02 2.476778874468983531e+02
1.811547580302415668e+02 2.471321277258819293e+02
1.806231677909471500e+02 2.465637703053868108e+02
1.801114516763646520e+02 2.459666249711962394e+02
1.796132319861418978e+02 2.453368301717803206e+02
1.791138892513990299e+02 2.446708278758476922e+02
1.785939158740640096e+02 2.439675931407358291e+02
1.780402922209789267e+02 2.432318801179390846e+02
1.774458785380534778e+02 2.424853417768734971e+02
1.768069407421301662e+02 2.417646305496953119e+02
1.761208974736655080e+02 2.411095809305134026e+02
1.753847725490652465e+02 2.405651741626989235e+02
1.745996364509019827e+02 2.401700399917734217e+02
1.737664799684540355e+02 2.399529014147011310e+02
1.728884634153392312e+02 2.399258909249535634e+02
1.719661714571984135e+02 2.400805759246458422e+02
1.709991558256726307e+02 2.403881210778083641e+02
1.699902492480821365e+02 2.408043677669251394e+02
1.689489223700598473e+02 2.412783947059627110e+02
1.678923369714739806e+02 2.417606874774575374e+02
1.668434148085767958e+02 2.422070508910568947e+02
1.658244803269727186e+02 2.425750753470638585e+02
1.648481384281284932e+02 2.428282791866344041e+02
1.639257398516797934e+02 2.429364112135157256e+02
1.630650461549316219e+02 2.428893738859673022e+02
1.622725334016259353e+02 2.426934333539560669e+02
1.615493720518444434e+02 2.423672577467990834e+02
1.608891517667563562e+02 2.419379319409788707e+02
1.602790674112308693e+02 2.414351543952480768e+02
1.597010737567829892e+02 2.408883811479846315e+02
1.591321173757846168e+02 2.403170547271259636e+02
1.585444793660876144e+02 2.397363407264850821e+02
1.579147432554222803e+02 2.391563901522409310e+02
1.572254997118675988e+02 2.385848210996320233e+02
1.564709711526715523e+02 2.380198864505906897e+02
1.556544648068943388e+02 2.374602399403053710e+02
1.547903796123858342e+02 2.369028194889607448e+02
1.538992192576874629e+02 2.363479727403365018e+02
1.530060615676615612e+02 2.357986216501431898e+02
1.521325490887869876e+02 2.352576309776918038e+02
1.512968513698259585e+02 2.347276414468939549e+02
1.505141167645031146e+02 2.342100947901913344e+02
1.497948212358737408e+02 2.337049598617436459e+02
1.491430252265886907e+02 2.332100101426356957e+02
1.485566127381536035e+02 2.327213057150545978e+02
1.480295992986762030e+02 2.322357333398238666e+02
1.475483410916741320e+02 2.317524368062234714e+02
1.470967609517402366e+02 2.312665393525747675e+02
1.466556508235228193e+02 2.307792297659093492e+02
1.462040601771703052e+02 2.302908943348991784e+02
1.457227457578119640e+02 2.297945539224212723e+02
1.451976499419207300e+02 2.292849890605169776e+02
1.446205611302567036e+02 2.287558130772891047e+02
1.439878473187618226e+02 2.282058726139372880e+02
1.432966762499107745e+02 2.276344178689475086e+02
1.425439732460038442e+02 2.270457071320049351e+02
1.417283673729907605e+02 2.264430073414055755e+02
1.408462591957706991e+02 2.258348110875643044e+02
1.399034939793757246e+02 2.252306812694508835e+02
1.389120813582355254e+02 2.246402532217177850e+02
1.378878908544647288e+02 2.240668625865598926e+02
1.368517402236415137e+02 2.235097116436677993e+02
1.358272448943986603e+02 2.229621195616947489e+02
1.348304506005744940e+02 2.224149401075587207e+02
1.338737130919285221e+02 2.218553259155809769e+02
1.329583444536813772e+02 2.212702992108994238e+02
1.320801644007268010e+02 2.206456478762392805e+02
1.312336578389482895e+02 2.199699915729023871e+02
1.304190794977836561e+02 2.192344491206791872e+02
1.296375491749107312e+02 2.184366506718613721e+02
1.288914294486106371e+02 2.175753330333261317e+02
1.281887477205886796e+02 2.166480195884575437e+02
1.275450041883714789e+02 2.156635406220547395e+02
1.269811606594267062e+02 2.146343369159537247e+02
1.265213771259970201e+02 2.135740454807077526e+02
1.261906440794338096e+02 2.125033788135834527e+02
1.260118002525587144e+02 2.114461267133000604e+02
1.260037160766997886e+02 2.104285701028720723e+02
1.261785008468260685e+02 2.094730280052474427e+02
1.265383604874472212e+02 2.085982740884496991e+02
1.270734678417799444e+02 2.078170558204060967e+02
1.277638357948692374e+02 2.071430804617027377e+02
1.285865444527195507e+02 2.065903449142552120e+02
1.295133055363202743e+02 2.061623261170357466e+02
1.305115186365183035e+02 2.058499494753400825e+02
1.315535406461871446e+02 2.056353819499320821e+02
1.326152118222229888e+02 2.054959944456871597e+02
1.336756182832442050e+02 2.054095828835757516e+02
1.347231361396793545e+02 2.053583301906273846e+02
1.357518071105006925e+02 2.053224598600677950e+02
1.367631560230843206e+02 2.052808121242594837e+02
1.377649057478764689e+02 2.052154725355952962e+02
1.387644941715066693e+02 2.051178129608189806e+02
1.397639565181133321e+02 2.049908976577047213e+02
1.407633114734351523e+02 2.048390625859897796e+02
1.417625726897832124e+02 2.046654757162570775e+02
1.427617667133177690e+02 2.044762969913067820e+02
1.437609032144258094e+02 2.042737703903018769e+02
1.447599761685079329e+02 2.040564979262236704e+02
1.457590049292664105e+02 2.038289705573701838e+02
1.467580257003201609e+02 2.035995892057323715e+02
1.477570799772823307e+02 2.033779827818983392e+02
1.487562401544625459e+02 2.031809501298778571e+02
1.497555700977853235e+02 2.030233111120570015e+02
1.507551088076971837e+02 2.029141156444003968e+02
