1.267084637033983654e+02 2.099699104543115880e+02
1.272305588951377047e+02 2.093602743892041076e+02
1.279056559313193020e+02 2.088223179826285332e+02
1.287162574705807856e+02 2.083612825262426327e+02
1.296379859023559789e+02 2.079806520443125919e+02
1.306431889978848915e+02 2.076801157224143708e+02
1.317021869049389124e+02 2.074549612772702858e+02
1.327877280969767924e+02 2.072954885122757673e+02
1.338771457698507561e+02 2.071878685021388549e+02
1.349560463860805442e+02 2.071151855939073130e+02
1.360170878802076686e+02 2.070599729329184697e+02
1.370584027010842760e+02 2.070052856703176474e+02
1.380831877490265072e+02 2.069351296324666691e+02
1.390955341353759422e+02 2.068392884798061573e+02
1.400985478986457622e+02 2.067135271305478170e+02
1.410937940421869996e+02 2.065598617437903215e+02
1.420822798223331347e+02 2.063819107405538489e+02
1.430655584948572994e+02 2.061852539649672451e+02
1.440459634296631179e+02 2.059782737070453891e+02
1.450259500151930183e+02 2.057697905905529296e+02
1.460081736966586163e+02 2.055693439139298562e+02
1.469949844706654574e+02 2.053853756961855197e+02
1.479885805481203533e+02 2.052257826884119254e+02
1.489902038363930217e+02 2.050950262611479502e+02
1.500003161287226305e+02 2.049947653390465234e+02
1.510196725991866913e+02 2.049277127745019129e+02
1.520497768916249868e+02 2.048992701880304139e+02
1.530923477243127309e+02 2.049156118235931956e+02
1.541480182527885461e+02 2.049790121998345569e+02
1.552165672346469876e+02 2.050886765357797117e+02
1.562968750492297545e+02 2.052405827580103903e+02
1.573872194920177208e+02 2.054285440987441689e+02
1.584853546173789596e+02 2.056444923268726370e+02
1.595883745068816495e+02 2.058779883555550327e+02
1.606938698977727427e+02 2.061203772608179747e+02
1.618003164969212833e+02 2.063661832425873399e+02
1.629070229553315983e+02 2.066129227307381200e+02
1.640135379384963983e+02 2.068589743720815761e+02
1.651189971260847926e+02 2.071012332222758801e+02
1.662226410532573482e+02 2.073369710149928551e+02
1.673234721178946813e+02 2.075626040105640300e+02
1.684195527728695936e+02 2.077711718543913832e+02
1.695086140097054965e+02 2.079545234654710271e+02
1.705885021341492802e+02 2.081049220122766599e+02
1.716571881522128535e+02 2.082150786307407770e+02
1.727148248702683304e+02 2.082819363689152965e+02
1.737654789731450364e+02 2.083083170128479651e+02
1.748151618929521476e+02 2.083062957651456770e+02
1.758699151149311035e+02 2.082914043794143311e+02
1.769328688534753269e+02 2.082803431344196667e+02
1.780047628168957772e+02 2.082889996086938140e+02
1.790825585002585569e+02 2.083307412851997924e+02
1.801610708569770054e+02 2.084147707334642519e+02
1.812325974095461163e+02 2.085461468499366902e+02
1.822893366233418533e+02 2.087265596980803366e+02
1.833236342347233574e+02 2.089573334448466539e+02
1.843289487598707410e+02 2.092364213673830875e+02
1.852987366498746269e+02 2.095618178005453842e+02
1.862257613533244012e+02 2.099287516274118275e+02
1.871039944693906705e+02 2.103311946939996915e+02
1.879299234981612585e+02 2.107614510610960679e+02
1.887027027852474248e+02 2.112074140531599937e+02
1.894258103156469133e+02 2.116564149248568469e+02
1.901075082826103255e+02 2.120984547296074538e+02
1.907605691660632488e+02 2.125276403794650832e+02
1.914008366322870245e+02 2.129418326802438344e+02
1.920448638531065058e+02 2.133385662186844058e+02
1.927084869859698131e+02 2.137156748262162864e+02
1.934064965097136906e+02 2.140745147807543844e+02
1.941515832201156968e+02 2.144209962424088758e+02
1.949531415263564895e+02 2.147637043541693060e+02
1.958160633270971402e+02 2.151111437604425873e+02
1.967411073076290791e+02 2.154709621299995774e+02
1.977249927637132032e+02 2.158470020068798192e+02
1.987609795314450594e+02 2.162362754736579973e+02
1.998404339245714709e+02 2.166292683525617804e+02
2.009537090204168521e+02 2.170127780859643849e+02
2.020885688262511621e+02 2.173716696493559652e+02
2.032315745509576459e+02 2.176873820869605538e+02
2.043692990362666819e+02 2.179444092170816987e+02
2.054905356877446252e+02 2.181303220795376205e+02
2.065874583148020065e+02 2.182412890969955015e+02
2.076572833739633097e+02 2.182805410813841149e+02
2.087011061858363803e+02 2.182574682532422798e+02
2.097237971258626885e+02 2.181833953255490428e+02
2.107313853255438971e+02 2.180704610833892616e+02
2.117298953979550333e+02 2.179285208835954109e+02
2.127229494985595579e+02 2.177669809032761350e+02
2.137129525993486823e+02 2.175944806524708213e+02
2.147019095587754691e+02 2.174182222918680623e+02
2.156910373441565412e+02 2.172425775985149698e+02
2.166799846493692314e+02 2.170662845565605608e+02
2.176687377976103051e+02 2.168892940340900282e+02
2.186579733883817198e+02 2.167140366158301390e+02
2.196476015838582043e+02 2.165401895725365762e+02
2.206374164274731982e+02 2.163670130353744696e+02
2.216266048198647809e+02 2.161915860638399352e+02
2.226141879309963656e+02 2.160103923542260134e+02
2.235992655054069473e+02 2.158201978704931889e+02
2.245808040058468862e+02 2.156172897812752751e+02
2.255583815967963801e+02 2.154001527041801864e+02
2.265319333804831103e+02 2.151685535034553141e+02
2.275025052300968298e+02 2.149262493255272659e+02
2.284720151161640160e+02 2.146801301989198691e+02
2.294438194350888978e+02 2.144386476002011364e+02
2.304233782965966384e+02 2.142096289905039441e+02
2.314142193700741359e+02 2.139998329047063237e+02
2.324160309069175696e+02 2.138137514885993369e+02
2.334256437318112489e+02 2.136549865596156792e+02
2.344394592816217084e+02 2.135300050311902282e+02
2.354535261377174322e+02 2.134434319780032752e+02
2.364649062433752533e+02 2.133993228541220617e+02
2.374732133542061092e+02 2.134011265702836795e+02
2.384813235407839898e+02 2.134492746494340736e+02
2.394929904327849783e+02 2.135438235384969516e+02
2.405119153489284827e+02 2.136836349507169075e+02
2.415394753509907275e+02 2.138681854218024512e+02
2.425756438611060730e+02 2.140985951096072029e+02
2.436166456033474503e+02 2.143774034573129939e+02
2.446553062927633277e+02 2.147041536800307711e+02
2.456848480742871175e+02 2.150752600715964036e+02
2.466994158071024970e+02 2.154853541786923756e+02
2.476969623916854744e+02 2.159288794455925142e+02
2.486782194280859812e+02 2.163983660647111549e+02
2.496437976610497458e+02 2.168859771944104864e+02
2.505910421507305443e+02 2.173890440620486970e+02
2.515146194640985016e+02 2.179088603341651833e+02
2.524096593774537212e+02 2.184487155648502323e+02
2.532716916884866123e+02 2.190137539679710699e+02
2.540985965672260534e+02 2.196093706415706492e+02
2.548896122274568086e+02 2.202405068707817009e+02
2.556472120633362692e+02 2.209107528652556880e+02
2.563766810944180747e+02 2.216236490086325261e+02
2.570870935165632432e+02 2.223793847909531678e+02
2.577891775935223109e+02 2.231747879899840541e+02
2.584930691113651164e+02 2.240013809358951278e+02
2.592033139574630241e+02 2.248491341761586568e+02
2.599212424493815092e+02 2.257085261911388443e+02
2.606443790365756286e+02 2.265724277170237428e+02
2.613684585622665395e+02 2.274358944464147498e+02
2.620910759134098384e+02 2.282936386810182796e+02
2.628125155588779194e+02 2.291430578024488796e+02
2.635384582084409999e+02 2.299842884031876906e+02
2.642780931448959336e+02 2.308174225412623173e+02
2.650381060893959670e+02 2.316438803059867553e+02
2.658194779296458137e+02 2.324643924157136894e+02
2.666174149321534514e+02 2.332802932973642100e+02
2.674228026450363700e+02 2.340941201320276264e+02
2.682241942955147351e+02 2.349090593466887924e+02
2.690115274747614649e+02 2.357279120042879867e+02
2.697800450573779472e+02 2.365520023411869488e+02
2.705273443963929481e+02 2.373819991798820297e+02
2.712553483800801359e+02 2.382173672478380695e+02
2.719694316545712809e+02 2.390566104100485063e+02
2.726726163143126769e+02 2.398988874090270826e+02
2.733652732570925536e+02 2.407440949983179053e+02
2.740505700463598373e+02 2.415913514263702382e+02
2.747324969642936594e+02 2.424395459222220097e+02
2.754131772803106060e+02 2.432880874334346686e+02
2.760953103596124834e+02 2.441362245403473139e+02
2.767825523708338551e+02 2.449839432459669410e+02
2.774815688043396449e+02 2.458326692712323620e+02
2.781999476443761523e+02 2.466819366589812716e+02
2.789464692818971798e+02 2.475287427645963021e+02
2.797302702116812725e+02 2.483696526101788322e+02
2.805612468671702118e+02 2.491991657674610678e+02
2.814442066766810058e+02 2.500124209512242430e+02
2.823768157361970452e+02 2.508034764094505249e+02
2.833492497943958597e+02 2.515667596207220527e+02
2.843509564490710773e+02 2.522985532890223794e+02
2.853750321456987535e+02 2.529950513456532235e+02
2.864159533111748033e+02 2.536542205871905935e+02
2.874717795843668000e+02 2.542735317195283073e+02
2.885399664667224897e+02 2.548520924225908857e+02
2.896155236181519399e+02 2.553895874206457961e+02
2.906902063209392963e+02 2.558876734043058718e+02
2.917559909338768307e+02 2.563478168086252253e+02
2.928036131242668034e+02 2.567736272925444041e+02
2.938250921760679262e+02 2.571689031953673634e+02
2.948109498784974107e+02 2.575396368059186898e+02
2.957512841118915503e+02 2.578915989829876025e+02
2.966372658288393040e+02 2.582306231068818647e+02
2.974660629867827311e+02 2.585638377678511688e+02
2.982413544459031982e+02 2.588962923508844369e+02
2.989705425305238009e+02 2.592311869727947169e+02
2.996670238927807759e+02 2.595709676124324119e+02
3.003491620563855236e+02 2.599143548101829424e+02
3.010316078428796800e+02 2.602582169070363989e+02
3.017253802489662462e+02 2.605989270618524642e+02
3.024402136267229935e+02 2.609341128896225541e+02
3.031823655659693486e+02 2.612648870311917335e+02
3.039543133418961816e+02 2.615958641814177099e+02
3.047563783971340854e+02 2.619329982237082959e+02
3.055897788275437392e+02 2.622862285700418852e+02
3.064570976871730750e+02 2.626651551531675182e+02
3.073598196017156852e+02 2.630746638007069009e+02
3.082959263622993831e+02 2.635160958738897534e+02
3.092635498501037432e+02 2.639857123955733869e+02
3.102624369708186123e+02 2.644786179229516279e+02
3.112917942564054101e+02 2.649922566245603548e+02
3.123454697414839529e+02 2.655272936529842127e+02
3.134102527587468217e+02 2.660872798101457306e+02
3.144708295423469053e+02 2.666757544729082383e+02
3.155124303316761143e+02 2.672942921597938835e+02
3.165261038575577572e+02 2.679405048862699346e+02
3.175107796921359409e+02 2.686075417699695436e+02
3.184717195038855380e+02 2.692849727308421279e+02
3.194168536194142689e+02 2.699594065644275815e+02
3.203525203226192275e+02 2.706151299514952484e+02
3.212809803381941833e+02 2.712388600902376652e+02
3.221995277891601290e+02 2.718211412683191384e+02
3.231035347144348293e+02 2.723593951354490628e+02
3.239864981375133084e+02 2.728586342161985385e+02
3.248431454253502579e+02 2.733281342484771699e+02
3.256716775712632170e+02 2.737825048127018590e+02
3.264759918459379833e+02 2.742361825698162647e+02
3.272627023635319574e+02 2.746992947469785804e+02
3.280386482490841900e+02 2.751766576969270659e+02
3.288107109743135652e+02 2.756700740252710489e+02
3.295846935230910617e+02 2.761770730310589101e+02
3.303589372962388779e+02 2.766945155192079255e+02
3.311271428160169421e+02 2.772209444676857970e+02
3.318832479500580916e+02 2.777588020282411776e+02
3.326219815883695787e+02 2.783146771143235583e+02
3.333400302036678227e+02 2.788919065480648669e+02
3.340373976699415266e+02 2.794905266198524600e+02
3.347196433739679833e+02 2.801038951574768134e+02
3.353959996297630823e+02 2.807192186937021461e+02
3.360756775703927701e+02 2.813215879407975990e+02
3.367632089892751992e+02 2.818991888579466831e+02
3.374584993722814374e+02 2.824460064679192328e+02
3.381581581146589883e+02 2.829608981861829875e+02
3.388595433283607576e+02 2.834499566631911875e+02
3.395613176830767088e+02 2.839261163104357593e+02
3.402652047672099798e+02 2.844050105471209235e+02
3.409736046600708050e+02 2.849001163889514601e+02
3.416879887592113505e+02 2.854215746982794144e+02
3.424078067654340884e+02 2.859732443992804747e+02
3.431313793848241858e+02 2.865550479939058164e+02
3.438567984646381888e+02 2.871661827947269785e+02
3.445815881799937870e+02 2.878026284896726565e+02
3.453029262710857097e+02 2.884576398600959237e+02
3.460186675347661662e+02 2.891240289004005035e+02
3.467280851322080935e+02 2.897967756521881597e+02
3.474332185789704113e+02 2.904735674628079209e+02
3.481392063978569809e+02 2.911525037027861913e+02
3.488505840436080234e+02 2.918337086391678099e+02
3.495683941108019894e+02 2.925174037906768945e+02
3.502901419863072761e+02 2.932037635314044337e+02
3.510099337322428141e+02 2.938912439001285861e+02
3.517215721094837022e+02 2.945784829393507493e+02
3.524226809739475357e+02 2.952658680562212794e+02
3.531151661370954002e+02 2.959566658157060033e+02
3.538012958417898517e+02 2.966572421143887368e+02
3.544820457159404441e+02 2.973737642170749496e+02
3.551539261513264591e+02 2.981129375551801104e+02
3.558131047428569218e+02 2.988777638242614216e+02
3.564561104428955787e+02 2.996684857552535277e+02
3.570814819488715557e+02 3.004833105612764825e+02
3.576878704486526885e+02 3.013195183287596137e+02
3.582759808284336032e+02 3.021738278383484726e+02
3.588486674805228631e+02 3.030433560157204056e+02
3.594094593296604216e+02 3.039264198528006773e+02
3.599602517498050247e+02 3.048217028395982879e+02
3.604984894312463553e+02 3.057256822041529176e+02
3.610159974039818280e+02 3.066352348533735608e+02
3.615036537354441748e+02 3.075487282410156240e+02
3.619541686508109706e+02 3.084666293917426287e+02
3.623627777929229410e+02 3.093919108576331496e+02
3.627275986623389485e+02 3.103283778552190597e+02
3.630484955999153271e+02 3.112770719149111756e+02
3.633230216436204500e+02 3.122386741951459044e+02
3.635494070811502638e+02 3.132136773290128531e+02
3.637253311520581178e+02 3.142027273443362674e+02
3.638511830581790605e+02 3.152057158993804933e+02
3.639266169493677126e+02 3.162227392681135711e+02
3.639501579048088047e+02 3.172542080228055852e+02
3.639194167647233371e+02 3.183007872315362192e+02
3.638370150374223613e+02 3.193627509146986085e+02
3.637112299327505980e+02 3.204410761404503774e+02
3.635550761031136631e+02 3.215337863353015564e+02
3.633812334886317785e+02 3.226357895738259458e+02
3.631982899797497453e+02 3.237415272107108990e+02
3.630093313759206239e+02 3.248480226904413826e+02
3.628105896905318559e+02 3.259537360773413184e+02
3.625937571303295499e+02 3.270586319983498242e+02
3.623503586168210973e+02 3.281611978313919735e+02
3.620723177398069765e+02 3.292604805395890253e+02
3.617525991718422915e+02 3.303550421327671529e+02
3.613860774967114367e+02 3.314402338262873968e+02
3.609713903751810449e+02 3.325104382010971449e+02
3.605099782011030243e+02 3.335603662513775021e+02
3.600021556283841733e+02 3.345846748827143529e+02
3.594461645428183942e+02 3.355762167730611054e+02
3.588372722125584460e+02 3.365288750560417270e+02
3.581712119861728638e+02 3.374374203843199780e+02
3.574482005909745226e+02 3.382999800416140488e+02
3.566737271697170968e+02 3.391181764168509289e+02
3.558565679199592182e+02 3.398969717361853213e+02
3.550093772364189135e+02 3.406439315572517330e+02
3.541438511711332922e+02 3.413647374293762482e+02
3.532685060108847779e+02 3.420621537760863475e+02
3.523902387281596020e+02 3.427366740946205823e+02
3.515117966631305535e+02 3.433849375179814842e+02
3.506327450043351064e+02 3.439999266081042038e+02
3.497490278165566906e+02 3.445732424093682198e+02
3.488559139237394220e+02 3.450974088517409655e+02
3.479489923074191893e+02 3.455683671809667317e+02
3.470274448249716102e+02 3.459867842258436212e+02
3.460927308717553501e+02 3.463579026506932337e+02
3.451459349378163779e+02 3.466856183273484362e+02
3.441880473846135828e+02 3.469734889844641543e+02
3.432195230328982802e+02 3.472231484990504669e+02
3.422403637598787327e+02 3.474346036147034624e+02
3.412503896217318129e+02 3.476072079095636695e+02
3.402497086920203628e+02 3.477413496220950719e+02
3.392389769209552810e+02 3.478393851574668929e+02
3.382195070134760044e+02 3.479060302161298637e+02
3.371931134254804192e+02 3.479478029654487159e+02
3.361615470559573851e+02 3.479709932538900148e+02
3.351274504778328946e+02 3.479850941380915401e+02
3.340932232996460129e+02 3.479987258606751084e+02
3.330587556226425932e+02 3.480150995129295097e+02
3.320197919684739531e+02 3.480307150957083309e+02
3.309713091211090159e+02 3.480370474280924213e+02
3.299079046506423083e+02 3.480208604692796257e+02
3.288268725917540678e+02 3.479669779932341385e+02
3.277283812686000601e+02 3.478627743952188780e+02
3.266166606770325984e+02 3.476991624490844970e+02
3.254986438127284032e+02 3.474732188366911032e+02
3.243834450819985591e+02 3.471849568092652589e+02
3.232809373847281904e+02 3.468401273800099602e+02
3.222015242901841816e+02 3.464472828602213781e+02
3.211533895712668141e+02 3.460143696560128888e+02
3.201432098425186723e+02 3.455474773378332429e+02
3.191753156215889931e+02 3.450527247057190152e+02
3.182528354840239331e+02 3.445352427033508320e+02
3.173773604896634879e+02 3.440019999047996748e+02
3.165502247399536486e+02 3.434613910318795433e+02
3.157711602476124995e+02 3.429243971792907359e+02
3.150384147094759442e+02 3.424001165250167560e+02
3.143481006697432463e+02 3.418985312154900953e+02
3.136961032312290740e+02 3.414275795254699233e+02
3.130775319145044477e+02 3.409937298803408225e+02
3.124844610984860651e+02 3.406010009136319354e+02
3.119068543859591500e+02 3.402470181367770010e+02
3.113332025415026578e+02 3.399238588084564299e+02
3.107530763679902748e+02 3.396175312508470938e+02
3.101579817093150950e+02 3.393115609157600829e+02
3.095431855647995008e+02 3.389888072198451709e+02
3.089070017711363789e+02 3.386360905897290650e+02
3.082512523972541771e+02 3.382440526057363286e+02
3.075785792885855017e+02 3.378070106478982098e+02
3.068892363596219184e+02 3.373232591499067894e+02
3.061839107910008693e+02 3.367925632250408512e+02
3.054611337103049209e+02 3.362153327999056387e+02
3.047212514185443410e+02 3.355911226996925052e+02
3.039652118422826561e+02 3.349213693307610811e+02
3.031934471034578564e+02 3.342085796369938180e+02
3.024066218248510154e+02 3.334575500747453702e+02
3.016046564869437816e+02 3.326742745193599831e+02
3.007863704924029662e+02 3.318671044832719303e+02
2.999526764643929937e+02 3.310440579164036876e+02
2.991082604748332869e+02 3.302129410790613520e+02
2.982591112879994171e+02 3.293798336416678580e+02
2.974108952000507315e+02 3.285499178810234753e+02
2.965705799385542605e+02 3.277249370990386979e+02
2.957425664262684677e+02 3.269051848410673529e+02
2.949299078738085313e+02 3.260880932617209851e+02
2.941357085741597075e+02 3.252701481522605036e+02
2.933624685474962916e+02 3.244473723975092980e+02
2.926112434721509317e+02 3.236184683622112175e+02
2.918836152031063875e+02 3.227829957069361626e+02
2.911811203169140754e+02 3.219405266963668737e+02
2.905061238890809818e+02 3.210904029667389068e+02
2.898608185517268794e+02 3.202320141571856311e+02
2.892451542095659534e+02 3.193653742126829798e+02
2.886591896282218954e+02 3.184904667747015310e+02
2.881001464460807711e+02 3.176080652530564521e+02
2.875650227994847796e+02 3.167190052736091843e+02
2.870473901145609830e+02 3.158250763522045759e+02
2.865398275454313080e+02 3.149283442224788132e+02
2.860352610597341254e+02 3.140307780759274010e+02
2.855261243425888438e+02 3.131344841402508337e+02
2.850085802877858328e+02 3.122405305469659424e+02
2.844808823039222716e+02 3.113494034930194516e+02
2.839452442172770930e+02 3.104604867177473579e+02
2.834029473111189645e+02 3.095734235515747059e+02
2.828533345665085790e+02 3.086883968882233376e+02
2.822927499909616245e+02 3.078064244427586686e+02
2.817134008774410745e+02 3.069296754634453919e+02
2.811074887386844239e+02 3.060603208075837074e+02
2.804708710799135929e+02 3.051995136174086269e+02
2.798040854620789446e+02 3.043471042526020938e+02
2.791104131263930412e+02 3.035021793172451225e+02
2.783988779678757624e+02 3.026622268384739414e+02
2.776845914221291878e+02 3.018230402606848202e+02
2.769810060001022975e+02 3.009808748215131118e+02
2.762999538229262271e+02 3.001324368249289591e+02
2.756518604902493053e+02 2.992748241069170376e+02
2.750397230488750893e+02 2.984072023824790563e+02
2.744614509839967695e+02 2.975301535861847242e+02
2.739147090846046808e+02 2.966443277684472832e+02
2.733959694865413326e+02 2.957507069773747617e+02
2.729011821786330074e+02 2.948504186106312090e+02
2.724259272152885956e+02 2.939446930441638983e+02
2.719653077823321610e+02 2.930348933993635114e+02
2.715146630914528600e+02 2.921223170953306294e+02
2.710688275479996605e+02 2.912084020736148204e+02
2.706213889554044272e+02 2.902949332911267106e+02
2.701653185597367610e+02 2.893838673352488513e+02
2.696957099131119548e+02 2.884765700090981682e+02
2.692101786726053660e+02 2.875737050398911947e+02
2.687059146853640641e+02 2.866760546871393558e+02
2.681796925856865528e+02 2.857845167927501393e+02
2.676259508334903785e+02 2.849006395172170869e+02
2.670415729239834377e+02 2.840252903989423885e+02
2.664246215183287063e+02 2.831590087330503707e+02
2.657728575664541495e+02 2.823014140346206204e+02
2.650823756355620162e+02 2.814503122681787204e+02
2.643487214107240106e+02 2.806042933073052836e+02
2.635697516800360631e+02 2.797622358296852099e+02
2.627454064400405400e+02 2.789266799694851215e+02
2.618801342895656603e+02 2.781033483489593436e+02
2.609821915581960639e+02 2.772993554436184240e+02
2.600602733497524923e+02 2.765207406837787403e+02
2.591230057512073017e+02 2.757694137386647526e+02
2.581762470144570898e+02 2.750456828771781943e+02
2.572270073928556258e+02 2.743471409703415702e+02
2.562836184610360988e+02 2.736712165265385011e+02
2.553551683044845504e+02 2.730149271267509903e+02
2.544532660654240601e+02 2.723771649380296367e+02
2.535897816985833799e+02 2.717583221283706507e+02
2.527708906199322314e+02 2.711578401616509382e+02
2.519968872601361625e+02 2.705737115470030858e+02
2.512621764047225952e+02 2.700036718224588412e+02
2.505537626699306202e+02 2.694474511085887798e+02
2.498559907200255452e+02 2.689075109000678481e+02
2.491542908212899192e+02 2.683901864554071608e+02
2.484353149772239249e+02 2.679022940145849248e+02
2.476905251038649283e+02 2.674487545072132662e+02
2.469155335822303527e+02 2.670342033643037212e+02
2.461093273198411566e+02 2.666650656125979140e+02
2.452725011996598710e+02 2.663479082646785514e+02
2.444064636169475193e+02 2.660902406890800194e+02
2.435127536725108826e+02 2.658980878295124057e+02
2.425938667600346434e+02 2.657710394636477531e+02
2.416507872571486644e+02 2.657031155652587131e+02
2.406820145811831253e+02 2.656821052765272952e+02
2.396869386723753337e+02 2.656921243736106817e+02
2.386658733846457778e+02 2.657171061812859989e+02
2.376224102883565479e+02 2.657435967317247787e+02
2.365625904313826311e+02 2.657628246952344284e+02
2.354940102769380701e+02 2.657660725949073139e+02
2.344224052899061803e+02 2.657460554953578367e+02
2.333495348625543500e+02 2.656958634712716503e+02
2.322745002447999241e+02 2.656068124529640500e+02
2.311940178385510762e+02 2.654732779929446451e+02
2.301044433713514650e+02 2.652916885633522384e+02
2.290033631743568776e+02 2.650651605962348185e+02
2.278918920931356524e+02 2.648013048976837354e+02
2.267728357495624607e+02 2.645102002538309307e+02
2.256487517058452568e+02 2.642010343327458486e+02
2.245209714390063880e+02 2.638785902708408457e+02
2.233905654941159469e+02 2.635467138446632589e+02
2.222584212543496278e+02 2.632085928484505075e+02
2.211259128361751607e+02 2.628691635945845633e+02
2.199946978145120511e+02 2.625343806784662206e+02
2.188647083937063371e+02 2.622076064406120395e+02
2.177324574099449705e+02 2.618881009394428929e+02
2.165943786290018238e+02 2.615725729880232393e+02
2.154484298238096756e+02 2.612598575826597767e+02
2.142970154331930814e+02 2.609495272611457040e+02
2.131473306152230407e+02 2.606424232941472496e+02
2.120094617343046934e+02 2.603409654281565508e+02
2.108926643628821012e+02 2.600444061929512714e+02
2.098039063984780341e+02 2.597505069914011528e+02
2.087472489325726315e+02 2.594573598630793754e+02
2.077227418767541849e+02 2.591606171730156802e+02
2.067276231228024983e+02 2.588567254836942766e+02
2.057557984571770362e+02 2.585422430273538339e+02
2.047983947775292108e+02 2.582173447345884369e+02
2.038465160809783754e+02 2.578823209030828707e+02
2.028925170338711439e+02 2.575385762557027647e+02
2.019326532684398501e+02 2.571886904187815617e+02
2.009656822231565343e+02 2.568363735117040392e+02
1.999942925064401891e+02 2.564848776452876677e+02
1.990233770169943739e+02 2.561384824367206647e+02
1.980560430965481089e+02 2.558005943581339352e+02
1.970955946637718057e+02 2.554733870059525884e+02
1.961444664060214222e+02 2.551550761073615945e+02
1.952021196266326797e+02 2.548386700286531550e+02
1.942678186205094164e+02 2.545135272772622841e+02
1.933414216074325509e+02 2.541683656163375815e+02
1.924259489974296855e+02 2.537933248856235195e+02
1.915268506368635997e+02 2.533832860809570491e+02
1.906530189418256782e+02 2.529390311416303234e+02
1.898119729856033473e+02 2.524638626279984805e+02
1.890042018898504921e+02 2.519615400796620861e+02
1.882242604370517824e+02 2.514366435169497436e+02
1.874626548856236923e+02 2.508918354258699992e+02
1.867085624706743374e+02 2.503290759748068695e+02
1.859526713650268164e+02 2.497490224153315808e+02
1.851901518607782009e+02 2.491529060441477554e+02
1.844200487279613299e+02 2.485413934441158972e+02
1.836443746977388116e+02 2.479139886905769004e+02
1.828669432976354585e+02 2.472695762384545333e+02
1.820908831405934620e+02 2.466044794058129241e+02
1.813167332687254714e+02 2.459116888917880601e+02
1.805423134891028099e+02 2.451874633211257333e+02
1.797625711950802270e+02 2.444346831740094501e+02
1.789703151407843507e+02 2.436634395746476685e+02
1.781597445232283405e+02 2.428904183258292164e+02
1.773270167069412082e+02 2.421399698517933814e+02
1.764719138738607569e+02 2.414412401579490961e+02
1.755968070947654098e+02 2.408245873798840364e+02
1.747072214992674049e+02 2.403178993354183319e+02
1.738086741552279193e+02 2.399434451983179315e+02
1.729049141739554614e+02 2.397151890517031916e+02
1.719984337830804861e+02 2.396363151861448841e+02
1.710864687281222416e+02 2.396991643472296687e+02
1.701630146607307950e+02 2.398848665456123683e+02
1.692219067691940211e+02 2.401637543219888471e+02
1.682590932218120656e+02 2.404986224727329045e+02
1.672742281904015158e+02 2.408486422171271215e+02
1.662713292015327511e+02 2.411734901538112581e+02
1.652579088188305718e+02 2.414363220469840030e+02
1.642416904346918329e+02 2.416042541931605001e+02
1.632279917405423362e+02 2.416534545877481150e+02
1.622226115689110770e+02 2.415704745285306387e+02
1.612293279510752200e+02 2.413536011087187489e+02
1.602528847665215892e+02 2.410115120054448141e+02
1.592975075022924898e+02 2.405617247090900150e+02
1.583700074415892232e+02 2.400262093672449737e+02
1.574772272685273435e+02 2.394308002458967906e+02
1.566249967302331925e+02 2.388000420162684350e+02
1.558161363834060467e+02 2.381560109154692100e+02
1.550524298876169667e+02 2.375168979348832181e+02
1.543330099059901954e+02 2.368953644453976324e+02
1.536519671501113748e+02 2.362987645299216410e+02
1.529994514067045372e+02 2.357272793828781801e+02
1.523621641688665704e+02 2.351750008905966070e+02
1.517271034338466222e+02 2.346333049404576627e+02
1.510827839530325889e+02 2.340937918900691557e+02
1.504215152540108988e+02 2.335480873676303304e+02
1.497393825392978215e+02 2.329900035604694608e+02
1.490377629489799745e+02 2.324177941927829067e+02
1.483215649324386334e+02 2.318361788262740788e+02
1.475991432578854017e+02 2.312549039461108862e+02
1.468789072338716721e+02 2.306863395066056341e+02
1.461650293145852118e+02 2.301417865158129814e+02
1.454594158566063697e+02 2.296256023478950397e+02
1.447599884997294737e+02 2.291371074715020200e+02
1.440655191601330785e+02 2.286711816762743865e+02
1.433750822539300600e+02 2.282215503447361868e+02
1.426865943753903423e+02 2.277805837178765955e+02
1.419974872632026859e+02 2.273412520392392651e+02
1.413050031044694776e+02 2.268973921267707397e+02
1.406072877339947524e+02 2.264458185367930128e+02
1.399029215303456795e+02 2.259846085452002740e+02
1.391913730041806332e+02 2.255106372193404241e+02
1.384727042439238005e+02 2.250184335090375498e+02
1.377435319814384229e+02 2.245003257062214175e+02
1.369998562064266139e+02 2.239473065770426956e+02
1.362360882645659217e+02 2.233539469808820854e+02
1.354470883751864676e+02 2.227188802046512706e+02
1.346277221378946933e+02 2.220475194341587439e+02
1.337762486677928564e+02 2.213470424425810279e+02
1.328938759713265654e+02 2.206210989621586691e+02
1.319863185307180800e+02 2.198689400937457776e+02
1.310672816034871175e+02 2.190870839231677678e+02
1.301569206601367625e+02 2.182741850234297090e+02
1.292807404031734961e+02 2.174309350671844072e+02
1.284658701073689997e+02 2.165622695072336796e+02
1.277395349137155165e+02 2.156757502939842652e+02
1.271258893692995855e+02 2.147819220808227669e+02
1.266458156977491569e+02 2.138910332152429703e+02
1.263168462453607503e+02 2.130172467835376438e+02
1.261535071067997649e+02 2.121762467757212960e+02
1.261642969300256993e+02 2.113823536323199050e+02
1.263504667158392465e+02 2.106455764952545735e+02
1.267084637033983654e+02 2.099699104543115880e+02
