1.500401019810813068e+02 2.030462401338591576e+02
1.510434238385722665e+02 2.029028720321596779e+02
1.520451578925252534e+02 2.028331818233787658e+02
1.530452980024421663e+02 2.028374544413584317e+02
1.540438943695882301e+02 2.029133604269698026e+02
1.550410977270329340e+02 2.030539054042190799e+02
1.560372089160924816e+02 2.032451296143869968e+02
1.570326570821752910e+02 2.034671196811094092e+02
1.580278733744311239e+02 2.036998692496106571e+02
1.590230632086810942e+02 2.039338465330519057e+02
1.600184012982556396e+02 2.041609444138040317e+02
1.610137528753804190e+02 2.043874164398717710e+02
1.620086932330421803e+02 2.046329700354387455e+02
1.630029148292408081e+02 2.049118758870307033e+02
1.639962891228825015e+02 2.052300986097390023e+02
1.649888418609680798e+02 2.055864434809632257e+02
1.659807682467007339e+02 2.059718526038331845e+02
1.669724399418081475e+02 2.063690799826526074e+02
1.679643922253608821e+02 2.067532873845470931e+02
1.689570659204864569e+02 2.071040195589690143e+02
1.699506239550681244e+02 2.074137162613121461e+02
1.709450587019608747e+02 2.076827314094012422e+02
1.719403826576169365e+02 2.079104851378737919e+02
1.729367163050729914e+02 2.080913867448205679e+02
1.739340715375043374e+02 2.082248843583791995e+02
1.749321396925391809e+02 2.083253006530046036e+02
1.759304515930306820e+02 2.084144065737568212e+02
1.769286265711870669e+02 2.085098660193003184e+02
1.779263608985807537e+02 2.086257727172486227e+02
1.789234575621775605e+02 2.087712685449726564e+02
1.799198455907467178e+02 2.089496467378244517e+02
1.809154175794352568e+02 2.091658911386183206e+02
1.819101864125164525e+02 2.094194038861701301e+02
1.829040706475942955e+02 2.097139641030151154e+02
1.838970147400928568e+02 2.100521491907129530e+02
1.848889582761289603e+02 2.104367624983612757e+02
1.858799168762680267e+02 2.108670791942568030e+02
1.868698235767622009e+02 2.113462065569285642e+02
1.878585882523356645e+02 2.118783266153618570e+02
1.888462857308829825e+02 2.124599671757565602e+02
1.898333313039869381e+02 2.130718577124866897e+02
1.908204702772990231e+02 2.136794142555157521e+02
1.918082273940876235e+02 2.142582874584560955e+02
1.927968437927909235e+02 2.147972879193463882e+02
1.937864900068915119e+02 2.152885024755235861e+02
1.947774004741436045e+02 2.157210526528327819e+02
1.957696500655329714e+02 2.160914642579380711e+02
1.967629536895823321e+02 2.164129662192483465e+02
1.977569313033226877e+02 2.167031934421600852e+02
1.987513278929446869e+02 2.169739791791406844e+02
1.997459542664697096e+02 2.172341023918255587e+02
2.007407372334693605e+02 2.174869592916569729e+02
2.017355434697250018e+02 2.177387364421926179e+02
2.027303497275262885e+02 2.179905125929604424e+02
2.037254040399056407e+02 2.182307784162816517e+02
2.047210406654164103e+02 2.184440235134761679e+02
2.057176506999243202e+02 2.186121000982319913e+02
2.067155367945765647e+02 2.187209644313290084e+02
2.077148873872556010e+02 2.187618725430071152e+02
2.087155928323653029e+02 2.187399122519387618e+02
2.097172759525023764e+02 2.186725854943941840e+02
2.107194324296341961e+02 2.185832938368235432e+02
2.117217951628657602e+02 2.184844314014672761e+02
2.127242918451385663e+02 2.183793534092852440e+02
2.137266871337829173e+02 2.182789803246827489e+02
2.147288033637200897e+02 2.181915562334866365e+02
2.157306436590632188e+02 2.181169361693562792e+02
2.167325424507304490e+02 2.180396017354684375e+02
2.177348833367160807e+02 2.179417530647287435e+02
2.187380141923973440e+02 2.178072479051654113e+02
2.197422118357382317e+02 2.176232412392301399e+02
2.207476110345130849e+02 2.173834795189182501e+02
2.217540699324426896e+02 2.170945452158625244e+02
2.227610606836911984e+02 2.167809316430232798e+02
2.237680014491305087e+02 2.164696375316342483e+02
2.247745877031454995e+02 2.161747936007198803e+02
2.257806871126155102e+02 2.159025404245159905e+02
2.267862200665211390e+02 2.156565721452891466e+02
2.277911169294592355e+02 2.154401200127837228e+02
2.287953390701557623e+02 2.152549766107842970e+02
2.297989081634917170e+02 2.151001361728172014e+02
2.308018975291691390e+02 2.149721964888328785e+02
2.318043862180215910e+02 2.148674894105293163e+02
2.328064622654009668e+02 2.147819298864041286e+02
2.338084121847945767e+02 2.147022230033691699e+02
2.348105142592677055e+02 2.146154557596613586e+02
2.358126405294579513e+02 2.145275657766394488e+02
2.368144080437392347e+02 2.144563229283619421e+02
2.378153733073286844e+02 2.144223064365920095e+02
2.388153972433304375e+02 2.144319698029075880e+02
2.398144564532148593e+02 2.144863987752117112e+02
2.408125728919559378e+02 2.145845745900483621e+02
2.418098983483578195e+02 2.147194538827984616e+02
2.428067016469641715e+02 2.148785625497921501e+02
2.438030315670301604e+02 2.150596371165798075e+02
2.447987572836275660e+02 2.152687481736464861e+02
2.457939836807732945e+02 2.155010288510183614e+02
2.467889074052261549e+02 2.157473542673782276e+02
2.477862442033367074e+02 2.160056304490492494e+02
2.487925138556228148e+02 2.162770981566850423e+02
2.498091711085614008e+02 2.165677721299048244e+02
2.508333552131599049e+02 2.168819727350359301e+02
2.518541901153486151e+02 2.172256190148955568e+02
2.528585408143578093e+02 2.176033500447988160e+02
2.538301756982901338e+02 2.180213315360765591e+02
2.547561749759320548e+02 2.184772795938108629e+02
2.556223828359928234e+02 2.189602186746573693e+02
2.564191009436689228e+02 2.194579459894252409e+02
2.571471548029242058e+02 2.199719786762774163e+02
2.578116231604833501e+02 2.205133367180045809e+02
2.584225632679562636e+02 2.210866188717273246e+02
2.589903186738082468e+02 2.216898225306078984e+02
2.595277910694632624e+02 2.223208731878619915e+02
2.600467774553894742e+02 2.229784127017600497e+02
2.605604134772453904e+02 2.236525737972409615e+02
2.610756610801892066e+02 2.243291851840100719e+02
2.615955701937246545e+02 2.250041986349218348e+02
2.621246666796959062e+02 2.256805933539918954e+02
2.626625090536903713e+02 2.263615895766950530e+02
2.632065972509657854e+02 2.270483237014140911e+02
2.637527854955696398e+02 2.277432469739042915e+02
2.643010921991055966e+02 2.284404924289354426e+02
2.648446110635060791e+02 2.291353581746538453e+02
2.653768745464603853e+02 2.298191668496254181e+02
2.658949061091478256e+02 2.304905189976524866e+02
2.664080204908718770e+02 2.311584384051747918e+02
2.669344695915328316e+02 2.318347760714764263e+02
2.674906170247851946e+02 2.325231143921471642e+02
2.680822251225210948e+02 2.332135212145419132e+02
2.687054423062338628e+02 2.338916402214795482e+02
2.693560827780334535e+02 2.345434929825394761e+02
2.700230297951245007e+02 2.351643528835400332e+02
2.706985952529971655e+02 2.357525638951798328e+02
2.713741050942604147e+02 2.363173642741328422e+02
2.720471066382470440e+02 2.368701768275211066e+02
2.727087878821084246e+02 2.374249699379208209e+02
2.733468403160733260e+02 2.379803350840476810e+02
2.739452141995813577e+02 2.385267582559716857e+02
2.744986973022001280e+02 2.390593670219674323e+02
2.750213260205617871e+02 2.395789439863948473e+02
2.755316636322466479e+02 2.400950053153663362e+02
2.760542923506083639e+02 2.406145822797937797e+02
2.766051060730237054e+02 2.411471335190177285e+02
2.771915401886670907e+02 2.416959700016011254e+02
2.778093271990086350e+02 2.422627861750341367e+02
2.784490822199545619e+02 2.428371254089538525e+02
2.791044780106878989e+02 2.434083949201734072e+02
2.797783186549241918e+02 2.439784775614528769e+02
2.804830311479319107e+02 2.445488534235323357e+02
2.812196495386349397e+02 2.451236157357998025e+02
2.819798234108626502e+02 2.457011622115222167e+02
2.827492294177820327e+02 2.462810761487614570e+02
2.835185601638985986e+02 2.468588199607021352e+02
2.842855959519352496e+02 2.474369084063780520e+02
2.850595152469924756e+02 2.480206634768075276e+02
2.858531587605980917e+02 2.486133465900044541e+02
2.866791521211808345e+02 2.492071279552451699e+02
2.875378087097878392e+02 2.497915038862568622e+02
2.884189463976706520e+02 2.503455311412620290e+02
2.893096629317662405e+02 2.508506564265396150e+02
2.902036929038364974e+02 2.513020506290644107e+02
2.911084255444702080e+02 2.517058163709210419e+02
2.920384065821070863e+02 2.520837050979040441e+02
2.930027920508218813e+02 2.524673284204441188e+02
2.939944018731918050e+02 2.528846461298174120e+02
2.949952118772639551e+02 2.533514845581136115e+02
2.959871621720412804e+02 2.538769267024798069e+02
2.969590892606892112e+02 2.544622213284762893e+02
2.979033106436568801e+02 2.551082371136329243e+02
2.988229019749146573e+02 2.558204535967674929e+02
2.997270798950199264e+02 2.565994044798892446e+02
3.006174500864290167e+02 2.574405733099816871e+02
3.014890543395408713e+02 2.583294818985342545e+02
3.023237701177125132e+02 2.592474874568704877e+02
3.030950008379559222e+02 2.601748833708887787e+02
3.037760120704826932e+02 2.611040218557533308e+02
3.043462829846388331e+02 2.620378764679652477e+02
3.047939421159401263e+02 2.629829779456149481e+02
3.051150849293348415e+02 2.639452035274271680e+02
3.053151736854719047e+02 2.649312834634422416e+02
3.054081798744308571e+02 2.659388392257642977e+02
3.054082604261624851e+02 2.669579085214657539e+02
3.053328250173800029e+02 2.679765336768290354e+02
3.052012658247441550e+02 2.689858184429614312e+02
3.050378766115107965e+02 2.699852001131255292e+02
3.048555633323366010e+02 2.709815033381839271e+02
3.046596322150534206e+02 2.719775130905238143e+02
3.044469409892569161e+02 2.729731616523010871e+02
3.042115730287134738e+02 2.739683215166111268e+02
3.039424918959451816e+02 2.749627548414937905e+02
3.036265256493114748e+02 2.759561777635713611e+02
3.032573947468431470e+02 2.769484549548838004e+02
3.028353871216856987e+02 2.779395926205660317e+02
3.023663758700512290e+02 2.789323879493646814e+02
3.018609144928067849e+02 2.799336148953279917e+02
3.013227719786741545e+02 2.809449390502471715e+02
3.007508732078206322e+02 2.819635696021712761e+02
3.001413016724655449e+02 2.829786736528822644e+02
2.994873187847741747e+02 2.839770709558347903e+02
2.987796745495476216e+02 2.849424634309327189e+02
2.980098748241000521e+02 2.858643696336175708e+02
2.971743949296738947e+02 2.867375384035742059e+02
2.962774368683620310e+02 2.875575592516675556e+02
2.953252302464192098e+02 2.883176948345849837e+02
2.943297021026039033e+02 2.890084179160298845e+02
2.933041068745042139e+02 2.896164839964184807e+02
2.922648509950759035e+02 2.901276152479513826e+02
2.912249509427022645e+02 2.905426723183469448e+02
2.901947401022392796e+02 2.908809173180403036e+02
2.891765109788297536e+02 2.911643977584143386e+02
2.881682843843667570e+02 2.914114342494870016e+02
2.871634224468582488e+02 2.916262657582809084e+02
2.861593898859613319e+02 2.918026122028233544e+02
2.851565308712087017e+02 2.919245032912156148e+02
2.841551040145261595e+02 2.919799388097565611e+02
2.831552205774303275e+02 2.919637559571837642e+02
2.821542542278413066e+02 2.918738996705283739e+02
2.811456981126058849e+02 2.917085293284168301e+02
2.801307094464066267e+02 2.914643520993657262e+02
2.791186474286025714e+02 2.911392781478892857e+02
2.781218314190230103e+02 2.907339340475265885e+02
2.771479185373395353e+02 2.902455191254417741e+02
2.761955179657088593e+02 2.896830605111193222e+02
2.752626111057487606e+02 2.890636906896554024e+02
2.743470494151218304e+02 2.884122891447628376e+02
2.734548695740140261e+02 2.877521423459537573e+02
2.725975759389860400e+02 2.871045220994778333e+02
2.717856131935582766e+02 2.864781884758918977e+02
2.710231466165473080e+02 2.858618485972022540e+02
2.703042838813595381e+02 2.852469605267834254e+02
2.696143942162901794e+02 2.846364657185823148e+02
2.689345619812102655e+02 2.840320930249674802e+02
2.682463444311015905e+02 2.834399905129677109e+02
2.675357603307383556e+02 2.828609931421999590e+02
2.667939970358398227e+02 2.822980527241047071e+02
2.660174534931926473e+02 2.817498333616967443e+02
2.652044552032248248e+02 2.812197747753400563e+02
2.643496989337192531e+02 2.807056491865332646e+02
2.634409274627081459e+02 2.802003728616117542e+02
2.624711062104948951e+02 2.796982809212745451e+02
2.614505788545601490e+02 2.791971327062036607e+02
2.604077417469399620e+02 2.786987494558225649e+02
2.593751460949224565e+02 2.782059321558670035e+02
2.583851060006891203e+02 2.777131297447086808e+02
2.574599067458715353e+02 2.772200122956895711e+02
2.566113326642591801e+02 2.767238600780984257e+02
2.558362633022906891e+02 2.762195086610300905e+02
2.551254016196845100e+02 2.757061635496758640e+02
2.544646244498200360e+02 2.751895747866100237e+02
2.538357568485122897e+02 2.746651347120281343e+02
2.532181683683446067e+02 2.741164900342619717e+02
2.525905917582871894e+02 2.735321448688897590e+02
2.519319750311143764e+02 2.729153063825506251e+02
2.512238071096200542e+02 2.722769642939246637e+02
2.504516627577677355e+02 2.716368853910739745e+02
2.496084592635808406e+02 2.710154017924335221e+02
2.486970444555673794e+02 2.704343199182000035e+02
2.477303388490539078e+02 2.699115313019491396e+02
2.467275287902480727e+02 2.694623108709869825e+02
2.457071920440482700e+02 2.690955489582869973e+02
2.446822266526339149e+02 2.688176019355294102e+02
2.436634091724597511e+02 2.686271676879042047e+02
2.426536594090281937e+02 2.685171854853622904e+02
2.416517507192079961e+02 2.684710560458821078e+02
2.406515787217921343e+02 2.684682630843448123e+02
2.396509769541452783e+02 2.684854124924397638e+02
2.386503146217960136e+02 2.685053722480072906e+02
2.376498019452357937e+02 2.685183876159744614e+02
2.366494644129182063e+02 2.685232758709551604e+02
2.356492078059020514e+02 2.685244089978294255e+02
2.346490342141112251e+02 2.685216900191142599e+02
2.336490942413415439e+02 2.685081305574231010e+02
2.326494680372525465e+02 2.684800114762927024e+02
2.316502942478279010e+02 2.684308992695024472e+02
2.306517145569819434e+02 2.683542194635624014e+02
2.296537593224755085e+02 2.682485633855488913e+02
2.286565248316281043e+02 2.681094630728666175e+02
2.276601628732439053e+02 2.679298751608964153e+02
2.266647858292111835e+02 2.677045848604468006e+02
2.256703278130624426e+02 2.674366494616534737e+02
2.246764628613032642e+02 2.671411944525680155e+02
2.236828848323979173e+02 2.668324255348049405e+02
2.226893423968360253e+02 2.665220050005264625e+02
2.216955823721849015e+02 2.662216811219313399e+02
2.207014744290653425e+02 2.659375014948438434e+02
2.197069927342940900e+02 2.656706648409357285e+02
2.187123625687421793e+02 2.654107175873953679e+02
2.177179309028713021e+02 2.651415594725013420e+02
2.167239655270359719e+02 2.648507643814414791e+02
2.157304550005186456e+02 2.645388631909527817e+02
2.147371131545617118e+02 2.642191348178375847e+02
2.137438852202311637e+02 2.638941206720124342e+02
2.127508199336909342e+02 2.635615592785634362e+02
2.117578222788123412e+02 2.632258596137815516e+02
2.107647563243583022e+02 2.628933292131363828e+02
2.097715419637603986e+02 2.625676852135553645e+02
2.087781320767752788e+02 2.622511141073624685e+02
2.077843871125037367e+02 2.619500913910287068e+02
2.067904109207734962e+02 2.616597981834377720e+02
2.057964347074976388e+02 2.613695059756146861e+02
2.048027807087805741e+02 2.610642622393487500e+02
2.038096878869540660e+02 2.607329785492330529e+02
2.028173326789971895e+02 2.603674678062091630e+02
2.018258944736372200e+02 2.599594059430209541e+02
2.008354672743593028e+02 2.595044309724671052e+02
1.998458436400552785e+02 2.590121686595658730e+02
1.988567772182500448e+02 2.584940503501022704e+02
1.978679212539379932e+02 2.579661663081191136e+02
1.968764648122750032e+02 2.574350274817272748e+02
1.958758076829907395e+02 2.569031252437185913e+02
1.948670463221551472e+02 2.563699861079930997e+02
1.938593552617261082e+02 2.558420892494483496e+02
1.928649128024410970e+02 2.553266067218452235e+02
1.918914610183018112e+02 2.548167957676503761e+02
1.909379969985806156e+02 2.543036836956806042e+02
1.900030024985362616e+02 2.537811853818690793e+02
1.890849566855575858e+02 2.532450530729077514e+02
1.881877501162485657e+02 2.526942353491317306e+02
1.873167706573316309e+02 2.521300496012129031e+02
1.864809948013910059e+02 2.515558650152374867e+02
1.856870291263510353e+02 2.509755318277087781e+02
1.849394593261363866e+02 2.503930587707489508e+02
1.842366851249463480e+02 2.498115510862746760e+02
1.835758635355218189e+02 2.492340872350125665e+02
1.829515685763730062e+02 2.486644601913722283e+02
1.823614818976802781e+02 2.481063278542196713e+02
1.818028697110080998e+02 2.475628070459415540e+02
1.812788524095577429e+02 2.470351662917719295e+02
1.807934325239342002e+02 2.465223565851543412e+02
1.803434911327113355e+02 2.460174251130509901e+02
1.799126594664451204e+02 2.455074211940942348e+02
1.794750050634259821e+02 2.449839181415281928e+02
1.790101413034308280e+02 2.444462145504176362e+02
1.785052732417233869e+02 2.439040560081841136e+02
1.779518684248462819e+02 2.433656795900367342e+02
1.773426269927763030e+02 2.428396330002661045e+02
1.766690442514422443e+02 2.423483672116965124e+02
1.759284146498615939e+02 2.419167096948773406e+02
1.751190874169847689e+02 2.415763322350273370e+02
1.742445837998931211e+02 2.413544130085200834e+02
1.733105275208152136e+02 2.412723291442154903e+02
1.723284568495697329e+02 2.413385932171994739e+02
1.713115590445406156e+02 2.415430780040957472e+02
1.702765512047969878e+02 2.418570900242385449e+02
1.692373834876191268e+02 2.422381649848531708e+02
1.682058048027242307e+02 2.426398812473165094e+02
1.671855767640417696e+02 2.430161161512689603e+02
1.661735319991339281e+02 2.433164017384415274e+02
1.651574369465925542e+02 2.435008561714107600e+02
1.641337019616203179e+02 2.435386059423223060e+02
1.631053497515405866e+02 2.434178154297967467e+02
1.620831460569132219e+02 2.431376844024931927e+02
1.610797633804992870e+02 2.427150348021178559e+02
1.601106081158867482e+02 2.421819930263931155e+02
1.591877293532026556e+02 2.415812455892561275e+02
1.583220346146086968e+02 2.409505732700833676e+02
1.575190429753183707e+02 2.403162090702621470e+02
1.567825090644324177e+02 2.396945016806365629e+02
1.561111833978392838e+02 2.390985022099125956e+02
1.555028980951892663e+02 2.385280889215321736e+02
1.549496591794892026e+02 2.379820142908130549e+02
1.544444695064999564e+02 2.374547792835221571e+02
1.539790024479517569e+02 2.369450701924402836e+02
1.535406862285098555e+02 2.364522770094282293e+02
1.531120352234342477e+02 2.359650083517581152e+02
1.526736614772205485e+02 2.354748845489494897e+02
1.522079958543545217e+02 2.349743893185248851e+02
1.517025735318964621e+02 2.344579498046559820e+02
1.511490465298797403e+02 2.339252430700792615e+02
1.505403650681462864e+02 2.333732125134594355e+02
1.498685997203427860e+02 2.327976153055862483e+02
1.491316609244023539e+02 2.321946955537071631e+02
1.483286011148102261e+02 2.315634946194153940e+02
1.474634801141959315e+02 2.309061994817267305e+02
1.465422564635273375e+02 2.302286508768563351e+02
1.455764521225982264e+02 2.295401182041650259e+02
1.445761447928297798e+02 2.288508419710164219e+02
1.435506663488148433e+02 2.281710466117510805e+02
1.425139371934588439e+02 2.275100532136419815e+02
1.414858300968914762e+02 2.268766729929712369e+02
1.404813098195884606e+02 2.262772048367760647e+02
1.395065131283699600e+02 2.257058776257547379e+02
1.385538744346861790e+02 2.251544684458923484e+02
1.376193353872368448e+02 2.246108360391518772e+02
1.367013961603779819e+02 2.240697578785550945e+02
1.358040495230752072e+02 2.235254396456789436e+02
1.349327819562959974e+02 2.229746227936704202e+02
1.340991867400003912e+02 2.224231744687494938e+02
1.333137466425190496e+02 2.218749314191651649e+02
1.325762540138454142e+02 2.213260692832093355e+02
1.318809076278278951e+02 2.207727301743958890e+02
1.312144382254781476e+02 2.202074034550091994e+02
1.305629416509002283e+02 2.196176006525716105e+02
1.299170596140698137e+02 2.189938589404007701e+02
1.292709955892794369e+02 2.183275074160221720e+02
1.286291947760384460e+02 2.176137577424256335e+02
1.280091055452782882e+02 2.168450761065104189e+02
1.274376697296689827e+02 2.160122458469299147e+02
1.269429344833444588e+02 2.151104101292217479e+02
1.265515481812702205e+02 2.141419736670257805e+02
1.262968838799558853e+02 2.131186182148425701e+02
1.262124032294712777e+02 2.120693574592976347e+02
1.263238473036070388e+02 2.110323848734473700e+02
1.266423076929708031e+02 2.100446910190986216e+02
1.271609514834971435e+02 2.091443035044509315e+02
1.278619641181408895e+02 2.083623387272116361e+02
1.287139075891786604e+02 2.077125215224031933e+02
1.296786527440345367e+02 2.071889249984430705e+02
1.307137704304899444e+02 2.067795422062592934e+02
1.317836423770067142e+02 2.064694282593472394e+02
1.328593418109133495e+02 2.062445226489036258e+02
1.339189022088402794e+02 2.060938915547334318e+02
1.349557671625760236e+02 2.059985002964515104e+02
1.359719504315532959e+02 2.059338755806556946e+02
1.369760505681942107e+02 2.058783166309027024e+02
1.379777795373838387e+02 2.058088623673383211e+02
1.389801764634943311e+02 2.057084133003779698e+02
1.399833032255102125e+02 2.055740980967092923e+02
1.409871480810753894e+02 2.054064616298193755e+02
1.419916962929944191e+02 2.052061877409289821e+02
1.429968126410352056e+02 2.049795509731679601e+02
1.440024132266024708e+02 2.047304444226082865e+02
1.450085025311826143e+02 2.044586601375337978e+02
1.460151253696390086e+02 2.041621186007821507e+02
1.470221137724162759e+02 2.038486140026403746e+02
1.480290359224508165e+02 2.035381836906879300e+02
1.490352393325677554e+02 2.032611046349926482e+02
1.500401019810813068e+02 2.030462401338591576e+02
