1.274601539517695983e+02 2.088257910659993968e+02
1.281188775827490645e+02 2.082106856356329558e+02
1.289087585747196272e+02 2.076898932374246272e+02
1.298039588490703409e+02 2.072659993730076735e+02
1.307764677244718143e+02 2.069320291556118434e+02
1.317987240800493680e+02 2.066767145019425129e+02
1.328478226221149043e+02 2.064840580757819453e+02
1.339045069195259714e+02 2.063346487419842390e+02
1.349534814185169580e+02 2.062082497078438905e+02
1.359866472282276959e+02 2.060858597404578063e+02
1.370006790168391717e+02 2.059526731114315794e+02
1.379974786359223344e+02 2.057984989165067304e+02
1.389823657255053604e+02 2.056172271430017418e+02
1.399606281552132145e+02 2.054097564409206029e+02
1.409345036364117902e+02 2.051809235398239366e+02
1.419054113694739669e+02 2.049376392208038737e+02
1.428745589319814258e+02 2.046857837700254663e+02
1.438439849031800861e+02 2.044352840274017353e+02
1.448163371830711981e+02 2.041990339137709611e+02
1.457937285798074356e+02 2.039873217259168143e+02
1.467778371897050533e+02 2.038083189359682592e+02
1.477717266967353282e+02 2.036708843382859015e+02
1.487807417169112796e+02 2.035822526908942791e+02
1.498089243746223644e+02 2.035488839250174919e+02
1.508580566605329238e+02 2.035732266254044021e+02
1.519240032795879074e+02 2.036548743491828191e+02
1.529966849010764349e+02 2.037891031100680266e+02
1.540636858053627805e+02 2.039705743521758450e+02
1.551140551942928596e+02 2.041969420052198529e+02
1.561403624779067911e+02 2.044681976520679996e+02
1.571385282215945267e+02 2.047808811896491079e+02
1.581075647779348117e+02 2.051268426940021072e+02
1.590487850735507322e+02 2.054929240749281689e+02
1.599658848218974185e+02 2.058666039304667379e+02
1.608643117737474313e+02 2.062384291367150126e+02
1.617502851353755204e+02 2.066020171510518537e+02
1.626301700834263499e+02 2.069533963513548542e+02
1.635104304343398098e+02 2.072891649208990259e+02
1.643970527772194714e+02 2.076035077095653776e+02
1.652952265682751829e+02 2.078850278177648079e+02
1.662100129242443245e+02 2.081223894112813468e+02
1.671464814974265209e+02 2.083097614687155499e+02
1.681081097213212843e+02 2.084445259430364672e+02
1.690953329709648472e+02 2.085254623029754839e+02
1.701050563002837634e+02 2.085539044018985351e+02
1.711329697322341872e+02 2.085389798319242516e+02
1.721747406435072207e+02 2.084917788619520707e+02
1.732241800619680419e+02 2.084240608662814225e+02
1.742761712254716429e+02 2.083490382335742197e+02
1.753271640009866132e+02 2.082828245114366155e+02
1.763758330941374197e+02 2.082383087788434750e+02
1.774177037463189208e+02 2.082284194729557498e+02
1.784451666655868678e+02 2.082608730370025683e+02
1.794475949086528317e+02 2.083409154506200593e+02
1.804169696089556112e+02 2.084716390210495831e+02
1.813522063539990086e+02 2.086538677352679088e+02
1.822560737519264649e+02 2.088874873175225275e+02
1.831343310710899743e+02 2.091717448282073235e+02
1.839903382328103021e+02 2.095039769335621713e+02
1.848231143933617773e+02 2.098757934291446077e+02
1.856298063201554100e+02 2.102767007679473750e+02
1.864091596425826651e+02 2.106974440935493362e+02
1.871636599111536725e+02 2.111321462657733434e+02
1.879002684867829487e+02 2.115769847809610837e+02
1.886295804563141587e+02 2.120284873252191176e+02
1.893641082254374908e+02 2.124800702909615495e+02
1.901156890061038780e+02 2.129200925070176140e+02
1.908951363094627709e+02 2.133366156580278528e+02
1.917122145244140938e+02 2.137213418911729264e+02
1.925709089904186726e+02 2.140703881279856660e+02
1.934689224552147380e+02 2.143796567247473490e+02
1.943960201615029746e+02 2.146471466234820866e+02
1.953380070531524666e+02 2.148749562308333338e+02
1.962829571464386618e+02 2.150721121278372152e+02
1.972237457533778979e+02 2.152499482221665517e+02
1.981567642893638777e+02 2.154211864888699779e+02
1.990824954338282566e+02 2.155950126054165992e+02
2.000022469077293863e+02 2.157776354295834267e+02
2.009167193791131467e+02 2.159702994533509468e+02
2.018227012828005797e+02 2.161717623264861743e+02
2.027152580777146795e+02 2.163771490374649886e+02
2.035914382109887413e+02 2.165797624236289494e+02
2.044526295248729184e+02 2.167711290895021818e+02
2.053054846206664479e+02 2.169425377044198626e+02
2.061588328819370872e+02 2.170887929251965147e+02
2.070230782288676892e+02 2.172050988362963722e+02
2.079061386672721028e+02 2.172879714123272947e+02
2.088132986908387920e+02 2.173326257997432549e+02
2.097478603194988409e+02 2.173355897770112506e+02
2.107102720038412258e+02 2.172957064841270949e+02
2.116982146809729102e+02 2.172180879293359226e+02
2.127061991787652744e+02 2.171121794089454511e+02
2.137259602164247951e+02 2.169887119508378532e+02
2.147483652450155773e+02 2.168583343638634346e+02
2.157664682385763797e+02 2.167315802558251789e+02
2.167776609254442235e+02 2.166154790079854422e+02
2.177830588454208964e+02 2.165092339297199828e+02
2.187840268531915342e+02 2.164062680159589149e+02
2.197819522990375845e+02 2.162945461614183671e+02
2.207755732729374074e+02 2.161618637266075780e+02
2.217624293581991424e+02 2.159962397386653095e+02
2.227407364459485279e+02 2.157889864984413464e+02
2.237099594443369028e+02 2.155374983818811359e+02
2.246706247952319586e+02 2.152443388920488587e+02
2.256249857181059895e+02 2.149204800571530996e+02
2.265765128669681303e+02 2.145828221899054142e+02
2.275287398596428261e+02 2.142485722046448302e+02
2.284852333045797366e+02 2.139350976632084667e+02
2.294488670070982153e+02 2.136563925299734592e+02
2.304208026797643072e+02 2.134181137519001936e+02
2.314011584048769805e+02 2.132208363294849960e+02
2.323919860197915170e+02 2.130684918807748431e+02
2.333980439534356037e+02 2.129654607320292428e+02
2.344219062659805104e+02 2.129171138734953388e+02
2.354615454019636900e+02 2.129261401383485861e+02
2.365114249838163687e+02 2.129924738956735268e+02
2.375659653017928292e+02 2.131146802405417873e+02
2.386221595237683459e+02 2.132875526011854959e+02
2.396773320863534877e+02 2.135040227100978427e+02
2.407290113655381845e+02 2.137537799953861111e+02
2.417716204670726086e+02 2.140266043989034301e+02
2.427982127432710513e+02 2.143156922432669376e+02
2.438045192130440455e+02 2.146198121140629382e+02
2.447874558607798008e+02 2.149424588407160854e+02
2.457460191730249619e+02 2.152895033054213627e+02
2.466793293131482869e+02 2.156692778281740175e+02
2.475870504036759314e+02 2.160866341546724811e+02
2.484679318770180032e+02 2.165403692596871679e+02
2.493215204641847151e+02 2.170233147877426347e+02
2.501468121999000118e+02 2.175252181138225183e+02
2.509445005954626708e+02 2.180379730216036478e+02
2.517140424026001142e+02 2.185573135878197490e+02
2.524557475433012144e+02 2.190850025008608668e+02
2.531734906961195293e+02 2.196266694029099540e+02
2.538729323902880708e+02 2.201913707412726922e+02
2.545611149082313887e+02 2.207876484896233933e+02
2.552425975494906822e+02 2.214173175897499846e+02
2.559211302634630272e+02 2.220740860720467253e+02
2.565998268340183586e+02 2.227505277537786696e+02
2.572849816670280916e+02 2.234405815359756957e+02
2.579835117754964813e+02 2.241386679194579017e+02
2.586960493975915369e+02 2.248429491542697178e+02
2.594147894389391240e+02 2.255540041659760391e+02
2.601299872381655973e+02 2.262761157630845332e+02
2.608368092533063418e+02 2.270156830839806048e+02
2.615328935004842492e+02 2.277764906340698303e+02
2.622157722295622762e+02 2.285594167875669029e+02
2.628854207243605856e+02 2.293588232581089130e+02
2.635397901097350086e+02 2.301670496068935279e+02
2.641789026886366401e+02 2.309785622289855667e+02
2.648090740991724488e+02 2.317919569515676130e+02
2.654373597544688437e+02 2.326110127411141946e+02
2.660728295226205091e+02 2.334400269280459952e+02
2.667221567745898483e+02 2.342838063430236275e+02
2.673917890885925317e+02 2.351428420136959687e+02
2.680839996549497073e+02 2.360150347478937647e+02
2.688000242001141942e+02 2.368961912441570234e+02
2.695409689371080049e+02 2.377815322767377779e+02
2.703069090737857323e+02 2.386683718084475174e+02
2.710955811055673621e+02 2.395543672844808043e+02
2.719030857757334161e+02 2.404390188708299263e+02
2.727253832395808217e+02 2.413205754353537600e+02
2.735527659133666702e+02 2.421957802031332392e+02
2.743729984318426887e+02 2.430570708799239696e+02
2.751755509039240906e+02 2.438973853183367169e+02
2.759548935830277401e+02 2.447142891312360860e+02
2.767111661241190177e+02 2.455071002830725888e+02
2.774504242652130870e+02 2.462765393167609318e+02
2.781809867569362495e+02 2.470221076202128074e+02
2.789077029388541860e+02 2.477438261166029747e+02
2.796317590606088288e+02 2.484402333009582549e+02
2.803516002700819172e+02 2.491099916083679773e+02
2.810635471683636979e+02 2.497495557216865336e+02
2.817610790620591388e+02 2.503561945292999837e+02
2.824418559022454929e+02 2.509307918275871430e+02
2.831106829394216788e+02 2.514761563984267809e+02
2.837724319054719331e+02 2.519987911661186786e+02
2.844321697353614127e+02 2.525051354880111489e+02
2.850961272697481377e+02 2.530008935592002501e+02
2.857689521099273406e+02 2.534883848725615962e+02
2.864555530157148269e+02 2.539674772688286168e+02
2.871591017074001684e+02 2.544344169825045867e+02
2.878824909033674544e+02 2.548845887622040891e+02
2.886266658151109255e+02 2.553118825649459609e+02
2.893944575467681375e+02 2.557122480824257025e+02
2.901940623438113107e+02 2.560883234680048872e+02
2.910360495609697864e+02 2.564476364478744017e+02
2.919289758261015777e+02 2.567988651496953025e+02
2.928753258097993353e+02 2.571486454014523702e+02
2.938692762630174116e+02 2.574995114264099811e+02
2.948976377057132368e+02 2.578500720120731557e+02
2.959440786465430620e+02 2.581993943714953161e+02
2.969940220366521544e+02 2.585467673199689216e+02
2.980314167949978810e+02 2.588950593690180426e+02
2.990409585018007874e+02 2.592447847026706427e+02
3.000100522774491196e+02 2.595972884333993989e+02
3.009324892165728897e+02 2.599554688053461859e+02
3.018065015838945442e+02 2.603223502458931762e+02
3.026343423228413485e+02 2.606987574052167247e+02
3.034205633775773094e+02 2.610865240903752351e+02
3.041743497046904849e+02 2.614839611031927120e+02
3.049090053056638112e+02 2.618897910672410489e+02
3.056415429386573805e+02 2.623025374731952866e+02
3.063876032776054785e+02 2.627198785443897009e+02
3.071571056374931459e+02 2.631386951260950582e+02
3.079526595039783388e+02 2.635542504588070756e+02
3.087730982932183110e+02 2.639638266560054376e+02
3.096175306767012216e+02 2.643673535857850538e+02
3.104841814352196820e+02 2.647715823622587550e+02
3.113695531036764237e+02 2.651838107247268113e+02
3.122660811617013223e+02 2.656119184489201643e+02
3.131631569562415507e+02 2.660590284349975718e+02
3.140468724597228629e+02 2.665273741103696921e+02
3.149023738188914194e+02 2.670161143160062238e+02
3.157168901255876108e+02 2.675191453044703280e+02
3.164828120684843498e+02 2.680293247792732814e+02
3.172032278316767702e+02 2.685392062931417740e+02
3.178873221220364371e+02 2.690455285614080481e+02
3.185503093379168149e+02 2.695483481768330876e+02
3.192121226456537215e+02 2.700528932095035088e+02
3.198923825416259774e+02 2.705677707001328827e+02
3.206047535163810380e+02 2.711011539469586751e+02
3.213545743959552965e+02 2.716574010682164726e+02
3.221409831427783388e+02 2.722365696506009272e+02
3.229568043802764237e+02 2.728369113703365088e+02
3.237913799300490609e+02 2.734513210060907795e+02
3.246322698180418911e+02 2.740739392355029622e+02
3.254681214191722916e+02 2.747002147408811652e+02
3.262904814759816645e+02 2.753245577323959310e+02
3.270942390605853802e+02 2.759432972951530587e+02
3.278809321939393158e+02 2.765537022053354690e+02
3.286538543203583345e+02 2.771565386075408242e+02
3.294167956758801097e+02 2.777491109462089298e+02
3.301695884131381717e+02 2.783279970291678751e+02
3.309130206158971532e+02 2.788883747497224022e+02
3.316496679740973832e+02 2.794280470638740326e+02
3.323831638014217447e+02 2.799469793785526122e+02
3.331179281699716626e+02 2.804473327175015811e+02
3.338585082310448229e+02 2.809337809078547252e+02
3.346076739176710362e+02 2.814132850426303776e+02
3.353644326671445128e+02 2.818919383462848032e+02
3.361236183360639984e+02 2.823712294837757213e+02
3.368799354436509930e+02 2.828495814695845638e+02
3.376263130748073991e+02 2.833247753454703570e+02
3.383548720730865398e+02 2.837943947046607036e+02
3.390583291001623820e+02 2.842565582224027594e+02
3.397326221546701390e+02 2.847114201741447914e+02
3.403804279773011103e+02 2.851620876151280299e+02
3.410064641353823731e+02 2.856157842153002662e+02
3.416210357644912392e+02 2.860797999925443946e+02
3.422376659525288574e+02 2.865634888234695836e+02
3.428711359864255428e+02 2.870761473116319280e+02
3.435320825583999635e+02 2.876286684301172158e+02
3.442247594468014427e+02 2.882301484251157717e+02
3.449422472224791250e+02 2.888882876362451952e+02
3.456678341949590276e+02 2.896052531256876250e+02
3.463831919492608904e+02 2.903781231540108365e+02
3.470727458891242350e+02 2.912010655212589540e+02
3.477287528784544293e+02 2.920665050014670783e+02
3.483487739577541333e+02 2.929663232658926972e+02
3.489347902514879820e+02 2.938898802824468817e+02
3.494893354104518721e+02 2.948274617963643323e+02
3.500164430965429005e+02 2.957696386347915904e+02
3.505208304947154829e+02 2.967101907264986949e+02
3.510048850413712103e+02 2.976458203978468191e+02
3.514669016362187790e+02 2.985781569572772014e+02
3.519042817653360089e+02 2.995104495471991868e+02
3.523155730010719822e+02 3.004468553222789069e+02
3.527041208611320258e+02 3.013879316847802556e+02
3.530730648286344717e+02 3.023330339093743078e+02
3.534251075038674230e+02 3.032816069891398456e+02
3.537569605109094368e+02 3.042343262260827714e+02
3.540636202679294229e+02 3.051922191574824410e+02
3.543394455008937030e+02 3.061564442773072869e+02
3.545747718914104212e+02 3.071289862532935331e+02
3.547571345650083003e+02 3.081124048763337555e+02
3.548709448370241262e+02 3.091099014440515020e+02
3.549061034653519187e+02 3.101235499402661162e+02
3.548587294415314659e+02 3.111541473702046687e+02
3.547339115689324558e+02 3.122006486954637126e+02
3.545440383165089315e+02 3.132605098158139754e+02
3.543036231417576118e+02 3.143319946815770436e+02
3.540239057489355332e+02 3.154166539868617747e+02
3.537099722559653401e+02 3.165161587554488278e+02
3.533630346860275040e+02 3.176315392343037161e+02
3.529800752749471826e+02 3.187606077636299915e+02
3.525580873935172121e+02 3.198987304373204097e+02
3.520941038032144661e+02 3.210379157898306062e+02
3.515865498889384071e+02 3.221692932412874484e+02
3.510369267917751586e+02 3.232823213291530351e+02
3.504506966663715843e+02 3.243672591491770163e+02
3.498340891181608754e+02 3.254149064673325142e+02
3.491892327056888234e+02 3.264208988802794806e+02
3.485150887211433997e+02 3.273853384227232368e+02
3.478094157394157833e+02 3.283101707584278302e+02
3.470702196544546041e+02 3.291966966160563288e+02
3.462961817776861722e+02 3.300443854200290161e+02
3.454850120975480650e+02 3.308516503975065461e+02
3.446368145089984409e+02 3.316158159540057113e+02
3.437546115978817056e+02 3.323342165702874809e+02
3.428470880870946758e+02 3.330042234694114995e+02
3.419252718772266917e+02 3.336244172372047387e+02
3.409983064917406068e+02 3.341949649565303275e+02
3.400706028181095917e+02 3.347176150646042743e+02
3.391413388123995105e+02 3.351945934270491989e+02
3.382080667629997492e+02 3.356272040886771038e+02
3.372669083262600225e+02 3.360153522891077387e+02
3.363166219467671567e+02 3.363590520695765917e+02
3.353579897437344925e+02 3.366621119512581686e+02
3.343923212840548445e+02 3.369309088561806220e+02
3.334214288393312131e+02 3.371742676216022119e+02
3.324462124099135281e+02 3.373965707896359163e+02
3.314671392959387504e+02 3.376000938733186558e+02
3.304845502664262540e+02 3.377864962437589043e+02
3.294986128896129003e+02 3.379565938727000685e+02
3.285093951583726835e+02 3.381107178507174353e+02
3.275167486148918670e+02 3.382481452640696489e+02
3.265181018194675744e+02 3.383624142966145882e+02
3.255080302946341249e+02 3.384459013058353207e+02
3.244817868419684146e+02 3.384887130100150330e+02
3.234368558317189581e+02 3.384848283766878012e+02
3.223762504753574376e+02 3.384291898746747052e+02
3.213086950740112115e+02 3.383199231881435480e+02
3.202457522177934948e+02 3.381582125678597777e+02
3.191969993881064624e+02 3.379457765149109605e+02
3.181669580314576820e+02 3.376872481960845107e+02
3.171573705101388327e+02 3.373879305161169100e+02
3.161677383644685619e+02 3.370549606449617954e+02
3.151982003270925361e+02 3.366949049041352851e+02
3.142493836199249699e+02 3.363157687688056967e+02
3.133254211653294874e+02 3.359256871450409676e+02
3.124318861548047721e+02 3.355309995086491881e+02
3.115711033055546295e+02 3.351337101866798207e+02
3.107422873844324158e+02 3.347299010436192361e+02
3.099413310211643875e+02 3.343158665795773459e+02
3.091645758429994544e+02 3.338911167029159515e+02
3.084082287948185694e+02 3.334574185576200875e+02
3.076653081399264806e+02 3.330137231628898462e+02
3.069285838013129251e+02 3.325545907375327488e+02
3.061914257374760950e+02 3.320728504086807789e+02
3.054526693719842001e+02 3.315644220387463292e+02
3.047158628154203370e+02 3.310295968343398272e+02
3.039830257844932930e+02 3.304706387851732075e+02
3.032545924552475753e+02 3.298917698571584651e+02
3.025301320641015081e+02 3.292949538478252407e+02
3.018056377416982627e+02 3.286793210089590502e+02
3.010765687691873609e+02 3.280443797123244849e+02
3.003397787750256498e+02 3.273890559341269295e+02
2.995968288076783779e+02 3.267131863106960168e+02
2.988548350442152923e+02 3.260165059195682034e+02
2.981208586836190761e+02 3.253014797019049524e+02
2.973997397214566831e+02 3.245699323329950516e+02
2.966905148840418747e+02 3.238217614956598140e+02
2.959904352565962995e+02 3.230561831404481268e+02
2.952968054520572423e+02 3.222701634604145511e+02
2.946027952845804521e+02 3.214623773437402292e+02
2.939019062573772203e+02 3.206326525217744461e+02
2.931913969730410372e+02 3.197845216758302058e+02
2.924719889611403119e+02 3.189227858037290275e+02
2.917454694467729155e+02 3.180512910053719224e+02
2.910107611386415556e+02 3.171714825352213438e+02
2.902685276988271426e+02 3.162813028285411292e+02
2.895199761642963381e+02 3.153843179732104431e+02
2.887714216910918594e+02 3.144873337213667810e+02
2.880293459601017503e+02 3.135971216275484039e+02
2.872941364457425379e+02 3.127186605242064843e+02
2.865651376023207035e+02 3.118540226431917972e+02
2.858439482165654795e+02 3.110055747504400188e+02
2.851342909721546448e+02 3.101741847233814724e+02
2.844391145378203305e+02 3.093586763568007427e+02
2.837562782138113562e+02 3.085571708727503619e+02
2.830836556929254471e+02 3.077666615403341552e+02
2.824178156328747491e+02 3.069839012385036767e+02
2.817528886242280919e+02 3.062061537372012481e+02
2.810865525177422910e+02 3.054303136855783123e+02
2.804175623028631890e+02 3.046534006056999715e+02
2.797486787563698272e+02 3.038712653152881558e+02
2.790812762996142737e+02 3.030796839887136116e+02
2.784160201015100142e+02 3.022745682439837651e+02
2.777548323677185635e+02 3.014520799462137006e+02
2.771006866703642117e+02 3.006092900488313262e+02
2.764553620860281171e+02 2.997452625344658941e+02
2.758158703471109447e+02 2.988622434438015603e+02
2.751760936105105202e+02 2.979654286714461477e+02
2.745348809309654143e+02 2.970608510683016448e+02
2.738948207753299471e+02 2.961545085420319765e+02
2.732594983250386349e+02 2.952511877381307386e+02
2.726304553509483526e+02 2.943531517731712484e+02
2.720060874113917180e+02 2.934592590640703520e+02
2.713873649915252599e+02 2.925654514280374769e+02
2.707758041195771739e+02 2.916701730940702646e+02
2.701755747735925297e+02 2.907725677140486482e+02
2.695871990579401540e+02 2.898725280684404311e+02
2.690090509064807520e+02 2.889703880867451744e+02
2.684405288706543615e+02 2.880662712826452889e+02
2.678803317701248261e+02 2.871592004280543620e+02
2.673259458025442541e+02 2.862458328746577081e+02
2.667759330510908740e+02 2.853249928417727119e+02
2.662265208575065571e+02 2.843987903800307322e+02
2.656702604061313195e+02 2.834704191967231850e+02
2.650932461144158196e+02 2.825465489124511578e+02
2.644827512911749636e+02 2.816343104288043833e+02
2.638300737657642117e+02 2.807422377476618749e+02
2.631307984206670199e+02 2.798781212766070894e+02
2.623864834373982831e+02 2.790509156189459645e+02
2.616052514655906407e+02 2.782696861179121015e+02
2.608001820727516815e+02 2.775412540990964203e+02
2.599812617438193456e+02 2.768682708556895591e+02
2.591560750737736498e+02 2.762464888236848992e+02
2.583268996726316686e+02 2.756690680099821975e+02
2.574955937074208236e+02 2.751264747330105820e+02
2.566659932662976189e+02 2.746091876807985273e+02
2.558454334363794658e+02 2.741071609507994253e+02
2.550400016182610727e+02 2.736131713296700241e+02
2.542559587798203324e+02 2.731205673770978137e+02
2.534954779467546757e+02 2.726256983329813011e+02
2.527602940116689751e+02 2.721251412296535364e+02
2.520509666661759809e+02 2.716177092165346494e+02
2.513664968988822181e+02 2.711028724254941835e+02
2.507063325157958502e+02 2.705825501719818362e+02
2.500677811815253335e+02 2.700591768159009689e+02
2.494476145629353141e+02 2.695366331069429862e+02
2.488399328474046115e+02 2.690229612650149988e+02
2.482362641175620013e+02 2.685253259821589609e+02
2.476304627248575230e+02 2.680483602392619105e+02
2.470179917815606530e+02 2.675973824058786477e+02
2.463929673709215251e+02 2.671761325595057315e+02
2.457468488211668500e+02 2.667855448578715141e+02
2.450696370161817299e+02 2.664280565695125915e+02
2.443536233477789779e+02 2.661069882553480852e+02
2.435923074159802582e+02 2.658261402376170963e+02
2.427829532281574814e+02 2.655889522095238817e+02
2.419253528986906190e+02 2.653980904950489617e+02
2.410231087417159586e+02 2.652523753273240459e+02
2.400807005123074589e+02 2.651482284002586880e+02
2.391024960149597689e+02 2.650817350521948583e+02
2.380950230418917215e+02 2.650461114616617806e+02
2.370658262068261308e+02 2.650361249699878385e+02
2.360235230555940689e+02 2.650439082263577575e+02
2.349760173818188491e+02 2.650631788603304813e+02
2.339302789474737096e+02 2.650859944587313066e+02
2.328894112155138885e+02 2.651018959157339623e+02
2.318537093103555264e+02 2.650986497862971873e+02
2.308195013210644504e+02 2.650646045390583367e+02
2.297822212964941571e+02 2.649907494739821914e+02
2.287370108300293623e+02 2.648722174245252745e+02
2.276825110886074981e+02 2.647084513496585600e+02
2.266194007939944868e+02 2.645027562777880803e+02
2.255488947656165237e+02 2.642610477591640006e+02
2.244726067278381834e+02 2.639911838073822423e+02
2.233926028191471573e+02 2.637032254617902254e+02
2.223096287483715514e+02 2.634008039435797741e+02
2.212236527318602270e+02 2.630837644826002588e+02
2.201348544075909217e+02 2.627529818240699910e+02
2.190436222200597740e+02 2.624103474943232186e+02
2.179511641491731666e+02 2.620617437386410984e+02
2.168592488143044648e+02 2.617157828302142093e+02
2.157704573295550290e+02 2.613850334766530636e+02
2.146867985021430627e+02 2.610792775432991562e+02
2.136089283224889925e+02 2.608017093685140821e+02
2.125361461421309173e+02 2.605489171520790705e+02
2.114669963503106089e+02 2.603138128129194229e+02
2.103994771804922266e+02 2.600866487702207905e+02
2.093317735447996597e+02 2.598585864729138279e+02
2.082605789563063468e+02 2.596195848002342359e+02
2.071809006319478215e+02 2.593641222409512466e+02
2.060892468275218050e+02 2.590884189342969535e+02
2.049845410287222194e+02 2.587934616051310854e+02
2.038708607970099820e+02 2.584793755632041439e+02
2.027573599151277222e+02 2.581463778488330263e+02
2.016558019343753188e+02 2.577966312911405566e+02
2.005753535626382984e+02 2.574298541339513235e+02
1.995199198849865070e+02 2.570476781786004494e+02
1.984903645865705357e+02 2.566511276208506729e+02
1.974855386486721898e+02 2.562441717403577854e+02
1.965049618273889678e+02 2.558303627589326936e+02
1.955488729001388606e+02 2.554158146254093538e+02
1.946192258173255709e+02 2.550041115472064064e+02
1.937183372010129574e+02 2.545984661805789528e+02
1.928489370759512553e+02 2.541972888510752568e+02
1.920124685590679405e+02 2.538005179995059564e+02
1.912112989866778321e+02 2.534100175085852982e+02
1.904456754347918093e+02 2.530257427639111256e+02
1.897108463245334633e+02 2.526467768608090978e+02
1.889996621803669541e+02 2.522698123943203541e+02
1.883037797255815065e+02 2.518918034528033729e+02
1.876181268233512469e+02 2.515069763326790735e+02
1.869405109175112898e+02 2.511074183417719041e+02
1.862694833542176411e+02 2.506872782840468972e+02
1.856057567767903151e+02 2.502398803347237219e+02
1.849497092781773517e+02 2.497569543773144574e+02
1.842969413638477079e+02 2.492328703339447316e+02
1.836397223863639283e+02 2.486626689421495371e+02
1.829685663943376994e+02 2.480426017928984948e+02
1.822752372640407259e+02 2.473655613921935981e+02
1.815531159181510361e+02 2.466261254053526386e+02
1.808007288405220834e+02 2.458221841214556775e+02
1.800199874589446267e+02 2.449575571132275229e+02
1.792132917268202448e+02 2.440436426038486104e+02
1.783826053590209995e+02 2.431023759727071081e+02
1.775293260388862109e+02 2.421657418919176337e+02
1.766571684665875068e+02 2.412721758042464160e+02
1.757703890650385290e+02 2.404631686387500906e+02
1.748737150446697797e+02 2.397760413773495998e+02
1.739708305369750576e+02 2.392431401334920906e+02
1.730637675690511514e+02 2.388853459927547078e+02
1.721492211055458483e+02 2.387096211250808437e+02
1.712237022311847454e+02 2.387049267124084508e+02
1.702845457299482064e+02 2.388502064613180096e+02
1.693342357893800170e+02 2.391144078689112291e+02
1.683763375164484728e+02 2.394617003173689511e+02
1.674153982870357709e+02 2.398531123888494960e+02
1.664580626682854358e+02 2.402497289399576630e+02
1.655121780027621980e+02 2.406126307916723590e+02
1.645862738458538956e+02 2.409066532795435478e+02
1.636870299841714314e+02 2.411011308134116575e+02
1.628168997877161246e+02 2.411747185341852173e+02
1.619787395075995846e+02 2.411154900718134400e+02
1.611726480755686453e+02 2.409251003551496524e+02
1.603979907713519424e+02 2.406173603918028334e+02
1.596566278530124237e+02 2.402171567002104950e+02
1.589514352114895246e+02 2.397540480012736737e+02
1.582829769774401143e+02 2.392597430052878167e+02
1.576516326400363539e+02 2.387648276128931286e+02
1.570553600654413344e+02 2.382923558978595224e+02
1.564856812938571125e+02 2.378526993207719897e+02
1.559307127162367692e+02 2.374434981791032158e+02
1.553767862200573404e+02 2.370562185309116217e+02
1.548137800449076735e+02 2.366767531113957830e+02
1.542360934700877237e+02 2.362913208611029745e+02
1.536401236262863677e+02 2.358883479484408099e+02
1.530265693703113925e+02 2.354602711823392553e+02
1.523981900065288642e+02 2.350047884343451585e+02
1.517538140571679151e+02 2.345204405331757584e+02
1.510894822344917543e+02 2.340016580885038593e+02
1.504012218935316980e+02 2.334422200762213606e+02
1.496867152382658048e+02 2.328382668504118840e+02
1.489458657387755238e+02 2.321899050083306122e+02
1.481825703725197911e+02 2.315016101147112124e+02
1.474062982111531142e+02 2.307828794939664476e+02
1.466275132490548856e+02 2.300480502650059975e+02
1.458542219987075157e+02 2.293096090720094082e+02
1.450875397369141524e+02 2.285808013271127095e+02
1.443258747186637549e+02 2.278710263716129987e+02
1.435650489038617650e+02 2.271902779631103897e+02
1.428037390024761351e+02 2.265462352760715419e+02
1.420417416334789493e+02 2.259445344372833802e+02
1.412781022955656738e+02 2.253851009332595368e+02
1.405110436767037072e+02 2.248624716140900830e+02
1.397395777654285212e+02 2.243695685426923205e+02
1.389659942925096345e+02 2.239019819669186404e+02
1.381952956027806465e+02 2.234545970453086170e+02
1.374274700925837180e+02 2.230196371414199348e+02
1.366580983855152169e+02 2.225850968519190189e+02
1.358809762467799089e+02 2.221368412886702970e+02
1.350903675775373358e+02 2.216646208148463586e+02
1.342858090404077700e+02 2.211607209361363573e+02
1.334696278416273287e+02 2.206202780848030329e+02
1.326440484926860393e+02 2.200417563762054556e+02
1.318147077033128767e+02 2.194243678081659255e+02
1.309889851847646867e+02 2.187643336147793889e+02
1.301760463498050342e+02 2.180554451422567581e+02
1.293898522694780127e+02 2.172921729147364829e+02
1.286478124643403191e+02 2.164750619331212533e+02
1.279712028326362656e+02 2.156100078062769967e+02
1.273838157708441940e+02 2.147097814642722255e+02
1.269127628152363059e+02 2.137906251112973450e+02
1.265839573288070312e+02 2.128721927226072808e+02
1.264171116100407914e+02 2.119727697180346695e+02
1.264226647020726091e+02 2.111071036253529201e+02
1.266020072237054421e+02 2.102879810901090138e+02
1.269507663543746787e+02 2.095235227621729450e+02
1.274601539517695983e+02 2.088257910659993968e+02
