1.500639719489944923e+02 2.029493904186153657e+02
1.510671368467354796e+02 2.028133056258230340e+02
1.520684945420182430e+02 2.027610793621334153e+02
1.530680367397839632e+02 2.027930965381751207e+02
1.540660200697624873e+02 2.028974489188908024e+02
1.550631679688137012e+02 2.030405672986283605e+02
1.560600742338778559e+02 2.031948980749882310e+02
1.570567967364564197e+02 2.033577558714811460e+02
1.580533395486692143e+02 2.035289517319803281e+02
1.590496207972080356e+02 2.037122847743782472e+02
1.600454835869597900e+02 2.039150353082785614e+02
1.610405645297099113e+02 2.041540654185168933e+02
1.620346162387941149e+02 2.044408544397359151e+02
1.630275277327886556e+02 2.047805521762157070e+02
1.640192397397275954e+02 2.051759089893569410e+02
1.650097562455482034e+02 2.056267399221043206e+02
1.659993647332902356e+02 2.061197050718157016e+02
1.669888369450653727e+02 2.066189937532824388e+02
1.679790792399405177e+02 2.070825487316662361e+02
1.689707504394989996e+02 2.074797991051465260e+02
1.699641670487136480e+02 2.077960582837651202e+02
1.709590914195347295e+02 2.080423537070889779e+02
1.719551105226682353e+02 2.082378509251181526e+02
1.729517871761942160e+02 2.084028362276308712e+02
1.739487777492201417e+02 2.085532549123292938e+02
1.749460601359528482e+02 2.086901327410444367e+02
1.759437977382788461e+02 2.088058874742770570e+02
1.769419206837933416e+02 2.089037613592180946e+02
1.779402013862453202e+02 2.089943149438408909e+02
1.789383862753811059e+02 2.090893144961658550e+02
1.799362552843667231e+02 2.091989716451809613e+02
1.809335448242410394e+02 2.093355175509644255e+02
1.819298708445520845e+02 2.095167730757358981e+02
1.829249061321600891e+02 2.097579216940832225e+02
1.839183030271439634e+02 2.100750956602996098e+02
1.849099001313585404e+02 2.104757842354726449e+02
1.858997713462372872e+02 2.109565582158204506e+02
1.868883967294588615e+02 2.114951417735104258e+02
1.878761627876745592e+02 2.120736000727862063e+02
1.888634042749866921e+02 2.126763997203066197e+02
1.898505574253084660e+02 2.132832984160795320e+02
1.908381713284446164e+02 2.138688170760282219e+02
1.918268075060155127e+02 2.144068997500170894e+02
1.928165893928059518e+02 2.148918187679392418e+02
1.938073535438381327e+02 2.153311583688295627e+02
1.947990110834815312e+02 2.157290425951372015e+02
1.957915194160702583e+02 2.160874479879341834e+02
1.967847064568379665e+02 2.164143596931698426e+02
1.977783726288232060e+02 2.167190385605912581e+02
1.987725703740344159e+02 2.169990511552114185e+02
1.997671439823668891e+02 2.172616227994012092e+02
2.007617258426670048e+02 2.175238115324981436e+02
2.017557653353917999e+02 2.178111674220974407e+02
2.027490861312903121e+02 2.181318725684181459e+02
2.037418268548005358e+02 2.184794944650074910e+02
2.047347095638635892e+02 2.188205278913569032e+02
2.057287202501112802e+02 2.191092204705936410e+02
2.067247859563936174e+02 2.193025551907276167e+02
2.077232780643454646e+02 2.193832990530447660e+02
2.087240085669965879e+02 2.193601760319477307e+02
2.097265192970054102e+02 2.192544461911168128e+02
2.107303373713805854e+02 2.190880524356849151e+02
2.117350843846191708e+02 2.188785536886907153e+02
2.127401478597393805e+02 2.186543703512739683e+02
2.137448278445933170e+02 2.184479818821123445e+02
2.147486862954367552e+02 2.182797145616987109e+02
2.157512993670807759e+02 2.181692358235020777e+02
2.167526714548293114e+02 2.181163417148776489e+02
2.177533197394425599e+02 2.180970338079590363e+02
2.187540463207931225e+02 2.180740927446137221e+02
2.197556796059402586e+02 2.180090784501442727e+02
2.207588180025841211e+02 2.178742233718276395e+02
2.217636312685654900e+02 2.176616503386440797e+02
2.227699724843874378e+02 2.173781767676749439e+02
2.237773508195676015e+02 2.170465783706859781e+02
2.247851296444982836e+02 2.166963962885953094e+02
2.257925748356982183e+02 2.163616956119167583e+02
2.267991756545438307e+02 2.160661758379246749e+02
2.278047348509992958e+02 2.158189898414364620e+02
2.288092990066677999e+02 2.156179761243248834e+02
2.298130446231652400e+02 2.154549445882279031e+02
2.308162264342080618e+02 2.153180749776604159e+02
2.318191099894074796e+02 2.151950451536682749e+02
2.328219255035787398e+02 2.150751725965983780e+02
2.338248236882456013e+02 2.149514639302249179e+02
2.348277572077086006e+02 2.148261156445504412e+02
2.358304201358881755e+02 2.147133234435108307e+02
2.368324971743654999e+02 2.146277179300637954e+02
2.378336251934732957e+02 2.145861491918306285e+02
2.388333930599310122e+02 2.146076947992390842e+02
2.398318007737386210e+02 2.146923547522891340e+02
2.408292594681767298e+02 2.148210514805530522e+02
2.418261322729125880e+02 2.149769348964095457e+02
2.428226570083607498e+02 2.151489695621486931e+02
2.438189718249559235e+02 2.153307449662106592e+02
2.448152021396788598e+02 2.155164414598449412e+02
2.458115717682992738e+02 2.156956734544547203e+02
2.468083538013911209e+02 2.158557688923325770e+02
2.478091056907192353e+02 2.159985088343816813e+02
2.488212971838858891e+02 2.161388376899499235e+02
2.498443004445464055e+02 2.163044033499247973e+02
2.508715378619826879e+02 2.165221293455427656e+02
2.518869927110889648e+02 2.168109989933972201e+02
2.528740568375888245e+02 2.171689839898790524e+02
2.538144240522914572e+02 2.175802082316467363e+02
2.546956065540447582e+02 2.180306504066223852e+02
2.555072982614906607e+02 2.185160724802331345e+02
2.562466276388073538e+02 2.190325696770662205e+02
2.569125019284629161e+02 2.195777518981747107e+02
2.575104459364799823e+02 2.201385991564844176e+02
2.580454958542893564e+02 2.206908363247275133e+02
2.585290387529846612e+02 2.212110513095350939e+02
2.589852527727181268e+02 2.216994981025827940e+02
2.594349446596575604e+02 2.221795264181068319e+02
2.598961358046723831e+02 2.226842192175848822e+02
2.603852933632097688e+02 2.232453076617500756e+02
2.609041255887456146e+02 2.238815028994464456e+02
2.614430776275070230e+02 2.245934842232323092e+02
2.619951292163725043e+02 2.253725553585775288e+02
2.625634858510633194e+02 2.262020655046251534e+02
2.631540874131148939e+02 2.270685315098389765e+02
2.637773719251927673e+02 2.279587442014654641e+02
2.644395119697064729e+02 2.288674983632366207e+02
2.651504492914444313e+02 2.297924066418977986e+02
2.659185555467413451e+02 2.307267988614982244e+02
2.667438708547651913e+02 2.316583240193477025e+02
2.676181919630344055e+02 2.325733992183427858e+02
2.685268733068952542e+02 2.334642811134070541e+02
2.694508663985425301e+02 2.343295339600160503e+02
2.703676257734248338e+02 2.351677296709347900e+02
2.712512782291098574e+02 2.359717761459868939e+02
2.720772907224212531e+02 2.367351452904658515e+02
2.728351788340535222e+02 2.374458154205532878e+02
2.735102385958849140e+02 2.380931372582701613e+02
2.740965002759202775e+02 2.386677049987116845e+02
2.746097298422735093e+02 2.391771160928605013e+02
2.750774930292777185e+02 2.396539370209789013e+02
2.755389206450673214e+02 2.401275136922663478e+02
2.760290565051736280e+02 2.406215316452223760e+02
2.765736626685315400e+02 2.411458732330804651e+02
2.771782064042167235e+02 2.417003992191521888e+02
2.778344284448571102e+02 2.422735689735380049e+02
2.785177258342482673e+02 2.428565753661721658e+02
2.792029769085108342e+02 2.434401279789295529e+02
2.798770454584672507e+02 2.440156477927262983e+02
2.805360931424110618e+02 2.445867759533910544e+02
2.811895642683972483e+02 2.451545281800598275e+02
2.818405638925139556e+02 2.457239015330374059e+02
2.824932555495334441e+02 2.462924561518359212e+02
2.831442551736501514e+02 2.468618295048134996e+02
2.837977262996363379e+02 2.474295817314822727e+02
2.844531798181002387e+02 2.480006324356884022e+02
2.851123493018757244e+02 2.485722353308062509e+02
2.857715187856512671e+02 2.491438382259241280e+02
2.864269723041151110e+02 2.497148889301302574e+02
2.870804434301012975e+02 2.502826411567990306e+02
2.877314430542180048e+02 2.508520145097766090e+02
2.883841347112375502e+02 2.514205691285751243e+02
2.890351343353542006e+02 2.519899424815527027e+02
2.896886829177990421e+02 2.525541005427415655e+02
2.903480533764874281e+02 2.531102511809989153e+02
2.910226892653781192e+02 2.536594451073360972e+02
2.917086231199394888e+02 2.542113150764054694e+02
2.923923825117902879e+02 2.547728834466790886e+02
2.930520812512590396e+02 2.553515813919314610e+02
2.936740205863055166e+02 2.559610809379649368e+02
2.942572511053984954e+02 2.566105807644533456e+02
2.948009941988564719e+02 2.573101724383694773e+02
2.953094784608195482e+02 2.580662325475624357e+02
2.957858177423767074e+02 2.588872951628894157e+02
2.962344071772475900e+02 2.597764647008152679e+02
2.966485377728955086e+02 2.607310229810398710e+02
2.970171300742903213e+02 2.617337452915413110e+02
2.973325581161018363e+02 2.627622231244983482e+02
2.975827184831467775e+02 2.637995437784737192e+02
2.977553083077153246e+02 2.648298344961104931e+02
2.978378417063306642e+02 2.658468288068069114e+02
2.978336595928939232e+02 2.668505667018658301e+02
2.977601240568939716e+02 2.678492141536470399e+02
2.976396264249028718e+02 2.688468495436115404e+02
2.974946584746123222e+02 2.698439575832890682e+02
2.973428351160615648e+02 2.708409178847365979e+02
2.971827276809692648e+02 2.718376996592811565e+02
2.969979269793433332e+02 2.728339492788683174e+02
2.967615092625400735e+02 2.738290865202905593e+02
2.964525969036391757e+02 2.748262572926657299e+02
2.960576771608775175e+02 2.758329621969057825e+02
2.955666800619955552e+02 2.768489522115356749e+02
2.949715456958613231e+02 2.778680562483576750e+02
2.942671115368671053e+02 2.788745554287429513e+02
2.934520172009899284e+02 2.798553644048432147e+02
2.925343881863552724e+02 2.807962059312235397e+02
2.915380760914437133e+02 2.816769802392304314e+02
2.904995295253323775e+02 2.824857058549835074e+02
2.894470807922281779e+02 2.832182182484592090e+02
2.883974507874518736e+02 2.838726602503923004e+02
2.873585139683813736e+02 2.844464499213952990e+02
2.863327051773292737e+02 2.849379963523213632e+02
2.853200386317410562e+02 2.853481250411197720e+02
2.843126152016046149e+02 2.856818159522532596e+02
2.833066692614961539e+02 2.859469477819443455e+02
2.823020002002651836e+02 2.861528293687977111e+02
2.812983540382915066e+02 2.863112459764231517e+02
2.802954861467486580e+02 2.864335489691763428e+02
2.792933750446660497e+02 2.865207351156202549e+02
2.782920465652268831e+02 2.865716056940829048e+02
2.772915838313846848e+02 2.865823036001356741e+02
2.762920733272074472e+02 2.865488157655623240e+02
2.752935963011807985e+02 2.864673720657386866e+02
2.742964290326285095e+02 2.863251524773130541e+02
2.733007044364026683e+02 2.861159894323173489e+02
2.723066150655967022e+02 2.858309480053288780e+02
2.713143758376444907e+02 2.854600555118798297e+02
2.703239943150542786e+02 2.850029610334491394e+02
2.693351696134186000e+02 2.844736263282917434e+02
2.683475253956127631e+02 2.838895143417311715e+02
2.673605489623629978e+02 2.832744155499175349e+02
2.663737933069523365e+02 2.826490721367763967e+02
2.653868339162779648e+02 2.820331825285804257e+02
2.643994305999086123e+02 2.814378921375050027e+02
2.634114818349420943e+02 2.808679118697367585e+02
2.624230785438417115e+02 2.803190227048793304e+02
2.614342919563854934e+02 2.797879194103661575e+02
2.604451937979005152e+02 2.792712737589699259e+02
2.594559418037787282e+02 2.787617664501401009e+02
2.584631196028923910e+02 2.782510699429842020e+02
2.574590582369532967e+02 2.777334836818474741e+02
2.564437486110598456e+02 2.772109149135106350e+02
2.554230585805308635e+02 2.766893744597941804e+02
2.544162329847520994e+02 2.761669885274818625e+02
2.534475743987321437e+02 2.756501652178490644e+02
2.525356524138317411e+02 2.751412121596990232e+02
2.516874531434820028e+02 2.746311487883987752e+02
2.508981114321970267e+02 2.741038245321287832e+02
2.501540975038174111e+02 2.735516571235449987e+02
2.494378569587772745e+02 2.729769358738720371e+02
2.487310215581059367e+02 2.723951616265099460e+02
2.480146579876474959e+02 2.718261490513544345e+02
2.472702379030226325e+02 2.712928282668212319e+02
2.464798778601490881e+02 2.708127570389915491e+02
2.456295787549013312e+02 2.704001310439562644e+02
2.447139778144447178e+02 2.700618903485395776e+02
2.437397288112160822e+02 2.698044758074487390e+02
2.427253770977679039e+02 2.696313197883365547e+02
2.416952819140561814e+02 2.695462010029898465e+02
2.406690355223861104e+02 2.695311244013456644e+02
2.396533536839104954e+02 2.695527559406078240e+02
2.386491696439590555e+02 2.695692760203818352e+02
2.376493893672314641e+02 2.695483062792645228e+02
2.366507819040975562e+02 2.694729151741043438e+02
2.356531744156946786e+02 2.693511228427262267e+02
2.346560663975627676e+02 2.692061538926678281e+02
2.336590007165494001e+02 2.690592203987518474e+02
2.326618562001585246e+02 2.689159450554592468e+02
2.316647532452443556e+02 2.687707411599522516e+02
2.306677505851326373e+02 2.686208833450269253e+02
2.296706980684854216e+02 2.684733389929445480e+02
2.286735615239692834e+02 2.683296937355413547e+02
2.276763942554169944e+02 2.681874741471157222e+02
2.266792516996763993e+02 2.680441078249473321e+02
2.256824590661457250e+02 2.678845042728597150e+02
2.246865151571820718e+02 2.676855178649765890e+02
2.236917152337893810e+02 2.674334477824560850e+02
2.226978219926476470e+02 2.671393054685792663e+02
2.217043101733938784e+02 2.668274642641625860e+02
2.207107712497659975e+02 2.665168807677218865e+02
2.197171813276853527e+02 2.662086637218210967e+02
2.187237212825261850e+02 2.658944200752212623e+02
2.177305330136588566e+02 2.655675653567540166e+02
2.167375761446151046e+02 2.652299731314009819e+02
2.157448310904377990e+02 2.648825521881527152e+02
2.147522317492033608e+02 2.645283698148237477e+02
2.137595429290613822e+02 2.641783394774440126e+02
2.127666127550252213e+02 2.638395085397044113e+02
2.117735488043126395e+02 2.635068851606476983e+02
2.107804840348669870e+02 2.631742997727698707e+02
2.097872894100454744e+02 2.628477399858231820e+02
2.087937393042473389e+02 2.625376753689051839e+02
2.077996664804678630e+02 2.622518661201953023e+02
2.068049188267187333e+02 2.619973706008307204e+02
2.058097790644604004e+02 2.617610698568678345e+02
2.048146311795080692e+02 2.615251460253905975e+02
2.038198231765126138e+02 2.612734508558200446e+02
2.028256684363337854e+02 2.609914427245383877e+02
2.018323862932549559e+02 2.606689439946652556e+02
2.008400972734040693e+02 2.603003619647556661e+02
1.998489287759576314e+02 2.598797850074151370e+02
1.988590247471188093e+02 2.594005336735279457e+02
1.978702279685902852e+02 2.588699032692156266e+02
1.968822237021390720e+02 2.583024984034714748e+02
1.958946798868637984e+02 2.577137274986531565e+02
1.949073562030594076e+02 2.571147419655432600e+02
1.939164805616200340e+02 2.565137204307243337e+02
1.929139853243378298e+02 2.559234620431426492e+02
1.919035246370085304e+02 2.553427462502577328e+02
1.908989171944210170e+02 2.547702044665477388e+02
1.899157563618206837e+02 2.542050594801216334e+02
1.889612084780007422e+02 2.536421745016803300e+02
1.880307613629783248e+02 2.530705557615427495e+02
1.871208134319033149e+02 2.524797022237329998e+02
1.862292118517426900e+02 2.518648023872449073e+02
1.853615926527908755e+02 2.512322741735894169e+02
1.845250364443598414e+02 2.505968785653141424e+02
1.837298344310469815e+02 2.499659109861856905e+02
1.829792845748905847e+02 2.493504550656815582e+02
1.822739054991917556e+02 2.487526224680438247e+02
1.816083355470944127e+02 2.481753563563257217e+02
1.809799573773811971e+02 2.476141422903679654e+02
1.803865951877799887e+02 2.470676480819433323e+02
1.798344791002766669e+02 2.465317580074168404e+02
1.793317211886230211e+02 2.460147247620721487e+02
1.788756209210266945e+02 2.455209531838220585e+02
1.784452849639880014e+02 2.450312506578559635e+02
1.780044839722301617e+02 2.445228253101653308e+02
1.775251036208081814e+02 2.439763599163666754e+02
1.769908541007683880e+02 2.433869823716525786e+02
1.763942004376334580e+02 2.427662600155885571e+02
1.757299887363191715e+02 2.421439297072970191e+02
1.749918413941160793e+02 2.415725832457743252e+02
1.741798214824325441e+02 2.411023906360733235e+02
1.732958623982524955e+02 2.407807885460480861e+02
1.723496184252187504e+02 2.406422599877675452e+02
1.713534300140743198e+02 2.407076636857482868e+02
1.703261929280111531e+02 2.409655180954341063e+02
1.692852241286981325e+02 2.413849611571633602e+02
1.682473593759610822e+02 2.419090043786671629e+02
1.672202976432013202e+02 2.424586903103313489e+02
1.662058889413437441e+02 2.429496592290436752e+02
1.651979902151078363e+02 2.433054050193111664e+02
1.641943692614948418e+02 2.434626518985328403e+02
1.631954889232430901e+02 2.433999228534013923e+02
1.622011190070830651e+02 2.431278994038021324e+02
1.612071615250512195e+02 2.426698826650655860e+02
1.602048861391469927e+02 2.420694226461745586e+02
1.591968597391795015e+02 2.413757500804336473e+02
1.581958316898964085e+02 2.406371158613012256e+02
1.572165258404647830e+02 2.398930904086726912e+02
1.562655089585149426e+02 2.391663584734369579e+02
1.553377667221378147e+02 2.384692268758085731e+02
1.544296190342898285e+02 2.377948377339169213e+02
1.535389606561847131e+02 2.371361710595389241e+02
1.526716762975176209e+02 2.364881054534708085e+02
1.518350956132765646e+02 2.358538455814918677e+02
1.510397007021406068e+02 2.352318289240718059e+02
1.502889062387033050e+02 2.346277233681555572e+02
1.495832818878097328e+02 2.340412721279095933e+02
1.489176344577081466e+02 2.334676011814392496e+02
1.482928504534748413e+02 2.329064645719401199e+02
1.477143873085089467e+02 2.323638882819622609e+02
1.471847586675583841e+02 2.318398694688487751e+02
1.466949455606510639e+02 2.313308749932532180e+02
1.462191087827017668e+02 2.308306486815393157e+02
1.457292956757945035e+02 2.303216542059437586e+02
1.451996670348439409e+02 2.297976353928302728e+02
1.446212038898780179e+02 2.292550591028524138e+02
1.439964198856447126e+02 2.286939224933532557e+02
1.433308499335473698e+02 2.281166563816351527e+02
1.426254708578485406e+02 2.275188237839974477e+02
1.418749210016921438e+02 2.269033678634932869e+02
1.410797189883793123e+02 2.262724002843648350e+02
1.402430853234896517e+02 2.256405988415694992e+02
1.393752208277974773e+02 2.250194529850736558e+02
1.384798579313346352e+02 2.244122318912348817e+02
1.375550633545415735e+02 2.238150289995271578e+02
1.365987547589573410e+02 2.232212469132263379e+02
1.356132190772882495e+02 2.226254366407929979e+02
1.346093816096720275e+02 2.220245458659097721e+02
1.336108236667979838e+02 2.214242909892072078e+02
1.326550355688404466e+02 2.208401453542875288e+02
1.317726118112099130e+02 2.202804450732288615e+02
1.309699988584371226e+02 2.197338203997257438e+02
1.302367765975481859e+02 2.191825737179045461e+02
1.295577098806374750e+02 2.186070542156371346e+02
1.289189384537913270e+02 2.179971919277573988e+02
1.283069166196800666e+02 2.173470716308667932e+02
1.277072615082904292e+02 2.166462750188563575e+02
1.271139919324124321e+02 2.158883877344271411e+02
1.265385421375147246e+02 2.150615933923636192e+02
1.260099586004016317e+02 2.141521196196219421e+02
1.255714829561696888e+02 2.131557150966216909e+02
1.252734127330302556e+02 2.120964751074829451e+02
1.251616514293720570e+02 2.110192420803924449e+02
1.252666281981987595e+02 2.099735811356614477e+02
1.255956405483737512e+02 2.090105553560052840e+02
1.261405467094298558e+02 2.081674289723118250e+02
1.268743587579652683e+02 2.074668357674387948e+02
1.277589261700152861e+02 2.069171147009266747e+02
1.287464353711835088e+02 2.065255282861456863e+02
1.297942187683624127e+02 2.062834292165557599e+02
1.308651767298729283e+02 2.061628776722884311e+02
1.319278707492330796e+02 2.061244321359263267e+02
1.329693192804735702e+02 2.061293159108044790e+02
1.339877519333882105e+02 2.061469417524651817e+02
1.349916117765849890e+02 2.061454651797777444e+02
1.359927893290442285e+02 2.061015979752195904e+02
1.369949645508544904e+02 2.060114365196050983e+02
1.379980785578707696e+02 2.058777131785133179e+02
1.390020719273078385e+02 2.057031853117199773e+02
1.400068428561706355e+02 2.054925768223939713e+02
1.410120633772232281e+02 2.052611061769986520e+02
1.420174875042658300e+02 2.050201877252652594e+02
1.430230466791757067e+02 2.047730027285449523e+02
1.440287875481928097e+02 2.045173866894068055e+02
1.450347578563832371e+02 2.042511241222587159e+02
1.460409475419482703e+02 2.039746819186943583e+02
1.470472935193494664e+02 2.036909873990267386e+02
1.480535815175211098e+02 2.034099832546877451e+02
1.490592849187269451e+02 2.031561058118693381e+02
1.500639719489944923e+02 2.029493904186153657e+02
