1.298772236604944510e+02 2.098472515744297198e+02
1.306441627893340751e+02 2.092114934381485796e+02
1.315120766478580947e+02 2.086686889611561924e+02
1.324545565895071206e+02 2.082165668797287594e+02
1.334468111518717421e+02 2.078474181879248306e+02
1.344674192829717185e+02 2.075514706205997868e+02
1.355010479023177083e+02 2.073154439697466387e+02
1.365354431697815869e+02 2.071230753748816369e+02
1.375600928547548563e+02 2.069571569473303043e+02
1.385698789468577559e+02 2.068009598236000670e+02
1.395655273730305623e+02 2.066392013900375559e+02
1.405508888740483258e+02 2.064591200779115638e+02
1.415299799045082239e+02 2.062556024678700624e+02
1.425045499170162486e+02 2.060309939759911515e+02
1.434765251125449197e+02 2.057942804717271201e+02
1.444480314384788926e+02 2.055553796562591344e+02
1.454213457523986222e+02 2.053249132379505681e+02
1.463991479678661278e+02 2.051153832110143753e+02
1.473838411201534200e+02 2.049379999120415050e+02
1.483766651880367533e+02 2.047985479333800924e+02
1.493793042297039051e+02 2.046990676213291636e+02
1.503951761469872395e+02 2.046374691730118229e+02
1.514265060470030733e+02 2.046114418856516295e+02
1.524739636644463587e+02 2.046181319960421661e+02
1.535346037452601706e+02 2.046569200628705687e+02
1.546031026935548311e+02 2.047275133972173649e+02
1.556698502607954993e+02 2.048310914820619928e+02
1.567218307293107955e+02 2.049679376731832576e+02
1.577459853798864060e+02 2.051376480739556314e+02
1.587317153798349523e+02 2.053370384440201803e+02
1.596731715570740562e+02 2.055627153800776057e+02
1.605695831965758202e+02 2.058107256110335186e+02
1.614242821511775219e+02 2.060749519115634882e+02
1.622444254583714098e+02 2.063515825166780360e+02
1.630397931396610431e+02 2.066402156336569078e+02
1.638214275082358427e+02 2.069427121559488683e+02
1.646007407959946249e+02 2.072603638002742059e+02
1.653881822727462065e+02 2.075899509100574107e+02
1.661923916147350155e+02 2.079198310256189757e+02
1.670208410610301826e+02 2.082352103816067483e+02
1.678807181217283642e+02 2.085235929285805128e+02
1.687777430434983899e+02 2.087744641665024119e+02
1.697149431340184265e+02 2.089802861444425446e+02
1.706910370987644399e+02 2.091347237003396060e+02
1.717009516955779418e+02 2.092380032011568005e+02
1.727353328912900565e+02 2.092927474880017371e+02
1.737821064461172682e+02 2.093031453333258014e+02
1.748311261840036650e+02 2.092770508067392541e+02
1.758788291588126071e+02 2.092258199357088984e+02
1.769256592890217519e+02 2.091633749193564427e+02
1.779733414330452206e+02 2.091049046102208990e+02
1.790235453251560216e+02 2.090653407026622119e+02
1.800765729863282445e+02 2.090579434334931079e+02
1.811298379274723231e+02 2.090928081650245645e+02
1.821767837443099438e+02 2.091765009499475241e+02
1.832078352480990304e+02 2.093121778265304727e+02
1.842143286809200617e+02 2.094997036958743593e+02
1.851878836418846959e+02 2.097370019427159207e+02
1.861224860949140236e+02 2.100201867819297945e+02
1.870129718781126940e+02 2.103437216289262892e+02
1.878562208364534740e+02 2.106987998451522230e+02
1.886494320237126203e+02 2.110799837181058365e+02
1.893896628778798572e+02 2.114822054338782209e+02
1.900762145840479320e+02 2.118999673472711152e+02
1.907120192816143458e+02 2.123251300956833916e+02
1.913050568645455201e+02 2.127484027407186602e+02
1.918680392430769643e+02 2.131606561186055160e+02
1.924185558690645905e+02 2.135595178279436936e+02
1.929760407149182697e+02 2.139461248108507903e+02
1.935595053514926462e+02 2.143247389558322880e+02
1.941847016910805337e+02 2.147004129326898294e+02
1.948619193920353041e+02 2.150746310240676848e+02
1.955951756799825034e+02 2.154443158745632445e+02
1.963836730195950508e+02 2.158035093009464731e+02
1.972246742544070912e+02 2.161481017213066025e+02
1.981161420018664785e+02 2.164762175039270460e+02
1.990561927321624012e+02 2.167848189579987093e+02
2.000402713737179283e+02 2.170712109501426994e+02
2.010623049935581719e+02 2.173312329368750966e+02
2.021135749004390618e+02 2.175612301534988546e+02
2.031844873523589001e+02 2.177567290568537999e+02
2.042638536790645389e+02 2.179133586750840550e+02
2.053409568140973533e+02 2.180240911744891150e+02
2.064067806601399866e+02 2.180870618880306608e+02
2.074570609270388957e+02 2.181069198660941026e+02
2.084906236691613799e+02 2.180913089516691912e+02
2.095099030129094331e+02 2.180456063988562789e+02
2.105184468351857561e+02 2.179736723233896498e+02
2.115203791717810020e+02 2.178767110893330141e+02
2.125173274895595057e+02 2.177564990402920841e+02
2.135095454014893335e+02 2.176142192994482798e+02
2.144975126762349760e+02 2.174521100229687534e+02
2.154816003013612544e+02 2.172719018951767680e+02
2.164623840411850324e+02 2.170762808990304507e+02
2.174403080327967075e+02 2.168673189667788961e+02
2.184160807157269630e+02 2.166483210210280959e+02
2.193903952288894743e+02 2.164225206058779918e+02
2.203641299953827115e+02 2.161940156298024363e+02
2.213376698362063166e+02 2.159646013111163825e+02
2.223106368470780012e+02 2.157325146985007223e+02
2.232820855337010357e+02 2.154933449914005621e+02
2.242513034741923263e+02 2.152437686892426711e+02
2.252185784459115609e+02 2.149851282946122524e+02
2.261849957446841302e+02 2.147224867924955447e+02
2.271515675168100188e+02 2.144605659199530123e+02
2.281191394881786323e+02 2.142033110505689137e+02
2.290888690561534986e+02 2.139561215283167144e+02
2.300626145121189836e+02 2.137276664194165789e+02
2.310421121617177960e+02 2.135260457176163413e+02
2.320291714601181354e+02 2.133597006645898091e+02
2.330258634401611175e+02 2.132382927811266597e+02
2.340347405801322225e+02 2.131737295664859175e+02
2.350571032228860133e+02 2.131720772158886348e+02
2.360919798840364479e+02 2.132288036830985618e+02
2.371385155577254693e+02 2.133341043935720620e+02
2.381983964512876355e+02 2.134778110620148368e+02
2.392715058967143307e+02 2.136525043413817571e+02
2.403545757154848843e+02 2.138549943799276321e+02
2.414422420879387801e+02 2.140860699410196730e+02
2.425297779436733663e+02 2.143483786157154611e+02
2.436157038786327291e+02 2.146440743268639721e+02
2.446990342766681579e+02 2.149742795907490631e+02
2.457794610754559130e+02 2.153392128280764553e+02
2.468548010695156165e+02 2.157391282805232322e+02
2.479223917236801071e+02 2.161753217924024852e+02
2.489778945202331215e+02 2.166516667426042773e+02
2.500174139864047902e+02 2.171744707181393323e+02
2.510362401501398040e+02 2.177511844140248627e+02
2.520305939385658291e+02 2.183877089925383359e+02
2.529965096218496114e+02 2.190874288354386579e+02
2.539326236603616849e+02 2.198514257669623362e+02
2.548363983143349287e+02 2.206738057716806907e+02
2.557047237506884869e+02 2.215395602889628321e+02
2.565377534184945034e+02 2.224297770727924899e+02
2.573364473352116306e+02 2.233278418659343743e+02
2.581036130222150859e+02 2.242223621658658885e+02
2.588457113233522477e+02 2.251065551338170678e+02
2.595709668835316961e+02 2.259814129432248819e+02
2.602886456802667681e+02 2.268515356459064378e+02
2.610059487097627198e+02 2.277204922058085685e+02
2.617302399883310500e+02 2.285879507724190205e+02
2.624689428805943976e+02 2.294523200815610835e+02
2.632253231976486063e+02 2.303129000776038993e+02
2.639984393298872192e+02 2.311698926029343966e+02
2.647831454771069843e+02 2.320256473973822722e+02
2.655724898388305633e+02 2.328855205108096129e+02
2.663613294417914972e+02 2.337533348120315964e+02
2.671460128272738075e+02 2.346311544878728910e+02
2.679252123644317294e+02 2.355152049646703176e+02
2.686949907715134600e+02 2.363972045314047250e+02
2.694521450003121004e+02 2.372664999056156034e+02
2.701909684366773945e+02 2.381138263895775822e+02
2.709070298544407933e+02 2.389326915455634150e+02
2.716001316614284065e+02 2.397210094554700106e+02
2.722746399984864638e+02 2.404823973335723508e+02
2.729378667278762691e+02 2.412207838975074310e+02
2.735972628507058744e+02 2.419382660121941058e+02
2.742581119738167104e+02 2.426355795932160504e+02
2.749267169349290043e+02 2.433136255937751002e+02
2.756067134463187926e+02 2.439768742721685157e+02
2.763015317243181244e+02 2.446305404976100704e+02
2.770129263287501544e+02 2.452810870721103242e+02
2.777386914622624090e+02 2.459342926828937834e+02
2.784750071504212201e+02 2.465954382889951830e+02
2.792194431793946592e+02 2.472661544761162986e+02
2.799679468125998483e+02 2.479460847695865482e+02
2.807181120197159316e+02 2.486301261170748376e+02
2.814665214021615611e+02 2.493105900178860850e+02
2.822115166910891730e+02 2.499756994468258995e+02
2.829484007265185710e+02 2.506143768597115695e+02
2.836701188128817535e+02 2.512167700637189682e+02
2.843698762043345027e+02 2.517779323428756015e+02
2.850428941032150192e+02 2.522978939941610292e+02
2.856863885116481470e+02 2.527828613941213689e+02
2.863017864065199092e+02 2.532390239322230059e+02
2.868943875512077852e+02 2.536734334280994858e+02
2.874732360959549169e+02 2.540886102331899679e+02
2.880492060781307941e+02 2.544870710787649273e+02
2.886346344950644607e+02 2.548717309085464251e+02
2.892399709160611678e+02 2.552436510944464487e+02
2.898773333321901191e+02 2.556040569529327513e+02
2.905618760162434455e+02 2.559531138597676545e+02
2.913027883195283607e+02 2.562923067333159679e+02
2.921009621332226516e+02 2.566175805645609103e+02
2.929491499747173862e+02 2.569237850069281421e+02
2.938401160052916907e+02 2.572094786572804992e+02
2.947710361672381509e+02 2.574763059577925901e+02
2.957380772934174615e+02 2.577306552296587370e+02
2.967365980477336507e+02 2.579766999884526513e+02
2.977559817139328970e+02 2.582181907793331561e+02
2.987826265543573072e+02 2.584578775755151128e+02
2.998034206195413844e+02 2.587012055584660857e+02
3.008072894637725767e+02 2.589572279977148241e+02
3.017857720983047898e+02 2.592370039416127838e+02
3.027332273268610265e+02 2.595508775375178629e+02
3.036471605455227518e+02 2.599065435665375503e+02
3.045274072579860558e+02 2.603077671382273479e+02
3.053735956091643970e+02 2.607533955892390054e+02
3.061865307672063636e+02 2.612366935506699974e+02
3.069683023001831543e+02 2.617507341938609216e+02
3.077250520717676636e+02 2.622856387703778296e+02
3.084654203005201794e+02 2.628325250170388472e+02
3.091987623249403327e+02 2.633814717055653887e+02
3.099324485751401994e+02 2.639259888552205666e+02
3.106714383398534665e+02 2.644602945828982001e+02
3.114171461762088597e+02 2.649827673837014572e+02
3.121693690576059339e+02 2.654905135354254639e+02
3.129263853307778049e+02 2.659802151955441900e+02
3.136881626617841903e+02 2.664489256888945761e+02
3.144534996414606098e+02 2.668950862031019824e+02
3.152178728973677266e+02 2.673188594396613098e+02
3.159732256509047374e+02 2.677227272056913421e+02
3.167108642014262045e+02 2.681108327090181547e+02
3.174248440934615587e+02 2.684885175413667753e+02
3.181140528339277580e+02 2.688592990057011889e+02
3.187817570319102742e+02 2.692258968404431698e+02
3.194316489051163899e+02 2.695888225271679630e+02
3.200665745628964487e+02 2.699491585734116370e+02
3.206945932312422087e+02 2.703114528029851726e+02
3.213285909100974322e+02 2.706861288754880661e+02
3.219825408560657252e+02 2.710857531586091227e+02
3.226689826494242652e+02 2.715207744796736051e+02
3.233963801225499424e+02 2.719978190230659720e+02
3.241657304192032143e+02 2.725188094976358002e+02
3.249675101990187613e+02 2.730802687359603169e+02
3.257870950777135590e+02 2.736728953680144514e+02
3.266117102050367293e+02 2.742886831333685222e+02
3.274332598692565739e+02 2.749196935411989671e+02
3.282478985915724365e+02 2.755550673868941658e+02
3.290545921060955834e+02 2.761843880739817223e+02
3.298578209961580114e+02 2.767968637726351631e+02
3.306622653395864404e+02 2.773850236052929858e+02
3.314734179050775538e+02 2.779433558742092032e+02
3.322942550645290112e+02 2.784710221151169094e+02
3.331282207325666604e+02 2.789703716764469164e+02
3.339772622585586532e+02 2.794491913610373786e+02
3.348448248631290198e+02 2.799185151487617986e+02
3.357314283038234066e+02 2.803941123720441055e+02
3.366354705848392541e+02 2.808928658096379536e+02
3.375532559268138471e+02 2.814322389918824570e+02
3.384786535322542704e+02 2.820265468861579734e+02
3.394057155458029911e+02 2.826834482666253052e+02
3.403275555557251550e+02 2.834045297502565290e+02
3.412362520820665850e+02 2.841814728879571135e+02
3.421191581608509864e+02 2.849983373818571408e+02
3.429663776632460781e+02 2.858351548941155897e+02
3.437729743803663496e+02 2.866732011331613421e+02
3.445406857459753382e+02 2.874977661972641272e+02
3.452787246054985530e+02 2.882967421526955718e+02
3.459982200100962473e+02 2.890639020639916907e+02
3.467073625528050798e+02 2.897976937253979486e+02
3.474108817665270408e+02 2.905017167951663168e+02
3.481109419894619919e+02 2.911815689708731156e+02
3.488072461859840132e+02 2.918463322418289181e+02
3.494963936855785960e+02 2.925077952318741268e+02
3.501713691010972411e+02 2.931758838247556582e+02
3.508240575768187455e+02 2.938595313021563697e+02
3.514467914098623282e+02 2.945679248637327419e+02
3.520321506868268671e+02 2.953100574583406797e+02
3.525752943308804106e+02 2.960932452724940163e+02
3.530775101603629764e+02 2.969212345962138784e+02
3.535443471688539034e+02 2.977935232191296109e+02
3.539863807329026031e+02 2.987044692497287883e+02
3.544107937892736118e+02 2.996450906512469032e+02
3.548208802600850618e+02 3.006041933810237197e+02
3.552159382782029411e+02 3.015705880062083679e+02
3.555931823958487712e+02 3.025357459099333255e+02
3.559512556485441337e+02 3.034958988064603318e+02
3.562861623962839417e+02 3.044531846609318109e+02
3.565941060795379940e+02 3.054111377264135854e+02
3.568688897499744144e+02 3.063749522435020936e+02
3.571050068037088749e+02 3.073470552935023079e+02
3.572954025021019220e+02 3.083289591223355615e+02
3.574363182290299505e+02 3.093214694227699511e+02
3.575264222375731151e+02 3.103248716665926850e+02
3.575671029863409558e+02 3.113388682253618072e+02
3.575580583389178173e+02 3.123635238647031542e+02
3.574952206982500797e+02 3.133997105101929037e+02
3.573727252933939553e+02 3.144486853276018792e+02
3.571884053466881142e+02 3.155109127849773358e+02
3.569438481043981710e+02 3.165872993338033439e+02
3.566435096157638327e+02 3.176807556499759357e+02
3.562933369762158122e+02 3.187927273475303309e+02
3.558987310860576940e+02 3.199233381596887398e+02
3.554619188696687502e+02 3.210692982541136757e+02
3.549808603111310958e+02 3.222270307627540546e+02
3.544506958048104366e+02 3.233915801737210813e+02
3.538682217428220156e+02 3.245532782008421009e+02
3.532326933676732210e+02 3.257018374369956177e+02
3.525460256679979238e+02 3.268267398768323915e+02
3.518119050750771066e+02 3.279156692822735977e+02
3.510336237478557564e+02 3.289591839025557647e+02
3.502172632608026106e+02 3.299511886697561636e+02
3.493722135184748367e+02 3.308876631812324831e+02
3.485071069306528670e+02 3.317659101936913544e+02
3.476300403000440156e+02 3.325835057970854791e+02
3.467457145083824344e+02 3.333378376729194770e+02
3.458560603578527548e+02 3.340247927697805039e+02
3.449598367509905756e+02 3.346445594014596168e+02
3.440557913226504638e+02 3.352039861836960313e+02
3.431430661947954377e+02 3.357171056189847604e+02
3.422233379954611792e+02 3.361975552098622870e+02
3.412985513701996751e+02 3.366544068711030491e+02
3.403695400978432986e+02 3.370915502423895873e+02
3.394361691976056363e+02 3.375083556284086512e+02
3.384977828389270371e+02 3.379017635312804373e+02
3.375539333215597821e+02 3.382696853963640251e+02
3.366041809099608031e+02 3.386100698249531433e+02
3.356485453062945794e+02 3.389230087290964661e+02
3.346870258817685908e+02 3.392084991754308589e+02
3.337193266847208974e+02 3.394651605276487203e+02
3.327449459387502202e+02 3.396906519618688094e+02
3.317632213157745582e+02 3.398818836687908629e+02
3.307734414418983420e+02 3.400355370367803403e+02
3.297747289420103698e+02 3.401475190463021931e+02
3.287646355654587751e+02 3.402122243369091734e+02
3.277390108671685880e+02 3.402283253432804599e+02
3.266948309639727199e+02 3.401944064190649897e+02
3.256308679630490133e+02 3.401107174786823180e+02
3.245507604669654143e+02 3.399811124853329147e+02
3.234612573345728492e+02 3.398125330846584120e+02
3.223722576974321328e+02 3.396109633635014688e+02
3.212941137127642151e+02 3.393817288270842027e+02
3.202374334657632176e+02 3.391264919751860702e+02
3.192107578902168825e+02 3.388448149230826516e+02
3.182216906186997676e+02 3.385351506046237091e+02
3.172764452241053732e+02 3.382023156588758184e+02
3.163807343849714471e+02 3.378544055409788029e+02
3.155377652392855339e+02 3.375006326714034799e+02
3.147485821543505153e+02 3.371440561017898290e+02
3.140114159450120610e+02 3.367857975651231186e+02
3.133244744917595312e+02 3.364266093962085051e+02
3.126844898624805182e+02 3.360668239272737310e+02
3.120833702528378808e+02 3.357074332160635777e+02
3.115115188827931547e+02 3.353484581884377462e+02
3.109572270202927484e+02 3.349863746858159743e+02
3.104059074787240320e+02 3.346164633176945813e+02
3.098434266157443062e+02 3.342317740849994721e+02
3.092573414713477291e+02 3.338242459471467782e+02
3.086396418479109798e+02 3.333823221193313202e+02
3.079871257771841897e+02 3.328968095272399523e+02
3.073017574077207428e+02 3.323600483483902508e+02
3.065882970193983965e+02 3.317718741884810925e+02
3.058540304671938088e+02 3.311378454143820136e+02
3.051064176950413867e+02 3.304680873466556363e+02
3.043509435156138920e+02 3.297731486928030904e+02
3.035912762696992218e+02 3.290636586767313929e+02
3.028285677614711062e+02 3.283479295162038625e+02
3.020621630309797752e+02 3.276333496019427116e+02
3.012950698662913283e+02 3.269238835726388288e+02
3.005314677501224310e+02 3.262226118420988996e+02
2.997780826616415766e+02 3.255298997775701082e+02
2.990399119395826233e+02 3.248457489850484876e+02
2.983212890040438197e+02 3.241672976226004721e+02
2.976221087868313475e+02 3.234902053024929387e+02
2.969401884822945021e+02 3.228064646740720605e+02
2.962692816832700942e+02 3.221071507240296228e+02
2.956045612411015213e+02 3.213820299004484013e+02
2.949424765613806017e+02 3.206243381542931274e+02
2.942804237234513494e+02 3.198306113137699640e+02
2.936159758100304771e+02 3.190006823444504676e+02
2.929458957416567841e+02 3.181386201086523329e+02
2.922709920408730113e+02 3.172516936028192731e+02
2.915910625504365044e+02 3.163504341223344909e+02
2.909049738298685952e+02 3.154464245145455834e+02
2.902111415934786010e+02 3.145491300875222578e+02
2.895073274801762295e+02 3.136630898169892134e+02
2.887907872389834552e+02 3.127876104933319539e+02
2.880599425301509200e+02 3.119203100209110744e+02
2.873150805528298974e+02 3.110572609663854564e+02
2.865611359050690226e+02 3.101961588629844186e+02
2.858070064554228225e+02 3.093350963735097707e+02
2.850582528828439308e+02 3.084728815170115013e+02
2.843167554731817859e+02 3.076091112375081025e+02
2.835804002493139819e+02 3.067442386847822036e+02
2.828425343433674470e+02 3.058796899601850328e+02
2.820987567326648104e+02 3.050164084620382710e+02
2.813517837115845168e+02 3.041538119285029325e+02
2.806056437656700382e+02 3.032910368179024090e+02
2.798668362501171032e+02 3.024266899356922522e+02
2.791391129365348434e+02 3.015599670562867232e+02
2.784257943921334117e+02 3.006901563865953904e+02
2.777264269233951381e+02 2.998173551798554399e+02
2.770409684854467400e+02 2.989415724487592456e+02
2.763664612703346393e+02 2.980634422257269307e+02
2.757011569935560260e+02 2.971833392710784665e+02
2.750454379701224639e+02 2.963011816321933338e+02
2.743976106716452250e+02 2.954173323319318456e+02
2.737575391856267970e+02 2.945318205043456601e+02
2.731269708187820697e+02 2.936442715987124075e+02
2.725078719022827727e+02 2.927542641144710842e+02
2.719006795072547789e+02 2.918617043615418538e+02
2.713036502381339687e+02 2.909669660522569075e+02
2.707126754307811325e+02 2.900709299152873655e+02
2.701220924195754378e+02 2.891735631015054082e+02
2.695257594491905024e+02 2.882723162810949589e+02
2.689198629570731214e+02 2.873652864982885831e+02
2.683042684077586841e+02 2.864512211277595384e+02
2.676834281450103390e+02 2.855319782413619691e+02
2.670631626089418660e+02 2.846115710314512057e+02
2.664460237997963645e+02 2.836980688434629201e+02
2.658336656613344076e+02 2.828003277277038023e+02
2.652226030974043169e+02 2.819293464590973599e+02
2.646083566981196782e+02 2.810947200372302177e+02
2.639879180164882087e+02 2.803050286094025978e+02
2.633626519876195289e+02 2.795651606731492507e+02
2.627364785090273926e+02 2.788795000012153764e+02
2.621154447863664245e+02 2.782518485647700572e+02
2.615040160350731639e+02 2.776843582643930404e+02
2.609033767242272006e+02 2.771760470242217025e+02
2.603074174248463919e+02 2.767222119023564346e+02
2.597083663839609358e+02 2.763133006621072809e+02
2.590961346614909644e+02 2.759356974820499318e+02
2.584593651901627140e+02 2.755719746667559775e+02
2.577901666892568073e+02 2.752002235686039739e+02
2.570830961549994527e+02 2.748015217169591438e+02
2.563373698581197004e+02 2.743615973721088039e+02
2.555555304087096147e+02 2.738691056131664254e+02
2.547396758027297778e+02 2.733187858560437462e+02
2.538927458955365069e+02 2.727149537752517858e+02
2.530162445298692546e+02 2.720673444061275745e+02
2.521121466444200792e+02 2.713877568919520513e+02
2.511823321247077274e+02 2.706900326626887363e+02
2.502313469882980144e+02 2.699912093280376553e+02
2.492645821033617892e+02 2.693097419028827630e+02
2.482881245522487745e+02 2.686613599386947158e+02
2.473067896414823963e+02 2.680607360715040386e+02
2.463245497586000567e+02 2.675197843363220613e+02
2.453422249405678315e+02 2.670506271209241618e+02
2.443586091048894673e+02 2.666637736506867213e+02
2.433692779390249825e+02 2.663656980554005145e+02
2.423696796274623750e+02 2.661563206133939730e+02
2.413559729101453399e+02 2.660281797037854403e+02
2.403291202141941199e+02 2.659671580273277982e+02
2.392936574943252310e+02 2.659562716069893327e+02
2.382553200858066873e+02 2.659780533474372533e+02
2.372185132939997629e+02 2.660139078623977866e+02
2.361851409851819028e+02 2.660490762785332208e+02
2.351546068691730795e+02 2.660730000476942223e+02
2.341261083796386515e+02 2.660756946061808890e+02
2.330967341295871904e+02 2.660504532013671906e+02
2.320615156149235645e+02 2.659921319623317686e+02
2.310177583079399994e+02 2.658939766280170147e+02
2.299647615242131167e+02 2.657527184539638938e+02
2.289018008948025908e+02 2.655649782056972867e+02
2.278282979306242453e+02 2.653280571890181818e+02
2.267444754338144435e+02 2.650429947923082636e+02
2.256517362404025278e+02 2.647163353490000191e+02
2.245512383765444326e+02 2.643534811364300481e+02
2.234445408284026939e+02 2.639617049399070083e+02
2.223344932835096870e+02 2.635543007617239368e+02
2.212241571228670693e+02 2.631455501698046078e+02
2.201157823755760035e+02 2.627459497156801262e+02
2.190105735984362241e+02 2.623611187455683194e+02
2.179092415365508373e+02 2.619943729377405361e+02
2.168120096208487837e+02 2.616467546139415390e+02
2.157193844484737610e+02 2.613206270871710331e+02
2.146305800865010269e+02 2.610181398316526042e+02
2.135419470278669678e+02 2.607403021947958450e+02
2.124516946033822080e+02 2.604856356550913006e+02
2.113617866663603877e+02 2.602512452910959837e+02
2.102769301579149896e+02 2.600332779526239051e+02
2.092018527195622255e+02 2.598232728036825279e+02
2.081407511823644825e+02 2.596137183518745246e+02
2.070959570080982246e+02 2.593970795585148608e+02
2.060663972101790762e+02 2.591665378633605314e+02
2.050464009702195654e+02 2.589163400641884891e+02
2.040296509194918144e+02 2.586405412150483016e+02
2.030112704304738713e+02 2.583384623637966229e+02
2.019901189684255485e+02 2.580101311782207745e+02
2.009677518776383351e+02 2.576566869686978407e+02
1.999498587161517094e+02 2.572811983796051436e+02
1.989433801749408417e+02 2.568882290276869753e+02
1.979560761014037666e+02 2.564828767017147584e+02
1.969936172327934969e+02 2.560697348604078911e+02
1.960618086936652844e+02 2.556515334013647589e+02
1.951666889759773653e+02 2.552303160679331597e+02
1.943135566038023114e+02 2.548103950869914911e+02
1.935057203481263173e+02 2.543981506672010369e+02
1.927420460420162840e+02 2.539977766824712830e+02
1.920158220660275674e+02 2.536115034109080852e+02
1.913178108163544380e+02 2.532369767410169175e+02
1.906369590489351822e+02 2.528688353173057806e+02
1.899621929864991898e+02 2.524977335900871651e+02
1.892811035247538598e+02 2.521133543071757686e+02
1.885809862595753543e+02 2.517043318233256741e+02
1.878499979479026933e+02 2.512612472376561072e+02
1.870834932202031098e+02 2.507755451738513557e+02
1.862815638536351912e+02 2.502412844281653292e+02
1.854482328807018234e+02 2.496515358715415118e+02
1.845901468495484892e+02 2.490013944519160987e+02
1.837192294333323730e+02 2.482908784022680493e+02
1.828506535265519801e+02 2.475247676958753118e+02
1.819980523689260963e+02 2.467093382418966030e+02
1.811715850848942750e+02 2.458550981213947466e+02
1.803784064370099713e+02 2.449756345158950239e+02
1.796202784695048251e+02 2.440885521457340701e+02
1.788935412924342927e+02 2.432101747004945196e+02
1.781888029401570748e+02 2.423589883315983116e+02
1.774937622113570228e+02 2.415565583541180104e+02
1.767935462054820164e+02 2.408263175862828689e+02
1.760749884580183675e+02 2.401931422426805511e+02
1.753288119382933132e+02 2.396841224993698631e+02
1.745509962692062800e+02 2.393201838188539341e+02
1.737400485201085303e+02 2.391157883525313537e+02
1.728967627998962939e+02 2.390728419912859408e+02
1.720227150124474349e+02 2.391808718022443259e+02
1.711211223721223291e+02 2.394174145054199414e+02
1.701963489916554977e+02 2.397541022806983619e+02
1.692593042691254368e+02 2.401587977011203066e+02
1.683232568711547970e+02 2.405979504597116829e+02
1.674001868675689479e+02 2.410371134154593733e+02
1.664987897146746434e+02 2.414403334223588615e+02
1.656244062212330164e+02 2.417744095939946192e+02
1.647787867099600021e+02 2.420101977084627265e+02
1.639608451853705446e+02 2.421266437302637655e+02
1.631685317240378481e+02 2.421113315280379652e+02
1.624003482320867420e+02 2.419608268152886978e+02
1.616526514316142027e+02 2.416833150309242342e+02
1.609236381022048761e+02 2.412945827814239692e+02
1.602108074741341852e+02 2.408170195424133340e+02
1.595119910118259270e+02 2.402738824262336834e+02
1.588257233345565851e+02 2.396870761254492095e+02
1.581491220831263718e+02 2.390734694699376632e+02
1.574763095402105648e+02 2.384399463205380698e+02
1.567996152517839619e+02 2.377873173930127564e+02
1.561114486876614649e+02 2.371167280853312036e+02
1.554057148463636508e+02 2.364310333085193179e+02
1.546765942057985512e+02 2.357333521006694355e+02
1.539173806599955014e+02 2.350288508007861594e+02
1.531217309717554826e+02 2.343201900339530539e+02
1.522825820136976347e+02 2.336067770476047372e+02
1.513957079919921966e+02 2.328864556639869363e+02
1.504615900144405032e+02 2.321576439048181157e+02
1.494857688179330069e+02 2.314216188114879742e+02
1.484783991648440065e+02 2.306844405818580128e+02
1.474538897021997741e+02 2.299575196510152182e+02
1.464294897958563979e+02 2.292551654394775369e+02
1.454213452736840395e+02 2.285884333883663544e+02
1.444405074712469741e+02 2.279633582099570503e+02
1.434966812779863972e+02 2.273778135526949313e+02
1.425963840887562526e+02 2.268276993144695268e+02
1.417461660972049629e+02 2.263055282833049660e+02
1.409506007528785005e+02 2.258071394502792373e+02
1.402136304550968759e+02 2.253291063897618187e+02
1.395331197456237931e+02 2.248703220994395906e+02
1.389005866638605369e+02 2.244305930789223567e+02
1.383044140362995051e+02 2.240123042327562644e+02
1.377332374549962140e+02 2.236188908171287153e+02
1.371785761316288017e+02 2.232509424814601289e+02
1.366293882495812397e+02 2.229047113132890559e+02
1.360723472497510045e+02 2.225709245572813586e+02
1.354958838644712102e+02 2.222368993889231206e+02
1.348944768111051076e+02 2.218919169656440715e+02
1.342679693143998634e+02 2.215273116641821787e+02
1.336175121067525993e+02 2.211360756338005444e+02
1.329448421197608354e+02 2.207122944452261777e+02
1.322542787188882016e+02 2.202478831862151765e+02
1.315562300294797069e+02 2.197295398728251712e+02
1.308665516620009726e+02 2.191440793366172670e+02
1.302067629774203965e+02 2.184808782044684392e+02
1.296011345479739987e+02 2.177366514576054897e+02
1.290755322345798675e+02 2.169151602193924759e+02
1.286544033771222928e+02 2.160290206212723660e+02
1.283605541098432923e+02 2.150963510037026936e+02
1.282121160010465815e+02 2.141406622652805538e+02
1.282223130411177863e+02 2.131866410362799513e+02
1.283973375506321872e+02 2.122597827322867374e+02
1.287372793016735670e+02 2.113823909502970650e+02
1.292349746586435515e+02 2.105737812115055760e+02
1.298772236604944510e+02 2.098472515744297198e+02
