1.438715161852433084e+02 2.043886501740527137e+02
1.448529319096458323e+02 2.041729320873737379e+02
1.458429233983421796e+02 2.039835688388042456e+02
1.468409971155557514e+02 2.038190437057469353e+02
1.478474736274711745e+02 2.036803418446975797e+02
1.488624989835471411e+02 2.035679120914342661e+02
1.498860341960044309e+02 2.034816346296263418e+02
1.509192055047492431e+02 2.034218454602763586e+02
1.519648411672074531e+02 2.033870206552584818e+02
1.530248441025727573e+02 2.033747574820569071e+02
1.540994953035873607e+02 2.033805708819118365e+02
1.551850971530867014e+02 2.034009538861458850e+02
1.562739332509989651e+02 2.034338649642224368e+02
1.573571231821024980e+02 2.034813188303867832e+02
1.584269203992510882e+02 2.035489731330296763e+02
1.594790742627745885e+02 2.036473989269893536e+02
1.605129511490853247e+02 2.037889463783031374e+02
1.615291903846183459e+02 2.039795036332590428e+02
1.625283801853084640e+02 2.042153584997804501e+02
1.635121289758323258e+02 2.044854630939948947e+02
1.644843349006629865e+02 2.047740199366519391e+02
1.654484359489543408e+02 2.050636461255031975e+02
1.664072916989277644e+02 2.053381091937799852e+02
1.673608012231090356e+02 2.055863306761714000e+02
1.683063319465505856e+02 2.058033518016457037e+02
1.692404960244849974e+02 2.059894389324229564e+02
1.701627151948242158e+02 2.061494756695267654e+02
1.710769534903315900e+02 2.062893777605220009e+02
1.719881444923989591e+02 2.064159043392769206e+02
1.728993072958774349e+02 2.065342680357688039e+02
1.738117112213216160e+02 2.066503055335876979e+02
1.747260968829316710e+02 2.067710403586007430e+02
1.756439609238120454e+02 2.069039062321114670e+02
1.765650260928467219e+02 2.070563988051800948e+02
1.774873794691064006e+02 2.072343933248243673e+02
1.784067475341256852e+02 2.074418073955325212e+02
1.793200110706043517e+02 2.076802564678404224e+02
1.802264894358985998e+02 2.079507707080411478e+02
1.811283449179951219e+02 2.082496147254372829e+02
1.820273394289961288e+02 2.085722169809286868e+02
1.829248478119602055e+02 2.089105606201094929e+02
1.838176896104058926e+02 2.092577219702139359e+02
1.846983882866975932e+02 2.096055872758238081e+02
1.855588197614301578e+02 2.099476174267689430e+02
1.863925106194406851e+02 2.102815252229862040e+02
1.871956975813757538e+02 2.106095289923387099e+02
1.879676956550912337e+02 2.109369761221102522e+02
1.887106367774165960e+02 2.112683888716205161e+02
1.894295066008366746e+02 2.116029010357550533e+02
1.901336341431689902e+02 2.119369711633196971e+02
1.908370359076022851e+02 2.122660088923070134e+02
1.915557911907764037e+02 2.125858231740930080e+02
1.923037477438595602e+02 2.128934412497598601e+02
1.930881494352755965e+02 2.131879561616142951e+02
1.939117421686640341e+02 2.134693198971289689e+02
1.947756586890947119e+02 2.137385057191700639e+02
1.956818556615887985e+02 2.140001791518232892e+02
1.966316438692996371e+02 2.142613643250366238e+02
1.976210937401560273e+02 2.145277177572921232e+02
1.986417075466422659e+02 2.147985100782664176e+02
1.996834967805410201e+02 2.150684692666591502e+02
2.007366998743067086e+02 2.153285414801891307e+02
2.017914855589639842e+02 2.155647887468971362e+02
2.028380580882989079e+02 2.157650692527050182e+02
2.038684470196370171e+02 2.159187883137770996e+02
2.048775335890598512e+02 2.160219949097457288e+02
2.058645404920440569e+02 2.160753510486757136e+02
2.068320259890608099e+02 2.160821812949538412e+02
2.077868124747513718e+02 2.160478845785999056e+02
2.087379071705248066e+02 2.159814878363860657e+02
2.096951077480514982e+02 2.158934065645481724e+02
2.106643761962272947e+02 2.157916794777476071e+02
2.116472607906456460e+02 2.156776777928476463e+02
2.126423641513262055e+02 2.155487423960504998e+02
2.136472805863004396e+02 2.154047969253725228e+02
2.146587135532396928e+02 2.152483726456508748e+02
2.156729656113614624e+02 2.150844174717655051e+02
2.166866771306733881e+02 2.149194151652261553e+02
2.176975775072441479e+02 2.147593762907140160e+02
2.187060884493629658e+02 2.146104606640639076e+02
2.197151671671121562e+02 2.144766307079601688e+02
2.207275568255422513e+02 2.143561009903808667e+02
2.217421663119732216e+02 2.142423931962580923e+02
2.227547700937622039e+02 2.141225215175736594e+02
2.237614731061092925e+02 2.139845157323495641e+02
2.247598633669588821e+02 2.138209633937856893e+02
2.257497839969136066e+02 2.136313823837899690e+02
2.267331138356196618e+02 2.134215467083881208e+02
2.277130811330815732e+02 2.132013773499360809e+02
2.286933340314976135e+02 2.129820856936516407e+02
2.296775525440283445e+02 2.127749810698482236e+02
2.306692273146210823e+02 2.125907908438049958e+02
2.316706382000795941e+02 2.124365214180906491e+02
2.326838286551177646e+02 2.123184526899043476e+02
2.337098194788121361e+02 2.122397217550759478e+02
2.347480410163885836e+02 2.121985779638864926e+02
2.357961738044104152e+02 2.121878931955901919e+02
2.368524404215126253e+02 2.121990799873318281e+02
2.379199961155533174e+02 2.122284941772113029e+02
2.390045353825558436e+02 2.122782946883492059e+02
2.401093204132652374e+02 2.123551199015377051e+02
2.412338384907003785e+02 2.124650340794111401e+02
2.423726348381280786e+02 2.126128103245025898e+02
2.435176606597228215e+02 2.128014904314728710e+02
2.446590331005557459e+02 2.130344101272975479e+02
2.457867657848348983e+02 2.133123150583684264e+02
2.468906725987885693e+02 2.136339021298198873e+02
2.479635638694180102e+02 2.139994433695413534e+02
2.490000894536232749e+02 2.144103168884896036e+02
2.499987852686331848e+02 2.148680117936585816e+02
2.509619026087414966e+02 2.153743372627629356e+02
2.518924241110032654e+02 2.159312946056730596e+02
2.527906708995801637e+02 2.165407626654565831e+02
2.536558146293709228e+02 2.172036861158101999e+02
2.544867265465977653e+02 2.179210074793645049e+02
2.552836462179273553e+02 2.186892131935667294e+02
2.560472491207815438e+02 2.194992941078324691e+02
2.567821675779371162e+02 2.203394444693821583e+02
2.574967059853695446e+02 2.211966299952480313e+02
2.581992425720213760e+02 2.220567796774781755e+02
2.588953201759601370e+02 2.229100650649657496e+02
2.595896732190751663e+02 2.237524595897710356e+02
2.602846609564461460e+02 2.245842976460758393e+02
2.609785866136562049e+02 2.254111233484693742e+02
2.616666881910002189e+02 2.262388272778914313e+02
2.623418610157215767e+02 2.270707381743471842e+02
2.630007958748806800e+02 2.279079328431673730e+02
2.636458976533983218e+02 2.287496287439262801e+02
2.642823060914867028e+02 2.295941534246662457e+02
2.649150477694902861e+02 2.304398712552209645e+02
2.655464581549319405e+02 2.312860222833225805e+02
2.661794232999012593e+02 2.321316673985748196e+02
2.668146126543722403e+02 2.329765887644969666e+02
2.674529885526824842e+02 2.338204732411480222e+02
2.680938206857694013e+02 2.346635584683251068e+02
2.687375731041832410e+02 2.355056934457404623e+02
2.693838274016901551e+02 2.363470143211945356e+02
2.700346670511496541e+02 2.371868431405264914e+02
2.706931654365330928e+02 2.380241798362566783e+02
2.713654988044045240e+02 2.388570146811945278e+02
2.720565872317034746e+02 2.396837467009775082e+02
2.727683173501748684e+02 2.405037619927963419e+02
2.734984269133865951e+02 2.413177966830539276e+02
2.742443750543919805e+02 2.421266775602111068e+02
2.750005617861217502e+02 2.429322268388060877e+02
2.757608051564722587e+02 2.437364561025904095e+02
2.765199631982926007e+02 2.445420554346144399e+02
2.772781340806517392e+02 2.453533339353450629e+02
2.780386501371547752e+02 2.461752161731639035e+02
2.788053365603539646e+02 2.470098657115523224e+02
2.795810539561447285e+02 2.478522125849373765e+02
2.803694796643040945e+02 2.486897816882628831e+02
2.811737687736099360e+02 2.495065409506455580e+02
2.819980917922134154e+02 2.502872552130524184e+02
2.828482370400349168e+02 2.510215544889117325e+02
2.837300315961147703e+02 2.517031953148530192e+02
2.846471519184851786e+02 2.523309109275449487e+02
2.855972873389055735e+02 2.529057960343833429e+02
2.865725772618775409e+02 2.534298710708183648e+02
2.875644546994249708e+02 2.539051896787418627e+02
2.885653871996281623e+02 2.543344058500670144e+02
2.895726658445539670e+02 2.547214559822118645e+02
2.905843610631677620e+02 2.550747172611967812e+02
2.915978900295530138e+02 2.554041885965266943e+02
2.926089002112266257e+02 2.557215983692059069e+02
2.936147852938177039e+02 2.560407999196041260e+02
2.946149413659882157e+02 2.563747194920366610e+02
2.956101895585338752e+02 2.567347259535628723e+02
2.966013732306523707e+02 2.571278030875602667e+02
2.975886202572801267e+02 2.575567612491666978e+02
2.985697104079634983e+02 2.580191628061839992e+02
2.995432203813267051e+02 2.585077541844453890e+02
3.005078691774440358e+02 2.590106452296544148e+02
3.014638809577987786e+02 2.595139753474289819e+02
3.024106327623270545e+02 2.600039177233217060e+02
3.033493520196041686e+02 2.604702540781677840e+02
3.042847017276747579e+02 2.609070966007238894e+02
3.052220654241256170e+02 2.613148955787339105e+02
3.061647183896208730e+02 2.616942215527932376e+02
3.071096518518233438e+02 2.620430575303328737e+02
3.080484283328841570e+02 2.623572946434370579e+02
3.089722157357568335e+02 2.626349820382513940e+02
3.098771243755535352e+02 2.628795622352876080e+02
3.107673285946765418e+02 2.631020280737834582e+02
3.116530358120479605e+02 2.633172246537031924e+02
3.125452581234333138e+02 2.635405470788091407e+02
3.134500138832922858e+02 2.637854556989331627e+02
3.143687282715349625e+02 2.640603991570565086e+02
3.152997053914728554e+02 2.643668683788719136e+02
3.162408244681358838e+02 2.647006371817608397e+02
3.171922146653294021e+02 2.650540456765783119e+02
3.181536770778880054e+02 2.654203357434130339e+02
3.191225569572543463e+02 2.657954370752624982e+02
3.200940587394597401e+02 2.661766342859248198e+02
3.210663554216386046e+02 2.665646049523545571e+02
3.220412416115626684e+02 2.669646089103804343e+02
3.230229404697360565e+02 2.673804237948916125e+02
3.240136264155544268e+02 2.678157619730967554e+02
3.250129250496926261e+02 2.682702226231585314e+02
3.260149336458326843e+02 2.687430364525347386e+02
3.270104338299364031e+02 2.692294916321653773e+02
3.279871724404632687e+02 2.697239751505358072e+02
3.289322137114728548e+02 2.702210740292114792e+02
3.298372392257693946e+02 2.707183800206224191e+02
3.306989711663232470e+02 2.712163392643425937e+02
3.315222531411841373e+02 2.717179796153981215e+02
3.323171387829696073e+02 2.722263235431756812e+02
3.330918947584262924e+02 2.727448677247978139e+02
3.338528282455350791e+02 2.732745159029919932e+02
3.346016218113522314e+02 2.738166544868253709e+02
3.353387734000975229e+02 2.743710362667634399e+02
3.360651180129630688e+02 2.749373769172726156e+02
3.367838686617349140e+02 2.755135929978657146e+02
3.374995323536193155e+02 2.760968561111091617e+02
3.382180899894575532e+02 2.766832893393965378e+02
3.389429373232574108e+02 2.772726700176921213e+02
3.396733041736948167e+02 2.778677568489026726e+02
3.404076306244705847e+02 2.784729115729493856e+02
3.411431479258055219e+02 2.790905778417426291e+02
3.418755648254726793e+02 2.797216293625132835e+02
3.426008260823970204e+02 2.803649827674460084e+02
3.433131233767713297e+02 2.810181228692679838e+02
3.440088703725414234e+02 2.816767083171864670e+02
3.446853575599518535e+02 2.823368527775967891e+02
3.453450934453846912e+02 2.829959333268000705e+02
3.459945369549161569e+02 2.836541533829450827e+02
3.466428101796220176e+02 2.843130655217636331e+02
3.472983736904792522e+02 2.849780582668703346e+02
3.479666772537651696e+02 2.856564526045731327e+02
3.486451826464598867e+02 2.863581130472726386e+02
3.493252361992737178e+02 2.870920757367244960e+02
3.499958243306755890e+02 2.878680616440146878e+02
3.506493171014750487e+02 2.886932857654669533e+02
3.512847446234760014e+02 2.895668196448967819e+02
3.519075610293262457e+02 2.904750589721761571e+02
3.525287058952986285e+02 2.913935769619869802e+02
3.531590798496083039e+02 2.922942883335489341e+02
3.538059099137947783e+02 2.931528911949053509e+02
3.544735406303332752e+02 2.939536058100737819e+02
3.551612964693302956e+02 2.946913602945559205e+02
3.558635851260826826e+02 2.953688471990212179e+02
3.565702215901422392e+02 2.959956062158740906e+02
3.572738423754818768e+02 2.965815650232684675e+02
3.579692040108442370e+02 2.971372296957410981e+02
3.586539860191188041e+02 2.976731468444530151e+02
3.593258217808112818e+02 2.981998149985472537e+02
3.599810643340954925e+02 2.987274983593780462e+02
3.606154841183354733e+02 2.992663415305269154e+02
3.612202278668648887e+02 2.998283028251830729e+02
3.617846606824566607e+02 3.004265712386825271e+02
3.623010494328128743e+02 3.010734546396409996e+02
3.627646498813868448e+02 3.017792966535151891e+02
3.631759563461287712e+02 3.025504511524131317e+02
3.635405999740834773e+02 3.033879871732654010e+02
3.638710724187133110e+02 3.042860280561551463e+02
3.641847613836706614e+02 3.052318837951053183e+02
3.645013733035449377e+02 3.062073313640015044e+02
3.648355125415719158e+02 3.071927235605114674e+02
3.651933543187984696e+02 3.081710455741743431e+02
3.655736054991294282e+02 3.091314396739177255e+02
3.659686418086118920e+02 3.100722476342770619e+02
3.663678277498059970e+02 3.110003384723731870e+02
3.667613377311890304e+02 3.119249182954847015e+02
3.671408580546851681e+02 3.128530333937211481e+02
3.675010042677124602e+02 3.137874527539717064e+02
3.678353015338037721e+02 3.147302832634482570e+02
3.681362603813752230e+02 3.156839619677787141e+02
3.683979280308284388e+02 3.166504258788512516e+02
3.686148899251295461e+02 3.176314368729742910e+02
3.687844121599103460e+02 3.186278845522530219e+02
3.689069568838744431e+02 3.196396185352533053e+02
3.689866187725729105e+02 3.206653064300916753e+02
3.690319475770230611e+02 3.217021661802368726e+02
3.690496919995904932e+02 3.227480017835530361e+02
3.690437850588724018e+02 3.238015334507160787e+02
3.690146670323373996e+02 3.248626179171087074e+02
3.689572181491617471e+02 3.259329211367253833e+02
3.688644440436868308e+02 3.270157359560603254e+02
3.687313700344899416e+02 3.281160052554217259e+02
3.685570652422347848e+02 3.292356997921922925e+02
3.683423416953256151e+02 3.303739895694620259e+02
3.680880033847905679e+02 3.315297096389802505e+02
3.677932388582480030e+02 3.326993256305015052e+02
3.674561992223017910e+02 3.338775627726363950e+02
3.670755248783742672e+02 3.350598420379000117e+02
3.666511340273232804e+02 3.362410255888192978e+02
3.661847493740211235e+02 3.374174684928950683e+02
3.656778939510574560e+02 3.385874426746859740e+02
3.651338388746804640e+02 3.397487879482068820e+02
3.645576566426779550e+02 3.408972983306721858e+02
3.639531921656283089e+02 3.420258031924969373e+02
3.633242487048049156e+02 3.431224374005724940e+02
3.626749847970712608e+02 3.441750509073205535e+02
3.620070098167627748e+02 3.451748480675544783e+02
3.613198222224293659e+02 3.461172787668610340e+02
3.606094663553508894e+02 3.470020148892733118e+02
3.598712305645744323e+02 3.478302120602928085e+02
3.591014331323326587e+02 3.486021933577443406e+02
3.582980419648703219e+02 3.493202941796603795e+02
3.574637481193988719e+02 3.499885929989271744e+02
3.566044321616139996e+02 3.506124997108395291e+02
3.557271828502364883e+02 3.511974885194305784e+02
3.548389996029329723e+02 3.517482613734804886e+02
3.539453769416637101e+02 3.522687153777384310e+02
3.530494076279519504e+02 3.527634913027396237e+02
3.521518713994106520e+02 3.532401110259927464e+02
3.512520957752632285e+02 3.537067235579655744e+02
3.503514633482534464e+02 3.541707029834356604e+02
3.494508832143761765e+02 3.546348431149364160e+02
3.485491835742670332e+02 3.550955428060879058e+02
3.476446452525186714e+02 3.555475187272658673e+02
3.467349487856944279e+02 3.559836427577245104e+02
3.458169887662369320e+02 3.563943714316415026e+02
3.448874007963411827e+02 3.567693653604271731e+02
3.439436438629679742e+02 3.571008155622826052e+02
3.429834693614222942e+02 3.573818116778882086e+02
3.420061553989348795e+02 3.576101352032818568e+02
3.410115915101313817e+02 3.577854466588604510e+02
3.400004157331129591e+02 3.579097068483828252e+02
3.389734211288171650e+02 3.579853529881606846e+02
3.379306330702431183e+02 3.580124630539011150e+02
3.368722978611390317e+02 3.579917939805179685e+02
3.357987936947934600e+02 3.579276331558914990e+02
3.347094570638076334e+02 3.578281571672641235e+02
3.336041744642831759e+02 3.577012679363555208e+02
3.324835254194621257e+02 3.575540950395074447e+02
3.313502254768577586e+02 3.573902557368298289e+02
3.302087274835097332e+02 3.572119680513704907e+02
3.290666094649737943e+02 3.570214752300346390e+02
3.279323955474450258e+02 3.568208546294620191e+02
3.268151377869380099e+02 3.566095594664133159e+02
3.257231019467187707e+02 3.563872378209700855e+02
3.246655226671190348e+02 3.561541657980791911e+02
3.236510909845666220e+02 3.559113695165509625e+02
3.226850509667384017e+02 3.556614205244017626e+02
3.217708732476679643e+02 3.554065788281371283e+02
3.209098273180727006e+02 3.551453260986365308e+02
3.201007188208691332e+02 3.548735458797594333e+02
3.193384989326265782e+02 3.545830842447237501e+02
3.186141131502863004e+02 3.542642744892639826e+02
3.179161013447410369e+02 3.539109416369556698e+02
3.172298866740227368e+02 3.535206054307063823e+02
3.165369232309711833e+02 3.530957745914255383e+02
3.158165107230000785e+02 3.526411921156174571e+02
3.150511146310110462e+02 3.521623165409972671e+02
3.142305749891299911e+02 3.516622751082721834e+02
3.133522315738387078e+02 3.511430176535462238e+02
3.124210001669218855e+02 3.506045588207755941e+02
3.114473537217796206e+02 3.500473606738944454e+02
3.104468888116887797e+02 3.494700792579117206e+02
3.094365574910843861e+02 3.488701650292541672e+02
3.084304786281198858e+02 3.482477665209767110e+02
3.074389689599701683e+02 3.476045817931670285e+02
3.064681344519535173e+02 3.469448390004499743e+02
3.055233593268022787e+02 3.462718959080896752e+02
3.046075461774995574e+02 3.455886421918419273e+02
3.037232583382148050e+02 3.448946465189627020e+02
3.028696633521401509e+02 3.441883362961596049e+02
3.020436210394276486e+02 3.434659074897153346e+02
3.012410353085028873e+02 3.427236788778469645e+02
3.004558206378936802e+02 3.419592044414600309e+02
2.996806653713906599e+02 3.411743785737221515e+02
2.989104884379005398e+02 3.403732354799512905e+02
2.981387863803814753e+02 3.395620115666851575e+02
2.973590437338321522e+02 3.387481344150115206e+02
2.965712808343741926e+02 3.379370668290129061e+02
2.957790016129794139e+02 3.371318950617159658e+02
2.949880758538888017e+02 3.363322917800113032e+02
2.942078577146623957e+02 3.355335453237518095e+02
2.934470675634382246e+02 3.347294939803885541e+02
2.927115786273531057e+02 3.339172097176470970e+02
2.920019424418969720e+02 3.330965130679724098e+02
2.913146539039390177e+02 3.322685445786199807e+02
2.906474878530542583e+02 3.314340283083466261e+02
2.899986090073538207e+02 3.305935614509135121e+02
2.893657351510173612e+02 3.297478866306866507e+02
2.887446451357002388e+02 3.288983773933164230e+02
2.881317853611855071e+02 3.280461900668260569e+02
2.875248289182595727e+02 3.271920818186422366e+02
2.869244186310451710e+02 3.263358434762350839e+02
2.863318201783994255e+02 3.254770631925082967e+02
2.857483971842749497e+02 3.246152972494031701e+02
2.851774636162277261e+02 3.237494672944548029e+02
2.846234612367982209e+02 3.228781279949907912e+02
2.840939917265148438e+02 3.219988057930186187e+02
2.835940664509499811e+02 3.211098700092009608e+02
2.831247799227742235e+02 3.202109644932691026e+02
2.826820298590503171e+02 3.193034241125209860e+02
2.822607858757407371e+02 3.183888857348300689e+02
2.818584329338846146e+02 3.174682002839492156e+02
2.814699691771422749e+02 3.165429953449472578e+02
2.810892811198847312e+02 3.156152602228447677e+02
2.807112328255927309e+02 3.146866661318922525e+02
2.803316763670127898e+02 3.137585627918749651e+02
2.799469858737601839e+02 3.128321300472545090e+02
2.795534964875965898e+02 3.119085604289919615e+02
2.791456300926877248e+02 3.109896690348086850e+02
2.787187499872250100e+02 3.100769646298751354e+02
2.782699843829677775e+02 3.091713816831851886e+02
2.777961638526954289e+02 3.082739515143272229e+02
2.772968310023205731e+02 3.073848229576012727e+02
2.767770599583507760e+02 3.065023449115001313e+02
2.762484291623813988e+02 3.056227497950733891e+02
2.757230742970376127e+02 3.047420887032544670e+02
2.752078543717830144e+02 3.038581297403967483e+02
2.747066539081284873e+02 3.029696088979436581e+02
2.742230626413750088e+02 3.020753580896528092e+02
2.737574248057420618e+02 3.011752653030157489e+02
2.733061230891544255e+02 3.002705075976525677e+02
2.728632161230928546e+02 2.993630182723296684e+02
2.724223346235718850e+02 2.984548698678818255e+02
2.719784339427051805e+02 2.975477038935848668e+02
2.715290996863393502e+02 2.966423059841328040e+02
2.710757772578273261e+02 2.957382058107604053e+02
2.706232526539292280e+02 2.948338460282867572e+02
2.701734524451667312e+02 2.939285997379760715e+02
2.697268083506992298e+02 2.930223264600525681e+02
2.692820347222811961e+02 2.921154445395756056e+02
2.688382567105148269e+02 2.912082386492190835e+02
2.683930554917227482e+02 2.903004789585717731e+02
2.679412422795408020e+02 2.893905297411690754e+02
2.674775121236683049e+02 2.884774324484693580e+02
2.670001186243299571e+02 2.875600149384912356e+02
2.665094716657499703e+02 2.866407002993310584e+02
2.660065964449006515e+02 2.857262070295686271e+02
2.654924569058265433e+02 2.848257574610609595e+02
2.649652706733438663e+02 2.839495190963874620e+02
2.644220048941546111e+02 2.831061692352936916e+02
2.638580386069015731e+02 2.823018638418093360e+02
2.632661391187519939e+02 2.815402330607504950e+02
2.626409082506918367e+02 2.808212372899327534e+02
2.619799635574111676e+02 2.801414653103152546e+02
2.612819865568324076e+02 2.794956306529430208e+02
2.605459936960222080e+02 2.788776469567006870e+02
2.597732446273710138e+02 2.782807010848030131e+02
2.589698224933839015e+02 2.776967510765894076e+02
2.581432486406237672e+02 2.771163026786991850e+02
2.572996360920742518e+02 2.765279800696234247e+02
2.564451036434429625e+02 2.759217211130039686e+02
2.555846722407360687e+02 2.752900524241189260e+02
2.547205413797005349e+02 2.746274429751740627e+02
2.538526998840014812e+02 2.739324946073482465e+02
2.529792921547752371e+02 2.732065661811408859e+02
2.520988668163848274e+02 2.724547602056172195e+02
2.512119046748898370e+02 2.716883207276702592e+02
2.503180888832976905e+02 2.709223489038114394e+02
2.494178524415891616e+02 2.701740143826399958e+02
2.485116292618393175e+02 2.694624351484980025e+02
2.475996213531964827e+02 2.688039610937798898e+02
2.466804637563633378e+02 2.682116325505026566e+02
2.457517825253075898e+02 2.676930847957560218e+02
2.448093022783231447e+02 2.672506849162023173e+02
2.438487382930722447e+02 2.668822306394949919e+02
2.428659925240198731e+02 2.665827678804719199e+02
2.418594169651171342e+02 2.663451119765759358e+02
2.408278292848390549e+02 2.661594922603698024e+02
2.397710618397841529e+02 2.660154913542714894e+02
2.386923103798454804e+02 2.659009380860850342e+02
2.375965575970282941e+02 2.658051777805277425e+02
2.364893295446279353e+02 2.657187828533927245e+02
2.353770646500227315e+02 2.656303336427807835e+02
2.342637119073173153e+02 2.655277956079626165e+02
2.331497471006443902e+02 2.654011645553448488e+02
2.320350084175255461e+02 2.652452151096563284e+02
2.309187380384902895e+02 2.650629669569155453e+02
2.298012893847104010e+02 2.648637569620393606e+02
2.286823743572344370e+02 2.646600405418411697e+02
2.275613598462073242e+02 2.644632128337009931e+02
2.264392316675038330e+02 2.642814290300176481e+02
2.253188576293494805e+02 2.641186385801175334e+02
2.242040666091370156e+02 2.639736197688492325e+02
2.230983998704016358e+02 2.638404470266558519e+02
2.220044427739377966e+02 2.637107548204662066e+02
2.209236631495725760e+02 2.635763919289855721e+02
2.198556991758038066e+02 2.634289296565733025e+02
2.187986441730365641e+02 2.632608731584730322e+02
2.177500481959261833e+02 2.630680802274461030e+02
2.167069020419967273e+02 2.628484614498286760e+02
2.156660864949149072e+02 2.626019097393646007e+02
2.146248938981390779e+02 2.623305070953460927e+02
2.135790027514868257e+02 2.620343168121083863e+02
2.125219326955070187e+02 2.617129047820785672e+02
2.114484465662713433e+02 2.613668425750137203e+02
2.103547282323499985e+02 2.609990166629665964e+02
2.092406068115884068e+02 2.606143894606003073e+02
2.081089116581306371e+02 2.602206025119425590e+02
2.069674486453150450e+02 2.598269432682812408e+02
2.058284191746524243e+02 2.594437359687735807e+02
2.047061668506574108e+02 2.590818318613903557e+02
2.036122925542244388e+02 2.587472696840357003e+02
2.025515184124994335e+02 2.584372099302001970e+02
2.015241400024942209e+02 2.581410234987820900e+02
2.005279674457306669e+02 2.578465575764342930e+02
1.995612772455222625e+02 2.575429051800645652e+02
1.986228573400488813e+02 2.572249776176854539e+02
1.977116563870294215e+02 2.568904585230893076e+02
1.968248265753874193e+02 2.565397161585095205e+02
1.959589678643507682e+02 2.561730860544932966e+02
1.951126497928812569e+02 2.557923965636374248e+02
1.942872883580131997e+02 2.554028298628395532e+02
1.934837131467803886e+02 2.550093624877775937e+02
1.926984684880984560e+02 2.546146668699953466e+02
1.919256879866485406e+02 2.542185087319585080e+02
1.911580780557713410e+02 2.538191990113108432e+02
1.903915392447393344e+02 2.534143647300221005e+02
1.896265431510582857e+02 2.530039491801342706e+02
1.888646180968962653e+02 2.525877821019910243e+02
1.881082163410315218e+02 2.521627930116102334e+02
1.873600036077696416e+02 2.517287812128883502e+02
1.866229528220406166e+02 2.512861895357713706e+02
1.858971451216738444e+02 2.508351251327330829e+02
1.851772160324614447e+02 2.503757877172510007e+02
1.844557728997171466e+02 2.499037179238219437e+02
1.837249015409865365e+02 2.494131832817677434e+02
1.829775878692664719e+02 2.488958333240047978e+02
1.822088539569119234e+02 2.483449633079310956e+02
1.814186029849569479e+02 2.477577096569214632e+02
1.806103190342835774e+02 2.471397541459104161e+02
1.797878294806448594e+02 2.465029365392472869e+02
1.789526072204855041e+02 2.458614075543718513e+02
1.781046810586921083e+02 2.452322548866899012e+02
1.772453216895920605e+02 2.446343726088149424e+02
1.763761618283517691e+02 2.440895351320406235e+02
1.754996481278865019e+02 2.436187735330516091e+02
1.746166747480954484e+02 2.432393334968175225e+02
1.737278193832713953e+02 2.429629281093239115e+02
1.728326413826669352e+02 2.427958915821964183e+02
1.719292041396585375e+02 2.427363218040330821e+02
1.710136706295361080e+02 2.427792912251005077e+02
1.700842027232938563e+02 2.429153277523483325e+02
1.691383571078596049e+02 2.431296026671793129e+02
1.681744806076630141e+02 2.434011674198935680e+02
1.671927849155165973e+02 2.437045210005864533e+02
1.661961190492741025e+02 2.440137322288901487e+02
1.651922546247263597e+02 2.443007402217465653e+02
1.641885082416661419e+02 2.445362408771140110e+02
1.631916778542101838e+02 2.446911977095847988e+02
1.622088907885524804e+02 2.447401718778464499e+02
1.612445788680997225e+02 2.446677811469087942e+02
1.603032791845450902e+02 2.444674372902299524e+02
1.593868642933093156e+02 2.441405805724371021e+02
1.584929267238782415e+02 2.436960391885170338e+02
1.576201855526160784e+02 2.431473508787773312e+02
1.567672247843934770e+02 2.425128285267374508e+02
1.559331610238816381e+02 2.418110418182777153e+02
1.551178821053987633e+02 2.410590685847843702e+02
1.543191012172164562e+02 2.402707034208915786e+02
1.535302301614316320e+02 2.394576134774678167e+02
1.527417462388542049e+02 2.386277768730968205e+02
1.519426829620038006e+02 2.377896373231541531e+02
1.511260605186667476e+02 2.369549221053060819e+02
1.502887779942607551e+02 2.361365139690553576e+02
1.494295190406068059e+02 2.353459641235367314e+02
1.485506911272376840e+02 2.345896369775560686e+02
1.476586692339489844e+02 2.338693459374676706e+02
1.467625443366803495e+02 2.331845410201223672e+02
1.458703796321530604e+02 2.325300367709950535e+02
1.449870359257431289e+02 2.318995255690525141e+02
1.441142586916975858e+02 2.312892740987907132e+02
1.432523905490245681e+02 2.306994400853348566e+02
1.423978247573079443e+02 2.301342289387208098e+02
1.415419625303579778e+02 2.296004442521951887e+02
1.406717519469712840e+02 2.291047875281191750e+02
1.397763423165732490e+02 2.286500860132201183e+02
1.388522660775739723e+02 2.282326348412899506e+02
1.378995174461954036e+02 2.278439231148701651e+02
1.369219864744448500e+02 2.274718450343433460e+02
1.359262275053849010e+02 2.271028810129176634e+02
1.349218337982165963e+02 2.267236594019700249e+02
1.339198644063332040e+02 2.263224369113718808e+02
1.329290063108840627e+02 2.258913107110280407e+02
1.319545117110636738e+02 2.254268145156615901e+02
1.309996211191134137e+02 2.249283681508048289e+02
1.300667711777025488e+02 2.243953028321105307e+02
1.291613803930697770e+02 2.238220811714633669e+02
1.282919040310368928e+02 2.231999492700243763e+02
1.274681807933085054e+02 2.225178701086865658e+02
1.267017069068976980e+02 2.217675704215612882e+02
1.260065152060168145e+02 2.209457122576349661e+02
1.253972839850576690e+02 2.200583614503002536e+02
1.248887920000424856e+02 2.191189734034690275e+02
1.244920853668313896e+02 2.181461858309069157e+02
1.242136550368569772e+02 2.171610356831414492e+02
1.240589626706812680e+02 2.161839336668949727e+02
1.240327946983726406e+02 2.152346373703856557e+02
1.241382562376548151e+02 2.143281187623525739e+02
1.243770656168683786e+02 2.134728709604631831e+02
1.247502967047574032e+02 2.126736290641800906e+02
1.252567712990883706e+02 2.119321467033094564e+02
1.258913350030025526e+02 2.112507299615495810e+02
1.266419669625558413e+02 2.106316446101712359e+02
1.274894126522873137e+02 2.100764626651653657e+02
1.284113006484334107e+02 2.095846912565762352e+02
1.293855391903555585e+02 2.091537463517248057e+02
1.303917717865130328e+02 2.087801490625481620e+02
1.314098018458357728e+02 2.084568592488385548e+02
1.324231671764281941e+02 2.081706580138948084e+02
1.334219099642191964e+02 2.079020056260932847e+02
1.344030040587296071e+02 2.076307757211752119e+02
1.353665341692809534e+02 2.073405009226242157e+02
1.363156716518973894e+02 2.070224609656525558e+02
1.372544319609943670e+02 2.066756552550187962e+02
1.381864173698851914e+02 2.063080290796400504e+02
1.391160505160965499e+02 2.059331739856501713e+02
1.400483134808442003e+02 2.055664007884343505e+02
1.409880689065916499e+02 2.052226532469999540e+02
1.419382520161457819e+02 2.049109518193771748e+02
1.428995454050696878e+02 2.046333942422743348e+02
1.438715161852433084e+02 2.043886501740527137e+02
