1.317395209227116482e+02 2.087450429564112824e+02
1.327441769998486336e+02 2.083280667954658725e+02
1.337801173402543782e+02 2.079765197888152386e+02
1.348235640248552443e+02 2.076824112708096095e+02
1.358590779092106970e+02 2.074370009734929283e+02
1.368795476645726978e+02 2.072299073002424166e+02
1.378862708770315351e+02 2.070477760151630946e+02
1.388846186692250058e+02 2.068791256837362766e+02
1.398793876811062091e+02 2.067164641846226800e+02
1.408734585083743696e+02 2.065548734437666099e+02
1.418677397260829309e+02 2.063940140419992133e+02
1.428630023972257561e+02 2.062365662746138355e+02
1.438600438490435067e+02 2.060853017341618170e+02
1.448593332439243397e+02 2.059418512779802768e+02
1.458617422783973439e+02 2.058092450140146070e+02
1.468687928964499463e+02 2.056927733781163283e+02
1.478817811695469402e+02 2.055969416497172517e+02
1.489007367881030746e+02 2.055183553150849320e+02
1.499271038317486386e+02 2.054471028206569372e+02
1.509623204937393837e+02 2.053710131759165733e+02
1.520035585538115015e+02 2.052799658258326190e+02
1.530440672580650414e+02 2.051704679871618566e+02
1.540764169540983346e+02 2.050500429332071519e+02
1.550938006149431772e+02 2.049321002280872790e+02
1.560918332863448370e+02 2.048338280935888065e+02
1.570688849815215917e+02 2.047719177251179588e+02
1.580253940964602464e+02 2.047579159739321426e+02
1.589638195177815874e+02 2.047984024921182993e+02
1.598877276680673276e+02 2.048939756064842754e+02
1.608017877731325029e+02 2.050422452814053713e+02
1.617112689918588728e+02 2.052392753582617502e+02
1.626216326345298739e+02 2.054809693043748666e+02
1.635386124439175433e+02 2.057654508045192472e+02
1.644667327174141462e+02 2.060886577184824091e+02
1.654085476574338429e+02 2.064396796506699729e+02
1.663655212696109800e+02 2.068017982347590191e+02
1.673378639501228804e+02 2.071526642136155090e+02
1.683255624266489008e+02 2.074699791474544099e+02
1.693295031526418484e+02 2.077347059691361437e+02
1.703520933201752996e+02 2.079319797953675106e+02
1.713954635111155653e+02 2.080580046399906280e+02
1.724600071760013122e+02 2.081181812272785692e+02
1.735419569799372255e+02 2.081270737538033018e+02
1.746338979622310887e+02 2.081041603878547903e+02
1.757235519117688796e+02 2.080708916966012225e+02
1.767961481183466788e+02 2.080476861089996987e+02
1.778389743646335717e+02 2.080513314437152417e+02
1.788466122974970176e+02 2.080940022061724335e+02
1.798228385184986564e+02 2.081828906211760852e+02
1.807739301943243788e+02 2.083236267038591905e+02
1.817053329781611808e+02 2.085194564336375151e+02
1.826214340224220791e+02 2.087730968115608903e+02
1.835259569190608886e+02 2.090844807782420958e+02
1.844188272660360326e+02 2.094503800780631195e+02
1.852963015786273502e+02 2.098647448558065776e+02
1.861530153983455875e+02 2.103175255047579526e+02
1.869839799435810050e+02 2.107939016082210060e+02
1.877878850973965257e+02 2.112795854888613007e+02
1.885676543435556596e+02 2.117612754536783086e+02
1.893314561503349864e+02 2.122311191456362565e+02
1.900901897868729975e+02 2.126833453498503275e+02
1.908548739555147051e+02 2.131125980137041722e+02
1.916345590502988614e+02 2.135140904459871365e+02
1.924348997601936730e+02 2.138840149075181216e+02
1.932583412026276051e+02 2.142211373068249145e+02
1.941058518801039838e+02 2.145313453673980746e+02
1.949778100808198076e+02 2.148245518682645923e+02
1.958761799555902314e+02 2.151145472899301865e+02
1.968063647183998341e+02 2.154171441407232805e+02
1.977751885246573806e+02 2.157430532428323886e+02
1.987878684769758593e+02 2.160978765906637875e+02
1.998465673655750834e+02 2.164769463106688647e+02
2.009476957482501689e+02 2.168665263824029807e+02
2.020815614810898637e+02 2.172441569512938599e+02
2.032314042053206435e+02 2.175828903646835215e+02
2.043784927410632974e+02 2.178585966572935604e+02
2.055074679970820171e+02 2.180563139336086635e+02
2.066087325246079729e+02 2.181697326368196457e+02
2.076789802859652241e+02 2.182001940513427485e+02
2.087192050261421628e+02 2.181564443328991274e+02
2.097345802356767308e+02 2.180504807987161371e+02
2.107322137092571950e+02 2.178977764668791224e+02
2.117190264810296867e+02 2.177109559690003948e+02
2.126989124032824066e+02 2.175000570205749852e+02
2.136739963918169565e+02 2.172724660502958329e+02
2.146465111840797704e+02 2.170359442861260106e+02
2.156189778713010128e+02 2.167992553038203027e+02
2.165943018321118529e+02 2.165724985021731186e+02
2.175745781240122199e+02 2.163629565193103303e+02
2.185613134853730344e+02 2.161758669347761952e+02
2.195540785648749988e+02 2.160097372786564165e+02
2.205513096722014552e+02 2.158591320005103853e+02
2.215508014400157606e+02 2.157163850137281429e+02
2.225498550096066310e+02 2.155721148042711661e+02
2.235456393716312675e+02 2.154164804887389266e+02
2.245352610354860303e+02 2.152394239923590931e+02
2.255165361981632941e+02 2.150333541883758244e+02
2.264897841776113694e+02 2.147993810592428758e+02
2.274579374461055181e+02 2.145476981840842825e+02
2.284259524817215947e+02 2.142955347970408297e+02
2.293998465616417377e+02 2.140638075804574498e+02
2.303855979813764634e+02 2.138732977123273145e+02
2.313880316213017636e+02 2.137407769794771468e+02
2.324089610967777730e+02 2.136725496978353078e+02
2.334467638302818386e+02 2.136629756188982014e+02
2.344989238155462488e+02 2.136998111220631813e+02
2.355647084087245275e+02 2.137690758569056300e+02
2.366434694341824354e+02 2.138592822806793379e+02
2.377351662382974098e+02 2.139643028023173770e+02
2.388384309955689560e+02 2.140846745125012376e+02
2.399508893579192659e+02 2.142249773457506308e+02
2.410679452506867619e+02 2.143927893219722023e+02
2.421831069357049842e+02 2.145925387846008334e+02
2.432882668428034663e+02 2.148277901257212932e+02
2.443752241477491225e+02 2.150988609723082163e+02
2.454349907250991691e+02 2.154024641100352255e+02
2.464596162415494405e+02 2.157317724391996876e+02
2.474416383820839656e+02 2.160782045639008970e+02
2.483770786311467873e+02 2.164335878697486635e+02
2.492664302331349688e+02 2.167941281059651715e+02
2.501119942325051397e+02 2.171608719063968067e+02
2.509153926272372814e+02 2.175414107306235110e+02
2.516795120847720852e+02 2.179452219043801904e+02
2.524077239071858116e+02 2.183799805244291292e+02
2.531019132171556976e+02 2.188494615526896609e+02
2.537643080118122327e+02 2.193532893846004015e+02
2.543981626367494755e+02 2.198910064715250030e+02
2.550094953564527600e+02 2.204635630042780576e+02
2.556051263276180521e+02 2.210722008462347503e+02
2.561933926662133558e+02 2.217201759761013875e+02
2.567806080889484974e+02 2.224118384148328573e+02
2.573708910171374100e+02 2.231519949088216208e+02
2.579676330737398757e+02 2.239415042634582846e+02
2.585723499155331524e+02 2.247765163895837759e+02
2.591866612028251211e+02 2.256475166623769155e+02
2.598124324593262031e+02 2.265408209734529805e+02
2.604532537647417598e+02 2.274410753486778276e+02
2.611108819942452328e+02 2.283345977999055947e+02
2.617883826816467945e+02 2.292084755194455852e+02
2.624895865217873734e+02 2.300538408224230125e+02
2.632182266451537771e+02 2.308657405714718038e+02
2.639744592589066201e+02 2.316453254291503185e+02
2.647529957818044295e+02 2.323978638516320245e+02
2.655443937314444725e+02 2.331316662712808636e+02
2.663353726681344824e+02 2.338546113556604951e+02
2.671114375056163794e+02 2.345742185805750637e+02
2.678629930356651698e+02 2.352965385211312537e+02
2.685844920117958736e+02 2.360261502770695756e+02
2.692773895340210970e+02 2.367653448579825408e+02
2.699458619943563917e+02 2.375159040830902484e+02
2.705964209429549783e+02 2.382792449614265990e+02
2.712365162713368818e+02 2.390565738732545356e+02
2.718726375430193229e+02 2.398490758651372801e+02
2.725072028933151387e+02 2.406583601255686631e+02
2.731397370834160938e+02 2.414856538742010912e+02
2.737717389449550751e+02 2.423310056263583192e+02
2.744083103223096032e+02 2.431938800308037116e+02
2.750600284180454764e+02 2.440698170164747012e+02
2.757368279303153713e+02 2.449524269351325358e+02
2.764454813387049512e+02 2.458318189193602166e+02
2.771876414449707795e+02 2.466973637387361578e+02
2.779640581390769398e+02 2.475411351388459593e+02
2.787769548930644419e+02 2.483573125416185121e+02
2.796254462841151280e+02 2.491435523932496210e+02
2.805060395889640290e+02 2.498957399343058796e+02
2.814111293381324685e+02 2.506111079615046151e+02
2.823331714883863128e+02 2.512868278971675124e+02
2.832650768594317015e+02 2.519213159257241728e+02
2.842037428618260719e+02 2.525119870536057931e+02
2.851461711280196596e+02 2.530577507208477073e+02
2.860863081908888716e+02 2.535576356469634334e+02
2.870150541145411580e+02 2.540119881508138917e+02
2.879224322717062705e+02 2.544252869934227022e+02
2.888005292457558539e+02 2.548030989348233106e+02
2.896431220826030426e+02 2.551518030406549542e+02
2.904486831507803117e+02 2.554780363348817218e+02
2.912213990913918451e+02 2.557886223085650954e+02
2.919690105296695606e+02 2.560913193360848936e+02
2.927039462619874257e+02 2.563936848407252000e+02
2.934420694954964119e+02 2.567025077975842464e+02
2.942034982839541613e+02 2.570232678287303543e+02
2.950054039484190298e+02 2.573627688426067266e+02
2.958585566356971412e+02 2.577268175875959741e+02
2.967676252786764621e+02 2.581205067576498777e+02
2.977335329777926063e+02 2.585462023653604433e+02
2.987535562779737575e+02 2.590057950424927640e+02
2.998224211185922741e+02 2.594985523380262862e+02
3.009297331668034872e+02 2.600207081402111271e+02
3.020588505284614484e+02 2.605665392959622295e+02
3.031889381601986315e+02 2.611287683328561684e+02
3.043001200909378667e+02 2.616993715423525941e+02
3.053754370864895691e+02 2.622720001194692259e+02
3.064021445772425523e+02 2.628385017549978784e+02
3.073699361274232160e+02 2.633925294431372208e+02
3.082733318410985248e+02 2.639266525701463024e+02
3.091103409923718459e+02 2.644357488564152163e+02
3.098841434666188661e+02 2.649133001183014358e+02
3.105993037088180699e+02 2.653545084383358699e+02
3.112626289589177304e+02 2.657562990031444770e+02
3.118834954787374727e+02 2.661200420022357775e+02
3.124723480585349193e+02 2.664510425834375837e+02
3.130416748359481289e+02 2.667600376899057437e+02
3.136067908867975120e+02 2.670611236493399474e+02
3.141806765831953498e+02 2.673678010347956615e+02
3.147732286877663341e+02 2.676924367454214462e+02
3.153926917952023246e+02 2.680463423140208761e+02
3.160433593001530426e+02 2.684404415322150612e+02
3.167245336877909381e+02 2.688815477996009236e+02
3.174330176654748357e+02 2.693716589251696405e+02
3.181675070920123858e+02 2.699102999470798636e+02
3.189305982865487863e+02 2.704929644280584284e+02
3.197233627215734941e+02 2.711128729047266006e+02
3.205459500931067396e+02 2.717600200201640064e+02
3.213982860704232962e+02 2.724240267906082522e+02
3.222782045928515231e+02 2.730947413772520349e+02
3.231812659347065164e+02 2.737644713919199262e+02
3.241040808870106957e+02 2.744271035625332615e+02
3.250425334212758344e+02 2.750813444152873899e+02
3.259932887979189786e+02 2.757261169126181812e+02
3.269515508339784446e+02 2.763623533731397970e+02
3.279126961871198205e+02 2.769891164587820640e+02
3.288712734610610937e+02 2.776066560326623858e+02
3.298232579143656267e+02 2.782141008397276210e+02
3.307643709390877689e+02 2.788129127466092996e+02
3.316914879019180944e+02 2.794035733793869554e+02
3.326004623475465110e+02 2.799883078161183221e+02
3.334873253369725603e+02 2.805658094041293680e+02
3.343461211502150832e+02 2.811329580880510548e+02
3.351739313349185068e+02 2.816854687003431081e+02
3.359711026467641659e+02 2.822188316063753746e+02
3.367363333384441262e+02 2.827302579974513037e+02
3.374698522669310137e+02 2.832179391034125047e+02
3.381732517434098781e+02 2.836814345402338517e+02
3.388489573645770747e+02 2.841238913742742511e+02
3.395016855317743989e+02 2.845538516174971164e+02
3.401386942118139132e+02 2.849831000155829202e+02
3.407650846916492355e+02 2.854263850787078809e+02
3.413849594495122801e+02 2.858944118545298352e+02
3.420022155823877483e+02 2.863941620497950566e+02
3.426222122259000002e+02 2.869290438866736395e+02
3.432489083589524625e+02 2.874972223199232531e+02
3.438837785765513217e+02 2.880947009083060948e+02
3.445269904865721742e+02 2.887166511158536082e+02
3.451788850705373193e+02 2.893573495984730926e+02
3.458370458283796438e+02 2.900116227895587144e+02
3.465016126802578356e+02 2.906742963289231056e+02
3.471753260749621859e+02 2.913411875518140732e+02
3.478586462378630131e+02 2.920102140575476710e+02
3.485521496462700384e+02 2.926784098672112009e+02
3.492553508003909428e+02 2.933441488233854670e+02
3.499655866058607216e+02 2.940073864468347438e+02
3.506791330318277460e+02 2.946715051377746022e+02
3.513918029689316427e+02 2.953425168103096894e+02
3.521002653118565604e+02 2.960294451086249410e+02
3.528020124489595446e+02 2.967413223470332468e+02
3.534969104125202648e+02 2.974856187231658851e+02
3.541878639349892524e+02 2.982642820982579224e+02
3.548787485930968160e+02 2.990749343165097116e+02
3.555738018393967081e+02 2.999117529303383094e+02
3.562739281971925038e+02 3.007668681346895028e+02
3.569753693295705830e+02 3.016318743637498301e+02
3.576727841859577666e+02 3.024988723514916842e+02
3.583604458612021517e+02 3.033625316295134553e+02
3.590357092852515279e+02 3.042210835332287502e+02
3.596950697079304291e+02 3.050772584252885622e+02
3.603346901869554131e+02 3.059348166530060098e+02
3.609508547810581831e+02 3.067981164129678291e+02
3.615380867935541573e+02 3.076697394509836840e+02
3.620876447522352350e+02 3.085522004995712564e+02
3.625912206066134331e+02 3.094478896051923584e+02
3.630422803560794591e+02 3.103586864585228113e+02
3.634362514495375649e+02 3.112859064836302991e+02
3.637714184595591860e+02 3.122300431718895766e+02
3.640502598664460265e+02 3.131903835181154818e+02
3.642771012381849118e+02 3.141656831499398095e+02
3.644569821834235199e+02 3.151544922809373475e+02
3.645911770196802877e+02 3.161564443175154793e+02
3.646797443694051708e+02 3.171715223952630254e+02
3.647250896750933862e+02 3.181990345203925017e+02
3.647297252306569249e+02 3.192392641788826495e+02
3.646947594341505692e+02 3.202951817092247211e+02
3.646204858234526682e+02 3.213693592089117601e+02
3.645052457750489907e+02 3.224639959498774147e+02
3.643461568460162425e+02 3.235773915545769341e+02
3.641386251782269596e+02 3.247038896014822740e+02
3.638793001791129882e+02 3.258360244314502552e+02
3.635658663460872049e+02 3.269682646070754117e+02
3.631957199302993331e+02 3.280964061193279235e+02
3.627670329600252899e+02 3.292191007930052251e+02
3.622795892871998831e+02 3.303369102765861385e+02
3.617354732193374502e+02 3.314499831203474969e+02
3.611396050472866932e+02 3.325559881728643177e+02
3.604991228037397377e+02 3.336482331734361537e+02
3.598214863515056550e+02 3.347148002101706084e+02
3.591118984664908567e+02 3.357428015795924807e+02
3.583745838910809880e+02 3.367194873404557711e+02
3.576133582409306086e+02 3.376371418802005451e+02
3.568290158593879937e+02 3.384952276379975729e+02
3.560214992172838606e+02 3.392978453499263765e+02
3.551920202173843109e+02 3.400505026325029689e+02
3.543446134499530444e+02 3.407622976727117248e+02
3.534841069362353778e+02 3.414431805027563200e+02
3.526173789642589895e+02 3.421017496497087791e+02
3.517494820736339420e+02 3.427410312050232619e+02
3.508811244415645660e+02 3.433580431542720817e+02
3.500086707918384263e+02 3.439458855946399467e+02
3.491265127497196090e+02 3.444964968353724544e+02
3.482316665881889435e+02 3.450030028512240960e+02
3.473233720264171893e+02 3.454627608268284575e+02
3.464024261151792530e+02 3.458785413937133626e+02
3.454710289689624005e+02 3.462579923790370344e+02
3.445317555898192268e+02 3.466100647581892531e+02
3.435864732274665698e+02 3.469412492857097732e+02
3.426355703162918189e+02 3.472528961999947796e+02
3.416780352680932538e+02 3.475414891150714993e+02
3.407127594551889160e+02 3.478031743256238428e+02
3.397388894277895588e+02 3.480349851512752366e+02
3.387543186847204311e+02 3.482330968952009584e+02
3.377559602189413113e+02 3.483982124034250205e+02
3.367418880334311098e+02 3.485328711263753689e+02
3.357115190750665761e+02 3.486410325854945995e+02
3.346669424685059653e+02 3.487246670011161882e+02
3.336117503934828505e+02 3.487834277484252539e+02
3.325523554132553272e+02 3.488125533904056397e+02
3.314984728471137032e+02 3.488073874833404489e+02
3.304602985476482218e+02 3.487623903056698964e+02
3.294451211568274402e+02 3.486715848357065397e+02
3.284547350213072718e+02 3.485299773619970551e+02
3.274874175702543084e+02 3.483328387942775635e+02
3.265398340751085584e+02 3.480807632263373534e+02
3.256105201794307504e+02 3.477811936004184759e+02
3.246990261987512554e+02 3.474455774193874049e+02
3.238070033872055546e+02 3.470861219617196411e+02
3.229365264918026242e+02 3.467145099805945279e+02
3.220915458207041979e+02 3.463416120448761149e+02
3.212758417635238857e+02 3.459761020833379916e+02
3.204887642876582277e+02 3.456223470137277900e+02
3.197255498349795175e+02 3.452776850503734067e+02
3.189775065592179999e+02 3.449358728491048964e+02
3.182351733298215777e+02 3.445882099785148966e+02
3.174904139353216124e+02 3.442290643030459023e+02
3.167405600820415543e+02 3.438565104715986536e+02
3.159875306814027454e+02 3.434695542181337942e+02
3.152350469635975401e+02 3.430693247626722382e+02
3.144883800146949397e+02 3.426566563459786607e+02
3.137519054473071378e+02 3.422331298789509333e+02
3.130279050200385313e+02 3.417978693914577093e+02
3.123134885384029644e+02 3.413475524264513297e+02
3.116027639163819458e+02 3.408783975582286416e+02
3.108880852419064809e+02 3.403855618606457938e+02
3.101630009525669038e+02 3.398650336078304690e+02
3.094242712094835497e+02 3.393131538939308030e+02
3.086700494058266031e+02 3.387295080814953963e+02
3.079039268969425507e+02 3.381145062677986743e+02
3.071321137432917112e+02 3.374709372818208521e+02
3.063568821197956140e+02 3.368019538254389431e+02
3.055757444587278542e+02 3.361096950000546144e+02
3.047856585480160447e+02 3.353961587452835147e+02
3.039837678139188029e+02 3.346617131527696642e+02
3.031675016083374885e+02 3.339068448870320367e+02
3.023381993189349259e+02 3.331307118306862094e+02
3.014989884853254694e+02 3.323343580186744930e+02
3.006566334927038042e+02 3.315201589168331111e+02
2.998186049350273379e+02 3.306944459362940165e+02
2.989937362232478222e+02 3.298641136665271461e+02
2.981858187606452475e+02 3.290350493779670273e+02
2.973933575268723644e+02 3.282102127496773392e+02
2.966151482556339261e+02 3.273882281012121780e+02
2.958484429543440228e+02 3.265672294286194415e+02
2.950918016717473620e+02 3.257443417740939253e+02
2.943475489465643022e+02 3.249178901995061324e+02
2.936195596266338157e+02 3.240867599949274336e+02
2.929089629148850236e+02 3.232506263130942443e+02
2.922147064902903821e+02 3.224097918840096781e+02
2.915374611474409789e+02 3.215640637345758250e+02
2.908762918102090111e+02 3.207137108659734395e+02
2.902305324891221403e+02 3.198589248689715987e+02
2.895970934927613030e+02 3.190005945809762125e+02
2.889736222349384320e+02 3.181393967901582300e+02
2.883560603122747352e+02 3.172764990114057468e+02
2.877408740403693628e+02 3.164129178093041901e+02
2.871254321361412849e+02 3.155494101470937380e+02
2.865100123354599759e+02 3.146858961261708600e+02
2.858971267544590091e+02 3.138216530650491336e+02
2.852879142063053450e+02 3.129563533518074792e+02
2.846822564850752997e+02 3.120900309917338973e+02
2.840792684878772434e+02 3.112229406097897595e+02
2.834768292352515573e+02 3.103556923658989035e+02
2.828701134268512192e+02 3.094896743946227957e+02
2.822563773398141507e+02 3.086256760056951975e+02
2.816384723316647296e+02 3.077628769252177108e+02
2.810205087010652960e+02 3.069000947091513467e+02
2.804088887883688130e+02 3.060354875426287435e+02
2.798081745734095307e+02 3.051677430427056379e+02
2.792224504072080435e+02 3.042956862299184877e+02
2.786511886877149209e+02 3.034194688839672835e+02
2.780919484145554179e+02 3.025397932278726785e+02
2.775432967012890231e+02 3.016570714720770638e+02
2.770006658019390784e+02 3.007726176583192910e+02
2.764588162149137816e+02 2.998879390779018195e+02
2.759141854250993333e+02 2.990040605893825614e+02
2.753605642579204869e+02 2.981227684380118603e+02
2.747913504800803253e+02 2.972459619435343257e+02
2.742026903862628160e+02 2.963747497336321430e+02
2.735943168118599829e+02 2.955092086657853088e+02
2.729677933425449510e+02 2.946488889302088410e+02
2.723287313961083100e+02 2.937921762433525146e+02
2.716858176664031816e+02 2.929365716312466930e+02
2.710480385089206834e+02 2.920784836951405623e+02
2.704218737692904142e+02 2.912127591229325390e+02
2.698123243673590537e+02 2.903363089347443520e+02
2.692262932945341163e+02 2.894487133274953976e+02
2.686702474521573549e+02 2.885522939120567116e+02
2.681447972971607214e+02 2.876522870100697560e+02
2.676481658127521541e+02 2.867544555219607219e+02
2.671754989869157271e+02 2.858642727443000240e+02
2.667143997272434035e+02 2.849866546548979613e+02
2.662491689550130332e+02 2.841233548604008092e+02
2.657644478335548683e+02 2.832760509388706964e+02
2.652504144581059791e+02 2.824468296444446196e+02
2.647023765519945755e+02 2.816381708885394914e+02
2.641157729915245227e+02 2.808534481512023149e+02
2.634890086086790575e+02 2.800950848993709315e+02
2.628215360878671731e+02 2.793643290876293577e+02
2.621124640574689693e+02 2.786610843954973120e+02
2.613619172500636409e+02 2.779828581850581486e+02
2.605730525076860431e+02 2.773243615562023479e+02
2.597505156912509960e+02 2.766775963493691961e+02
2.588991570784461373e+02 2.760317772582880025e+02
2.580252112627194379e+02 2.753767966749064158e+02
2.571380886407279718e+02 2.747038456054251583e+02
2.562474303350556397e+02 2.740102233463576340e+02
2.553618472873809822e+02 2.732990706831802754e+02
2.544868322109371661e+02 2.725750414579980543e+02
2.536235673987255836e+02 2.718432980160395118e+02
2.527702572786257349e+02 2.711106564365852591e+02
2.519242464816687175e+02 2.703867024540172679e+02
2.510814121724953338e+02 2.696800152763174765e+02
2.502349149976123499e+02 2.689969400608359820e+02
2.493788335397795777e+02 2.683436453013001710e+02
2.485095972303182634e+02 2.677316282575276318e+02
2.476270700158408999e+02 2.671734917542206631e+02
2.467322772358337204e+02 2.666818426894883487e+02
2.458255907115742218e+02 2.662661336954478202e+02
2.449083551587863781e+02 2.659309559511002021e+02
2.439788857349151669e+02 2.656732957966165714e+02
2.430320483125751139e+02 2.654832423537315549e+02
2.420636902570085454e+02 2.653482632178647691e+02
2.410713841798373096e+02 2.652570341007090065e+02
2.400562005298411350e+02 2.651992597913190366e+02
2.390200604839475886e+02 2.651641443656391743e+02
2.379656730699035165e+02 2.651419992460305366e+02
2.368984321184882447e+02 2.651231834539885313e+02
2.358240427816506326e+02 2.651002848116119708e+02
2.347468315680447120e+02 2.650669765955888124e+02
2.336713431218142887e+02 2.650182980144896305e+02
2.325979255179120173e+02 2.649501636014099972e+02
2.315210088234982493e+02 2.648606315684722858e+02
2.304348530598823572e+02 2.647482179852094077e+02
2.293352545879914715e+02 2.646157304432131241e+02
2.282246700871002645e+02 2.644664132038694788e+02
2.271117954432596662e+02 2.643062379043735177e+02
2.260072846272913694e+02 2.641394391349922444e+02
2.249202481926869268e+02 2.639647091694241681e+02
2.238575802968471748e+02 2.637795610780904099e+02
2.228228844731964102e+02 2.635805191367697944e+02
2.218163113929371093e+02 2.633637159536813215e+02
2.208350894354597642e+02 2.631256950671663617e+02
2.198737537675565932e+02 2.628653574817698200e+02
2.189247242192223553e+02 2.625874425781148602e+02
2.179811236083090762e+02 2.622993251013296572e+02
2.170371585953019462e+02 2.620088702678934283e+02
2.160911138818372308e+02 2.617221676475384129e+02
2.151452491179058200e+02 2.614435670641596516e+02
2.142037303793123328e+02 2.611755993840891392e+02
2.132681319313844313e+02 2.609162821064621767e+02
2.123358875730807540e+02 2.606637083759576399e+02
2.114028024166077557e+02 2.604161984659908740e+02
2.104638616760571495e+02 2.601723043547062844e+02
2.095174889672362326e+02 2.599301164288244763e+02
2.085673822415423615e+02 2.596882306055621257e+02
2.076217109357349955e+02 2.594459126996335954e+02
2.066901000505921502e+02 2.591992231798454895e+02
2.057820877634315480e+02 2.589439134734427626e+02
2.049030417852533219e+02 2.586741908118628999e+02
2.040510903871606843e+02 2.583870755278531988e+02
2.032176671429710950e+02 2.580802652054087503e+02
2.023892883075209852e+02 2.577552746809448649e+02
2.015533243835832309e+02 2.574138464956487269e+02
2.006996645338846861e+02 2.570611358812936942e+02
1.998251150417451925e+02 2.567023976020768146e+02
1.989318347626915227e+02 2.563451758526412050e+02
1.980257576956411754e+02 2.559946999027110905e+02
1.971147556894312061e+02 2.556543626999556977e+02
1.962099060030516853e+02 2.553267776211686169e+02
1.953224336612068157e+02 2.550112846046922073e+02
1.944600436436971336e+02 2.547063705109844705e+02
1.936276199201581107e+02 2.544097479352717528e+02
1.928251806636209835e+02 2.541162931497371460e+02
1.920474721199410624e+02 2.538202659041782283e+02
1.912900121422518396e+02 2.535133054898051341e+02
1.905494842958139827e+02 2.531872402883804796e+02
1.898233106685770224e+02 2.528330296331997999e+02
1.891085106536066291e+02 2.524418100970307819e+02
1.883985871552997367e+02 2.520061273631558834e+02
1.876837913699996534e+02 2.515196810779133330e+02
1.869527974682023626e+02 2.509827628095520140e+02
1.861984824781787324e+02 2.504001458611994906e+02
1.854179642512664259e+02 2.497808121287072822e+02
1.846111457937088574e+02 2.491353480468488044e+02
1.837806325104035068e+02 2.484755303220107976e+02
1.829336132845331520e+02 2.478098941436806513e+02
1.820804480198443400e+02 2.471417025335197195e+02
1.812316412588841104e+02 2.464699033361807778e+02
1.803933947591778235e+02 2.457899102201670019e+02
1.795651274225155873e+02 2.450966938132640394e+02
1.787455558627347614e+02 2.443869106105806850e+02
1.779347166420134840e+02 2.436651150174795930e+02
1.771340921108163684e+02 2.429414984373037782e+02
1.763449465753629397e+02 2.422327321149612658e+02
1.755675561796248019e+02 2.415568558286520897e+02
1.748005568381435637e+02 2.409345559792198515e+02
1.740423435172591837e+02 2.403874176070154931e+02
1.732917050244061556e+02 2.399397656600875735e+02
1.725487767043411225e+02 2.396132703431375148e+02
1.718109014347508321e+02 2.394231358621297545e+02
1.710707178726925406e+02 2.393765297393056244e+02
1.703219173025766509e+02 2.394708736241053089e+02
1.695580586425109004e+02 2.396943829366015848e+02
1.687745632781027894e+02 2.400252786422144027e+02
1.679707470317844411e+02 2.404346583878377999e+02
1.671474343483841380e+02 2.408871048072834355e+02
1.663047573094864333e+02 2.413446672096424663e+02
1.654463044185103513e+02 2.417685691364225704e+02
1.645770172329051491e+02 2.421233919304642654e+02
1.637011213495451329e+02 2.423782380908159269e+02
1.628222485032197824e+02 2.425100529844851280e+02
1.619428574195315207e+02 2.425030006312238697e+02
1.610631817149773610e+02 2.423483584715837083e+02
1.601817786980093956e+02 2.420489316961281077e+02
1.593019371217918660e+02 2.416174689722236621e+02
1.584323697580327632e+02 2.410771926359751944e+02
1.575843762006381326e+02 2.404580093870260669e+02
1.567667549768060837e+02 2.397911874514875308e+02
1.559811797185114131e+02 2.391065619895068721e+02
1.552240027026035705e+02 2.384282171822164003e+02
1.544893768094428310e+02 2.377736661535213329e+02
1.537711422119389510e+02 2.371516016970013538e+02
1.530614018839611674e+02 2.365596682593692321e+02
1.523502926761137815e+02 2.359880500824270939e+02
1.516300722024176935e+02 2.354215097746871947e+02
1.508967495871939946e+02 2.348461239973504178e+02
1.501486349729242420e+02 2.342530128324235079e+02
1.493879143174098090e+02 2.336391479027022342e+02
1.486189779434941727e+02 2.330049061250610123e+02
1.478449178496322247e+02 2.323518807673853530e+02
1.470645105854994767e+02 2.316802354490611151e+02
1.462726987765636864e+02 2.309904105243100503e+02
1.454631700661560103e+02 2.302826652483839212e+02
1.446309365718376228e+02 2.295567519465451198e+02
1.437708513068522791e+02 2.288151252569201688e+02
1.428813393851882552e+02 2.280614691696080172e+02
1.419635284147976506e+02 2.273031323634224918e+02
1.410245035630633765e+02 2.265480399220953700e+02
1.400731625806868976e+02 2.258036464756277155e+02
1.391145070853586105e+02 2.250768594743798872e+02
1.381499364243138928e+02 2.243719463761799204e+02
1.371751783168838870e+02 2.236896169858496819e+02
1.361847285647039314e+02 2.230263820269077542e+02
1.351758537596760732e+02 2.223760748399530485e+02
1.341527567839801520e+02 2.217269184498906611e+02
1.331278808833274354e+02 2.210656716323751994e+02
1.321226471434665370e+02 2.203798162821844926e+02
1.311630094317586952e+02 2.196616852054386300e+02
1.302754543105374125e+02 2.189071737924415402e+02
1.294866716469768164e+02 2.181144539569742733e+02
1.288202871709115414e+02 2.172847840391273166e+02
1.282964958451128723e+02 2.164217443711009423e+02
1.279285614920985381e+02 2.155309300353985122e+02
1.277236785134730042e+02 2.146232356577848179e+02
1.276866728635382913e+02 2.137145867433090984e+02
1.278184886489479481e+02 2.128245998586339169e+02
1.281161909266749603e+02 2.119736589025381477e+02
1.285751447456601682e+02 2.111791790584742046e+02
1.291861302812598353e+02 2.104538582077825595e+02
1.299331136332492918e+02 2.098050102427641548e+02
1.307932681054841169e+02 2.092353913905731417e+02
1.317395209227116482e+02 2.087450429564112824e+02
