1.284230775375297640e+02 2.089321492071065052e+02
1.293101681884263598e+02 2.084955399112631085e+02
1.302771245555702819e+02 2.081569639662156703e+02
1.312984439830497649e+02 2.079015849971226544e+02
1.323509021830649033e+02 2.077116012204444644e+02
1.334137451910245318e+02 2.075666222771173182e+02
1.344695328083207642e+02 2.074429230956447157e+02
1.355083976998294304e+02 2.073188793624063635e+02
1.365256605638723784e+02 2.071775948388621487e+02
1.375218052919672687e+02 2.070053745220182861e+02
1.385019352310641807e+02 2.067962519614303005e+02
1.394717893833199582e+02 2.065524356444184946e+02
1.404345388988541004e+02 2.062812814296628403e+02
1.413937358445002701e+02 2.059964572981849926e+02
1.423542311734487100e+02 2.057166292096213169e+02
1.433217204671596789e+02 2.054637131646979924e+02
1.443008527024980765e+02 2.052555979393125654e+02
1.452942701724880692e+02 2.051024508001858067e+02
1.463018373039797098e+02 2.050037500760410580e+02
1.473215640139261495e+02 2.049518381358172405e+02
1.483505821378957137e+02 2.049356785832822538e+02
1.493865470864812721e+02 2.049414032893079991e+02
1.504291492407829196e+02 2.049527926758440231e+02
1.514774918603811500e+02 2.049606671765813246e+02
1.525280549151466118e+02 2.049615287123488088e+02
1.535760621269914736e+02 2.049585072754193220e+02
1.546164859359637376e+02 2.049576860052725067e+02
1.556447595267758004e+02 2.049640663763038901e+02
1.566578512353647454e+02 2.049813251411580382e+02
1.576558116729052301e+02 2.050160142121901572e+02
1.586415987923496687e+02 2.050772930586168172e+02
1.596196285482541271e+02 2.051731249655867941e+02
1.605939588161870972e+02 2.053057141315643435e+02
1.615678371144843766e+02 2.054721666799696038e+02
1.625433062773478810e+02 2.056649929930271412e+02
1.635223310500725802e+02 2.058778024261742701e+02
1.645056347815335869e+02 2.061007753383582610e+02
1.654936453859571373e+02 2.063216075200792829e+02
1.664895764520033197e+02 2.065324678993211194e+02
1.674994659515995181e+02 2.067261717756025519e+02
1.685285736581194556e+02 2.068989727263558507e+02
1.695810776852177639e+02 2.070529372808668995e+02
1.706567796437374227e+02 2.071960128466843116e+02
1.717510412442957488e+02 2.073371560325190330e+02
1.728526054702184069e+02 2.074867470039090165e+02
1.739445875167463100e+02 2.076532064720620951e+02
1.750091248711842127e+02 2.078436738756967657e+02
1.760320883056857895e+02 2.080638266271166117e+02
1.770065445393271659e+02 2.083169471645359181e+02
1.779337417528913079e+02 2.086018111751952517e+02
1.788205236207088547e+02 2.089116744647278665e+02
1.796741463556616054e+02 2.092386131473058413e+02
1.805021773152584501e+02 2.095733919138205010e+02
1.813137710942181116e+02 2.099098614354030587e+02
1.821196158076279517e+02 2.102458608907098494e+02
1.829313184978564664e+02 2.105827494914442468e+02
1.837614592674377718e+02 2.109256465857318972e+02
1.846230151696425423e+02 2.112831112647285181e+02
1.855268500771986169e+02 2.116585928645081935e+02
1.864802857046183817e+02 2.120492659373896913e+02
1.874879743058195345e+02 2.124501357350825685e+02
1.885526705149466125e+02 2.128564754256953790e+02
1.896698271123969448e+02 2.132649691546047563e+02
1.908263068779917262e+02 2.136736614208574565e+02
1.920029425189902952e+02 2.140807390256257747e+02
1.931794526989844485e+02 2.144844117201843403e+02
1.943401635031757451e+02 2.148852957316771608e+02
1.954758507374630483e+02 2.152836867003986185e+02
1.965824206721489418e+02 2.156811227613118263e+02
1.976605676193782131e+02 2.160730715619762350e+02
1.987128488487878144e+02 2.164497689648464984e+02
1.997430890813090514e+02 2.167974938168078438e+02
2.007532846345212931e+02 2.171036913571250011e+02
2.017442581842770437e+02 2.173561769265313615e+02
2.027183220864338296e+02 2.175498974494893787e+02
2.036791287238759764e+02 2.176863039009353145e+02
2.046317813980484743e+02 2.177710824715416038e+02
2.055812997673265556e+02 2.178081980510664266e+02
2.065320614616650232e+02 2.177991053140368649e+02
2.074875438319013199e+02 2.177437746605742745e+02
2.084500052324428339e+02 2.176418671565096474e+02
2.094205450819102623e+02 2.174953908256717341e+02
2.103990676026594997e+02 2.173103342915786982e+02
2.113835653493040070e+02 2.170943153930329572e+02
2.123705392394345495e+02 2.168564441286785609e+02
2.133561501790238424e+02 2.166073767303564921e+02
2.143376419047653485e+02 2.163580159955786257e+02
2.153156604312092384e+02 2.161208943486196574e+02
2.162942807041727633e+02 2.159059627509199117e+02
2.172775588620164058e+02 2.157138006009614628e+02
2.182657236899098621e+02 2.155404418453728113e+02
2.192562707317235891e+02 2.153762495993618131e+02
2.202472078921931882e+02 2.152135584890656048e+02
2.212374503345920971e+02 2.150481941764197700e+02
2.222274475379906846e+02 2.148818862097946010e+02
2.232197758952919742e+02 2.147245482791494169e+02
2.242183091765926406e+02 2.145910862459566886e+02
2.252262712057566318e+02 2.144939050466812205e+02
2.262453577790303711e+02 2.144395299276087883e+02
2.272748110450210675e+02 2.144250447559807071e+02
2.283123604678763172e+02 2.144417127477236704e+02
2.293552998666682754e+02 2.144791208021570696e+02
2.304015315047170986e+02 2.145291970483191619e+02
2.314488024530730002e+02 2.145832724516531584e+02
2.324951175981455265e+02 2.146336700240933624e+02
2.335387924624113225e+02 2.146739080726145232e+02
2.345790644154610902e+02 2.147010520753034655e+02
2.356155051065076123e+02 2.147134537832096157e+02
2.366479799685096737e+02 2.147105953964571654e+02
2.376779037372899666e+02 2.146930742755335757e+02
2.387096645670862927e+02 2.146627473812313838e+02
2.397459942485755846e+02 2.146243973547348673e+02
2.407880206178207061e+02 2.145875642242838239e+02
2.418387717931282452e+02 2.145703802848383361e+02
2.429005900618553255e+02 2.145967116783140511e+02
2.439740562162605215e+02 2.146863857646298186e+02
2.450553516362053585e+02 2.148509843839778739e+02
2.461394918646023484e+02 2.150932897089881521e+02
2.472217691930139551e+02 2.154114317361131725e+02
2.482965938511355546e+02 2.158000986715937302e+02
2.493558626226363515e+02 2.162544294112241801e+02
2.503856393369213720e+02 2.167697758450503329e+02
2.513699152986334298e+02 2.173412318648425696e+02
2.522975260846291974e+02 2.179660761362080734e+02
2.531619030643018959e+02 2.186411461751624756e+02
2.539627836843576461e+02 2.193597901667077679e+02
2.547036384930587758e+02 2.201120448573714157e+02
2.553934015654335781e+02 2.208862409182784745e+02
2.560450956907229738e+02 2.216744591640298268e+02
2.566705874233454665e+02 2.224724378185600813e+02
2.572806214760038870e+02 2.232773194281189717e+02
2.578828383760051679e+02 2.240882765916719279e+02
2.584843820346865755e+02 2.249082323979628484e+02
2.590891378672647534e+02 2.257412718927190554e+02
2.596998067851141059e+02 2.265911762884111056e+02
2.603209330819340721e+02 2.274563719806494646e+02
2.609563524586055223e+02 2.283318749514013462e+02
2.616098137747096644e+02 2.292108443281463224e+02
2.622861241416134703e+02 2.300854223671047976e+02
2.629852448806952907e+02 2.309500294123766366e+02
2.637074433870411667e+02 2.318019850315586439e+02
2.644528159525025330e+02 2.326427530668142083e+02
2.652160320017926551e+02 2.334776244034295871e+02
2.659907935365387175e+02 2.343094952723167239e+02
2.667691748311643778e+02 2.351404254295512715e+02
2.675479190696282785e+02 2.359712612640933571e+02
2.683295184662861175e+02 2.368013550934549301e+02
2.691160190565349808e+02 2.376301751891778338e+02
2.699064162118309014e+02 2.384579826364746964e+02
2.706984604513347676e+02 2.392866215280642450e+02
2.714912723429915786e+02 2.401202259757326374e+02
2.722860977878399922e+02 2.409612205509062619e+02
2.730813056026132699e+02 2.418113237910886824e+02
2.738753661261554271e+02 2.426668323871178927e+02
2.746635872881960267e+02 2.435197463235829787e+02
2.754418164543836269e+02 2.443596884788722434e+02
2.762069099568018373e+02 2.451768801891694238e+02
2.769580592851190772e+02 2.459652723391636755e+02
2.777021204421685070e+02 2.467235791193234036e+02
2.784510947011262942e+02 2.474521242921401836e+02
2.792163160624074862e+02 2.481533195849189042e+02
2.800023244446442163e+02 2.488282303350767393e+02
2.808086524330194607e+02 2.494752329107622586e+02
2.816329097822962240e+02 2.500911173232361193e+02
2.824717488333800475e+02 2.506734224760784286e+02
2.833217399417867455e+02 2.512227710367050975e+02
2.841813881666641919e+02 2.517434095487516288e+02
2.850504859361133185e+02 2.522437072925878283e+02
2.859335772509891740e+02 2.527352849300377216e+02
2.868380915141195828e+02 2.532328031004673505e+02
2.877719558376098803e+02 2.537484921215614690e+02
2.887407703632021594e+02 2.542905065732889511e+02
2.897438176469568134e+02 2.548600495928795340e+02
2.907743562208360686e+02 2.554532896603092240e+02
2.918225175263856954e+02 2.560607554865401880e+02
2.928720589615711560e+02 2.566735319070117498e+02
2.939058098936279180e+02 2.572839791868809129e+02
2.949115962549132064e+02 2.578887828762649406e+02
2.958816873670140239e+02 2.584860340803850818e+02
2.968153031675346938e+02 2.590714947539773902e+02
2.977167081680452156e+02 2.596416957233553831e+02
2.985921832837759666e+02 2.601876915746731811e+02
2.994459126876685104e+02 2.606988975781378031e+02
3.002830093391524997e+02 2.611681875813600868e+02
3.011122333759761887e+02 2.615921484398031680e+02
3.019443190538529507e+02 2.619746371995233858e+02
3.027916191292874259e+02 2.623245022811560148e+02
3.036635827284554807e+02 2.626532984558157295e+02
3.045635473451302460e+02 2.629735261385080207e+02
3.054898028497338487e+02 2.632952552178534802e+02
3.064399675594005430e+02 2.636241705175719972e+02
3.074095836155701136e+02 2.639640507964619474e+02
3.083901704042253300e+02 2.643155243593009800e+02
3.093669680087162419e+02 2.646782755789609496e+02
3.103223401637045527e+02 2.650481209570353940e+02
3.112414888794660897e+02 2.654182372236245442e+02
3.121174627643670192e+02 2.657820091650997938e+02
3.129491372485742886e+02 2.661357377172969905e+02
3.137406874938628221e+02 2.664775381189170957e+02
3.145019818734176056e+02 2.668104840231090975e+02
3.152472785689529360e+02 2.671425856358756619e+02
3.159927022351265009e+02 2.674842404450945423e+02
3.167528318705703896e+02 2.678460647478078158e+02
3.175378284148148396e+02 2.682368101537452958e+02
3.183523372678621399e+02 2.686620349150439324e+02
3.191975561211551167e+02 2.691211116082359922e+02
3.200687907522540741e+02 2.696067753950102883e+02
3.209578651490035099e+02 2.701102671611859023e+02
3.218526383596547475e+02 2.706254896611030176e+02
3.227393112909377351e+02 2.711469625499803442e+02
3.236029169053578016e+02 2.716733784114197761e+02
3.244321850923803936e+02 2.722071195759052671e+02
3.252231763841862175e+02 2.727505085961922191e+02
3.259759955922688164e+02 2.733086719235434998e+02
3.266965962176346352e+02 2.738832002303852278e+02
3.273932609006222378e+02 2.744751842751792879e+02
3.280776253239575908e+02 2.750813067156917668e+02
3.287603263449242377e+02 2.756994241844477074e+02
3.294510585619195808e+02 2.763262206157191940e+02
3.301538949371548028e+02 2.769625985657796718e+02
3.308692070794734832e+02 2.776076462512846774e+02
3.315938869113261376e+02 2.782581387579802481e+02
3.323251577608338607e+02 2.789053716487060228e+02
3.330621495818344329e+02 2.795378667429148436e+02
3.338030819506912508e+02 2.801448928606307618e+02
3.345392957914882572e+02 2.807196607210169645e+02
3.352616289631264976e+02 2.812609196424658649e+02
3.359632991582131467e+02 2.817757016371665486e+02
3.366396236503481418e+02 2.822762511955724563e+02
3.372875062453120449e+02 2.827765681871956076e+02
3.379039674191442373e+02 2.832898689453008956e+02
3.384904273547250568e+02 2.838240552971824400e+02
3.390542889370938724e+02 2.843832456209305519e+02
3.396069842513952608e+02 2.849664640629455334e+02
3.401628726811272827e+02 2.855707754839546055e+02
3.407369685497179148e+02 2.861929381526291536e+02
3.413372944792479871e+02 2.868303825520992518e+02
3.419668555679927522e+02 2.874798624529587983e+02
3.426206320444954940e+02 2.881382633330096041e+02
3.432922009709271265e+02 2.888021007104188129e+02
3.439800148432783544e+02 2.894690418268744452e+02
3.446841219255915121e+02 2.901409421970175799e+02
3.454069092972493991e+02 2.908184750496504876e+02
3.461494326608842584e+02 2.915046092966870219e+02
3.469118161936057732e+02 2.921999976900291927e+02
3.476892445417200861e+02 2.929054411721227211e+02
3.484759571858025424e+02 2.936200717648815726e+02
3.492641853456605645e+02 2.943432850972924371e+02
3.500438599856544784e+02 2.950721299236378172e+02
3.508062484799327763e+02 2.958020585286958521e+02
3.515473862211815117e+02 2.965272737412733477e+02
3.522690345066656619e+02 2.972407889286371301e+02
3.529764118322428885e+02 2.979361345014663129e+02
3.536757359761979842e+02 2.986099504975286436e+02
3.543739475849424139e+02 2.992639564378009709e+02
3.550743715966900140e+02 2.999058494714876133e+02
3.557751474369390507e+02 3.005461105435615536e+02
3.564674709278617115e+02 3.011982009205966051e+02
3.571391584693822097e+02 3.018741674112239366e+02
3.577801250894849545e+02 3.025841093512852922e+02
3.583856529225050735e+02 3.033355957542281658e+02
3.589565115228373884e+02 3.041324902716974066e+02
3.594971952394480468e+02 3.049743192240845246e+02
3.600112525871076059e+02 3.058567507966515677e+02
3.604962579746338633e+02 3.067728966324526141e+02
3.609467671541012237e+02 3.077135759477777697e+02
3.613508759786244582e+02 3.086704261021986895e+02
3.616967399646948707e+02 3.096373058661634445e+02
3.619790896778476963e+02 3.106114838315330076e+02
3.621957616171868040e+02 3.115948168757596477e+02
3.623496421898994981e+02 3.125893032317000007e+02
3.624449264027139748e+02 3.135977582541364654e+02
3.624886871082567836e+02 3.146196033259915339e+02
3.624873866425485289e+02 3.156531590002853136e+02
3.624502863644899548e+02 3.166960184134341034e+02
3.623852519929426421e+02 3.177461374040472606e+02
3.622963182986447919e+02 3.188037268988648520e+02
3.621861114030933777e+02 3.198720099782276520e+02
3.620546112592193708e+02 3.209537402111134838e+02
3.619022849830660107e+02 3.220500908240996978e+02
3.617284544247918916e+02 3.231583967076589943e+02
3.615302916859613447e+02 3.242740779107614344e+02
3.613022679137053501e+02 3.253898664254299433e+02
3.610370492225607109e+02 3.264983630402869608e+02
3.607250917796623071e+02 3.275904315622389049e+02
3.603561124228467065e+02 3.286573748758488591e+02
3.599213053033828942e+02 3.296946219333021872e+02
3.594151818302095194e+02 3.306998185788770002e+02
3.588375141971127960e+02 3.316731418022029061e+02
3.581929468659384952e+02 3.326146120523217178e+02
3.574885971699538345e+02 3.335266406498598144e+02
3.567348319431914092e+02 3.344130623404596463e+02
3.559422364071105562e+02 3.352781665574934209e+02
3.551214480038366332e+02 3.361248653157327908e+02
3.542805867455983844e+02 3.369547328217733480e+02
3.534275328683050361e+02 3.377671325168869885e+02
3.525706621056336871e+02 3.385607979606408549e+02
3.517154199136400621e+02 3.393362316272584280e+02
3.508640294685965841e+02 3.400910548540352352e+02
3.500134137347016008e+02 3.408184090985840839e+02
3.491578943849301595e+02 3.415070201513008783e+02
3.482901265630456464e+02 3.421436539718780523e+02
3.474053698408533819e+02 3.427149162840181589e+02
3.465010360036730503e+02 3.432108479088008721e+02
3.455761134091872009e+02 3.436275561525802118e+02
3.446313035667004669e+02 3.439677403496619945e+02
3.436686068718740898e+02 3.442390978129670884e+02
3.426919230021042040e+02 3.444566340925421173e+02
3.417042686274225503e+02 3.446368034133436709e+02
3.407064010851091211e+02 3.447975481268409794e+02
3.396999933284602093e+02 3.449510345851687703e+02
3.386898471701138646e+02 3.451056930322969265e+02
3.376820812887165744e+02 3.452635588926577839e+02
3.366822982353534144e+02 3.454207615324095855e+02
3.356947828633435051e+02 3.455712145170430176e+02
3.347206730886126707e+02 3.457039541494925743e+02
3.337588651556843615e+02 3.458083761284681827e+02
3.328059073637520555e+02 3.458734210947416727e+02
3.318580772186946319e+02 3.458937941262626623e+02
3.309112220191966003e+02 3.458669261450282875e+02
3.299590093706256084e+02 3.457886871415689711e+02
3.289930536668271657e+02 3.456571886086899212e+02
3.280086115877741122e+02 3.454738585296256588e+02
3.270050739897424137e+02 3.452437557616507320e+02
3.259826035234771098e+02 3.449749725577107711e+02
3.249427622908346507e+02 3.446740286134112807e+02
3.238870972155469872e+02 3.443446578810775236e+02
3.228206277694030177e+02 3.439884788615475486e+02
3.217528577497170090e+02 3.436092416563677716e+02
3.206956102227287602e+02 3.432128182251501585e+02
3.196601802487754753e+02 3.428045595872352465e+02
3.186540959806319506e+02 3.423874201924533054e+02
3.176786694235499340e+02 3.419611727277626301e+02
3.167322845726222909e+02 3.415227676192356512e+02
3.158103353394036503e+02 3.410675373641959141e+02
3.149067663938617443e+02 3.405882236910034635e+02
3.140125227498996310e+02 3.400779769604863532e+02
3.131198854595884882e+02 3.395333033730121315e+02
3.122263681060742897e+02 3.389570436588086295e+02
3.113356117460832024e+02 3.383598050119400114e+02
3.104525737584021954e+02 3.377538962422416944e+02
3.095781923878353155e+02 3.371481079720857110e+02
3.087112437672191732e+02 3.365455789472671881e+02
3.078491687189334698e+02 3.359459875299343139e+02
3.069923695047734213e+02 3.353486671089200399e+02
3.061433661917886297e+02 3.347521031261815097e+02
3.053083541001102503e+02 3.341556123237344877e+02
3.044916996327808079e+02 3.335583678494336368e+02
3.036953441060797445e+02 3.329598445251156704e+02
3.029222383369286149e+02 3.323629961025465036e+02
3.021757820993946098e+02 3.317705677010847580e+02
3.014557668261990102e+02 3.311822219341712525e+02
3.007547390622571015e+02 3.305928864742041355e+02
3.000635713740676920e+02 3.299921648755080810e+02
2.993725340696620378e+02 3.293695020773446345e+02
2.986778165874650313e+02 3.287142946414750213e+02
2.979797003158972188e+02 3.280212403252081117e+02
2.972819140766470127e+02 3.272891541311529409e+02
2.965865888417699239e+02 3.265210117289988716e+02
2.958925100451964454e+02 3.257237248248494552e+02
2.951973691050593516e+02 3.249058636197386249e+02
2.945031961036269763e+02 3.240737765949796199e+02
2.938113716009782479e+02 3.232306251401194004e+02
2.931239931019831033e+02 3.223762226772371378e+02
2.924399288015318916e+02 3.215121021705182329e+02
2.917565018742952816e+02 3.206409203267882049e+02
2.910726867966676537e+02 3.197682926295821630e+02
2.903934263444124326e+02 3.188985242465801093e+02
2.897238343697513301e+02 3.180328971190652965e+02
2.890677605062419957e+02 3.171689219285622130e+02
2.884284525154648691e+02 3.163018490762755164e+02
2.878086496104780849e+02 3.154297071967336024e+02
2.872096438713455200e+02 3.145521605011513770e+02
2.866299206124491548e+02 3.136696026295653041e+02
2.860642379569150080e+02 3.127833958531813323e+02
2.855038465386168127e+02 3.118958139777051883e+02
2.849393436925194010e+02 3.110093005896890190e+02
2.843644587169488887e+02 3.101254853337309214e+02
2.837716859333311277e+02 3.092463188031105688e+02
2.831544904168779340e+02 3.083734993093461867e+02
2.825077154615362360e+02 3.075083669892519538e+02
2.818296992684519182e+02 3.066513537149955937e+02
2.811216419719169153e+02 3.058021475928742348e+02
2.803944425334298103e+02 3.049579161753155745e+02
2.796624048116168524e+02 3.041149421421289389e+02
2.789408479400010492e+02 3.032692443211118984e+02
2.782435105526711823e+02 3.024172522839466524e+02
2.775812519292665002e+02 3.015561438956754046e+02
2.769646138945487905e+02 3.006831795222554433e+02
2.764005794879652740e+02 2.997965443950841973e+02
2.758915228461427773e+02 2.988956215179895821e+02
2.754344591189560560e+02 2.979811866007942172e+02
2.750155819227996403e+02 2.970568276787183777e+02
2.746148596613554105e+02 2.961277506098032291e+02
2.742127388563212662e+02 2.951990369976629154e+02
2.737936196976060614e+02 2.942747409573820505e+02
2.733460767131831517e+02 2.933578317673186007e+02
2.728659316935869583e+02 2.924493952703079458e+02
2.723517086672089818e+02 2.915498150452992832e+02
2.718057788671252979e+02 2.906584748507020777e+02
2.712300750902557525e+02 2.897748723867381386e+02
2.706306909216812642e+02 2.888974240382831908e+02
2.700152317285500772e+02 2.880241533047582152e+02
2.693914770910528773e+02 2.871530384106915790e+02
2.687665900687804879e+02 2.862822178034252829e+02
2.681460450195555723e+02 2.854090093016776564e+02
2.675330616373019552e+02 2.845286706009413820e+02
2.669300300374223980e+02 2.836390916857283173e+02
2.663365630082940925e+02 2.827417246342590715e+02
2.657467011168222371e+02 2.818398023427874932e+02
2.651504415537913246e+02 2.809397844660877581e+02
2.645360433079982840e+02 2.800492942739258524e+02
2.638865528942582159e+02 2.791808257058361846e+02
2.631882198143995311e+02 2.783488248233246622e+02
2.624341476723476489e+02 2.775659595274873936e+02
2.616206070316434307e+02 2.768414513428023724e+02
2.607519032005774875e+02 2.761782140444020683e+02
2.598379727173298761e+02 2.755730753342241997e+02
2.588953948113006618e+02 2.750170429875440732e+02
2.579390360676048886e+02 2.744973057761606015e+02
2.569792666341745644e+02 2.739976417955967918e+02
2.560246883705859773e+02 2.735032268499609245e+02
2.550820100166492921e+02 2.730020545048048461e+02
2.541552294044186056e+02 2.724835068328417265e+02
2.532469304069655038e+02 2.719400331676143310e+02
2.523579655036900249e+02 2.713651176025185805e+02
2.514854178084752618e+02 2.707542353425998272e+02
2.506253050073881070e+02 2.701068167338071930e+02
2.497730234109270100e+02 2.694297966848620263e+02
2.489259847885063266e+02 2.687393522960741734e+02
2.480789977354164364e+02 2.680564256291888228e+02
2.472229340139757312e+02 2.674032060675419871e+02
2.463487966835963618e+02 2.668011597164640989e+02
2.454488758564108366e+02 2.662706660165281392e+02
2.445197716270123749e+02 2.658265042880238980e+02
2.435620891712546552e+02 2.654794197696729725e+02
2.425776212977937689e+02 2.652289320771263874e+02
2.415689280063129445e+02 2.650636893409511572e+02
2.405400344204829253e+02 2.649692188385134841e+02
2.394949766397826920e+02 2.649282315429467758e+02
2.384394348167732574e+02 2.649271843333446554e+02
2.373819992596510247e+02 2.649531447377820541e+02
2.363286533225217454e+02 2.649907942951534778e+02
2.352812083967468766e+02 2.650266519794838587e+02
2.342394916106837854e+02 2.650491193867281936e+02
2.331992203587577137e+02 2.650466990683219137e+02
2.321553325555344713e+02 2.650104880477371125e+02
2.311021615341211657e+02 2.649337097814357094e+02
2.300368716816561800e+02 2.648102995229514249e+02
2.289595661242832989e+02 2.646406540908807301e+02
2.278710379272004616e+02 2.644278251170152885e+02
2.267728332279821757e+02 2.641777619767509009e+02
2.256673332344399512e+02 2.638996273082643711e+02
2.245560770413871694e+02 2.635993433871449838e+02
2.234390223922576411e+02 2.632767476145531873e+02
2.223157444576445982e+02 2.629302052914417800e+02
2.211869024902863998e+02 2.625622531532770836e+02
2.200536872198524350e+02 2.621774730030728051e+02
2.189172893760119791e+02 2.617804466438423674e+02
2.177788073779594242e+02 2.613754006775629364e+02
2.166399543773165988e+02 2.609689271321865363e+02
2.155035509998782004e+02 2.605718794802509137e+02
2.143719238720577209e+02 2.601932103364317754e+02
2.132473022792499933e+02 2.598414977573638112e+02
2.121310198185625495e+02 2.595218732849941148e+02
2.110236834250803497e+02 2.592366723419402774e+02
2.099249741623393106e+02 2.589846676941040755e+02
2.088315845524885219e+02 2.587579789079779857e+02
2.077375609361228044e+02 2.585487251229055232e+02
2.066374224350535940e+02 2.583463918917171327e+02
2.055271885278491482e+02 2.581406441539808156e+02
2.044077158436138859e+02 2.579238449166642226e+02
2.032829130073346846e+02 2.576905830890535753e+02
2.021599921879547423e+02 2.574351149555279221e+02
2.010477933445376948e+02 2.571556504767711431e+02
1.999558164830431224e+02 2.568488921284439357e+02
1.988922349236971741e+02 2.565127230415185977e+02
1.978668487699377465e+02 2.561491590316132374e+02
1.968899639659377385e+02 2.557626871306762837e+02
1.959704852947033658e+02 2.553615350631568504e+02
1.951127264791801679e+02 2.549525292792561402e+02
1.943131586071528147e+02 2.545363637058990207e+02
1.935599756619713503e+02 2.541108856691994333e+02
1.928381878637077307e+02 2.536749507122072771e+02
1.921319114834254265e+02 2.532313693829243846e+02
1.914266594610180050e+02 2.527811582532716557e+02
1.907100529259539599e+02 2.523263771692063528e+02
1.899744823090518366e+02 2.518670860712791750e+02
1.892164500298181622e+02 2.514028073407166062e+02
1.884333731751727328e+02 2.509341378393282298e+02
1.876248930934274313e+02 2.504599877400789296e+02
1.867926450087543913e+02 2.499811388753720962e+02
1.859420992727059456e+02 2.494982411989696516e+02
1.850804428082848290e+02 2.490105149347790814e+02
1.842166815579287800e+02 2.485149242419272753e+02
1.833580776061381243e+02 2.480062951674079272e+02
1.825124472011543730e+02 2.474778012429962075e+02
1.816896421056275699e+02 2.469221789626041357e+02
1.808966739301392863e+02 2.463325113359865384e+02
1.801356974002280822e+02 2.457017353157945081e+02
1.794013023132194462e+02 2.450254368027970600e+02
1.786815798771399955e+02 2.443008688687578456e+02
1.779604571750379307e+02 2.435341613623422177e+02
1.772228826412280682e+02 2.427396242225934770e+02
1.764582808914349243e+02 2.419441913651464802e+02
1.756644544237942966e+02 2.411810804617823862e+02
1.748462274416166906e+02 2.404889716516221085e+02
1.740125504464680262e+02 2.399085951056660235e+02
1.731704232644236754e+02 2.394732187328492614e+02
1.723203279680064668e+02 2.392049696607775502e+02
1.714586191535173043e+02 2.391119575306187812e+02
1.705808268507854564e+02 2.391866711792358160e+02
1.696841970032605218e+02 2.394080492076837459e+02
1.687698223872215522e+02 2.397452863716686124e+02
1.678439257080617040e+02 2.401624368416884749e+02
1.669173319389943799e+02 2.406216158565994192e+02
1.660017255928526936e+02 2.410832088446776993e+02
1.651060385336722902e+02 2.415122283612346621e+02
1.642405335534905362e+02 2.418789752130556394e+02
1.634123658494263793e+02 2.421601960849750412e+02
1.626228629794404412e+02 2.423390692453680231e+02
1.618690128795779799e+02 2.424049428560958290e+02
1.611458271817271282e+02 2.423534078777414607e+02
1.604442910617877374e+02 2.421865952942191882e+02
1.597570807714302816e+02 2.419122605634397303e+02
1.590773090804284209e+02 2.415452616924299321e+02
1.583985989264993464e+02 2.411024793967149549e+02
1.577138127082737640e+02 2.405997842109957503e+02
1.570162172885107452e+02 2.400476773126774503e+02
1.562994132101613616e+02 2.394537256135792518e+02
1.555613601737775866e+02 2.388247247836579277e+02
1.548029076362923604e+02 2.381638440513557384e+02
1.540247157050246471e+02 2.374720132765156677e+02
1.532288644731400211e+02 2.367468558518031330e+02
1.524194753850547670e+02 2.359912579104311874e+02
1.516026055827380503e+02 2.352120195377056007e+02
1.507830670328082761e+02 2.344188743259365992e+02
1.499660730432638047e+02 2.336237959368747852e+02
1.491575760537088513e+02 2.328397613779084168e+02
1.483633993718112549e+02 2.320792666731174450e+02
1.475878908413901911e+02 2.313528675869518452e+02
1.468332052997953099e+02 2.306679412936672406e+02
1.460990574676287110e+02 2.300292661725562766e+02
1.453847325726448503e+02 2.294397970037524601e+02
1.446894272494077711e+02 2.288986132607887782e+02
1.440092228592309311e+02 2.284027544072536671e+02
1.433408276279357665e+02 2.279432355516754569e+02
1.426793419036114017e+02 2.275101526778914263e+02
1.420220014946447122e+02 2.270943166258894905e+02
1.413711945330207413e+02 2.266870259666708876e+02
1.407292148981489959e+02 2.262806876111899328e+02
1.400944452149225299e+02 2.258692291466014126e+02
1.394615856098053257e+02 2.254470309661127203e+02
1.388182499809419426e+02 2.250092312031252391e+02
1.381508467961378699e+02 2.245494545321876672e+02
1.374435542135778689e+02 2.240606354213618090e+02
1.366837726433712703e+02 2.235362079160644271e+02
1.358655226967885028e+02 2.229750065248025521e+02
1.349917508040135772e+02 2.223790417783942530e+02
1.340684719332722068e+02 2.217522678753985019e+02
1.331034018643330512e+02 2.210974189905649041e+02
1.321100744191259651e+02 2.204121681894356186e+02
1.311080696021647043e+02 2.196950504691982928e+02
1.301230074032842481e+02 2.189421549729320873e+02
1.291837384956989752e+02 2.181501426215602919e+02
1.283211971860396545e+02 2.173152475236520047e+02
1.275648080209695650e+02 2.164355953466152300e+02
1.269428409828088888e+02 2.155148481560713094e+02
1.264793928323682053e+02 2.145650088521460646e+02
1.261940841584605266e+02 2.136020549983783781e+02
1.261007448015188572e+02 2.126501756876531886e+02
1.262070505316909532e+02 2.117370418696765171e+02
1.265101405753510164e+02 2.108895818453095217e+02
1.269959012266329239e+02 2.101314035859119258e+02
1.276425692039261435e+02 2.094766622327948937e+02
1.284230775375297640e+02 2.089321492071065052e+02
