1.295551729066153541e+02 2.085665883925332196e+02
1.302367168397250339e+02 2.080121817812636777e+02
1.310383722406060940e+02 2.075536637360842178e+02
1.319373361840659697e+02 2.071876391330407614e+02
1.329088251995718224e+02 2.069067021242854025e+02
1.339308885377049307e+02 2.066988234031899481e+02
1.349829359211271935e+02 2.065485558629980005e+02
1.360456811932262440e+02 2.064381657318851353e+02
1.371042075849500748e+02 2.063467300962384456e+02
1.381463397833181546e+02 2.062513397356692053e+02
1.391663429681345860e+02 2.061339402518954103e+02
1.401657742754692322e+02 2.059839482223960090e+02
1.411504221429968027e+02 2.057978220500332895e+02
1.421267610659770355e+02 2.055813357292764749e+02
1.430988004910461200e+02 2.053463535592904350e+02
1.440703184698205348e+02 2.051091281989955064e+02
1.450452590201061014e+02 2.048866262710535011e+02
1.460274543080066110e+02 2.046953332274737818e+02
1.470196610024919437e+02 2.045471078793767674e+02
1.480222033376454362e+02 2.044433450372367815e+02
1.490334436143575658e+02 2.043769995445171048e+02
1.500526568276702903e+02 2.043395687401749115e+02
1.510825052384185199e+02 2.043258106993491197e+02
1.521243548375489070e+02 2.043352374612488518e+02
1.531757619129035390e+02 2.043684971646627559e+02
1.542316940262278138e+02 2.044278345532763979e+02
1.552858526784150399e+02 2.045144026812959623e+02
1.563327745759245033e+02 2.046297764508416890e+02
1.573688481115871411e+02 2.047754627377068459e+02
1.583923129392527187e+02 2.049509508576137193e+02
1.594027163858431209e+02 2.051518246149048821e+02
1.604002815954916343e+02 2.053690139321994934e+02
1.613864006424474553e+02 2.055936102572983373e+02
1.623633165631769089e+02 2.058181663125504315e+02
1.633343827558120722e+02 2.060400556092413922e+02
1.643031282628734289e+02 2.062589618865782199e+02
1.652721845211804634e+02 2.064722047219701153e+02
1.662442380627618661e+02 2.066758434902561703e+02
1.672224140539369159e+02 2.068662698808238360e+02
1.682096447550195535e+02 2.070390015623096929e+02
1.692078239879744501e+02 2.071872884322430082e+02
1.702186305540032834e+02 2.073083224499321204e+02
1.712425190467681375e+02 2.074015903565706935e+02
1.722794143675226621e+02 2.074738311706464060e+02
1.733298952656730307e+02 2.075391943168163493e+02
1.743955267740365684e+02 2.076127949862892876e+02
1.754755757978463180e+02 2.077079797825307423e+02
1.765675139355396368e+02 2.078322315185503157e+02
1.776661224449593988e+02 2.079917898708057464e+02
1.787645990816266135e+02 2.081904372366913663e+02
1.798553875132107009e+02 2.084279435494566997e+02
1.809283507534662476e+02 2.087006089433120906e+02
1.819744911584823512e+02 2.090018661137075924e+02
1.829882693187847735e+02 2.093224599375388948e+02
1.839682014675827872e+02 2.096530395241472320e+02
1.849188993809824524e+02 2.099906899721368063e+02
1.858504566958270061e+02 2.103350248396938866e+02
1.867731732412067061e+02 2.106866374435246030e+02
1.876952949719092771e+02 2.110428902327502669e+02
1.886192059161319321e+02 2.114005022059147905e+02
1.895421463138210925e+02 2.117560236386166252e+02
1.904592383772806556e+02 2.121063801181977340e+02
1.913691559197536378e+02 2.124531848150415385e+02
1.922760398004641615e+02 2.127977420269997140e+02
1.931858458382146182e+02 2.131413817760245593e+02
1.941051269376587527e+02 2.134864215360852882e+02
1.950353515899977310e+02 2.138363740375434361e+02
1.959712741708483748e+02 2.141955304398960607e+02
1.969025215147339054e+02 2.145684231480228448e+02
1.978166168673842265e+02 2.149593815909718160e+02
1.987019517870782011e+02 2.153685119139601625e+02
1.995526919172987448e+02 2.157937125563694281e+02
2.003721167455332193e+02 2.162325867297607829e+02
2.011708295409414973e+02 2.166752673865960048e+02
2.019618429064595091e+02 2.171069045484969138e+02
2.027583768656502343e+02 2.175085939824455750e+02
2.035692234908770217e+02 2.178628272842726119e+02
2.043985186127392808e+02 2.181533622005244979e+02
2.052468656469997654e+02 2.183663781811607691e+02
2.061121807878026289e+02 2.184939974540246510e+02
2.069915491311257085e+02 2.185363781188993926e+02
2.078821637253228971e+02 2.184984620696989168e+02
2.087837410047164326e+02 2.183913251550365828e+02
2.097002822118628842e+02 2.182323303337041693e+02
2.106371584436686248e+02 2.180360858608685817e+02
2.115963838929641838e+02 2.178140831171362493e+02
2.125759939970262451e+02 2.175733155416686770e+02
2.135681845794981939e+02 2.173201186962716918e+02
2.145626709324433818e+02 2.170592200223947543e+02
2.155516502630413243e+02 2.167964619620958047e+02
2.165326926060574237e+02 2.165389204742468223e+02
2.175080287087013744e+02 2.162906579743714985e+02
2.184807953895740980e+02 2.160534205695869900e+02
2.194537221563838330e+02 2.158222556218416628e+02
2.204256662584437834e+02 2.155868633853683889e+02
2.213938816685451911e+02 2.153354308284407637e+02
2.223563917361659605e+02 2.150594546721198412e+02
2.233127975084744605e+02 2.147572186761432533e+02
2.242643592416913521e+02 2.144341442896031253e+02
2.252148237414110667e+02 2.141063497553266473e+02
2.261696912131872637e+02 2.137974962018344911e+02
2.271341598176941829e+02 2.135299454020796190e+02
2.281121106278527577e+02 2.133203931984782002e+02
2.291051734180567792e+02 2.131758506565287519e+02
2.301141266151313971e+02 2.130942826721362167e+02
2.311401399163099768e+02 2.130640265169155327e+02
2.321825202382939608e+02 2.130703525862711842e+02
2.332397438244033765e+02 2.131011719358911023e+02
2.343062721830555972e+02 2.131501880714339734e+02
2.353724148541445800e+02 2.132151229496754468e+02
2.364275017621290544e+02 2.132990462135822440e+02
2.374615704976094435e+02 2.134043927923023602e+02
2.384666296291513561e+02 2.135289239690983436e+02
2.394398683334352995e+02 2.136697388342394390e+02
2.403850573922289868e+02 2.138233962377927639e+02
2.413087691526848744e+02 2.139890511194607257e+02
2.422188147508483951e+02 2.141676586853369031e+02
2.431209974464105699e+02 2.143643666465590627e+02
2.440191110640915326e+02 2.145856244992310735e+02
2.449135829053661269e+02 2.148394271233049722e+02
2.458031513322075057e+02 2.151291272510232488e+02
2.466828037478986175e+02 2.154517639401113911e+02
2.475468641875827132e+02 2.157989300076913537e+02
2.483937765798536077e+02 2.161612903441880462e+02
2.492239517916123077e+02 2.165296593682704156e+02
2.500403715401186560e+02 2.168989857740496632e+02
2.508449154680534434e+02 2.172691539700353474e+02
2.516400003742109845e+02 2.176469037790431571e+02
2.524259366673398688e+02 2.180431986424766819e+02
2.531980221725528963e+02 2.184696980292487751e+02
2.539499226478535263e+02 2.189356072051529338e+02
2.546761592586998688e+02 2.194465548696005044e+02
2.553778176860576536e+02 2.200065534051555289e+02
2.560613725091031370e+02 2.206167044444656540e+02
2.567364084610828741e+02 2.212777624002780499e+02
2.574125413181158137e+02 2.219887116891985102e+02
2.580959936688352627e+02 2.227482228637101684e+02
2.587874107476941390e+02 2.235523893751443438e+02
2.594859857805372485e+02 2.243945827499616712e+02
2.601884012595885451e+02 2.252642767703154618e+02
2.608873563269327747e+02 2.261516258053624711e+02
2.615757605221828044e+02 2.270490319604272429e+02
2.622514403429561298e+02 2.279483508484000822e+02
2.629147038153089966e+02 2.288442297129864187e+02
2.635707140191910298e+02 2.297326450351503127e+02
2.642257410457206106e+02 2.306134256939756710e+02
2.648878891497404311e+02 2.314874187180599279e+02
2.655622970089673345e+02 2.323573103688055994e+02
2.662517341458606097e+02 2.332237083520190595e+02
2.669522976235695069e+02 2.340875199344405360e+02
2.676583273557348548e+02 2.349500608453006976e+02
2.683681123283762986e+02 2.358129803244726475e+02
2.690803762598645221e+02 2.366804558384376946e+02
2.697971795509969297e+02 2.375547393546810326e+02
2.705211153309220435e+02 2.384365144894825050e+02
2.712568616128187386e+02 2.393218704811899045e+02
2.720057442837386361e+02 2.402052179641392229e+02
2.727656336726339532e+02 2.410784023623004941e+02
2.735326097856635670e+02 2.419330887824359309e+02
2.743010568362255981e+02 2.427590398863250698e+02
2.750642215577963157e+02 2.435452766219020759e+02
2.758156568732285336e+02 2.442826008607565313e+02
2.765490988965262886e+02 2.449659812077309198e+02
2.772595522809481281e+02 2.455954105261365044e+02
2.779486916933634006e+02 2.461757919738207363e+02
2.786203136473168911e+02 2.467183874169656974e+02
2.792794201085097257e+02 2.472347729431714924e+02
2.799288317922162719e+02 2.477364557301260106e+02
2.805694900928444895e+02 2.482361949878976475e+02
2.812051337732017942e+02 2.487444344104052050e+02
2.818442615451174333e+02 2.492693048771978965e+02
2.824960414951926282e+02 2.498141452575562198e+02
2.831711365317487434e+02 2.503769327172977057e+02
2.838792031560545297e+02 2.509528784604100906e+02
2.846307443418746743e+02 2.515353850614790758e+02
2.854356307599421143e+02 2.521182310244398366e+02
2.862993021284436281e+02 2.526981324005950000e+02
2.872183153424045940e+02 2.532725775512100768e+02
2.881847173426212407e+02 2.538397931578414841e+02
2.891896969952776431e+02 2.543970175190431462e+02
2.902231600849033271e+02 2.549431064569290868e+02
2.912753469836570730e+02 2.554733114295754035e+02
2.923369056280699283e+02 2.559838466163484725e+02
2.934027225316949625e+02 2.564746029835034733e+02
2.944715505977310386e+02 2.569482317523758184e+02
2.955433927649848442e+02 2.574078769079150106e+02
2.966177239255949871e+02 2.578578513528250937e+02
2.976905044132573153e+02 2.583007840245629723e+02
2.987540912526594639e+02 2.587388324815567557e+02
2.998031589126338190e+02 2.591745529182015275e+02
3.008333307880830603e+02 2.596129451338753142e+02
3.018448772375239741e+02 2.600583609316840352e+02
3.028394404009346772e+02 2.605161730288444915e+02
3.038144060008752376e+02 2.609913041972858991e+02
3.047653402048837847e+02 2.614862511888380823e+02
3.056890335439263140e+02 2.620029037708199553e+02
3.065846918124172475e+02 2.625450973750830599e+02
3.074526086807349543e+02 2.631131148544316716e+02
3.082956971241864039e+02 2.637051733502449338e+02
3.091203375869010870e+02 2.643118997772940020e+02
3.099342147816297484e+02 2.649203233025315853e+02
3.107470577340102409e+02 2.655133799175148397e+02
3.115671292759799371e+02 2.660732366189808999e+02
3.124006914330537938e+02 2.665859874129182003e+02
3.132513913762706466e+02 2.670458441859540244e+02
3.141200255624652868e+02 2.674557561972343933e+02
3.150067808504419418e+02 2.678251263342832544e+02
3.159086573863115746e+02 2.681679420851754116e+02
3.168204209872470756e+02 2.684996117343101787e+02
3.177336328047910570e+02 2.688352854649444907e+02
3.186400065522113891e+02 2.691884024825679376e+02
3.195320553122550677e+02 2.695711812971978816e+02
3.204033644572771209e+02 2.699873316550758773e+02
3.212452495184675172e+02 2.704362399622894486e+02
3.220506187846721105e+02 2.709110714253592960e+02
3.228123397419458342e+02 2.714012780564762579e+02
3.235299488186493591e+02 2.718951271144713928e+02
3.242096305765739999e+02 2.723834142479579441e+02
3.248612583621960539e+02 2.728610733611655519e+02
3.254940604905499413e+02 2.733252939860497008e+02
3.261125758156595680e+02 2.737782180600859192e+02
3.267189043729490550e+02 2.742242864224085110e+02
3.273157917929243581e+02 2.746723513015011235e+02
3.279090857133813302e+02 2.751343938265762290e+02
3.285094759745784927e+02 2.756228608481289939e+02
3.291295613168482532e+02 2.761485091099992815e+02
3.297832154497295392e+02 2.767171923440418482e+02
3.304796898959866667e+02 2.773276264682714327e+02
3.312206941995461875e+02 2.779743444256586145e+02
3.320046918283471200e+02 2.786471544344542508e+02
3.328251927886043973e+02 2.793372523144198567e+02
3.336760406710410507e+02 2.800363281922821557e+02
3.345516596210641183e+02 2.807384371643787517e+02
3.354456814875884447e+02 2.814376090630605631e+02
3.363505092720497487e+02 2.821263370489917861e+02
3.372572593965683154e+02 2.827962214022928720e+02
3.381560021841339676e+02 2.834392513627330459e+02
3.390363007085921936e+02 2.840494960364973167e+02
3.398882831355668941e+02 2.846249659412284814e+02
3.407041986289752913e+02 2.851680038677880020e+02
3.414794685807566452e+02 2.856847766617410116e+02
3.422132329772420007e+02 2.861815528433666032e+02
3.429076988957644403e+02 2.866602525518904372e+02
3.435682834162413428e+02 2.871205374632532994e+02
3.442034002300021029e+02 2.875618695735402071e+02
3.448225526914100669e+02 2.879846885472222198e+02
3.454338624866267651e+02 2.883908968768464547e+02
3.460415612898305540e+02 2.887848218047968203e+02
3.466462982624018423e+02 2.891736150810340860e+02
3.472503182953280430e+02 2.895674064902773353e+02
3.478593032293368310e+02 2.899794867110248902e+02
3.484815046762041106e+02 2.904250633565049498e+02
3.491232004154314836e+02 2.909166694971525544e+02
3.497823267766985964e+02 2.914647013843022023e+02
3.504520741972165183e+02 2.920727244373713347e+02
3.511205676281649630e+02 2.927403780450510453e+02
3.517798494416524022e+02 2.934643941032519479e+02
3.524284270417909397e+02 2.942398753835215075e+02
3.530669923505842007e+02 2.950614599697898939e+02
3.536969590383122295e+02 2.959208533673564716e+02
3.543178297281895084e+02 2.968095030813024096e+02
3.549274984186155280e+02 2.977176073996724313e+02
3.555213613469271650e+02 2.986369903763840057e+02
3.560928589551794516e+02 2.995605271956105184e+02
3.566335291063624027e+02 3.004849037907825391e+02
3.571417644002534075e+02 3.014076704914070888e+02
3.576206517990392513e+02 3.023293961185961507e+02
3.580779877641899134e+02 3.032509992498092402e+02
3.585183811012865931e+02 3.041752893191732028e+02
3.589430516515983527e+02 3.051032342674292295e+02
3.593502227850238455e+02 3.060352470854768399e+02
3.597352142890428581e+02 3.069724157235746702e+02
3.600906410707671057e+02 3.079164569015691768e+02
3.604072488743890403e+02 3.088695218401487068e+02
3.606755214301225578e+02 3.098338226671027087e+02
3.608879324107784896e+02 3.108111089332427355e+02
3.610413415447303578e+02 3.118021106180970037e+02
3.611384128031005503e+02 3.128062084617370147e+02
3.611858202371248581e+02 3.138218510312442504e+02
3.611881349680016342e+02 3.148479757354502908e+02
3.611485430467513993e+02 3.158838419530655983e+02
3.610688025969118371e+02 3.169290409951793208e+02
3.609516379794443992e+02 3.179829395637947869e+02
3.607990556954502495e+02 3.190450712327864835e+02
3.606145379009668659e+02 3.201146265490483529e+02
3.604017901609576029e+02 3.211919956283349507e+02
3.601635433518178502e+02 3.222804244433994540e+02
3.599007689091840234e+02 3.233824180997893905e+02
3.596120859211887364e+02 3.244995840092173580e+02
3.592929571063897356e+02 3.256301535739019073e+02
3.589361060780079811e+02 3.267717885927305019e+02
3.585329206948292153e+02 3.279217221734559757e+02
3.580763780325777930e+02 3.290750716451272524e+02
3.575650138812576415e+02 3.302219210130847955e+02
3.569971784120653524e+02 3.313472805438446471e+02
3.563718893747197285e+02 3.324366562245262458e+02
3.556876804417544236e+02 3.334778749212371736e+02
3.549457492110155954e+02 3.344590980205282449e+02
3.541522317110612335e+02 3.353724537679231048e+02
3.533152124257412652e+02 3.362154314673270505e+02
3.524452418394369033e+02 3.369891462332280412e+02
3.515524630390937659e+02 3.376974566726562443e+02
3.506466805265557127e+02 3.383453308687022059e+02
3.497345761461544384e+02 3.389387944015310836e+02
3.488206996180499004e+02 3.394852739960245458e+02
3.479062273699531147e+02 3.399953644349947126e+02
3.469904242249684785e+02 3.404776511439368392e+02
3.460708099643023274e+02 3.409381591675590357e+02
3.451471552307190223e+02 3.413812856318839977e+02
3.442192032634290513e+02 3.418059259872762823e+02
3.432856897306436963e+02 3.422066412521098755e+02
3.423452142218843051e+02 3.425774070529326423e+02
3.413957867278222125e+02 3.429096626430556398e+02
3.404354523342984749e+02 3.431949982503874139e+02
3.394631015811116299e+02 3.434286411295898347e+02
3.384776050830607801e+02 3.436057328207148771e+02
3.374787210231061181e+02 3.437252330600846335e+02
3.364666450285157566e+02 3.437879834093262161e+02
3.354429427966963999e+02 3.438007192835441401e+02
3.344095255426603330e+02 3.437716624671052728e+02
3.333686717353885456e+02 3.437106146204864672e+02
3.323222454944398123e+02 3.436255949298853238e+02
3.312709206470711933e+02 3.435195021075724071e+02
3.302156277813291467e+02 3.433963394154536104e+02
3.291567490949320245e+02 3.432577510155963978e+02
3.280934737762510736e+02 3.431002489077854420e+02
3.270256628031303876e+02 3.429232350378090359e+02
3.259532885522751826e+02 3.427265905740484868e+02
3.248742978497308513e+02 3.425068668336084556e+02
3.237842437886815219e+02 3.422616284395633102e+02
3.226814322949494453e+02 3.419899519837256321e+02
3.215674278967675264e+02 3.416927909882026029e+02
3.204443073306532028e+02 3.413718802917292123e+02
3.193157195339190366e+02 3.410264168448122177e+02
3.181853999327140059e+02 3.406529266496843320e+02
3.170593651998716496e+02 3.402481035464866181e+02
3.159447610423814012e+02 3.398129065058240030e+02
3.148497045090787765e+02 3.393475132780904460e+02
3.137823054693566860e+02 3.388570702771276615e+02
3.127528201497016198e+02 3.383509312022710560e+02
3.117703269201118133e+02 3.378366466155642343e+02
3.108393043704070351e+02 3.373212224183216108e+02
3.099612205159670566e+02 3.368103069100965286e+02
3.091328284158301472e+02 3.363044361873267007e+02
3.083486324271326566e+02 3.358007133422613038e+02
3.076002764121055861e+02 3.352930738783355764e+02
3.068797763466297397e+02 3.347754817846263222e+02
3.061778974191514635e+02 3.342414536345265788e+02
3.054864298435675209e+02 3.336844371259875857e+02
3.047973711514314346e+02 3.331003573548674126e+02
3.041064722500367452e+02 3.324872545055700357e+02
3.034125597822124405e+02 3.318474433659795864e+02
3.027123766974725640e+02 3.311834304951185004e+02
3.020015119352650004e+02 3.304957392387661343e+02
3.012791032366310446e+02 3.297852137530029495e+02
3.005458660520960166e+02 3.290517739656992262e+02
2.998043541088522375e+02 3.282955100013608103e+02
2.990585376451458046e+02 3.275218724710790639e+02
2.983166227402974187e+02 3.267385151210728509e+02
2.975847267177728668e+02 3.259531645259786501e+02
2.968655624754237010e+02 3.251711313499967559e+02
2.961592784266900935e+02 3.243940566069755391e+02
2.954638014471627230e+02 3.236219920384196485e+02
2.947749753889338535e+02 3.228510148037039471e+02
2.940890075217204753e+02 3.220753116832385103e+02
2.934042219963856155e+02 3.212874172437024640e+02
2.927172764841080266e+02 3.204833939988353677e+02
2.920258928163316341e+02 3.196614399747110724e+02
2.913290707194195761e+02 3.188212137878922476e+02
2.906238011230141751e+02 3.179650565529814230e+02
2.899088256327015642e+02 3.170972226848031141e+02
2.891858905798222850e+02 3.162231356268990226e+02
2.884574629845951108e+02 3.153487884371897962e+02
2.877253346669131133e+02 3.144793188394388608e+02
2.869941326767295209e+02 3.136162456182689766e+02
2.862665512081553061e+02 3.127574630671255704e+02
2.855458798621284586e+02 3.118983257084587422e+02
2.848383247995143392e+02 3.110361393720221486e+02
2.841511707881459756e+02 3.101692106592755636e+02
2.834894214183910890e+02 3.092963764483712339e+02
2.828523578563599585e+02 3.084178038376006725e+02
2.822389057473367302e+02 3.075337425687194468e+02
2.816470907331988656e+02 3.066446515959781323e+02
2.810732660468963786e+02 3.057513786375388918e+02
2.805121173825997403e+02 3.048551590433728506e+02
2.799568275067129548e+02 3.039575775302045031e+02
2.793999801573985451e+02 3.030603580633344905e+02
2.788340606958231547e+02 3.021652474765289753e+02
2.782509574029717214e+02 3.012741313992894447e+02
2.776420510903755599e+02 3.003890134261714593e+02
2.770037359002302537e+02 2.995107317656782016e+02
2.763392982086114671e+02 2.986385224752137901e+02
2.756564523304329555e+02 2.977705923048201839e+02
2.749614739387992586e+02 2.969054824275426085e+02
2.742590471423492318e+02 2.960421039874405551e+02
2.735579713250388068e+02 2.951784115021754360e+02
2.728675669766922738e+02 2.943122383544680929e+02
2.721937260027279990e+02 2.934422149270209275e+02
2.715435032999792497e+02 2.925667012565199911e+02
2.709229037613049513e+02 2.916843014608954263e+02
2.703342786943063061e+02 2.907944689611828153e+02
2.697765741988903301e+02 2.898974487443081784e+02
2.692477136438201342e+02 2.889937235386693715e+02
2.687398508640442856e+02 2.880838657418415778e+02
2.682440163231898396e+02 2.871660796040492869e+02
2.677512768671727486e+02 2.862397107804973757e+02
2.672527588235914209e+02 2.853055356139628316e+02
2.667408279992464486e+02 2.843681520521614061e+02
2.662103198561929958e+02 2.834340417837476593e+02
2.656609205811934658e+02 2.825131788928024434e+02
2.650940832660804745e+02 2.816171010056903015e+02
2.645107856429158346e+02 2.807547222467099459e+02
2.639079838068991535e+02 2.799352252954575420e+02
2.632847658708078029e+02 2.791665590576247951e+02
2.626403513403599845e+02 2.784543801575296129e+02
2.619727945338634072e+02 2.778010463694938608e+02
2.612788089657445880e+02 2.772051482164603726e+02
2.605559803124168639e+02 2.766613035750916652e+02
2.598077620104561447e+02 2.761596668225624853e+02
2.590417983026851516e+02 2.756867087888441574e+02
2.582632419643980484e+02 2.752277177107598618e+02
2.574746686477922140e+02 2.747662010922657601e+02
2.566763452182696028e+02 2.742835605020070489e+02
2.558663204004090517e+02 2.737636463380001715e+02
2.550386287463774693e+02 2.731949555618137992e+02
2.541886458688841515e+02 2.725734678193359741e+02
2.533149365356594558e+02 2.718998678596684613e+02
2.524165711581165112e+02 2.711803192300900491e+02
2.514951230958829171e+02 2.704269475974890042e+02
2.505528352376302053e+02 2.696578018620646162e+02
2.495929867731223624e+02 2.688956539426533254e+02
2.486173611151368164e+02 2.681665443182035915e+02
2.476260883727904343e+02 2.674939502415704169e+02
2.466171581069426679e+02 2.668996443603296598e+02
2.455886787769802027e+02 2.663973205936831619e+02
2.445403466873336242e+02 2.659946601891208502e+02
2.434760489782143509e+02 2.656884752272621313e+02
2.424023830922341745e+02 2.654686964090756192e+02
2.413261198314054070e+02 2.653211331522931573e+02
2.402520812066685494e+02 2.652276147557589638e+02
2.391842629307168409e+02 2.651730495732383588e+02
2.381267436395006882e+02 2.651409581408814233e+02
2.370797547556923064e+02 2.651148066718095038e+02
2.360391303165020531e+02 2.650822077189878883e+02
2.349998234204190908e+02 2.650331982610808836e+02
2.339566103120659193e+02 2.649620010253963756e+02
2.329074124583976868e+02 2.648650582377171645e+02
2.318522477466299279e+02 2.647424468463863718e+02
2.307903239382900722e+02 2.645961425396898221e+02
2.297187788432865432e+02 2.644305271742979357e+02
2.286371387936632686e+02 2.642499273618950610e+02
2.275499493626086291e+02 2.640627368810337430e+02
2.264645257593468273e+02 2.638765311550689034e+02
2.253878826508655209e+02 2.636932379856114608e+02
2.243242300935187927e+02 2.635058912163685250e+02
2.232752970084400204e+02 2.633048849149172383e+02
2.222413507253369289e+02 2.630843070139517863e+02
2.212212689366426162e+02 2.628417983588088873e+02
2.202135725439916314e+02 2.625810260843410333e+02
2.192163362529767596e+02 2.623086049028959792e+02
2.182275137865021293e+02 2.620328285239000934e+02
2.172451600816301038e+02 2.617623819005580117e+02
2.162652776386100300e+02 2.615009498443635607e+02
2.152810869887995580e+02 2.612500631201340298e+02
2.142866957166525594e+02 2.610062353487976452e+02
2.132802875487158190e+02 2.607675448655181185e+02
2.122635889111162726e+02 2.605346170124643095e+02
2.112391177407690179e+02 2.603049455903841363e+02
2.102096192387740814e+02 2.600752796000587068e+02
2.091756352007809596e+02 2.598387633225270292e+02
2.081353882978053207e+02 2.595903213719236646e+02
2.070886765379446217e+02 2.593262626235866719e+02
2.060369143963750673e+02 2.590431454306752244e+02
2.049852811836248634e+02 2.587377669114475225e+02
2.039401337325344628e+02 2.584079574020497603e+02
2.029099031218369191e+02 2.580532713630367425e+02
2.019035068053808004e+02 2.576774755237402132e+02
2.009287841795820668e+02 2.572889649060680313e+02
1.999913733365883957e+02 2.568954316994312421e+02
1.990907067060422264e+02 2.565060763521279910e+02
1.982210133068915638e+02 2.561252310403663159e+02
1.973726967431281594e+02 2.557521132626116582e+02
1.965373419124109660e+02 2.553828251409037762e+02
1.957093015405562255e+02 2.550154515984056616e+02
1.948877603323126664e+02 2.546481503909278103e+02
1.940742807189480459e+02 2.542789290058521487e+02
1.932733241480750053e+02 2.539057318969737196e+02
1.924887926725297689e+02 2.535278953221270797e+02
1.917236521159223628e+02 2.531459793021285236e+02
1.909763467375123014e+02 2.527623628728644576e+02
1.902431618846838717e+02 2.523793109276977020e+02
1.895203071032653952e+02 2.520006172282406851e+02
1.888062638152814259e+02 2.516287455979312142e+02
1.881030229694933951e+02 2.512650309124298929e+02
1.874114431534192136e+02 2.509072264210888079e+02
1.867317973726950413e+02 2.505480974221917165e+02
1.860657618279703343e+02 2.501788623288443318e+02
1.854122501042059525e+02 2.497892031663246826e+02
1.847679302342709775e+02 2.493698608998537907e+02
1.841275211999426915e+02 2.489115039147518758e+02
1.834855250247950949e+02 2.484069721151942645e+02
1.828385713206015453e+02 2.478484753121458652e+02
1.821838834513586676e+02 2.472280657878522447e+02
1.815214178371782054e+02 2.465383791540297125e+02
1.808516560314631931e+02 2.457779051552957981e+02
1.801725568545704164e+02 2.449487629928359524e+02
1.794795751778312365e+02 2.440599576389092533e+02
1.787680180636232592e+02 2.431343401194548051e+02
1.780359941725632211e+02 2.422031787203760018e+02
1.772830521119238938e+02 2.413057999694830755e+02
1.765102534363923326e+02 2.404825226002710679e+02
1.757192647000229613e+02 2.397759897269623934e+02
1.749117861375435723e+02 2.392217506079440454e+02
1.740879941416330894e+02 2.388467675238804873e+02
1.732459784080115242e+02 2.386641104381058653e+02
1.723798974391168599e+02 2.386731619510461542e+02
1.714875895772654530e+02 2.388574989935284805e+02
1.705713825402096404e+02 2.391894088130720206e+02
1.696369465778495851e+02 2.396299461269448443e+02
1.686907469239754960e+02 2.401300797166321388e+02
1.677370164048943479e+02 2.406379719426193162e+02
1.667808283020320346e+02 2.411015538621422252e+02
1.658246438476561195e+02 2.414757249253070199e+02
1.648719089041418329e+02 2.417232242404109002e+02
1.639268665814788619e+02 2.418204316572718540e+02
1.629943249927077886e+02 2.417587933756825862e+02
1.620802073491694557e+02 2.415440349541669320e+02
1.611874197414711034e+02 2.411930922236576862e+02
1.603199561382040486e+02 2.407278635766733146e+02
1.594807803113298519e+02 2.401756027432476799e+02
1.586731627054193154e+02 2.395657395299093082e+02
1.578997064011607847e+02 2.389280436761924307e+02
1.571584526295147839e+02 2.382873455402870491e+02
1.564435350308503132e+02 2.376578708324982472e+02
1.557460694369934515e+02 2.370478324006180344e+02
1.550568874811077933e+02 2.364587218888915459e+02
1.543663136129597149e+02 2.358851233867142980e+02
1.536671289725750000e+02 2.353171906821408754e+02
1.529545150342241016e+02 2.347449097195097352e+02
1.522280990010820290e+02 2.341616507303084234e+02
1.514898628498799269e+02 2.335647395043289407e+02
1.507449065148436773e+02 2.329567265497347535e+02
1.499985353357068902e+02 2.323474809321001544e+02
1.492587404760174934e+02 2.317505819475097155e+02
1.485362042198132713e+02 2.311793272530778722e+02
1.478366845493748372e+02 2.306440535720793150e+02
1.471605694026183642e+02 2.301486777902889003e+02
1.465040553661979459e+02 2.296884846206612281e+02
1.458605157749075545e+02 2.292515159186392566e+02
1.452219423657329287e+02 2.288220342112207959e+02
1.445808164666225935e+02 2.283842528960930167e+02
1.439318438183411786e+02 2.279273126823422615e+02
1.432747028250353196e+02 2.274482843120237305e+02
1.426129669473316142e+02 2.269480495811176581e+02
1.419465592299042669e+02 2.264278850670316956e+02
1.412729991251753461e+02 2.258870614764686025e+02
1.405907391569780600e+02 2.253230115162014044e+02
1.398969395425623077e+02 2.247369805126661220e+02
1.391916598719467970e+02 2.241316362569021123e+02
1.384729286698292015e+02 2.235102192891625918e+02
1.377360184598346677e+02 2.228756149397796094e+02
1.369788032612454458e+02 2.222294097780039408e+02
1.362022539333940756e+02 2.215744509220552629e+02
1.354107371733998946e+02 2.209117643062727439e+02
1.346071439457923304e+02 2.202421090723356940e+02
1.337946087676058085e+02 2.195612104851691697e+02
1.329769059147963048e+02 2.188584522630790730e+02
1.321624896225250438e+02 2.181176683565529686e+02
1.313654792319469209e+02 2.173247905004045606e+02
1.306073027339400880e+02 2.164718048367037682e+02
1.299149295171952190e+02 2.155614274828364501e+02
1.293195816286759339e+02 2.146039278284341094e+02
1.288509824755900013e+02 2.136193371041368891e+02
1.285335564101824559e+02 2.126354930938258576e+02
1.283861553227628463e+02 2.116816921810450367e+02
1.284180746728114286e+02 2.107830427571218479e+02
1.286299152620910320e+02 2.099571192008288563e+02
1.290135070666286481e+02 2.092162444023011005e+02
1.295551729066153541e+02 2.085665883925332196e+02
