1.316021664835839147e+02 2.067823440593206215e+02
1.326282904620428553e+02 2.065222637028985559e+02
1.336547027612293732e+02 2.062979274827810343e+02
1.346734236007451102e+02 2.061004013266158950e+02
1.356825202893338087e+02 2.059227229576557647e+02
1.366848617814026454e+02 2.057598923794396342e+02
1.376850839180300170e+02 2.056075353778099952e+02
1.386866782380801908e+02 2.054629566872215776e+02
1.396894644407036026e+02 2.053222674747384531e+02
1.406920865690297830e+02 2.051810428375407582e+02
1.416935774636747567e+02 2.050361266381590326e+02
1.426930467285863244e+02 2.048846132414010981e+02
1.436891228784337784e+02 2.047220270703222127e+02
1.446811402403541535e+02 2.045461958303660879e+02
1.456696106675568103e+02 2.043587898554191611e+02
1.466559630713764761e+02 2.041644721210761304e+02
1.476426937250491278e+02 2.039713887319233550e+02
1.486317735710699424e+02 2.037859714773449014e+02
1.496252154494778495e+02 2.036147888712501413e+02
1.506266953913871589e+02 2.034665364737271602e+02
1.516417366391617350e+02 2.033484495464015822e+02
1.526745972786723655e+02 2.032657099149861324e+02
1.537272265044238395e+02 2.032190297380179800e+02
1.547981332275572299e+02 2.032085364831966103e+02
1.558828153046346472e+02 2.032316479126426714e+02
1.569731981504783391e+02 2.032875406648270484e+02
1.580578594493123887e+02 2.033752008687949058e+02
1.591249930996516468e+02 2.034947718832702321e+02
1.601648829552119082e+02 2.036473945033199016e+02
1.611710545626860096e+02 2.038333270124567207e+02
1.621403648472286250e+02 2.040498384530618523e+02
1.630733564388632715e+02 2.042928529736097403e+02
1.639734563303278492e+02 2.045567205520850393e+02
1.648465772743499258e+02 2.048363702780978315e+02
1.656995438124592113e+02 2.051257270270477591e+02
1.665384025072555687e+02 2.054148457863794874e+02
1.673689197419124071e+02 2.056919764162599904e+02
1.681971842179363250e+02 2.059465229929935504e+02
1.690311458594902376e+02 2.061705604841635591e+02
1.698819449484668951e+02 2.063599774734266816e+02
1.707608284795537941e+02 2.065144170427255403e+02
1.716769578869653401e+02 2.066337576513872705e+02
1.726333684688895573e+02 2.067193785140107707e+02
1.736268218384029183e+02 2.067777430902837068e+02
1.746484748253690213e+02 2.068184725590287485e+02
1.756859964533356901e+02 2.068538341094812836e+02
1.767276735126319807e+02 2.069001007234579106e+02
1.777647949448240468e+02 2.069718368029705289e+02
1.787919024852247674e+02 2.070829174657340559e+02
1.798078919227780545e+02 2.072437876025064156e+02
1.808133846286289668e+02 2.074599904183081662e+02
1.818089468471849273e+02 2.077319265929004928e+02
1.827936619791813087e+02 2.080556902744189358e+02
1.837633734923277302e+02 2.084244787513217432e+02
1.847132134256750362e+02 2.088306216777759232e+02
1.856381110469906730e+02 2.092675379172059991e+02
1.865349955544619434e+02 2.097269164592505604e+02
1.874056160657630983e+02 2.102012190167459664e+02
1.882548124494554429e+02 2.106795901736564360e+02
1.890890323668322139e+02 2.111476905554890777e+02
1.899157135708155408e+02 2.115918417049672087e+02
1.907418893632654147e+02 2.120008099530132313e+02
1.915730219550101481e+02 2.123668970961440152e+02
1.924146743980587644e+02 2.126894850944378845e+02
1.932725931090227505e+02 2.129710321846873740e+02
1.941500719414474361e+02 2.132174235701872931e+02
1.950480820131445228e+02 2.134382380850626646e+02
1.959678344077897805e+02 2.136456909523295735e+02
1.969134090798144996e+02 2.138547653136424458e+02
1.978907914924292299e+02 2.140797578929321503e+02
1.989030975768564815e+02 2.143296321086658054e+02
1.999486410424898395e+02 2.146033630491444910e+02
2.010187984067571847e+02 2.148926123840001310e+02
2.021005244798703586e+02 2.151840837160743263e+02
2.031791208304526890e+02 2.154609218555413008e+02
2.042418324906088287e+02 2.157077500792458409e+02
2.052802924108474940e+02 2.159118141342577815e+02
2.062913876193794351e+02 2.160642626522851231e+02
2.072760130298576087e+02 2.161632274484992422e+02
2.082396599811303872e+02 2.162120921030532088e+02
2.091894411294430824e+02 2.162155684565784668e+02
2.101326556969173112e+02 2.161758951529545811e+02
2.110741966723365408e+02 2.160947523281176643e+02
2.120174762965126831e+02 2.159732645827268698e+02
2.129657743630269806e+02 2.158145748986567583e+02
2.139212170829138131e+02 2.156220448379903019e+02
2.148838837881261270e+02 2.153976603076842196e+02
2.158532063345417953e+02 2.151472945103791403e+02
2.168275851047850438e+02 2.148790998827813610e+02
2.178046076477436372e+02 2.146024297122611983e+02
2.187822091303090133e+02 2.143282972858044957e+02
2.197585562481994543e+02 2.140644371700061868e+02
2.207328434914775244e+02 2.138133574363845355e+02
2.217066458573876275e+02 2.135747846262030407e+02
2.226819771562723247e+02 2.133445016488883539e+02
2.236582562772131837e+02 2.131173117054160002e+02
2.246348779032494178e+02 2.128912394610353545e+02
2.256133433142005060e+02 2.126711840518849499e+02
2.265964215568214968e+02 2.124661817261390979e+02
2.275886178234073043e+02 2.122876338509257721e+02
2.285956595702238019e+02 2.121434421004170758e+02
2.296220597842820439e+02 2.120396201208644982e+02
2.306699888673983310e+02 2.119776019380543914e+02
2.317361184265410543e+02 2.119548232022002026e+02
2.328113025697860223e+02 2.119643262325885473e+02
2.338841798367653269e+02 2.119999849833243388e+02
2.349436325633463980e+02 2.120566362316508560e+02
2.359807911976822652e+02 2.121302958235758069e+02
2.369908354750812123e+02 2.122170293899881983e+02
2.379745409008440049e+02 2.123127325994529713e+02
2.389350500072013972e+02 2.124131070908663901e+02
2.398777179834743833e+02 2.125163957377855013e+02
2.408076151912908358e+02 2.126255913119961747e+02
2.417294920625159875e+02 2.127475027936052356e+02
2.426447107695344414e+02 2.128913298000174166e+02
2.435520567156054312e+02 2.130663890548927384e+02
2.444513259355052526e+02 2.132803258262571262e+02
2.453435307447235800e+02 2.135409011026010262e+02
2.462316257786310985e+02 2.138527088076097016e+02
2.471186162928540853e+02 2.142172963386531990e+02
2.480085245931383611e+02 2.146354821170701257e+02
2.489036526659829178e+02 2.151066004716516318e+02
2.498058262334888013e+02 2.156285680580166400e+02
2.507163628114407175e+02 2.162006705078030961e+02
2.516328044936116157e+02 2.168220817090456194e+02
2.525468880815658679e+02 2.174917484762848972e+02
2.534481141136553219e+02 2.182094158563867836e+02
2.543241481925507514e+02 2.189726362925032674e+02
2.551648271341377949e+02 2.197748150895953358e+02
2.559681844772510999e+02 2.206063813890032748e+02
2.567385904876734912e+02 2.214550872535134545e+02
2.574850289881409253e+02 2.223091902023808188e+02
2.582183594430444487e+02 2.231583926179614537e+02
2.589450285393577929e+02 2.239982464881080659e+02
2.596692681847896438e+02 2.248285510987328166e+02
2.603934692988761412e+02 2.256535386630595781e+02
2.611159452695430900e+02 2.264780434922813015e+02
2.618343166361032672e+02 2.273038061267849343e+02
2.625480106853352709e+02 2.281310020674706038e+02
2.632572282015070755e+02 2.289595697864767772e+02
2.639625332928001171e+02 2.297893364198118320e+02
2.646639011002097277e+02 2.306203095852109186e+02
2.653602971066981127e+02 2.314528062976555134e+02
2.660528880841968657e+02 2.322874803983033871e+02
2.667423525395851698e+02 2.331274300528077674e+02
2.674309778219189297e+02 2.339746245105934577e+02
2.681210912640318611e+02 2.348300815515388535e+02
2.688128219893744699e+02 2.356912190276749186e+02
2.695043017759095392e+02 2.365515956360728467e+02
2.701936329477377967e+02 2.374023086869042913e+02
2.708821303624797565e+02 2.382334198000477841e+02
2.715735783459753065e+02 2.390361206585280343e+02
2.722734394921827175e+02 2.398041102620874199e+02
2.729830418309691140e+02 2.405357119313671319e+02
2.736988299467279262e+02 2.412338015745480675e+02
2.744155881605435070e+02 2.419041411947062556e+02
2.751272914993876384e+02 2.425542615297875386e+02
2.758269132962045660e+02 2.431926874299424526e+02
2.765116124828347210e+02 2.438276704124080538e+02
2.771829975738393159e+02 2.444680501216289485e+02
2.778449000763256436e+02 2.451213229395514190e+02
2.785018039499287852e+02 2.457938753802474707e+02
2.791551510452658249e+02 2.464890883660464738e+02
2.798045140664591486e+02 2.472074651764264672e+02
2.804531046582539489e+02 2.479475269324098861e+02
2.811078586407746229e+02 2.487044456353220880e+02
2.817763785578771376e+02 2.494717634173324541e+02
2.824666926649094876e+02 2.502385786704371924e+02
2.831844468681067042e+02 2.509912599953029826e+02
2.839321062331760004e+02 2.517170147551000525e+02
2.847100080215372486e+02 2.524024891099036836e+02
2.855158185237037856e+02 2.530363881416959089e+02
2.863487328460889785e+02 2.536127950192881144e+02
2.872110363543995959e+02 2.541307918736339957e+02
2.881035204507502385e+02 2.545961354641250978e+02
2.890254053618729699e+02 2.550162678468382751e+02
2.899724787757510285e+02 2.554014233123925237e+02
2.909395051531281524e+02 2.557596165401759549e+02
2.919201912644605272e+02 2.560988066644952710e+02
2.929108180667682859e+02 2.564249842182409793e+02
2.939076861785783876e+02 2.567441765911232210e+02
2.949061166392173163e+02 2.570609176365819621e+02
2.958982826716900831e+02 2.573799914687326691e+02
2.968741814138921313e+02 2.577041903616879495e+02
2.978242978591756582e+02 2.580345401329224728e+02
2.987415370190510657e+02 2.583691307197850620e+02
2.996187189798035320e+02 2.587061230575548052e+02
3.004519757924135774e+02 2.590417825241112268e+02
3.012395877188906752e+02 2.593725790709781904e+02
3.019800284098787415e+02 2.596980370284766195e+02
3.026737049225083638e+02 2.600205564583750402e+02
3.033222107128510174e+02 2.603435147072277687e+02
3.039309207364036638e+02 2.606690759410188889e+02
3.045131430976131242e+02 2.610009163481313976e+02
3.050901944042605578e+02 2.613424972789831600e+02
3.056849633315921437e+02 2.616957785921060804e+02
3.063156774187186784e+02 2.620613904588788046e+02
3.069932236931569491e+02 2.624382756972683524e+02
3.077221672300813111e+02 2.628243377818988051e+02
3.085003467218191417e+02 2.632184829549615301e+02
3.093205055874921072e+02 2.636171270307810346e+02
3.101728166609525488e+02 2.640180142774349861e+02
3.110484358827097822e+02 2.644194861290586687e+02
3.119390565154515116e+02 2.648196681150009226e+02
3.128363040025200803e+02 2.652164576231272690e+02
3.137317850539853907e+02 2.656074827105317127e+02
3.146171667358194668e+02 2.659905683941139500e+02
3.154832170222844638e+02 2.663641143333555306e+02
3.163187375682352922e+02 2.667275986259555793e+02
3.171138170682889950e+02 2.670812931130547554e+02
3.178609316301769354e+02 2.674253216539638629e+02
3.185576485243586831e+02 2.677581245679517110e+02
3.192083292972046138e+02 2.680788422427462478e+02
3.198265346773749798e+02 2.683867225146659052e+02
3.204308449152816252e+02 2.686837172145533827e+02
3.210441809855803399e+02 2.689724069800864754e+02
3.216881009204877842e+02 2.692569761549346481e+02
3.223771612330330640e+02 2.695419870431687741e+02
3.231170926180840866e+02 2.698341197627767087e+02
3.239056352747041956e+02 2.701430311994222393e+02
3.247361354461874612e+02 2.704787771280979314e+02
3.255969309490565706e+02 2.708493564783284455e+02
3.264758536285130504e+02 2.712618030708251240e+02
3.273654580645238070e+02 2.717227598601665477e+02
3.282615762321419197e+02 2.722378205100037576e+02
3.291612568879357354e+02 2.728109109937455514e+02
3.300613204847856537e+02 2.734430244705506539e+02
3.309572763091648540e+02 2.741313566071613081e+02
3.318430578882970963e+02 2.748690394207546888e+02
3.327115726713071808e+02 2.756444059588544633e+02
3.335544421693458617e+02 2.764408283275892586e+02
3.343642020451871417e+02 2.772404090824548462e+02
3.351399340127631490e+02 2.780251954233717697e+02
3.358862301739156919e+02 2.787827281460846507e+02
3.366133482787850539e+02 2.795024014025811425e+02
3.373322667683075338e+02 2.801773639589134746e+02
3.380538967635715153e+02 2.808036917628910487e+02
3.387849666948057461e+02 2.813830850676289970e+02
3.395310275681158600e+02 2.819199174153091008e+02
3.402941568396084904e+02 2.824218555847285188e+02
3.410705386578571279e+02 2.828980794344315655e+02
3.418522291477538033e+02 2.833598307796750078e+02
3.426291725388926466e+02 2.838206511198789030e+02
3.433901693340010297e+02 2.842953873409403514e+02
3.441252773851862798e+02 2.847988357171295775e+02
3.448274838783721066e+02 2.853439828408684775e+02
3.454921055436842607e+02 2.859407241168119640e+02
3.461183299918292278e+02 2.865941049829624490e+02
3.467086218367300035e+02 2.873037822728721835e+02
3.472666149333941803e+02 2.880650916105077499e+02
3.477991998924402424e+02 2.888691597183287740e+02
3.483129488519995220e+02 2.897054904074373667e+02
3.488179365814472703e+02 2.905629523823546947e+02
3.493278122095610456e+02 2.914318563794548709e+02
3.498561533662667102e+02 2.923054300925872440e+02
3.504144226389157666e+02 2.931780984411057034e+02
3.510086056737365539e+02 2.940473902452865786e+02
3.516426757350632215e+02 2.949106634333042507e+02
3.523174179269190631e+02 2.957657017171194411e+02
3.530286682220231000e+02 2.966093538224178587e+02
3.537684530248899932e+02 2.974398596923718969e+02
3.545270943534038111e+02 2.982586109476776528e+02
3.552964728838997530e+02 2.990697544501881566e+02
3.560681257023709350e+02 2.998791896411913740e+02
3.568318561472972306e+02 3.006910525458136476e+02
3.575739869855675579e+02 3.015095343833788775e+02
3.582844493642007251e+02 3.023377206296440818e+02
3.589592056071795128e+02 3.031768485806040303e+02
3.596018124643936744e+02 3.040258283141415063e+02
3.602191166793809884e+02 3.048825617301811235e+02
3.608215121844136206e+02 3.057438637364283522e+02
3.614192705289715946e+02 3.066065867432852770e+02
3.620197748374230287e+02 3.074684682833894271e+02
3.626236580582697684e+02 3.083293143974822783e+02
3.632258766819234097e+02 3.091906706068455719e+02
3.638163025762381722e+02 3.100556405526047001e+02
3.643849691925980778e+02 3.109272783606062944e+02
3.649213946360993646e+02 3.118087960782078198e+02
3.654138712716882083e+02 3.127037813657115635e+02
3.658515538805473284e+02 3.136155576066052504e+02
3.662276989796196176e+02 3.145461912580642547e+02
3.665373099089791253e+02 3.154972134848692349e+02
3.667806381270186193e+02 3.164685472306985048e+02
3.669601102550340102e+02 3.174594488873979117e+02
3.670804791434827621e+02 3.184684620025900017e+02
3.671470454970393007e+02 3.194939622407324578e+02
3.671638584651078645e+02 3.205347087899526741e+02
3.671378795250937515e+02 3.215885683913970752e+02
3.670770339188883327e+02 3.226531124524775009e+02
3.669881999418431064e+02 3.237262332044543314e+02
3.668780235532279903e+02 3.248058940751135992e+02
3.667508770695069984e+02 3.258907552220247226e+02
3.666100115945362177e+02 3.269808317685457837e+02
3.664551217922820570e+02 3.280795233668511059e+02
3.662804445187699685e+02 3.291912662406197683e+02
3.660766979516827746e+02 3.303206356520814211e+02
3.658353656653819144e+02 3.314687112050262954e+02
3.655492650895143356e+02 3.326339830610119179e+02
3.652132097541340272e+02 3.338112296575806113e+02
3.648255724038446601e+02 3.349931441052520995e+02
3.643875753335764784e+02 3.361701719941492001e+02
3.639009436851038117e+02 3.373344612933333337e+02
3.633673400167474483e+02 3.384797134831508174e+02
3.627858596041934902e+02 3.395995528437271105e+02
3.621564095668394430e+02 3.406890617823389107e+02
3.614821492521681989e+02 3.417446657764330098e+02
3.607690116503496824e+02 3.427633293083200670e+02
3.600228439916620573e+02 3.437422387234237249e+02
3.592499332949690825e+02 3.446779540270046596e+02
3.584553475654635122e+02 3.455671870455021235e+02
3.576437718212637833e+02 3.464068537766090117e+02
3.568182164337436006e+02 3.471951939643232663e+02
3.559812862129262498e+02 3.479316802845110033e+02
3.551342788635208194e+02 3.486176157028232865e+02
3.542784825618048217e+02 3.492553676919374652e+02
3.534133410361256438e+02 3.498485341243984976e+02
3.525367162484585606e+02 3.504009266977814150e+02
3.516483610275109299e+02 3.509150392724176299e+02
3.507489680012087661e+02 3.513931321054951127e+02
3.498395432965817236e+02 3.518384884978530636e+02
3.489205630220815806e+02 3.522526621372792874e+02
3.479922647924493617e+02 3.526364284334944728e+02
3.470555891049958177e+02 3.529928565174517985e+02
3.461114002796795148e+02 3.533247669300585585e+02
3.451599406190786112e+02 3.536329503788843454e+02
3.442018675923411024e+02 3.539195523872497802e+02
3.432374443043222527e+02 3.541854315469293510e+02
3.422671052589197984e+02 3.544320057773010717e+02
3.412905753386961010e+02 3.546583772858525663e+02
3.403075762033255387e+02 3.548636377628000673e+02
3.393171623746704881e+02 3.550447018232258074e+02
3.383188386999411819e+02 3.551999536318302830e+02
3.373117862726006706e+02 3.553267208456184107e+02
3.362942664910782469e+02 3.554193298748465963e+02
3.352654569329592391e+02 3.554750969031329646e+02
3.342251671548628451e+02 3.554934004553623481e+02
3.331720462928579991e+02 3.554731327045448666e+02
3.321029030105298716e+02 3.554146681128110572e+02
3.310153238858919167e+02 3.553188445580251482e+02
3.299084054050941859e+02 3.551883622580900237e+02
3.287844470158991612e+02 3.550257316681410202e+02
3.276482822332271212e+02 3.548346163927578800e+02
3.265075266393258744e+02 3.546176423822498691e+02
3.253708738444766482e+02 3.543777076761744524e+02
3.242478896851596346e+02 3.541160718579687909e+02
3.231476627902160885e+02 3.538351950113280964e+02
3.220803416568219859e+02 3.535385145802254101e+02
3.210555833747868064e+02 3.532304207986419442e+02
3.200794515199515899e+02 3.529163967213852970e+02
3.191549109273954627e+02 3.526005405282895140e+02
3.182804369523009882e+02 3.522829418585244525e+02
3.174528301795344873e+02 3.519614026473044532e+02
3.166665745344652123e+02 3.516313493404680344e+02
3.159142731233977770e+02 3.512828147480068992e+02
3.151876344213416132e+02 3.509073253464904951e+02
3.144803826464278700e+02 3.505002517166318512e+02
3.137867562762939997e+02 3.500585880161085583e+02
3.130991243985881169e+02 3.495822419753307599e+02
3.124091383035502645e+02 3.490714479665322756e+02
3.117076524316970563e+02 3.485270380604648608e+02
3.109868008880008574e+02 3.479473237866920954e+02
3.102414900796906068e+02 3.473334790313591043e+02
3.094724782889838934e+02 3.466884697863873157e+02
3.086854423566234118e+02 3.460168276624378336e+02
3.078875333973082888e+02 3.453270420059258186e+02
3.070857806476439578e+02 3.446279689693876094e+02
3.062838215174894003e+02 3.439276183335016981e+02
3.054838434285272797e+02 3.432338689656601787e+02
3.046859554143131845e+02 3.425522987002711943e+02
3.038881526200700023e+02 3.418862391451030476e+02
3.030895598235451871e+02 3.412340424148416673e+02
3.022888423190813683e+02 3.405912164323718798e+02
3.014864325909651370e+02 3.399494622913596231e+02
3.006824281145544546e+02 3.393004561451847962e+02
2.998792016312706892e+02 3.386360701174859287e+02
2.990786730928766133e+02 3.379525112291926803e+02
2.982836470719807949e+02 3.372482862390370997e+02
2.974970966923251012e+02 3.365232779070288416e+02
2.967192490841034100e+02 3.357793264429044484e+02
2.959503565852662064e+02 3.350187297567054543e+02
2.951912891598439614e+02 3.342431049222043953e+02
2.944423533909635466e+02 3.334528380582770524e+02
2.937015100065269735e+02 3.326474213664295689e+02
2.929683507879575473e+02 3.318260449067914806e+02
2.922461934477450427e+02 3.309907774084011294e+02
2.915394558047300393e+02 3.301455437358030736e+02
2.908494704758354601e+02 3.292953752439973982e+02
2.901737224688338301e+02 3.284452460880978606e+02
2.895091829900254083e+02 3.275976584820688799e+02
2.888523545589992523e+02 3.267520253903271055e+02
2.882033178246322223e+02 3.259050160133051577e+02
2.875673052964476142e+02 3.250540155290037205e+02
2.869514993145455719e+02 3.241968229979217426e+02
2.863604031832220471e+02 3.233320584380239211e+02
2.857954701981308290e+02 3.224592765047891589e+02
2.852587139386451440e+02 3.215778601616641481e+02
2.847486878019199708e+02 3.206882527022410159e+02
2.842605605360216714e+02 3.197919346040623623e+02
2.837859125873131916e+02 3.188914859354516125e+02
2.833178704410210571e+02 3.179890130001991224e+02
2.828549368201755101e+02 3.170849746203574568e+02
2.823958802479328938e+02 3.161797481668101000e+02
2.819401748607343734e+02 3.152734947839561528e+02
2.814877030563657172e+02 3.143662505095430788e+02
2.810365851116325189e+02 3.134585913615498498e+02
2.805820022041034463e+02 3.125519940086514339e+02
2.801207408293754497e+02 3.116474431896207875e+02
2.796500167789325246e+02 3.107457920908033771e+02
2.791648649446624404e+02 3.098485622083159683e+02
2.786612094059253764e+02 3.089570025577460228e+02
2.781382996120053122e+02 3.080713431360993582e+02
2.775985908676648251e+02 3.071908315455274305e+02
2.770465224174573109e+02 3.063141074343126320e+02
2.764877410798906112e+02 3.054394404045989404e+02
2.759271268687919019e+02 3.045653350363633649e+02
2.753655756644427584e+02 3.036915167981478589e+02
2.748023177938158028e+02 3.028182215467547849e+02
2.742367203084091898e+02 3.019456432414424398e+02
2.736692564854259899e+02 3.010736368522518092e+02
2.731028262233651276e+02 3.002013137410696118e+02
2.725439291958153945e+02 2.993266821631236780e+02
2.720023244743159694e+02 2.984467515713578223e+02
2.714844754000642979e+02 2.975595413546127475e+02
2.709935601011878816e+02 2.966640776147388578e+02
2.705315338340104176e+02 2.957597611875613666e+02
2.700997026523893396e+02 2.948461918489910545e+02
2.696940776422009094e+02 2.939245919525421300e+02
2.693086505732550222e+02 2.929968026462210560e+02
2.689361291521618682e+02 2.920650585633577521e+02
2.685710243194814666e+02 2.911310417584884362e+02
2.682084436318841085e+02 2.901962514605036176e+02
2.678395669233124181e+02 2.892633905004601047e+02
2.674554946701175595e+02 2.883351860275691365e+02
2.670473961889708221e+02 2.874143440957753342e+02
2.666071626637929057e+02 2.865033495517118354e+02
2.661290650501375694e+02 2.856039579903588219e+02
2.656077127684676498e+02 2.847178212883011952e+02
2.650372610843538723e+02 2.838467304922869516e+02
2.644128344536006807e+02 2.829911682686560539e+02
2.637337046513195560e+02 2.821480516872258022e+02
2.630037028228806548e+02 2.813145479454699966e+02
2.622324046460349791e+02 2.804892967726028701e+02
2.614298642237303056e+02 2.796734206796114677e+02
2.606043135027831568e+02 2.788698368069805156e+02
2.597630711566484933e+02 2.780815810881513244e+02
2.589110267517997954e+02 2.773102405769041070e+02
2.580519034450027789e+02 2.765537393243716906e+02
2.571881181078466057e+02 2.758091926177918367e+02
2.563227666477214370e+02 2.750728257363228977e+02
2.554594560668791701e+02 2.743427468428272959e+02
2.546044560540698285e+02 2.736176778962346248e+02
2.537659743110854720e+02 2.728995592759642932e+02
2.529489972794706887e+02 2.721936560604319766e+02
2.521549145845248745e+02 2.715040763868708495e+02
2.513826437497281177e+02 2.708335303404427350e+02
2.506292203537234684e+02 2.701853821015854464e+02
2.498875822897439036e+02 2.695622590988921274e+02
2.491493021584065275e+02 2.689652481698116731e+02
2.484057478514139348e+02 2.683960992281542985e+02
2.476508403053312009e+02 2.678593745923824372e+02
2.468789666314025055e+02 2.673613899417798621e+02
2.460847344389812861e+02 2.669103785023919500e+02
2.452648308380875051e+02 2.665118643376670207e+02
2.444170411423163500e+02 2.661688595108726076e+02
2.435418017021099502e+02 2.658830951451388955e+02
2.426386607443006938e+02 2.656541720888592408e+02
2.417055119687558999e+02 2.654797664853791730e+02
2.407407366881405721e+02 2.653530499330327643e+02
2.397434632074286469e+02 2.652654506622953363e+02
2.387157564679448001e+02 2.652071434939153960e+02
2.376622084390916143e+02 2.651687985930602736e+02
2.365911601659993266e+02 2.651429515468838645e+02
2.355109028673341811e+02 2.651234020142643431e+02
2.344269679142886389e+02 2.651027286795007285e+02
2.333437998603273513e+02 2.650732094541774586e+02
2.322625991466467212e+02 2.650266521099081274e+02
2.311817898447072821e+02 2.649529205612926148e+02
2.300975318037289696e+02 2.648451318799580463e+02
2.290055288491648753e+02 2.646979799451686404e+02
2.279023783989424601e+02 2.645111498597350419e+02
2.267877357161602845e+02 2.642868170975063435e+02
2.256636341501443894e+02 2.640316171004813555e+02
2.245311625631649690e+02 2.637524036159530851e+02
2.233890082695103274e+02 2.634556817190341462e+02
2.222374265793192762e+02 2.631476977223755966e+02
2.210799835525797050e+02 2.628349520752820467e+02
2.199216600831712185e+02 2.625199817606387569e+02
2.187686969880560923e+02 2.622054010065619423e+02
2.176275467549253051e+02 2.618950404031623975e+02
2.165042677201811330e+02 2.615952976803530419e+02
2.154028287607450238e+02 2.613113972688187232e+02
2.143234421816438839e+02 2.610456054184520553e+02
2.132614367709634848e+02 2.607970442202300774e+02
2.122108995707737336e+02 2.605626914834709282e+02
2.111662217852067727e+02 2.603399066487808113e+02
2.101239319020876906e+02 2.601233442511453973e+02
2.090830255073153694e+02 2.599084193668669513e+02
2.080456270745510778e+02 2.596896206860592429e+02
2.070158740319779724e+02 2.594638657107045674e+02
2.059988330938619470e+02 2.592275173326731306e+02
2.049986962747516372e+02 2.589778486665576338e+02
2.040199801627224758e+02 2.587142056969481132e+02
2.030658692018389502e+02 2.584373519197516771e+02
2.021391123965898373e+02 2.581474489991912833e+02
2.012421554902238370e+02 2.578474028832985141e+02
2.003777093639367308e+02 2.575387560000756366e+02
1.995480797620564886e+02 2.572224386140516117e+02
1.987574777817443987e+02 2.568988305866472501e+02
1.980114504933582680e+02 2.565689409641667567e+02
1.973147728943094990e+02 2.562359795828556912e+02
1.966677444338920395e+02 2.559034766272870911e+02
1.960632554899501656e+02 2.555754881415683712e+02
1.954844983192996324e+02 2.552549557132049358e+02
1.949105185616849951e+02 2.549429005724787487e+02
1.943210316002714535e+02 2.546353108467767470e+02
1.936995425381442431e+02 2.543232543907367926e+02
1.930337522582097165e+02 2.539960844955848529e+02
1.923184594560273126e+02 2.536436914307055872e+02
1.915547067683570788e+02 2.532602793674622603e+02
1.907510336003350062e+02 2.528458232474369538e+02
1.899188430779656471e+02 2.524030047550492100e+02
1.890666815155063318e+02 2.519353914684149913e+02
1.882007272933145146e+02 2.514477284180039760e+02
1.873253476768470307e+02 2.509429529429912691e+02
1.864442338972536390e+02 2.504229157682617881e+02
1.855606556711605606e+02 2.498864674577870062e+02
1.846782016862405840e+02 2.493300556701155131e+02
1.838014228664979157e+02 2.487499472013006425e+02
1.829365707583522465e+02 2.481442075159035880e+02
1.820923211868961289e+02 2.475136765454460033e+02
1.812756371587466901e+02 2.468620692278615252e+02
1.804899814408063889e+02 2.461936376062332101e+02
1.797326235512076664e+02 2.455141236678275618e+02
1.789950940605844210e+02 2.448276068949909074e+02
1.782643538512240582e+02 2.441404393741737522e+02
1.775265822543664740e+02 2.434595013565362080e+02
1.767708668908309448e+02 2.427966755228201805e+02
1.759929178984430962e+02 2.421680183901924011e+02
1.751948070149132093e+02 2.415954823279978996e+02
1.743827176001033479e+02 2.411056962705904425e+02
1.735640774692223260e+02 2.407253910095262484e+02
1.727432007931082580e+02 2.404768159388415540e+02
1.719181375339519207e+02 2.403721780988632872e+02
1.710838201886668912e+02 2.404080435184981184e+02
1.702321255462964871e+02 2.405680951514218009e+02
1.693579154158499591e+02 2.408257153340563832e+02
1.684593489103207560e+02 2.411495954672631683e+02
1.675373118055388773e+02 2.415058876307784885e+02
1.665971289657024101e+02 2.418619565112243777e+02
1.656479456800200296e+02 2.421861694505670357e+02
1.646967076948523072e+02 2.424499074888760788e+02
1.637476971176037353e+02 2.426284878212627518e+02
1.628030672250953330e+02 2.427009601683033111e+02
1.618625616044714377e+02 2.426495998172935629e+02
1.609245635254085585e+02 2.424628576261414992e+02
1.599869131586547155e+02 2.421361701380868681e+02
1.590493434781271844e+02 2.416762669119614486e+02
1.581165145339896867e+02 2.411031232033950289e+02
1.571976666466357528e+02 2.404450908992387781e+02
1.563010477684825901e+02 2.397354373525271853e+02
1.554315188256278759e+02 2.390050257761758985e+02
1.545891908833967534e+02 2.382790795427090416e+02
1.537720409753844422e+02 2.375735849085654081e+02
1.529756571391103819e+02 2.368945784453771353e+02
1.521925378933113109e+02 2.362406564082044724e+02
1.514143752244047221e+02 2.356024006503446344e+02
1.506342202874655811e+02 2.349708624008090396e+02
1.498502927262122171e+02 2.343399143942606884e+02
1.490660003171454093e+02 2.337076494932317416e+02
1.482872781599565712e+02 2.330761177388566239e+02
1.475176178341462219e+02 2.324466923989865279e+02
1.467535211644003823e+02 2.318164427920502817e+02
1.459838254998899458e+02 2.311804548081112216e+02
1.451964424468737604e+02 2.305322405036772011e+02
1.443811703898288101e+02 2.298701891628449800e+02
1.435337099134744676e+02 2.291952198009815902e+02
1.426537129740198679e+02 2.285124562477601842e+02
1.417451107254721876e+02 2.278297576074663198e+02
1.408171802334184974e+02 2.271588169376169049e+02
1.398829370676749022e+02 2.265138203587302996e+02
1.389548510957807252e+02 2.259084633447870658e+02
1.380421095284290232e+02 2.253516917190406730e+02
1.371488465745724739e+02 2.248449621243212562e+02
1.362738214906258634e+02 2.243824986115851061e+02
1.354116217829607081e+02 2.239551200788437768e+02
1.345571430342636461e+02 2.235506130885431162e+02
1.337081424776701510e+02 2.231573651404875136e+02
1.328673640141061298e+02 2.227633808907174000e+02
1.320396526095656782e+02 2.223571423531884648e+02
1.312295824464891894e+02 2.219286097489688814e+02
1.304400892272122690e+02 2.214687516060967596e+02
1.296709533186632655e+02 2.209670726976897299e+02
1.289218098223570905e+02 2.204117197615345276e+02
1.281922228434131341e+02 2.197918433902439688e+02
1.274830598370274686e+02 2.191002193989863827e+02
1.268013448950095494e+02 2.183355707586884478e+02
1.261615901128915880e+02 2.175064446618869738e+02
1.255866353591178495e+02 2.166292189940209880e+02
1.251040049079160212e+02 2.157265067830662701e+02
1.247401063398027361e+02 2.148210279268055842e+02
1.245156728401894952e+02 2.139314667647963120e+02
1.244428621487738269e+02 2.130718005887090101e+02
1.245254011691510527e+02 2.122532937850157566e+02
1.247604023366250203e+02 2.114819163716499588e+02
1.251382313565787001e+02 2.107591103816320128e+02
1.256457461503144373e+02 2.100834957466651645e+02
1.262670805075909186e+02 2.094536392069754811e+02
1.269870100357516947e+02 2.088701814717348100e+02
1.277916604564631768e+02 2.083380257372192546e+02
1.286692610579790426e+02 2.078622944999864899e+02
1.296069748629993796e+02 2.074457228934525688e+02
1.305897014375447895e+02 2.070874755305030419e+02
1.316021664835839147e+02 2.067823440593206215e+02
