1.309253482588771362e+02 2.068730339361843562e+02
1.319630774240492030e+02 2.066089826978606538e+02
1.330139710304966059e+02 2.064188629676772848e+02
1.340622681459435910e+02 2.062794986269169613e+02
1.350989479634932593e+02 2.061681092522971994e+02
1.361188110563248586e+02 2.060660616712288800e+02
1.371232253623084034e+02 2.059606850886704876e+02
1.381185799778451155e+02 2.058460218144509781e+02
1.391107629573401709e+02 2.057201994137056431e+02
1.401008810266858120e+02 2.055799550884328823e+02
1.410884891438154511e+02 2.054221805372382050e+02
1.420730264706851642e+02 2.052429587064216321e+02
1.430543766443851723e+02 2.050414768840581132e+02
1.440340136895948717e+02 2.048280300811355801e+02
1.450145187085676639e+02 2.046206454558372343e+02
1.459979917612722602e+02 2.044339904291063021e+02
1.469866024986501145e+02 2.042832184651933005e+02
1.479825287921650556e+02 2.041835404428331913e+02
1.489872720209928332e+02 2.041454424246601889e+02
1.500008029881061873e+02 2.041687204902644055e+02
1.510209017272981100e+02 2.042378697591548189e+02
1.520444264400044005e+02 2.043309470093532809e+02
1.530696226116571950e+02 2.044356982080693115e+02
1.540959980030534950e+02 2.045486854155757896e+02
1.551241043813160445e+02 2.046737623316589065e+02
1.561541727714667047e+02 2.048125425013101051e+02
1.571865838687255632e+02 2.049676848090980457e+02
1.582219458500059659e+02 2.051434369369601995e+02
1.592607475529155749e+02 2.053432130669059461e+02
1.603030401431187215e+02 2.055673705546051906e+02
1.613484358387381974e+02 2.058132010202442075e+02
1.623962646672106018e+02 2.060760251833477810e+02
1.634454840395416113e+02 2.063485613034517883e+02
1.644944553788736812e+02 2.066193650899760712e+02
1.655414158083835616e+02 2.068761241057408142e+02
1.665845752384846605e+02 2.071063358518250084e+02
1.676234495087630876e+02 2.073066188130809451e+02
1.686582084155232621e+02 2.074781588955821121e+02
1.696890479757009018e+02 2.076223251378089003e+02
1.707163698610211213e+02 2.077419229302556118e+02
1.717400433935267756e+02 2.078360395806018914e+02
1.727591256226224914e+02 2.078980892515301662e+02
1.737735945796712258e+02 2.079279185077804186e+02
1.747865245300459094e+02 2.079360064112103714e+02
1.758046522944229935e+02 2.079374010428995234e+02
1.768330420868309147e+02 2.079488951604019462e+02
1.778739611948042807e+02 2.079826764498080252e+02
1.789244404460459918e+02 2.080503216091301510e+02
1.799783119547569754e+02 2.081596719914256255e+02
1.810233533331235662e+02 2.083119270224447916e+02
1.820434343164015445e+02 2.085011641061114460e+02
1.830232865660525192e+02 2.087177510339415960e+02
1.839549706034417795e+02 2.089587292260380309e+02
1.848405163630863512e+02 2.092253576831380713e+02
1.856869258848296056e+02 2.095238759731779794e+02
1.865039650001068594e+02 2.098609532802440185e+02
1.872975994556074397e+02 2.102429644146424437e+02
1.880687030176350731e+02 2.106705651548772096e+02
1.888163585836757079e+02 2.111370679735293834e+02
1.895407355152481728e+02 2.116270117852982935e+02
1.902466910631836470e+02 2.121260048709549437e+02
1.909437737989738650e+02 2.126212921173496113e+02
1.916454210270071599e+02 2.131039317449738064e+02
1.923663425841215258e+02 2.135708922794012210e+02
1.931185367567381377e+02 2.140211377071388483e+02
1.939084969873053979e+02 2.144553728069950580e+02
1.947355745449643223e+02 2.148712538656187121e+02
1.955940502393625309e+02 2.152643891468254367e+02
1.964772572543867852e+02 2.156336531978566313e+02
1.973831480915469569e+02 2.159875773416421225e+02
1.983144251946818315e+02 2.163352149469636174e+02
1.992745546887966270e+02 2.166851887968665835e+02
2.002673561463686838e+02 2.170363559936785691e+02
2.012928697471160717e+02 2.173793381670405154e+02
2.023467797750889758e+02 2.176980970894681491e+02
2.034171455141947433e+02 2.179766437455071468e+02
2.044882482814470848e+02 2.181993219427029658e+02
2.055468028191107237e+02 2.183562741294372813e+02
2.065860132282634822e+02 2.184433425367363384e+02
2.076057600103244454e+02 2.184560448521289970e+02
2.086088186725411049e+02 2.183951888488006432e+02
2.096004117586981295e+02 2.182652464638502749e+02
2.105843753498080275e+02 2.180820174979875787e+02
2.115633937298518106e+02 2.178642497601647960e+02
2.125402600338637171e+02 2.176314513062994251e+02
2.135175691122120156e+02 2.174017453153500696e+02
2.144979950440914251e+02 2.171938083231160022e+02
2.154836074168450750e+02 2.170220949209864330e+02
2.164754285516279992e+02 2.168937452930244945e+02
2.174737779149427581e+02 2.168109906848808919e+02
2.184778309033678170e+02 2.167680718298317970e+02
2.194859252706108634e+02 2.167533791231782345e+02
2.204955276784874343e+02 2.167492190046894223e+02
2.215040422844972454e+02 2.167374613660723526e+02
2.225093411072426477e+02 2.167032437751179828e+02
2.235105516374999297e+02 2.166404723772452030e+02
2.245074439841124274e+02 2.165475415467018934e+02
2.255003753145985286e+02 2.164269458438428160e+02
2.264897444660205679e+02 2.162814708610641787e+02
2.274762734270051396e+02 2.161161591739403605e+02
2.284611877640332125e+02 2.159395704901649538e+02
2.294460045886594344e+02 2.157623007518165537e+02
2.304319160183432302e+02 2.155926760490316383e+02
2.314190759752770816e+02 2.154317714185346517e+02
2.324071058902380287e+02 2.152769428243304333e+02
2.333952589712995973e+02 2.151229744574866345e+02
2.343827510089857071e+02 2.149643891741766311e+02
2.353693923643520520e+02 2.147998624816406732e+02
2.363582129402980740e+02 2.146395636015017772e+02
2.373553505932410417e+02 2.144943572767206774e+02
2.383652152970248039e+02 2.143764668638206672e+02
2.393899110626040567e+02 2.142969396784441187e+02
2.404248150435935258e+02 2.142667951735855354e+02
2.414589671144564988e+02 2.142924151875553491e+02
2.424793376951144808e+02 2.143769249936179051e+02
2.434752392004009778e+02 2.145240802909505362e+02
2.444400958767207896e+02 2.147340619072460868e+02
2.453735231142262023e+02 2.150021092962895182e+02
2.462824651127497191e+02 2.153205467477758361e+02
2.471753739793305726e+02 2.156819291589793579e+02
2.480605580519286377e+02 2.160798886789795006e+02
2.489418471147635330e+02 2.165097836423607305e+02
2.498203656490317996e+02 2.169690467557937268e+02
2.506924947827159826e+02 2.174575486271547788e+02
2.515536367869497099e+02 2.179776012467706323e+02
2.524043503472299506e+02 2.185343695711285648e+02
2.532482314932674967e+02 2.191371790651134575e+02
2.540908916659718102e+02 2.197927098379250310e+02
2.549349483293520393e+02 2.205033257717855690e+02
2.557795164076798926e+02 2.212647925655774088e+02
2.566177270754768642e+02 2.220722032229131457e+02
2.574383336990869680e+02 2.229117705817785122e+02
2.582268484619314677e+02 2.237604473816036261e+02
2.589731852532069070e+02 2.245955269323199843e+02
2.596749500035311939e+02 2.254005635319422254e+02
2.603397770020712869e+02 2.261636913620867233e+02
2.609785086865852008e+02 2.268811426539881495e+02
2.616047388508662834e+02 2.275540996514029075e+02
2.622244418607757552e+02 2.281902603001970817e+02
2.628382708611949283e+02 2.287996967069905736e+02
2.634475961683066316e+02 2.293983930140363157e+02
2.640535791824670468e+02 2.300089527977152670e+02
2.646586960150774530e+02 2.306487757626895814e+02
2.652668371818603532e+02 2.313304788633228384e+02
2.658845366576399556e+02 2.320581826158440606e+02
2.665133333218426515e+02 2.328280794724713871e+02
2.671533463394588352e+02 2.336301221149205389e+02
2.678052985427804629e+02 2.344518260618455088e+02
2.684693337871417498e+02 2.352820605581217706e+02
2.691432192207312823e+02 2.361070651598324730e+02
2.698218796903196903e+02 2.369116851965193860e+02
2.705020887342627134e+02 2.376835601844436212e+02
2.711830000173744679e+02 2.384179785131849201e+02
2.718652560484189280e+02 2.391177343250961087e+02
2.725501400339233555e+02 2.397911972394043687e+02
2.732384251964936084e+02 2.404498212944719171e+02
2.739301291013066475e+02 2.411044747165322804e+02
2.746243038730677881e+02 2.417625706877244909e+02
2.753197770105711584e+02 2.424268773348379966e+02
2.760156000715136884e+02 2.430985174179528769e+02
2.767103534598463739e+02 2.437743211414830853e+02
2.774024535940993701e+02 2.444486257856996190e+02
2.780890965970736488e+02 2.451122692607397653e+02
2.787661841490893835e+02 2.457556000008341641e+02
2.794277649218511215e+02 2.463681811453187152e+02
2.800687647227078969e+02 2.469432960704924085e+02
2.806899127016125703e+02 2.474781916384462193e+02
2.812922543798637776e+02 2.479777853063699808e+02
2.818800917765432814e+02 2.484469565948160152e+02
2.824545325918350045e+02 2.488936183872854144e+02
2.830144921205076685e+02 2.493218011100039462e+02
2.835574172685464305e+02 2.497363990291015909e+02
2.840857452626984241e+02 2.501427081726922097e+02
2.846093012116333512e+02 2.505488136168811195e+02
2.851395453894220395e+02 2.509611682030750899e+02
2.856881795787041938e+02 2.513802633618906555e+02
2.862630823035287335e+02 2.517996220590669338e+02
2.868717135687678592e+02 2.522116998022882512e+02
2.875249968762300909e+02 2.526141698809490492e+02
2.882339975569817057e+02 2.530086947535879176e+02
2.890052007598055184e+02 2.533983836476435272e+02
2.898365489552379017e+02 2.537873092978857983e+02
2.907217900986465793e+02 2.541787812362932186e+02
2.916509202416388007e+02 2.545752268587035587e+02
2.926140274233081300e+02 2.549774794303757801e+02
2.936001204538105185e+02 2.553839921520949474e+02
2.945996549706559335e+02 2.557907997464865559e+02
2.956036495569528597e+02 2.561987083156677727e+02
2.966053712134417424e+02 2.566083949844210110e+02
2.975992943010156182e+02 2.570238259581694820e+02
2.985830986986106268e+02 2.574460193529422440e+02
2.995567161689757540e+02 2.578760931261077758e+02
3.005239589592816856e+02 2.583094030721894114e+02
3.014910671912099929e+02 2.587402562887289150e+02
3.024684830752006519e+02 2.591648695766660921e+02
3.034669177726675002e+02 2.595820507744497263e+02
3.044931378286329391e+02 2.599934595933382866e+02
3.055502767727159039e+02 2.604024184484363786e+02
3.066339884116644043e+02 2.608137651778164354e+02
3.077342172636759301e+02 2.612319943496137853e+02
3.088343253663335304e+02 2.616597306105867347e+02
3.099157309323178424e+02 2.620964927580527615e+02
3.109593725560375788e+02 2.625384709643408883e+02
3.119519445307986985e+02 2.629809282689939209e+02
3.128870335162744709e+02 2.634228938543903951e+02
3.137650737027369132e+02 2.638622073724546340e+02
3.145853405445583348e+02 2.643005252369734990e+02
3.153484144851989868e+02 2.647380067884291748e+02
3.160560725616329023e+02 2.651771433115491163e+02
3.167129223683689929e+02 2.656155153326633354e+02
3.173229520387779985e+02 2.660483453719740510e+02
3.178918204450487792e+02 2.664685690642903637e+02
3.184313945746368972e+02 2.668749600843181042e+02
3.189554316858684047e+02 2.672771730367800274e+02
3.194759238499024150e+02 2.676872164752657000e+02
3.200032703373441336e+02 2.681189847432242459e+02
3.205449456725323216e+02 2.685791528375775670e+02
3.211059694332123513e+02 2.690671697553707986e+02
3.216893541603219546e+02 2.695757974509353403e+02
3.223003141652106933e+02 2.700977382124277710e+02
3.229499999956708507e+02 2.706313197558016554e+02
3.236503263636654424e+02 2.711795648870117930e+02
3.244085462118070495e+02 2.717465356302403734e+02
3.252254364166074083e+02 2.723323874457245211e+02
3.260953381989892250e+02 2.729355000127085304e+02
3.270069105753665326e+02 2.735514460303998590e+02
3.279459284267375665e+02 2.741762848887718178e+02
3.288969000211120033e+02 2.748063876451487886e+02
3.298447312622585059e+02 2.754415869437461879e+02
3.307755781847264416e+02 2.760843013489310351e+02
3.316794485117624731e+02 2.767412378047383754e+02
3.325502385596532804e+02 2.774202274616665136e+02
3.333799655405066460e+02 2.781312242310303873e+02
3.341647311902740967e+02 2.788805645934312452e+02
3.349040517722154391e+02 2.796702533490501992e+02
3.356006569209602048e+02 2.804946466429289558e+02
3.362574378277765845e+02 2.813446781722350352e+02
3.368799508405684264e+02 2.822124052359813504e+02
3.374762731318673445e+02 2.830943398192748646e+02
3.380498383875298032e+02 2.839926481230385775e+02
3.385998938564072205e+02 2.849096856157415800e+02
3.391240354291884387e+02 2.858469703643849016e+02
3.396195678368751487e+02 2.868002686379867328e+02
3.400801207020236347e+02 2.877626796662114543e+02
3.404988698708441461e+02 2.887278939629425167e+02
3.408690548525765394e+02 2.896928194994477508e+02
3.411865882476504339e+02 2.906591274665456126e+02
3.414451766939458253e+02 2.916323011970025618e+02
3.416409289467326289e+02 2.926144717221299061e+02
3.417695319903496056e+02 2.936062565732283929e+02
3.418311046133852074e+02 2.946076387423209439e+02
3.418259794238867357e+02 2.956185706070717742e+02
3.417598117485632656e+02 2.966382424460392144e+02
3.416386221890330148e+02 2.976657922382522088e+02
3.414661228886811273e+02 2.987006884844271895e+02
3.412458032622896553e+02 2.997424315752378448e+02
3.409843986228165136e+02 3.007900571583842861e+02
3.406871812752158348e+02 3.018443842414800429e+02
3.403568452039792191e+02 3.029096093620930219e+02
3.399977162827466941e+02 3.039877729993950766e+02
3.396137818715379808e+02 3.050788265213764134e+02
3.392059113466825693e+02 3.061780187449424488e+02
3.387720137127025737e+02 3.072783584564709827e+02
3.383064597908506812e+02 3.083698314022888098e+02
3.378012110117067550e+02 3.094428885153380406e+02
3.372468112367311051e+02 3.104876543502656432e+02
3.366359656339106436e+02 3.114981797694114789e+02
3.359664066577944368e+02 3.124704385136397491e+02
3.352402309499624380e+02 3.133983661988031031e+02
3.344606677363785252e+02 3.142784042120154027e+02
3.336338708986869506e+02 3.151080884691248798e+02
3.327660854556199297e+02 3.158833548159714724e+02
3.318659471862815167e+02 3.166038335442053722e+02
3.309418132789724041e+02 3.172741235899762273e+02
3.300028446487779661e+02 3.179020596399271312e+02
3.290559660720869601e+02 3.184964248909685125e+02
3.281074253986171811e+02 3.190648377240243576e+02
3.271606277646563967e+02 3.196122141459968020e+02
3.262182287268473146e+02 3.201397306533446567e+02
3.252789793174019906e+02 3.206462487732027284e+02
3.243381546175982066e+02 3.211307721245854054e+02
3.233933124918774524e+02 3.215872366215011198e+02
3.224429789155603885e+02 3.220053472529616556e+02
3.214860394409494688e+02 3.223773203967172094e+02
3.205223986816399702e+02 3.227024898467682306e+02
3.195519020067737870e+02 3.229797756168658225e+02
3.185746860470999309e+02 3.232101319753362532e+02
3.175904613835419923e+02 3.233915375363681619e+02
3.165990892593537183e+02 3.235230231830618095e+02
3.155985482029428226e+02 3.236014628671768492e+02
3.145842907454810415e+02 3.236270995686657557e+02
3.135536696482147363e+02 3.236000213782800756e+02
3.125068055435898486e+02 3.235247185277302719e+02
3.114486987815650423e+02 3.234038006461645409e+02
3.103869507369399230e+02 3.232394382787112477e+02
3.093328343954240154e+02 3.230347935920639202e+02
3.082974241561519193e+02 3.227924813733652627e+02
3.072918228734887975e+02 3.225116180605330101e+02
3.063254204723732528e+02 3.221979477774900715e+02
3.054084325174892456e+02 3.218604270572259907e+02
3.045488240497599008e+02 3.215068425969283794e+02
3.037475954960975173e+02 3.211399271907703223e+02
3.030013785485604672e+02 3.207549514964498485e+02
3.023026766904757778e+02 3.203454608584555672e+02
3.016430439699344674e+02 3.199056648936090141e+02
3.010129159569459603e+02 3.194370320224751936e+02
3.004052808664390568e+02 3.189463849229824177e+02
2.998130374089129191e+02 3.184374517189787639e+02
2.992251668644373126e+02 3.179106311536142471e+02
2.986306160908208653e+02 3.173629982960014786e+02
2.980191572151186392e+02 3.167932152687087068e+02
2.973853815217589727e+02 3.161975136231339434e+02
2.967283219694168679e+02 3.155763358884581180e+02
2.960529824453237779e+02 3.149313991824917593e+02
2.953671960216084926e+02 3.142722143118266445e+02
2.946811274029281549e+02 3.136123920025356711e+02
2.940034749347628917e+02 3.129670136590265770e+02
2.933388618291443777e+02 3.123464264748565711e+02
2.926876718669914794e+02 3.117550042090731495e+02
2.920460094444281367e+02 3.111868747179929073e+02
2.914076252030181422e+02 3.106278333454377503e+02
2.907663124582123260e+02 3.100608690562567062e+02
2.901174531028739239e+02 3.094720861104379992e+02
2.894597481968462489e+02 3.088547971008257491e+02
2.887959077358362379e+02 3.082119486779366184e+02
2.881321467671982646e+02 3.075534277731137536e+02
2.874738735797786831e+02 3.068883832108583078e+02
2.868210894828335995e+02 3.062245640329359162e+02
2.861752723567134353e+02 3.055660974392047819e+02
2.855368114757224589e+02 3.049168381705791830e+02
2.849044510181849432e+02 3.042794804167180587e+02
2.842773320397212160e+02 3.036595678827499682e+02
2.836564767529843607e+02 3.030629982246748568e+02
2.830427652929110991e+02 3.024926871323754654e+02
2.824328514606789327e+02 3.019458517802302140e+02
2.818244511666450194e+02 3.014126353943496497e+02
2.812127648803463558e+02 3.008801046642400365e+02
2.805941792951663274e+02 3.003307772290681328e+02
2.799633485311833851e+02 2.997471066441268590e+02
2.793181791555039695e+02 2.991125667854083758e+02
2.786578348434453005e+02 2.984178593202652223e+02
2.779869078110699547e+02 2.976602315911388814e+02
2.773094908511905032e+02 2.968434616534810289e+02
2.766293595054486332e+02 2.959770280749741005e+02
2.759507166676353336e+02 2.950734788393915551e+02
2.752776344549666874e+02 2.941450341569764078e+02
2.746131296492913521e+02 2.932019621070170388e+02
2.739608367709780055e+02 2.922545625354683807e+02
2.733237525784902004e+02 2.913096969701273906e+02
2.726980519097500064e+02 2.903709669208272999e+02
2.720772270765762073e+02 2.894341955773571726e+02
2.714515264078359564e+02 2.884954655280570250e+02
2.708144422153482083e+02 2.875505999627160350e+02
2.701621493370348048e+02 2.866032003911673200e+02
2.694976445313595264e+02 2.856601283412080647e+02
2.688245623186908233e+02 2.847316836587928037e+02
2.681459194808775237e+02 2.838281344232103720e+02
2.674655673149000563e+02 2.829601585728649980e+02
2.667870658130160564e+02 2.821358138828916253e+02
2.661138174752370560e+02 2.813619734912689410e+02
2.654482991213030800e+02 2.806421215231345627e+02
2.647928047352004910e+02 2.799784651263017849e+02
2.641511681844104373e+02 2.793698977438861561e+02
2.635302601643921889e+02 2.788155891898217078e+02
2.629346860902074923e+02 2.783129354362457093e+02
2.623637904753004477e+02 2.778538588427616673e+02
2.618074621044365244e+02 2.774279938624722490e+02
2.612528339097217440e+02 2.770219126297313323e+02
2.606843934820909681e+02 2.766233610608522895e+02
2.600906332510180050e+02 2.762207511782038409e+02
2.594625725940818484e+02 2.758070841800363269e+02
2.587986679655468265e+02 2.753785362359976716e+02
2.581016911869733121e+02 2.749367854275034233e+02
2.573814389352469902e+02 2.744854073366038847e+02
2.566474357311942640e+02 2.740300278165698273e+02
2.559069077238081320e+02 2.735736045405971026e+02
2.551663797164219716e+02 2.731171812646243779e+02
2.544339187842076626e+02 2.726615809243547801e+02
2.537212412847968039e+02 2.722091182914507499e+02
2.530387150665505942e+02 2.717637245842169023e+02
2.523930577488559379e+02 2.713248339813277994e+02
2.517840179944851400e+02 2.708918975642121723e+02
2.512047076666188161e+02 2.704597605723364495e+02
2.506405980226850829e+02 2.700222630244279003e+02
2.500729546653042803e+02 2.695734834274468312e+02
2.494801615629808111e+02 2.691123365337799100e+02
2.488429942156154766e+02 2.686416344810369310e+02
2.481472460647186153e+02 2.681701180484096199e+02
2.473888281635679505e+02 2.677111597722207534e+02
2.465718565513153919e+02 2.672848713023702771e+02
2.457025658351900859e+02 2.669066665937594962e+02
2.447858918852045633e+02 2.665823244071742693e+02
2.438258840582678317e+02 2.663133156636264403e+02
2.428295368159281509e+02 2.660970852217012634e+02
2.418052907545377366e+02 2.659327468222833204e+02
2.407645615335063667e+02 2.658216016234107428e+02
2.397181678653802805e+02 2.657644786237816561e+02
2.386764722421630154e+02 2.657581808409945552e+02
2.376454967062502419e+02 2.657938483098471920e+02
2.366277183324691578e+02 2.658564673825050022e+02
2.356198350396136618e+02 2.659266230771829669e+02
2.346161319167991905e+02 2.659829779829187828e+02
2.336090598707111496e+02 2.660048108736355061e+02
2.325947764423456192e+02 2.659762774029028378e+02
2.315729691101239212e+02 2.658951948304103894e+02
2.305443558941447009e+02 2.657665780143952361e+02
2.295102200462778512e+02 2.655993895538463221e+02
2.284719555119773702e+02 2.654033651634817943e+02
2.274304202019532681e+02 2.651844967376776481e+02
2.263858138182029620e+02 2.649441790524418252e+02
2.253382184242158246e+02 2.646829852627129753e+02
2.242875220508094571e+02 2.644001333436179380e+02
2.232339524631435097e+02 2.640972140723354187e+02
2.221781039482833364e+02 2.637783781201222837e+02
2.211213072387015472e+02 2.634529197041101725e+02
2.200647299320239654e+02 2.631289936608874314e+02
2.190085423914875662e+02 2.628077898561471102e+02
2.179526017500849662e+02 2.624883104657473041e+02
2.168964969817036490e+02 2.621676847654700850e+02
2.158399823210749275e+02 2.618441962602143462e+02
2.147829928544196889e+02 2.615173915735345531e+02
2.137259421590470083e+02 2.611901592479367764e+02
2.126689526923917697e+02 2.608633545612569833e+02
2.116124380317630767e+02 2.605398660560011876e+02
2.105565539418842036e+02 2.602207816376575806e+02
2.095016979842192200e+02 2.599088779894781283e+02
2.084462896189812682e+02 2.596041086573746952e+02
2.073857691882919880e+02 2.593066314894782636e+02
2.063168306777525061e+02 2.590119334985527075e+02
2.052384639727999343e+02 2.587166074549945165e+02
2.041548635287460911e+02 2.584176343886751965e+02
2.030728358809290057e+02 2.581116334580290186e+02
2.020042003281057816e+02 2.577945899477622902e+02
2.009639359784393378e+02 2.574643864463316163e+02
1.999659929105120284e+02 2.571214480567208511e+02
1.990176057640421732e+02 2.567638105617461406e+02
1.981170014249665030e+02 2.563920086683539239e+02
1.972595420379990401e+02 2.560053295179703809e+02
1.964415018233451065e+02 2.556072573508172923e+02
1.956593701645064982e+02 2.552010223465803449e+02
1.949067266494636215e+02 2.547865497356228275e+02
1.941712605160095677e+02 2.543610421209610877e+02
1.934396479937316826e+02 2.539212309258418827e+02
1.926987022404966581e+02 2.534702366647342728e+02
1.919404973286253266e+02 2.530126530785347825e+02
1.911610328512425951e+02 2.525542514188263112e+02
1.903563296570899581e+02 2.520959984225235075e+02
1.895260316380438326e+02 2.516333749407014864e+02
1.886737975428556240e+02 2.511611091882191715e+02
1.878118691209268150e+02 2.506766129754410031e+02
1.869562810604173819e+02 2.501778036308576816e+02
1.861194441843794607e+02 2.496641275407356204e+02
1.853101584556488888e+02 2.491333983876028242e+02
1.845315423379163349e+02 2.485837604480934999e+02
1.837806956719124400e+02 2.480110729695933571e+02
1.830513912271891286e+02 2.474112200061666442e+02
1.823378919516395058e+02 2.467765312557903883e+02
1.816332511846921420e+02 2.460969911826873613e+02
1.809325527966277321e+02 2.453616954853860079e+02
1.802306193931991061e+02 2.445644908539793789e+02
1.795190234695272977e+02 2.437069688117981627e+02
1.787868032009553190e+02 2.428026888975584825e+02
1.780244598862412886e+02 2.418835504186464220e+02
1.772304794896265321e+02 2.409900326058812823e+02
1.764096520433312776e+02 2.401700189413558917e+02
1.755675470320567229e+02 2.394680527133318719e+02
1.747073218621803790e+02 2.389183639683322724e+02
1.738300778723376823e+02 2.385468338831697679e+02
1.729361414521108600e+02 2.383646531689406629e+02
1.720231198842902813e+02 2.383735887906572941e+02
1.710925416576151292e+02 2.385610894037632193e+02
1.701459135190237930e+02 2.389012509482743098e+02
1.691856014228302172e+02 2.393535823285004085e+02
1.682173722117686339e+02 2.398685723715926201e+02
1.672507198234285397e+02 2.403942578985965213e+02
1.662977779781491847e+02 2.408800595557032125e+02
1.653696579309557819e+02 2.412781274606059299e+02
1.644721993330793453e+02 2.415505502220021299e+02
1.636115608924450839e+02 2.416715719385351235e+02
1.627895192530063468e+02 2.416343537620371080e+02
1.620055732296833071e+02 2.414497109076938557e+02
1.612614905379716106e+02 2.411448696838656360e+02
1.605606641407271411e+02 2.407534475669607161e+02
1.599029853368420504e+02 2.403092855920706370e+02
1.592860619741157393e+02 2.398392934625168493e+02
1.587029343333136069e+02 2.393624895939319686e+02
1.581450593531055517e+02 2.388898465907521143e+02
1.576019647659923066e+02 2.384307444119549757e+02
1.570664457769167086e+02 2.379916525256937234e+02
1.565330272261408027e+02 2.375720213959426701e+02
1.559954830013166998e+02 2.371663458943626210e+02
1.554493654261583231e+02 2.367625838370712756e+02
1.548915480773210334e+02 2.363485442730364525e+02
1.543213869824899689e+02 2.359140921602425749e+02
1.537370489778410843e+02 2.354523013991094444e+02
1.531371628629124757e+02 2.349605448125792009e+02
1.525224623740659808e+02 2.344398548283497519e+02
1.518950880988648464e+02 2.338943799336012432e+02
1.512581964166932949e+02 2.333299445630000832e+02
1.506166900313829728e+02 2.327529918853426523e+02
1.499786042351250899e+02 2.321707479814063504e+02
1.493500212024550819e+02 2.315933006427196403e+02
1.487346571941270668e+02 2.310291499612236237e+02
1.481298371081138043e+02 2.304860069307676156e+02
1.475264139546123374e+02 2.299661247290061397e+02
1.469126698805360434e+02 2.294655835936963513e+02
1.462778577580334058e+02 2.289769002041886665e+02
1.456162086381839629e+02 2.284908127124843134e+02
1.449288858734234964e+02 2.279993032922500333e+02
1.442189727847547260e+02 2.274980482869784737e+02
1.434894286003343780e+02 2.269825135028363547e+02
1.427397659770336418e+02 2.264490905858119163e+02
1.419680335327512068e+02 2.258940282417424896e+02
1.411711698824398979e+02 2.253158625923568366e+02
1.403472247223615170e+02 2.247120210902153872e+02
1.394920058149623401e+02 2.240835838178580843e+02
1.386045083457342741e+02 2.234349910154590475e+02
1.376905130744925430e+02 2.227721439314421730e+02
1.367544318462133219e+02 2.221046755066307128e+02
1.357999636575579530e+02 2.214401538716195432e+02
1.348290234283257973e+02 2.207837548694473355e+02
1.338432464567428042e+02 2.201338189710506867e+02
1.328405761722697775e+02 2.194844420579842108e+02
1.318217762759649929e+02 2.188226842592402761e+02
1.307953982936089972e+02 2.181303225772656162e+02
1.297850917258569439e+02 2.173885946865178767e+02
1.288280689122054525e+02 2.165911977373090167e+02
1.279688183753221722e+02 2.157477159855231150e+02
1.272502615694936026e+02 2.148740889495635997e+02
1.267048638386585253e+02 2.139867672851904388e+02
1.263509228653538798e+02 2.130988387263090544e+02
1.261962353748646137e+02 2.122189111155545902e+02
1.262384838050567737e+02 2.113561272254689243e+02
1.264702554765648017e+02 2.105183197502006465e+02
1.268794130113330141e+02 2.097152686885194157e+02
1.274498703592547031e+02 2.089628936771346730e+02
1.281626674431033166e+02 2.082832031648006250e+02
1.289964695191494854e+02 2.077011569635158139e+02
1.299266663360217535e+02 2.072316858895818541e+02
1.309253482588771362e+02 2.068730339361843562e+02
