1.252402032893027979e+02 2.091452408495210591e+02
1.257604682272043704e+02 2.085340577022875550e+02
1.264037041441584108e+02 2.080096792570170408e+02
1.271574563237104485e+02 2.075747284239329815e+02
1.280070552515241502e+02 2.072271532358975605e+02
1.289358197332259977e+02 2.069596428380172597e+02
1.299271270341315301e+02 2.067586140901319141e+02
1.309638472997003191e+02 2.066085658535277787e+02
1.320286941790967887e+02 2.064948362927198673e+02
1.331063782946968388e+02 2.064043485678044476e+02
1.341828214603324909e+02 2.063256731564721349e+02
1.352470426143913187e+02 2.062474223991361271e+02
1.362932037306718485e+02 2.061601547766882732e+02
1.373204556068350541e+02 2.060565511143535957e+02
1.383324736913295681e+02 2.059341259874797743e+02
1.393353121731632029e+02 2.057955751251813012e+02
1.403343417491858247e+02 2.056469299532718082e+02
1.413323195016985494e+02 2.054947436934921541e+02
1.423307021521622744e+02 2.053439205704075334e+02
1.433308137339612358e+02 2.051989180985268320e+02
1.443337801025796523e+02 2.050635266030905655e+02
1.453399050738498772e+02 2.049387689159227079e+02
1.463487626791821015e+02 2.048232109635380880e+02
1.473594793412811157e+02 2.047139117449661683e+02
1.483717568998215484e+02 2.046071386473927589e+02
1.493873396631325363e+02 2.044994432529990718e+02
1.504086488423363051e+02 2.043906112799574544e+02
1.514386451117638899e+02 2.042841165068309124e+02
1.524779578094621968e+02 2.041868364289937290e+02
1.535242264666766232e+02 2.041083350623001138e+02
1.545730396958069548e+02 2.040595179291785257e+02
1.556192289125641537e+02 2.040507748058272455e+02
1.566577913983138330e+02 2.040896577745593845e+02
1.576842980876992328e+02 2.041785454211029105e+02
1.586958075436882609e+02 2.043160446172561535e+02
1.596909019580910183e+02 2.044971363048468049e+02
1.606702002644245511e+02 2.047161286373114422e+02
1.616359371790423722e+02 2.049672170257913137e+02
1.625911213047462240e+02 2.052438026492416157e+02
1.635397605661848957e+02 2.055412848549902378e+02
1.644854182132314691e+02 2.058538504119784704e+02
1.654308888676001743e+02 2.061741274266588846e+02
1.663780570516581747e+02 2.064917783846083523e+02
1.673275240475157943e+02 2.067920472558790550e+02
1.682800535574688752e+02 2.070596958023901948e+02
1.692382875769826853e+02 2.072827959888903706e+02
1.702078935968074234e+02 2.074543796166454968e+02
1.711941370281642776e+02 2.075732050227900913e+02
1.722001132897409263e+02 2.076447589448927999e+02
1.732267233812212623e+02 2.076822068131999686e+02
1.742737697940686985e+02 2.077053516048458164e+02
1.753405398824294537e+02 2.077351278152119960e+02
1.764238711060545199e+02 2.077900274107751670e+02
1.775181078552281519e+02 2.078813432243395596e+02
1.786145229033418502e+02 2.080143714673552040e+02
1.797030778409835534e+02 2.081898395719324526e+02
1.807756038743748945e+02 2.084063193891968240e+02
1.818279498489839625e+02 2.086638870640903178e+02
1.828586682210674610e+02 2.089647845738899150e+02
1.838686372507262661e+02 2.093104795984636723e+02
1.848588605607409932e+02 2.097009337800976141e+02
1.858304822338885174e+02 2.101314154900447591e+02
1.867867958906571175e+02 2.105949157744544777e+02
1.877335887442514775e+02 2.110799316279228606e+02
1.886767305784296695e+02 2.115719332402779003e+02
1.896212006112373842e+02 2.120536384465900426e+02
1.905687976664039240e+02 2.125091426878213383e+02
1.915184645212678163e+02 2.129256325896603812e+02
1.924695600404419622e+02 2.132962717155050427e+02
1.934206610638848076e+02 2.136211364557754280e+02
1.943691542406734527e+02 2.139050130571172303e+02
1.953130354564863183e+02 2.141597715233546637e+02
1.962515227453262980e+02 2.144023621636641508e+02
1.971844953509591392e+02 2.146495169786115866e+02
1.981116633443126887e+02 2.149125237779548172e+02
1.990328284850955356e+02 2.151965415638054537e+02
1.999481074448356992e+02 2.155007585099786525e+02
2.008573564791319939e+02 2.158177439558342030e+02
2.017581978424248064e+02 2.161323144206760105e+02
2.026458232190206559e+02 2.164293146695935093e+02
2.035166826815394074e+02 2.166969690532799575e+02
2.043708519358191893e+02 2.169267875742308718e+02
2.052136369458408467e+02 2.171143848909276528e+02
2.060539355604359457e+02 2.172568092577563732e+02
2.069007462463010825e+02 2.173516548787758893e+02
2.077618283145375813e+02 2.173940580486874978e+02
2.086415201128699266e+02 2.173789360768629706e+02
2.095417507906842047e+02 2.173030589551527783e+02
2.104629268673992897e+02 2.171674054475541595e+02
2.114040935695537939e+02 2.169788019933026817e+02
2.123624986855110706e+02 2.167479345968951634e+02
2.133338746645614776e+02 2.164877242548854213e+02
2.143135209553160792e+02 2.162122752370042349e+02
2.152977942834624230e+02 2.159358586727542786e+02
2.162855617551939815e+02 2.156725330893921466e+02
2.172770051920523144e+02 2.154317854245653621e+02
2.182711236117658586e+02 2.152165532983125900e+02
2.192662927096266401e+02 2.150224464800914461e+02
2.202595266436271686e+02 2.148395111166025799e+02
2.212490180147328260e+02 2.146560256322380837e+02
2.222341794088246729e+02 2.144606915906171025e+02
2.232138174481666510e+02 2.142467625239542599e+02
2.241871798540058194e+02 2.140117057971243071e+02
2.251558249993984191e+02 2.137607678567739526e+02
2.261227548808971903e+02 2.135040552782726309e+02
2.270916451860196901e+02 2.132539426970604381e+02
2.280665821950017857e+02 2.130241870573776168e+02
2.290519594207721639e+02 2.128295796385518770e+02
2.300512153637927781e+02 2.126816965578325949e+02
2.310662831128045127e+02 2.125870457864028822e+02
2.320972606178040110e+02 2.125459570844758446e+02
2.331441259146772040e+02 2.125556276863499647e+02
2.342071791187801750e+02 2.126077471282732176e+02
2.352853383051650553e+02 2.126903074077720532e+02
2.363772922185148104e+02 2.127924003485325102e+02
2.374798529551326567e+02 2.129053234305737021e+02
2.385887679609694487e+02 2.130229499040182475e+02
2.396980326377688186e+02 2.131424524732007626e+02
2.408013976511757051e+02 2.132641028090967552e+02
2.418919657173643998e+02 2.133910835786425082e+02
2.429637783218026357e+02 2.135288283193201266e+02
2.440113267907103989e+02 2.136846888900907970e+02
2.450309108044889399e+02 2.138672586329625176e+02
2.460197941011908824e+02 2.140859742984117702e+02
2.469771778479163515e+02 2.143502980275809762e+02
2.479030343568859962e+02 2.146693064279523355e+02
2.487986629484332752e+02 2.150503414512875793e+02
2.496652006146022131e+02 2.154980632584306477e+02
2.505045670431065901e+02 2.160142988696556188e+02
2.513191568064779915e+02 2.165996117842000785e+02
2.521131043731737691e+02 2.172513656283091166e+02
2.528926422393182634e+02 2.179642520327360558e+02
2.536636615864622399e+02 2.187297414748132951e+02
2.544295646971863789e+02 2.195378895481613313e+02
2.551925086722776541e+02 2.203764668089172289e+02
2.559537283846445064e+02 2.212329732051251767e+02
2.567117093415657791e+02 2.220956512739722370e+02
2.574640773347979916e+02 2.229557915162640143e+02
2.582063568973321139e+02 2.238087187408759178e+02
2.589338117188647743e+02 2.246550782699833064e+02
2.596436086738186759e+02 2.254978804141121600e+02
2.603344092753253562e+02 2.263402611027743205e+02
2.610077123362754605e+02 2.271842599976866950e+02
2.616674407840966410e+02 2.280314804616890569e+02
2.623192521109867812e+02 2.288810525798248534e+02
2.629675932867968413e+02 2.297316554508317950e+02
2.636179906709126612e+02 2.305816475580517988e+02
2.642761249581685661e+02 2.314293415419505209e+02
2.649471927477374038e+02 2.322731938358664934e+02
2.656321018388104562e+02 2.331129347925706838e+02
2.663291794651902364e+02 2.339490612805051910e+02
2.670365973705154943e+02 2.347829269065836684e+02
2.677538324709681774e+02 2.356174556501699442e+02
2.684810932967444614e+02 2.364550704308163063e+02
2.692190012309977192e+02 2.372975155205705278e+02
2.699670209108251129e+02 2.381435364284752438e+02
2.707218173374217258e+02 2.389889224558982335e+02
2.714771447685799330e+02 2.398278781020607369e+02
2.722277015087686891e+02 2.406545340023041604e+02
2.729688068131205227e+02 2.414658031588172662e+02
2.736985506928704126e+02 2.422596032203048253e+02
2.744166775017441182e+02 2.430354071630647468e+02
2.751258953892692034e+02 2.437910763445048872e+02
2.758281552480882510e+02 2.445231343660725258e+02
2.765243840349218090e+02 2.452276182408590444e+02
2.772174139028224431e+02 2.459003975694785140e+02
2.779116445768418089e+02 2.465382961013945078e+02
2.786098349899849609e+02 2.471406456011145565e+02
2.793128423286224233e+02 2.477104618314817799e+02
2.800221385604195348e+02 2.482559138215812311e+02
2.807389602186738102e+02 2.487883711224332046e+02
2.814652447699140794e+02 2.493173416401926090e+02
2.822040695839141904e+02 2.498491363716329943e+02
2.829587861284439327e+02 2.503884253396436748e+02
2.837345503727091796e+02 2.509364852926530318e+02
2.845359481259856693e+02 2.514927156124085741e+02
2.853678181439512400e+02 2.520535321548714194e+02
2.862325300834261270e+02 2.526143326793314259e+02
2.871298082943540066e+02 2.531682890240267056e+02
2.880556976793989179e+02 2.537078841928774011e+02
2.890035656195406091e+02 2.542277130007868209e+02
2.899668502580308882e+02 2.547238201308249472e+02
2.909416876460536514e+02 2.551947516106582441e+02
2.919273982360292621e+02 2.556404954366647644e+02
2.929217667742148024e+02 2.560635080607278837e+02
2.939194952819103719e+02 2.564641874962840120e+02
2.949119357708406710e+02 2.568421930546343219e+02
2.958894797009839408e+02 2.571972690726207702e+02
2.968424760841171519e+02 2.575306079144154410e+02
2.977651752735187074e+02 2.578466359535427728e+02
2.986569753201642925e+02 2.581522646875518490e+02
2.995211794667138179e+02 2.584568237543740565e+02
3.003645957644485520e+02 2.587675627350835725e+02
3.011969576670488777e+02 2.590896918162848124e+02
3.020308918787703760e+02 2.594226421433028236e+02
3.028774059120210040e+02 2.597631295060973571e+02
3.037448386416306221e+02 2.601052772443435401e+02
3.046383189384148409e+02 2.604428675888951830e+02
3.055574446087487104e+02 2.607695700091039726e+02
3.064985442831865612e+02 2.610801116148333563e+02
3.074571305444538893e+02 2.613719895404847193e+02
3.084291290179838825e+02 2.616468062503756755e+02
3.094114353470968126e+02 2.619093561365016285e+02
3.104021860422299142e+02 2.621652782320819597e+02
3.114012884705098259e+02 2.624195708156354954e+02
3.124107256718851318e+02 2.626761566200820539e+02
3.134334091543361183e+02 2.629379575801029887e+02
3.144700080034058374e+02 2.632066818916871398e+02
3.155192737866922243e+02 2.634812733083964531e+02
3.165783925591653656e+02 2.637596686641279575e+02
3.176429411971399759e+02 2.640394972573266159e+02
3.187100603661989453e+02 2.643204150070538958e+02
3.197815826291147232e+02 2.646052199357695827e+02
3.208612434316361828e+02 2.648995727418456454e+02
3.219510606707583520e+02 2.652111975924033231e+02
3.230511136165289372e+02 2.655472835035963612e+02
3.241579270741892742e+02 2.659126828598272709e+02
3.252668774317136240e+02 2.663081253876445658e+02
3.263745776039363591e+02 2.667296745690335911e+02
3.274774648418087963e+02 2.671705793993122597e+02
3.285725622659502960e+02 2.676216396701050826e+02
3.296570227544589784e+02 2.680746504242595165e+02
3.307261641279476976e+02 2.685237804775744053e+02
3.317758192072466272e+02 2.689682021231171802e+02
3.328027164000386051e+02 2.694123223341928792e+02
3.338058646565286836e+02 2.698626768456724676e+02
3.347845542498494638e+02 2.703247080295363389e+02
3.357372028033361744e+02 2.708026517933722062e+02
3.366614133399748994e+02 2.712975309891704114e+02
3.375571245372205453e+02 2.718068914898875619e+02
3.384264430271058472e+02 2.723246204155577175e+02
3.392728764116229740e+02 2.728445872461160207e+02
3.400995160927209895e+02 2.733645739249830626e+02
3.409067516313230612e+02 2.738885154159816580e+02
3.416933069784481631e+02 2.744256369345022222e+02
3.424547681923567097e+02 2.749865860524424761e+02
3.431852029511774731e+02 2.755808600674822060e+02
3.438817447436314296e+02 2.762173272865109084e+02
3.445454192326346288e+02 2.769035778560081553e+02
3.451811998124054526e+02 2.776400842163930065e+02
3.457972439840179959e+02 2.784215180498985092e+02
3.464036597416490508e+02 2.792364428100738110e+02
3.470084260378648082e+02 2.800696855009739465e+02
3.476197506616654209e+02 2.809048733017140194e+02
3.482448747670653120e+02 2.817282687181070173e+02
3.488850452989436235e+02 2.825319779347591975e+02
3.495376926841645400e+02 2.833123442390896116e+02
3.501982309343535462e+02 2.840702802140408494e+02
3.508636274547471885e+02 2.848080052257389525e+02
3.515337677726747074e+02 2.855279505092626096e+02
3.522090522184360566e+02 2.862308702964402300e+02
3.528901394883403100e+02 2.869169768163278604e+02
3.535778659932056485e+02 2.875870314268856873e+02
3.542720054349757106e+02 2.882433066336009233e+02
3.549699780334221373e+02 2.888907122388091011e+02
3.556704001866797853e+02 2.895362886424902058e+02
3.563722246728631831e+02 2.901880998356116379e+02
3.570735908917285997e+02 2.908527990094929692e+02
3.577699131816385716e+02 2.915371227365078539e+02
3.584573003461602525e+02 2.922471955113554714e+02
3.591328173698989872e+02 2.929878480100376237e+02
3.597987501748913246e+02 2.937607108414721893e+02
3.604602165556523801e+02 2.945643368694179571e+02
3.611210416219557260e+02 2.953950622756179882e+02
3.617829333223426147e+02 2.962472441550773397e+02
3.624446011841283166e+02 2.971140198781799313e+02
3.631054504597711343e+02 2.979873114040516384e+02
3.637643859931832822e+02 2.988597933326936413e+02
3.644202631986033794e+02 2.997266043383161787e+02
3.650741657974308509e+02 3.005860090068679824e+02
3.657279584838553319e+02 3.014393823047411161e+02
3.663844869111727007e+02 3.022883638362535521e+02
3.670471793664910365e+02 3.031347038892400292e+02
3.677176604896341132e+02 3.039787304430336690e+02
3.683940197802974126e+02 3.048210109811902839e+02
3.690720729264741067e+02 3.056627883866609636e+02
3.697446112165281988e+02 3.065062038919293173e+02
3.704022508634644737e+02 3.073540448008229191e+02
3.710368456396921601e+02 3.082087308199437530e+02
3.716424982055855253e+02 3.090720136596960401e+02
3.722176086489478166e+02 3.099443685484062598e+02
3.727600574935254372e+02 3.108264250425932005e+02
3.732658243488128278e+02 3.117193773349480352e+02
3.737322605884469340e+02 3.126240121575654030e+02
3.741563820742200051e+02 3.135412159009668471e+02
3.745375532508375045e+02 3.144711773466865452e+02
3.748763646191461589e+02 3.154137210958933224e+02
3.751737632811535832e+02 3.163685658270853764e+02
3.754300962519676546e+02 3.173356084649755644e+02
3.756436783035224494e+02 3.183153495796046855e+02
3.758130082599640787e+02 3.193082350712478501e+02
3.759383516549523847e+02 3.203141860673787278e+02
3.760220522783744173e+02 3.213325063827018653e+02
3.760680356188138376e+02 3.223620300136239507e+02
3.760808052038325968e+02 3.234014192593194821e+02
3.760643133629620252e+02 3.244495001435210497e+02
3.760225400291760707e+02 3.255059010434058564e+02
3.759579654289700557e+02 3.265726538530487915e+02
3.758709957613359620e+02 3.276513122250427159e+02
3.757580974995239558e+02 3.287420859752792239e+02
3.756132989950451702e+02 3.298436600237891412e+02
3.754323497843927839e+02 3.309529384873420668e+02
3.752133577525414125e+02 3.320659184229292009e+02
3.749571882041412323e+02 3.331792581157420159e+02
3.746665376487094363e+02 3.342922442380693155e+02
3.743425541680937840e+02 3.354057813301650981e+02
3.739854589046090041e+02 3.365218817242774776e+02
3.735946179952123885e+02 3.376414493223053910e+02
3.731687562881957660e+02 3.387653959537950072e+02
3.727061086093834206e+02 3.398936826170869949e+02
3.722042508398334917e+02 3.410232300881954188e+02
3.716613628061922441e+02 3.421497157048661961e+02
3.710761520204212047e+02 3.432678609867621162e+02
3.704463927705382957e+02 3.443707733633777934e+02
3.697723963032856886e+02 3.454521044199136668e+02
3.690583787681869126e+02 3.465068693105151283e+02
3.683104742041715554e+02 3.475307768046580463e+02
3.675365181614378685e+02 3.485181206101933640e+02
3.667438378394783740e+02 3.494644366010479644e+02
3.659380860457793005e+02 3.503674448282041567e+02
3.651243505210707667e+02 3.512268858783555174e+02
3.643058470870251426e+02 3.520453962195886106e+02
3.634837152395615476e+02 3.528247821655667167e+02
3.626559615605654585e+02 3.535648263198314112e+02
3.618193872184473321e+02 3.542631250132160403e+02
3.609703487000023188e+02 3.549167327663835749e+02
3.601073981499187653e+02 3.555235040246279254e+02
3.592308097712393646e+02 3.560843619248248046e+02
3.583422948415210953e+02 3.566050676846514875e+02
3.574437386134598569e+02 3.570919682296054134e+02
3.565359935937121918e+02 3.575479336238672090e+02
3.556194848966528639e+02 3.579743950651061937e+02
3.546938796631364426e+02 3.583702319437607002e+02
3.537580938942180637e+02 3.587317948495651763e+02
3.528107184197431252e+02 3.590543396450347018e+02
3.518506473159129655e+02 3.593341431072975638e+02
3.508773891243143908e+02 3.595695506836566437e+02
3.498910964647095057e+02 3.597610761865369682e+02
3.488934840315155270e+02 3.599144923368789932e+02
3.478870150963037418e+02 3.600380920288798734e+02
3.468751805513947488e+02 3.601436277631588041e+02
3.458612719722555084e+02 3.602421810166457590e+02
3.448472876527119411e+02 3.603404792811306265e+02
3.438347153507064604e+02 3.604435312691531408e+02
3.428238856474776526e+02 3.605524499214325260e+02
3.418128521108416749e+02 3.606634111654338426e+02
3.407974165572640004e+02 3.607716021587525006e+02
3.397727383537586547e+02 3.608690919142307507e+02
3.387341184982935829e+02 3.609465543681275221e+02
3.376793169271670081e+02 3.609944181481478722e+02
3.366095167148835117e+02 3.610084762393503865e+02
3.355307338099739241e+02 3.609888653285156010e+02
3.344519994809742798e+02 3.609380874375515305e+02
3.333813728239343277e+02 3.608578265402890111e+02
3.323253354428580906e+02 3.607435567265948748e+02
3.312897773679125635e+02 3.605884022596625300e+02
3.302795414321759040e+02 3.603854176943100356e+02
3.292967471852975336e+02 3.601285301272543506e+02
3.283400200651194609e+02 3.598162200494058425e+02
3.274065188308127858e+02 3.594514177703985638e+02
3.264927306492787693e+02 3.590422801808546183e+02
3.255958915353917860e+02 3.585983649296598514e+02
3.247142776783635441e+02 3.581318781202206765e+02
3.238475117950572439e+02 3.576547406414900934e+02
3.229948913501709740e+02 3.571765070400902573e+02
3.221568047217202775e+02 3.567043955257378798e+02
3.213336591451661661e+02 3.562428501011646631e+02
3.205232675440263961e+02 3.557938285529934319e+02
3.197221194821248105e+02 3.553571864587419782e+02
3.189253798849757686e+02 3.549313577214403495e+02
3.181284853437684319e+02 3.545124808742658615e+02
3.173277715255510429e+02 3.540961812032825833e+02
3.165240038910249041e+02 3.536798695760269311e+02
3.157216712246449219e+02 3.532613614341640300e+02
3.149260727222811056e+02 3.528384401360606262e+02
3.141436537054206042e+02 3.524095271067492945e+02
3.133791089021543712e+02 3.519712030356047876e+02
3.126316760765690788e+02 3.515182958644863902e+02
3.118967349804958644e+02 3.510453409477642026e+02
3.111669469450746419e+02 3.505461716184809688e+02
3.104338900808209587e+02 3.500157858542945633e+02
3.096890541961683994e+02 3.494500924801290580e+02
3.089255929627242381e+02 3.488468230047368479e+02
3.081398961202900182e+02 3.482068244707963913e+02
3.073321746058664417e+02 3.475339221630791258e+02
3.065060490332609788e+02 3.468341593118186097e+02
3.056681312443391789e+02 3.461150837108742166e+02
3.048265828692805144e+02 3.453858889992326340e+02
3.039862553912263365e+02 3.446549535959169930e+02
3.031482058440973901e+02 3.439281610716365662e+02
3.023127513417889531e+02 3.432091779047803470e+02
3.014801493035424755e+02 3.424980559444966275e+02
3.006510743801139824e+02 3.417925605911887601e+02
2.998265200115082507e+02 3.410881624826547522e+02
2.990080914285841800e+02 3.403804989568758970e+02
2.981973329993912785e+02 3.396662070646513030e+02
2.973957004481183048e+02 3.389452111747243634e+02
2.966068157354098958e+02 3.382185228492966189e+02
2.958319651375203989e+02 3.374878630759907878e+02
2.950687531592413961e+02 3.367545547031376714e+02
2.943141123321682926e+02 3.360176196701121398e+02
2.935659715481511967e+02 3.352731864396184278e+02
2.928234183074616226e+02 3.345161108960625711e+02
2.920861280488127250e+02 3.337435268076026773e+02
2.913556098584541587e+02 3.329536662987650288e+02
2.906335993143669043e+02 3.321458646688107024e+02
2.899226941183484314e+02 3.313205896124816832e+02
2.892293057842186386e+02 3.304786176705276830e+02
2.885585533839225150e+02 3.296223235470193345e+02
2.879121948277476122e+02 3.287557500483358695e+02
2.872901821931666291e+02 3.278832698245240636e+02
2.866904444304470303e+02 3.270085869104117364e+02
2.861105257006070133e+02 3.261332705353942742e+02
2.855474603285816784e+02 3.252565272983060254e+02
2.850001312245707368e+02 3.243759204071209865e+02
2.844693514819538791e+02 3.234903977928509562e+02
2.839578607945948647e+02 3.225991456732568849e+02
2.834681141505921005e+02 3.217014348333930229e+02
2.830024486295956194e+02 3.207965710811324698e+02
2.825616023576639577e+02 3.198843351679362286e+02
2.821424972532727224e+02 3.189656413886854125e+02
2.817406048651228616e+02 3.180418348474029244e+02
2.813514724717318813e+02 3.171142381537813435e+02
2.809700597265861575e+02 3.161843484621289235e+02
2.805927776115520373e+02 3.152532318328737801e+02
2.802175536220343020e+02 3.143215038703550590e+02
2.798456224416214582e+02 3.133887978315621012e+02
2.794774825450543858e+02 3.124549656525467753e+02
2.791136419931266914e+02 3.115198564219768969e+02
2.787555358179284895e+02 3.105830438865244219e+02
2.784011739549178515e+02 3.096451191630292215e+02
2.780462599352712232e+02 3.087073584488305755e+02
2.776859643056346840e+02 3.077711962557973493e+02
2.773158007933411113e+02 3.068379651594645452e+02
2.769316032998839319e+02 3.059089026327543479e+02
2.765297396698921943e+02 3.049850875493210083e+02
2.761078555688210372e+02 3.040672192265822105e+02
2.756665127393591206e+02 3.031551308078576312e+02
2.752107841205991576e+02 3.022473154577344872e+02
2.747463360282965255e+02 3.013420900877539452e+02
2.742752591805467546e+02 3.004388336835479549e+02
2.737970982398461501e+02 2.995376814958385694e+02
2.733102245358397795e+02 2.986391172951032331e+02
2.728136487878882690e+02 2.977434349313317057e+02
2.723087513875814807e+02 2.968502243812823735e+02
2.717970517242733877e+02 2.959590343346512213e+02
2.712805091871376248e+02 2.950692827862258696e+02
2.707632103104432417e+02 2.941797558963683059e+02
2.702501714755719604e+02 2.932889636292291016e+02
2.697473341179919544e+02 2.923951411764394379e+02
2.692584521359434007e+02 2.914971735025728776e+02
2.687839252678242019e+02 2.905949418717324875e+02
2.683219877627256551e+02 2.896889707719813032e+02
2.678687726069856012e+02 2.887804088378725282e+02
2.674178640516370251e+02 2.878703512124072859e+02
2.669600725918947433e+02 2.869587588853075886e+02
2.664842738632345913e+02 2.860472618636084690e+02
2.659807611364068975e+02 2.851395831376769934e+02
2.654412084622874772e+02 2.842412846601542924e+02
2.648585940650044108e+02 2.833588105526721392e+02
2.642281860971623360e+02 2.824981313003218020e+02
2.635486780995764207e+02 2.816635302084157502e+02
2.628187504345581829e+02 2.808580802325948298e+02
2.620394114363660378e+02 2.800827211638054450e+02
2.612141645472103164e+02 2.793354526329119381e+02
2.603495562941169510e+02 2.786102429107343141e+02
2.594536384779494256e+02 2.779000592208043372e+02
2.585342764463849790e+02 2.771979961491649647e+02
2.576001472008503583e+02 2.764992626986089590e+02
2.566622104172921581e+02 2.758003082521273086e+02
2.557314978781549826e+02 2.751005432326722939e+02
2.548175505028888779e+02 2.744012072894074095e+02
2.539298194995061237e+02 2.737056718606174286e+02
2.530768669103872526e+02 2.730181921472699287e+02
2.522644599286139737e+02 2.723408418484650610e+02
2.514946863912919639e+02 2.716740930173991728e+02
2.507654978204030840e+02 2.710196922335319414e+02
2.500685358526863524e+02 2.703803318946045238e+02
2.493921771445936031e+02 2.697598744995183324e+02
2.487238496476022362e+02 2.691651275890881152e+02
2.480496164238703614e+02 2.686041230207323451e+02
2.473570700829382645e+02 2.680850725790914453e+02
2.466368238427392043e+02 2.676166114941237311e+02
2.458842315519533770e+02 2.672048266690575815e+02
2.450979956203970005e+02 2.668526791492684538e+02
2.442777850268454642e+02 2.665581975857388102e+02
2.434231761284946174e+02 2.663152601963118400e+02
2.425325115726623153e+02 2.661147296557725213e+02
2.416045467087806173e+02 2.659494480645710723e+02
2.406401261389901265e+02 2.658130890537470350e+02
2.396407818974732322e+02 2.656986588907301439e+02
2.386100865227471672e+02 2.655995362487241778e+02
2.375523918157833805e+02 2.655093210745804981e+02
2.364739114625466527e+02 2.654230350159882050e+02
2.353808542625896223e+02 2.653360871494983257e+02
2.342797641394305685e+02 2.652441051790335678e+02
2.331753983984066281e+02 2.651417943419996277e+02
2.320715842435183731e+02 2.650246514795566668e+02
2.309701024150927537e+02 2.648904816892266467e+02
2.298707205396199242e+02 2.647364727244784035e+02
2.287711695722505851e+02 2.645614792589514082e+02
2.276679073261906581e+02 2.643646704986182954e+02
2.265560909691313327e+02 2.641483841524488980e+02
2.254340236643437834e+02 2.639152731940797025e+02
2.243040457127083016e+02 2.636703893655656543e+02
2.231706367763512731e+02 2.634184149573968625e+02
2.220386410320472237e+02 2.631609853424289440e+02
2.209131212189889197e+02 2.628997763344541454e+02
2.197983276128386478e+02 2.626359831944458278e+02
2.186969060616939657e+02 2.623694876521864785e+02
2.176099637826583830e+02 2.620998450333167966e+02
2.165374676246803460e+02 2.618274459463463018e+02
2.154776992567611273e+02 2.615509481023424314e+02
2.144284293675149229e+02 2.612700915094869742e+02
2.133864375741052299e+02 2.609856731241059151e+02
2.123466101447282881e+02 2.606992661439110179e+02
2.113042284741331684e+02 2.604125412961348047e+02
2.102554730455985350e+02 2.601274603506453218e+02
2.091992408047815957e+02 2.598458938186340674e+02
2.081363993689820973e+02 2.595708960918933030e+02
2.070714932901584007e+02 2.593068516567665824e+02
2.060108383814322224e+02 2.590565819516482406e+02
2.049592104180104855e+02 2.588196166615665561e+02
2.039202127561799500e+02 2.585917350567897302e+02
2.028956837959306085e+02 2.583661705742699723e+02
2.018874426074006010e+02 2.581346727283348628e+02
2.008972129522499586e+02 2.578894147092422600e+02
1.999289200406838063e+02 2.576236349665157377e+02
1.989892272055679143e+02 2.573332543378490413e+02
1.980863124411128808e+02 2.570181866682000305e+02
1.972262051119821251e+02 2.566798675939276109e+02
1.964089519941402102e+02 2.563191991349923455e+02
1.956289749666084674e+02 2.559362191641587572e+02
1.948752832552732741e+02 2.555307738068507319e+02
1.941352987303279178e+02 2.551031107938995888e+02
1.933984270043900437e+02 2.546550323566977170e+02
1.926579680930512382e+02 2.541914495287338411e+02
1.919097763405003150e+02 2.537180866966908752e+02
1.911502876698318971e+02 2.532404276916942365e+02
1.903784625366847649e+02 2.527639283549734728e+02
1.895950889953704177e+02 2.522919827954545440e+02
1.888008055596205566e+02 2.518260944376332304e+02
1.879963548992301412e+02 2.513630038934419133e+02
1.871822959009349745e+02 2.508979655844525496e+02
1.863594909306346494e+02 2.504237225626113741e+02
1.855285357239670816e+02 2.499342028513003129e+02
1.846899323970121429e+02 2.494236303799310406e+02
1.838443133166709629e+02 2.488895755153825462e+02
1.829945453857369841e+02 2.483309749240418114e+02
1.821444134507837020e+02 2.477509303090564003e+02
1.812997518290941059e+02 2.471546176758205320e+02
1.804666855016933766e+02 2.465513067239755856e+02
1.796521516323234380e+02 2.459493384501776632e+02
1.788607418409019374e+02 2.453534349124031451e+02
1.780925800230555751e+02 2.447631211728942731e+02
1.773450630959831358e+02 2.441756496956767251e+02
1.766140303915498180e+02 2.435926204112716107e+02
1.758958336275025545e+02 2.430195567672075185e+02
1.751885552809127091e+02 2.424692419107424257e+02
1.744936164379519710e+02 2.419595949612211143e+02
1.738131376929690930e+02 2.415135275237730923e+02
1.731461565013667041e+02 2.411552102075941093e+02
1.724880096673269918e+02 2.409031436315323162e+02
1.718304783187589067e+02 2.407671485512894378e+02
1.711653581650570288e+02 2.407458177935782260e+02
1.704847457569455855e+02 2.408306091721125028e+02
1.697836803019629031e+02 2.410060121607841381e+02
1.690599384397825986e+02 2.412549854136703402e+02
1.683154570504806884e+02 2.415587281744946040e+02
1.675538423624610971e+02 2.419000771414562792e+02
1.667815294120001397e+02 2.422638557845131402e+02
1.660078099965579668e+02 2.426349455437814413e+02
1.652387615515424670e+02 2.429974822471471327e+02
1.644763726393330501e+02 2.433334186122479537e+02
1.637224794573637325e+02 2.436214269492891162e+02
1.629779052785571878e+02 2.438401163708955437e+02
1.622442475889578759e+02 2.439683072881585986e+02
1.615220570926470600e+02 2.439889240526566994e+02
1.608119904359505483e+02 2.438901995974400734e+02
1.601128996992845259e+02 2.436690595149837861e+02
1.594239881765095106e+02 2.433303513196329959e+02
1.587436565281875005e+02 2.428873885134951820e+02
1.580681211775163888e+02 2.423581632044673597e+02
1.573919168875711989e+02 2.417609834106114590e+02
1.567092248566804926e+02 2.411116709060412404e+02
1.560157444642150040e+02 2.404224523621845151e+02
1.553083661867490832e+02 2.397020241641561711e+02
1.545847143329983453e+02 2.389578726576549172e+02
1.538447062884552565e+02 2.381963117277638844e+02
1.530888916531809798e+02 2.374211057057347602e+02
1.523190717812073842e+02 2.366345893225267787e+02
1.515369983721107303e+02 2.358399205244020607e+02
1.507442882887979749e+02 2.350413029363843691e+02
1.499420391719618237e+02 2.342455364997902620e+02
1.491325059530808232e+02 2.334585620691902932e+02
1.483176323533492109e+02 2.326874853305413353e+02
1.475000797312879683e+02 2.319374660813998617e+02
1.466819864921000942e+02 2.312135857814171516e+02
1.458666123712864646e+02 2.305180422364226729e+02
1.450570338295601971e+02 2.298528727955473983e+02
1.442577072559798808e+02 2.292177646033011342e+02
1.434729357615606204e+02 2.286134340538433207e+02
1.427076074960285723e+02 2.280392272349054963e+02
1.419640975640671741e+02 2.274953295372712887e+02
1.412432805517779570e+02 2.269829750161060815e+02
1.405465206264945550e+02 2.265031740656328338e+02
1.398737114415621363e+02 2.260563588564069164e+02
1.392230066410243694e+02 2.256414900955522285e+02
1.385914885948180881e+02 2.252555725577325347e+02
1.379729642703460115e+02 2.248941366179917054e+02
1.373606367809025812e+02 2.245506867293079267e+02
1.367456649817420384e+02 2.242171657829203184e+02
1.361187503806117718e+02 2.238837873079722840e+02
1.354700779897965788e+02 2.235392648064618015e+02
1.347908011720769252e+02 2.231714733471350485e+02
1.340768910954879800e+02 2.227686334861174373e+02
1.333296831915034204e+02 2.223229982927405217e+02
1.325554091045314351e+02 2.218298886896412228e+02
1.317598626817662648e+02 2.212873239548072206e+02
1.309470900123757815e+02 2.206932551981865060e+02
1.301223626217515061e+02 2.200445121831874644e+02
1.292931437230195684e+02 2.193380018086423604e+02
1.284715228752267819e+02 2.185724145039897905e+02
1.276737631259242391e+02 2.177514935059773507e+02
1.269203335902434731e+02 2.168830101652425526e+02
1.262338947855430717e+02 2.159794197454535549e+02
1.256377285262055636e+02 2.150547423805631979e+02
1.251528851531319333e+02 2.141232155892090532e+02
1.247974957924535317e+02 2.131985628227866414e+02
1.245845135471680010e+02 2.122941188240282031e+02
1.245221129618028613e+02 2.114230927771162101e+02
1.246128490917124907e+02 2.105996776748688717e+02
1.248545013517089330e+02 2.098365881206391350e+02
1.252402032893027979e+02 2.091452408495210591e+02
