1.283541311870326638e+02 2.086331890042828263e+02
1.290436104780112032e+02 2.080324086647611921e+02
1.298557584183382687e+02 2.075395034804747070e+02
1.307668461661938011e+02 2.071559769642694562e+02
1.317502095599008669e+02 2.068761950746949196e+02
1.327806705540287453e+02 2.066870163933616027e+02
1.338363053668138321e+02 2.065721933666633561e+02
1.349014229930655233e+02 2.065122320885496947e+02
1.359637405489093567e+02 2.064859893073140711e+02
1.370131185160358314e+02 2.064735901032471190e+02
1.380452227157113896e+02 2.064584447367576274e+02
1.390618568310312355e+02 2.064277916759511697e+02
1.400679004102979377e+02 2.063718914442318066e+02
1.410680491640835612e+02 2.062885354295414970e+02
1.420641539573019259e+02 2.061813450487398143e+02
1.430567592818514981e+02 2.060535294377809237e+02
1.440465180261747093e+02 2.059089366020809564e+02
1.450347092025775169e+02 2.057551048069257718e+02
1.460231507950700234e+02 2.056027489185365766e+02
1.470136218117446560e+02 2.054623540861831543e+02
1.480070921340230257e+02 2.053396366140934219e+02
1.490040239527240828e+02 2.052373205706673218e+02
1.500050032448434081e+02 2.051588595974555176e+02
1.510104072236623836e+02 2.051064769207488325e+02
1.520204985166098197e+02 2.050817204187187315e+02
1.530353042228216793e+02 2.050847498087306917e+02
1.540557017186444000e+02 2.051207361869689407e+02
1.550828639617407703e+02 2.051965927519928528e+02
1.561175865292134972e+02 2.053170084901612427e+02
1.571599336560515212e+02 2.054823619907849661e+02
1.582088237187169852e+02 2.056862783619807260e+02
1.592619385701347596e+02 2.059150948676339112e+02
1.603166868972480472e+02 2.061535387811496776e+02
1.613706710956386416e+02 2.063874790593232831e+02
1.624226767225467256e+02 2.066097579979988552e+02
1.634727248550780700e+02 2.068204998217939306e+02
1.645215406460375220e+02 2.070239784490991610e+02
1.655697160944509392e+02 2.072236830142131225e+02
1.666168234688944665e+02 2.074170925461266393e+02
1.676616782694807171e+02 2.075972258185134933e+02
1.687025234016162472e+02 2.077537268362700047e+02
1.697383431495382240e+02 2.078806091559203537e+02
1.707684120258845155e+02 2.079735968872545300e+02
1.717928058078686604e+02 2.080331366473500907e+02
1.728148890646101279e+02 2.080717713496101737e+02
1.738416516386192825e+02 2.081081008206652427e+02
1.748779670236555148e+02 2.081622341733892370e+02
1.759237626748022478e+02 2.082488503745793480e+02
1.769748491738000098e+02 2.083755990095608013e+02
1.780249092674960707e+02 2.085434829505111907e+02
1.790677226843665153e+02 2.087497844214705083e+02
1.800998045627524107e+02 2.089897463363328995e+02
1.811225402065137473e+02 2.092584952955441508e+02
1.821387191871519917e+02 2.095532291806489411e+02
1.831520574006439119e+02 2.098747821553545805e+02
1.841626129402918934e+02 2.102270595290173674e+02
1.851656783237370405e+02 2.106125173696005959e+02
1.861538501975021518e+02 2.110307250318994932e+02
1.871190483864941996e+02 2.114743873653011690e+02
1.880553688249034394e+02 2.119332647135655918e+02
1.889615745692125870e+02 2.123987994104959967e+02
1.898410454828575098e+02 2.128638311866033632e+02
1.907009001664082462e+02 2.133236630703183039e+02
1.915495755793134833e+02 2.137711338346327352e+02
1.923951701727288537e+02 2.141971648610459624e+02
1.932445110918988576e+02 2.145945343566497741e+02
1.941022210822480361e+02 2.149580032141976744e+02
1.949718164534031644e+02 2.152894172382863189e+02
1.958556557226680752e+02 2.155945887976349127e+02
1.967559597851333422e+02 2.158807310193735702e+02
1.976752809787444107e+02 2.161519650198574425e+02
1.986176728774539697e+02 2.164105891067706011e+02
1.995888270318214097e+02 2.166580221984434615e+02
2.005929197659885403e+02 2.168922645074715945e+02
2.016274653139346071e+02 2.171111057050806039e+02
2.026845016633104137e+02 2.173111214150717956e+02
2.037529526110620850e+02 2.174883354231765225e+02
2.048203584679542928e+02 2.176355972158357588e+02
2.058771258831224600e+02 2.177497074760615590e+02
2.069196221400749209e+02 2.178329825172808114e+02
2.079496697315657912e+02 2.178886732823046373e+02
2.089705721685494666e+02 2.179203484482511897e+02
2.099862763282135347e+02 2.179286731590649424e+02
2.109979686448047858e+02 2.179133527984227499e+02
2.120055206483453674e+02 2.178736301877030996e+02
2.130095591318133472e+02 2.178131995304145221e+02
2.140108151027652355e+02 2.177363692517859022e+02
2.150103847379786544e+02 2.176496000178410668e+02
2.160093359441447660e+02 2.175591858758708383e+02
2.170082304428597411e+02 2.174684375105247796e+02
2.180067831913600571e+02 2.173756749317364836e+02
2.190038496693478578e+02 2.172741525455894021e+02
2.199981620721844990e+02 2.171563981427449619e+02
2.209885191721209026e+02 2.170153319059107559e+02
2.219733886970248591e+02 2.168419229025705022e+02
2.229521217731408171e+02 2.166323467891401151e+02
2.239247764461489112e+02 2.163869456762728021e+02
2.248925689988737133e+02 2.161128881131306798e+02
2.258576426049569363e+02 2.158228055743205687e+02
2.268223955379312713e+02 2.155308330466858138e+02
2.277898388129036675e+02 2.152547169041666280e+02
2.287633288753253282e+02 2.150142394241580632e+02
2.297456703184897719e+02 2.148259303680757171e+02
2.307381761122622095e+02 2.146975281408671776e+02
2.317408315361243751e+02 2.146289459824820369e+02
2.327523028776625154e+02 2.146123232351745571e+02
2.337712075791066582e+02 2.146395113555770990e+02
2.347966199205900466e+02 2.147050543196127705e+02
2.358276789190706779e+02 2.148038776502442602e+02
2.368637520940974923e+02 2.149322536230345690e+02
2.379039844846587357e+02 2.150851432536942411e+02
2.389474025292031456e+02 2.152568085479826721e+02
2.399946004956731826e+02 2.154434647693684042e+02
2.410491897003505528e+02 2.156437993270112088e+02
2.421123949557995729e+02 2.158564166722081836e+02
2.431831160515750412e+02 2.160826516551293253e+02
2.442608775947701361e+02 2.163294466187929856e+02
2.453442615139146881e+02 2.166107777047734544e+02
2.464313912535550912e+02 2.169420377103678561e+02
2.475180205730024738e+02 2.173377090022685252e+02
2.485985366034792037e+02 2.178050203491870320e+02
2.496647470805470732e+02 2.183427113827748940e+02
2.507079921628390764e+02 2.189399987685060012e+02
2.517192044177809294e+02 2.195832126815274989e+02
2.526906799065771168e+02 2.202542791578293588e+02
2.536142228339254245e+02 2.209354714022030919e+02
2.544828498804826040e+02 2.216102545934536749e+02
2.552947242301577262e+02 2.222654056743080559e+02
2.560516055525558841e+02 2.228963985149756013e+02
2.567586265016831248e+02 2.235040541001431507e+02
2.574255468315369626e+02 2.240900058470580234e+02
2.580627660404157950e+02 2.246559094716213281e+02
2.586812299203684802e+02 2.252058393867258701e+02
2.592939659951638305e+02 2.257442430321355005e+02
2.599133353358453178e+02 2.262799673209648859e+02
2.605511056895904858e+02 2.268267554063953924e+02
2.612134626525338490e+02 2.273996028631563036e+02
2.619021177083604925e+02 2.280131760505638567e+02
2.626176607486148669e+02 2.286780117593043542e+02
2.633597863073613325e+02 2.294019880924211634e+02
2.641283853526553003e+02 2.301854308796782220e+02
2.649190271429494032e+02 2.310201184431847992e+02
2.657218739203967175e+02 2.318916667536532827e+02
2.665291042210274099e+02 2.327837541977330034e+02
2.673357045626100330e+02 2.336838995592607091e+02
2.681378568881392539e+02 2.345811674340049251e+02
2.689307410570955312e+02 2.354636422337565023e+02
2.697087426342361596e+02 2.363221397245295634e+02
2.704709807324070994e+02 2.371498361103261630e+02
2.712173000786060584e+02 2.379456907013295393e+02
2.719502801638997198e+02 2.387119760245113866e+02
2.726754233194523636e+02 2.394551232752316992e+02
2.733988011631293489e+02 2.401832988691973583e+02
2.741251909114490672e+02 2.409039090365111520e+02
2.748582022359032635e+02 2.416245925897590041e+02
2.756015690647915903e+02 2.423497691971922450e+02
2.763539102413946011e+02 2.430822981856750857e+02
2.771126290770845912e+02 2.438210550814765725e+02
2.778741596636857025e+02 2.445630289598414890e+02
2.786329971248645165e+02 2.453031127079306941e+02
2.793843758434130677e+02 2.460358455676806102e+02
2.801266579685105853e+02 2.467536487285191242e+02
2.808564667873053509e+02 2.474496167422118447e+02
2.815714048338012390e+02 2.481160278513941648e+02
2.822669604098554146e+02 2.487475070307762053e+02
2.829409659635621210e+02 2.493398516489517078e+02
2.835926156427211708e+02 2.498927359172908496e+02
2.842188810995405674e+02 2.504079252894607635e+02
2.848174986319140771e+02 2.508864611072758635e+02
2.853873963334298196e+02 2.513301379641842743e+02
2.859340261470538849e+02 2.517460346086553784e+02
2.864699377374133178e+02 2.521454844415798675e+02
2.870091932589085104e+02 2.525374605997348567e+02
2.875657031890423809e+02 2.529245962600302846e+02
2.881517331237766939e+02 2.533078704452976240e+02
2.887804338038470178e+02 2.536860722558288046e+02
2.894612686473976737e+02 2.540578212127114739e+02
2.901944930459862917e+02 2.544202167240832182e+02
2.909761024207659830e+02 2.547705677527351895e+02
2.918019451841468594e+02 2.551109003177894863e+02
2.926664936387476814e+02 2.554448442300761428e+02
2.935650524276599072e+02 2.557750107154568582e+02
2.944942109383291609e+02 2.561068125645247164e+02
2.954537057394824728e+02 2.564430432040220467e+02
2.964397472544955008e+02 2.567855607302886938e+02
2.974459921318297688e+02 2.571351006134187287e+02
2.984652249491985003e+02 2.574956875485836463e+02
2.994897021064996920e+02 2.578747373660444282e+02
3.005113653367801021e+02 2.582806209907029142e+02
3.015226992070932397e+02 2.587203534377141523e+02
3.025182322139871758e+02 2.591974413828509114e+02
3.034938623459809151e+02 2.597114650907076339e+02
3.044448410523185089e+02 2.602582480437498020e+02
3.053676852635503565e+02 2.608301563204943250e+02
3.062584935830410586e+02 2.614181724824304638e+02
3.071152958227575027e+02 2.620141817600536456e+02
3.079391099289873068e+02 2.626123232911955370e+02
3.087324489437366992e+02 2.632043870151454144e+02
3.094997315995329359e+02 2.637827716680706089e+02
3.102482099922902989e+02 2.643404166430674422e+02
3.109891336099196337e+02 2.648680139891934004e+02
3.117362125428122113e+02 2.653603204218428573e+02
3.125050574433293491e+02 2.658145483343612341e+02
3.133065958873212367e+02 2.662278019748534916e+02
3.141432869270603305e+02 2.666006875379426901e+02
3.150142825264001090e+02 2.669372934898073026e+02
3.159161824889407058e+02 2.672503154968120498e+02
3.168439655828606760e+02 2.675572723493259559e+02
3.177890918278818617e+02 2.678758731303814784e+02
3.187417319743174744e+02 2.682199824198711440e+02
3.196892111267600853e+02 2.685983801692416364e+02
3.206171342585851107e+02 2.690119021347259718e+02
3.215117286707409789e+02 2.694584820804149103e+02
3.223635797421181906e+02 2.699382517270980770e+02
3.231709775734918253e+02 2.704522882825735905e+02
3.239347575846555287e+02 2.710032737898628170e+02
3.246584093562350972e+02 2.715884608043246544e+02
3.253477622762450210e+02 2.722018608138419040e+02
3.260132383919903987e+02 2.728353986509262086e+02
3.266675130539706515e+02 2.734784797190433210e+02
3.273226858972369655e+02 2.741176423282315682e+02
3.279905262615639003e+02 2.747416148992638796e+02
3.286787044862064135e+02 2.753431715330464726e+02
3.293913889688843710e+02 2.759222145697131054e+02
3.301261788185213391e+02 2.764826293730868656e+02
3.308763822266261059e+02 2.770296795049961247e+02
3.316371528611816757e+02 2.775722062295460546e+02
3.324065121974139174e+02 2.781219286375597903e+02
3.331856206061344210e+02 2.786885432510723604e+02
3.339734174768889261e+02 2.792797398389662362e+02
3.347692325102428867e+02 2.798978686437114902e+02
3.355707640646797358e+02 2.805429702526066649e+02
3.363757051129313709e+02 2.812158306568634316e+02
3.371818344910930136e+02 2.819203483406625992e+02
3.379826557511817668e+02 2.826634942437259497e+02
3.387670638054658525e+02 2.834504297352004301e+02
3.395235571606457938e+02 2.842829815076930231e+02
3.402450448370361755e+02 2.851554879565636611e+02
3.409296654971280418e+02 2.860575884591149816e+02
3.415784637810264712e+02 2.869784323802940662e+02
3.421932368330664076e+02 2.879097749243338740e+02
3.427725000835714582e+02 2.888473797363300264e+02
3.433116011386536002e+02 2.897882467909308843e+02
3.438026728720303709e+02 2.907320576025723540e+02
3.442393700406225321e+02 2.916785620707412363e+02
3.446181251238877508e+02 2.926298270885599777e+02
3.449407407097689315e+02 2.935893808348376979e+02
3.452113742086502270e+02 2.945577543461995447e+02
3.454348319301404899e+02 2.955341321393873386e+02
3.456157604664830387e+02 2.965177258302790619e+02
3.457581103576989108e+02 2.975078651334560504e+02
3.458641521537427934e+02 2.985041648062632476e+02
3.459295508098249456e+02 2.995073603727798854e+02
3.459492742430236945e+02 3.005183056230674197e+02
3.459186600865409673e+02 3.015377916177058069e+02
3.458347446959289186e+02 3.025663211962179844e+02
3.456991084843777458e+02 3.036036262109807922e+02
3.455159542141162774e+02 3.046502300038030739e+02
3.452930226069896094e+02 3.057086532343832914e+02
3.450372224185380787e+02 3.067791852932592747e+02
3.447510078200941734e+02 3.078588466677070983e+02
3.444318124058906392e+02 3.089438219014711535e+02
3.440728335422787723e+02 3.100326118056239011e+02
3.436664017768688382e+02 3.111234565185114889e+02
3.432105017543040049e+02 3.122140547398956869e+02
3.427080517065351728e+02 3.132994991664151030e+02
3.421641858288866160e+02 3.143755086339323270e+02
3.415804965498600723e+02 3.154393989419206150e+02
3.409559678121274828e+02 3.164883320663304289e+02
3.402882047836185393e+02 3.175177402501241772e+02
3.395750072333227649e+02 3.185205620467431800e+02
3.388164250832340372e+02 3.194872637724924971e+02
3.380151593860031198e+02 3.204069115368213261e+02
3.371738492685899473e+02 3.212683080973062602e+02
3.362965900496817540e+02 3.220594472228629002e+02
3.353882555478089103e+02 3.227730186234196026e+02
3.344563486879476386e+02 3.234078578120496559e+02
3.335090358303676794e+02 3.239684022567182069e+02
3.325554005336929890e+02 3.244621338953247118e+02
3.316010069133274669e+02 3.248981197274152919e+02
3.306460955237013195e+02 3.252852680340566849e+02
3.296892403890578862e+02 3.256310759881922650e+02
3.287277075694618134e+02 3.259420272768463747e+02
3.277614720461045295e+02 3.262252616871348891e+02
3.267923369151992574e+02 3.264914063393189849e+02
3.258222130003886150e+02 3.267517232794830875e+02
3.248527640547977171e+02 3.270160183651387342e+02
3.238842078751860640e+02 3.272855752506677049e+02
3.229159313854220841e+02 3.275567805771537451e+02
3.219465943492260180e+02 3.278217352363741952e+02
3.209745047433863760e+02 3.280704667520843145e+02
3.199959263056964573e+02 3.282882415196089596e+02
3.190047111069256971e+02 3.284614217956533366e+02
3.179959268442252096e+02 3.285768391007072751e+02
3.169671928160959737e+02 3.286279525114131275e+02
3.159208373733576991e+02 3.286120452643544922e+02
3.148623759927683068e+02 3.285308734825718489e+02
3.138010012053546234e+02 3.283882511931129784e+02
3.127469907300618388e+02 3.281909150754477196e+02
3.117116557174664990e+02 3.279456070113342321e+02
3.107047174811443142e+02 3.276591499708264905e+02
3.097347555960055274e+02 3.273357267109535087e+02
3.088076711632302818e+02 3.269798324427067087e+02
3.079286453129239476e+02 3.265987551641538857e+02
3.071007022836103033e+02 3.262031156349357843e+02
3.063273342195634541e+02 3.258039370140085111e+02
3.056105606279047606e+02 3.254095589900344976e+02
3.049467350303083322e+02 3.250238906208054459e+02
3.043281836903455542e+02 3.246449435416107008e+02
3.037426267390285943e+02 3.242661189323554254e+02
3.031767198368175400e+02 3.238780652493038019e+02
3.026160437719657921e+02 3.234708586885175805e+02
3.020482289726005547e+02 3.230333604656516968e+02
3.014627172252600076e+02 3.225553335001411597e+02
3.008538737793203950e+02 3.220293628867668758e+02
3.002200985958286878e+02 3.214538375776248245e+02
2.995667034846019305e+02 3.208337310991769300e+02
2.989022718371123233e+02 3.201768415108508066e+02
2.982331019040703950e+02 3.194928861708258410e+02
2.975619893744320166e+02 3.187899970016459861e+02
2.968877550059448822e+02 3.180756607561930878e+02
2.962118703131330335e+02 3.173540906471373546e+02
2.955373764780894135e+02 3.166286483164107608e+02
2.948686188080293391e+02 3.159009303839438303e+02
2.942075050968146570e+02 3.151722096508135564e+02
2.935521424208515100e+02 3.144406194608469605e+02
2.928941369377271258e+02 3.137075373341160685e+02
2.922252059846026100e+02 3.129750319311291946e+02
2.915366244752131593e+02 3.122457267380537473e+02
2.908192772994956954e+02 3.115189003531011167e+02
2.900654344371708930e+02 3.107915870553676427e+02
2.892709734393722556e+02 3.100583386758633537e+02
2.884376099515145029e+02 3.093152603437544599e+02
2.875723904051037607e+02 3.085599079027385301e+02
2.866851585363556865e+02 3.077916538647161246e+02
2.857842558591032684e+02 3.070130447541764056e+02
2.848800602249887106e+02 3.062287950064294364e+02
2.839799086364875507e+02 3.054449880149092564e+02
2.830904537747389327e+02 3.046659874133840162e+02
2.822188805212699663e+02 3.038913845670056730e+02
2.813724501349847742e+02 3.031151174058200581e+02
2.805576869582613426e+02 3.023294647528744008e+02
2.797797264565797946e+02 3.015257949313734116e+02
2.790424904587993069e+02 3.006987848997616197e+02
2.783461482268629652e+02 2.998461024830038468e+02
2.776838202358110266e+02 2.989683479363194465e+02
2.770441037514671621e+02 2.980690778062502204e+02
2.764193429426492230e+02 2.971535052041425615e+02
2.758041107536423624e+02 2.962283100831600677e+02
2.751993903384308737e+02 2.952998130420277789e+02
2.746075834558679958e+02 2.943718574725303370e+02
2.740309847163915720e+02 2.934427831421724022e+02
2.734689059679075172e+02 2.925097836205349608e+02
2.729197060694776837e+02 2.915718664513618705e+02
2.723825598976270044e+02 2.906334225293515487e+02
2.718584525781592447e+02 2.897007721186716935e+02
2.713455349215279284e+02 2.887799881183845514e+02
2.708371172880206927e+02 2.878761197067919397e+02
2.703240004515589590e+02 2.869923495627264174e+02
2.697920369318110261e+02 2.861292746688189936e+02
2.692277506559008771e+02 2.852830440219735237e+02
2.686183092359705142e+02 2.844497146484571317e+02
2.679566280468785635e+02 2.836252944039077306e+02
2.672387516076028078e+02 2.828093244911133297e+02
2.664675869506713752e+02 2.820029710570969996e+02
2.656506561811411302e+02 2.812115253702809810e+02
2.648002532832645102e+02 2.804410716385183377e+02
2.639297581863125401e+02 2.796944578143544504e+02
2.630476968731090324e+02 2.789734465191012305e+02
2.621615768620439439e+02 2.782771514166913676e+02
2.612760839018202432e+02 2.776051882674962030e+02
2.603963882270468275e+02 2.769567224416040858e+02
2.595253258386574089e+02 2.763335356414885382e+02
2.586676410793819514e+02 2.757380818170389603e+02
2.578300383788143790e+02 2.751745991783517411e+02
2.570206301600061352e+02 2.746457187627191274e+02
2.562424574501566212e+02 2.741532290719088678e+02
2.554950702981226414e+02 2.736938684147998515e+02
2.547713852018580383e+02 2.732607638680141235e+02
2.540628815760837824e+02 2.728429664687010927e+02
2.533611028458587384e+02 2.724331506006228665e+02
2.526652587757758681e+02 2.720248533891867737e+02
2.519817448307657912e+02 2.716149743226088731e+02
2.513199499004789459e+02 2.712036903334521867e+02
2.506879299148251334e+02 2.707899936368746694e+02
2.500883929032622746e+02 2.703717014817553945e+02
2.495161822736461659e+02 2.699464947789504095e+02
2.489582909625534057e+02 2.695127666911624260e+02
2.483984192241408095e+02 2.690701760095876125e+02
2.478181225918338839e+02 2.686232924884624254e+02
2.472013328535592223e+02 2.681790578066735407e+02
2.465361196393632781e+02 2.677480395610039068e+02
2.458185038941624043e+02 2.673414107942193141e+02
2.450503907205916505e+02 2.669732035394563354e+02
2.442360278712462218e+02 2.666576031144376202e+02
2.433784021416982171e+02 2.664026542450260422e+02
2.424793982685319520e+02 2.662122616742360606e+02
2.415430448321811809e+02 2.660869204825545467e+02
2.405738928281080291e+02 2.660231686040805243e+02
2.395784188044489440e+02 2.660127939395551380e+02
2.385638282043793481e+02 2.660477913776957166e+02
2.375383781727640553e+02 2.661169030475367663e+02
2.365092686692732116e+02 2.662087258766522382e+02
2.354824965342333769e+02 2.663082390738814524e+02
2.344607964046726067e+02 2.664008090000212405e+02
2.334429537432853863e+02 2.664701249985511140e+02
2.324217157533541922e+02 2.665035279358207276e+02
2.313909836997032130e+02 2.664895889634955211e+02
2.303487960810477375e+02 2.664242378478340925e+02
2.292996707565563383e+02 2.663090480177456811e+02
2.282509848566993753e+02 2.661492633246796800e+02
2.272094645035387543e+02 2.659505829354180264e+02
2.261791943468702470e+02 2.657140117345539920e+02
2.251618843445819493e+02 2.654400689994902223e+02
2.241576909617222100e+02 2.651330186368496129e+02
2.231653348748716041e+02 2.647988967001101628e+02
2.221826971914005071e+02 2.644453787864487708e+02
2.212069420422551786e+02 2.640788918338386679e+02
2.202351279952329719e+02 2.637051808297990760e+02
2.192643418252883976e+02 2.633280527359577263e+02
2.182920869991102393e+02 2.629517438599552861e+02
2.173155416257779393e+02 2.625805994700955353e+02
2.163318413885313021e+02 2.622208190582525731e+02
2.153376546044956967e+02 2.618759073261574031e+02
2.143296241847179715e+02 2.615462421676590452e+02
2.133053388313771563e+02 2.612311879855434427e+02
2.122633342470009552e+02 2.609254562077054516e+02
2.112044319727422987e+02 2.606243299453256554e+02
2.101306285924042072e+02 2.603237946462351147e+02
2.090432038653377731e+02 2.600200466390489851e+02
2.079452501546912515e+02 2.597089777520134817e+02
2.068403406320775844e+02 2.593867968515745588e+02
2.057344552135398033e+02 2.590499150571101836e+02
2.046349997489370480e+02 2.586972533241988117e+02
2.035497923422204565e+02 2.583312025396230638e+02
2.024870364994425245e+02 2.579533822522239461e+02
2.014510384205586888e+02 2.575682671770698562e+02
2.004428981369956091e+02 2.571785147465419641e+02
1.994608754986252848e+02 2.567853706020539448e+02
1.985037645648077955e+02 2.563888111390928088e+02
1.975703817987848936e+02 2.559878149460168686e+02
1.966617695678912696e+02 2.555813937317052478e+02
1.957799311449776951e+02 2.551716520452511077e+02
1.949278884333166957e+02 2.547585021506239400e+02
1.941072741698930315e+02 2.543430424020193641e+02
1.933185783167512284e+02 2.539238264598524495e+02
1.925594442997830811e+02 2.535007744024578074e+02
1.918261653437562302e+02 2.530720656413656400e+02
1.911139095364359832e+02 2.526386995334469816e+02
1.904193044891578381e+02 2.522020637601121109e+02
1.897405067209977858e+02 2.517670333876253892e+02
1.890782092942588406e+02 2.513366888863477016e+02
1.884340846309806921e+02 2.509122070776422788e+02
1.878114803738124579e+02 2.504938598028118690e+02
1.872124173367206197e+02 2.500822708117366631e+02
1.866381663682482213e+02 2.496797054379418910e+02
1.860855645768863269e+02 2.492868372564438175e+02
1.855443916566038922e+02 2.489034731853117535e+02
1.850038183777557208e+02 2.485253709479997610e+02
1.844529861544374683e+02 2.481469614838009079e+02
1.838873492208080620e+02 2.477600984169615970e+02
1.833056328578308580e+02 2.473564617491419142e+02
1.827094711838251158e+02 2.469237731210735660e+02
1.821015467521077653e+02 2.464495489003644479e+02
1.814837139525238285e+02 2.459238670828671047e+02
1.808574811448768287e+02 2.453395187765235903e+02
1.802217315177034038e+02 2.446947997873439533e+02
1.795733397076896836e+02 2.439904554234230432e+02
1.789068455082735341e+02 2.432331854626899883e+02
1.782172241476108070e+02 2.424377199939399645e+02
1.775005094796592857e+02 2.416311380208763921e+02
1.767556900223126490e+02 2.408464549408913058e+02
1.759837401348727894e+02 2.401241937471237122e+02
1.751887608534141805e+02 2.395072843204040964e+02
1.743735295135444971e+02 2.390339993469057731e+02
1.735384623891509932e+02 2.387316490024804239e+02
1.726823159375006753e+02 2.386126675075890660e+02
1.718037637962764279e+02 2.386729498938999541e+02
1.709029247638914910e+02 2.388931638907774015e+02
1.699823424211040788e+02 2.392415525453931764e+02
1.690475813902441473e+02 2.396780940953133268e+02
1.681075562912754719e+02 2.401594537129288653e+02
1.671742781543127023e+02 2.406432338134903262e+02
1.662613915140224208e+02 2.410902559201803399e+02
1.653803994699050293e+02 2.414642811929665811e+02
1.645368151169381576e+02 2.417367489797422593e+02
1.637337380409135790e+02 2.418862633096502464e+02
1.629695582975574268e+02 2.419035984989524763e+02
1.622437017829817592e+02 2.417917315296316758e+02
1.615551183184261390e+02 2.415635009739438317e+02
1.609015218082625438e+02 2.412381209806283380e+02
1.602794315218773704e+02 2.408383159965958669e+02
1.596816411507380735e+02 2.403873898418408430e+02
1.590997782103607392e+02 2.399052941796414586e+02
1.585237371026967708e+02 2.394075288585480052e+02
1.579441211314556313e+02 2.389004766807524902e+02
1.573525140858669147e+02 2.383865251389289597e+02
1.567443738792333647e+02 2.378646992897793666e+02
1.561184273350197316e+02 2.373353145528818686e+02
1.554792741579702806e+02 2.367991474372615244e+02
1.548349773357796266e+02 2.362609288373832328e+02
1.541909734670017542e+02 2.357252976907504376e+02
1.535496003260336124e+02 2.351903998115934087e+02
1.529119542671477348e+02 2.346545368732917893e+02
1.522799119522086357e+02 2.341156955824626209e+02
1.516519173720638491e+02 2.335725363509164936e+02
1.510227059989063605e+02 2.330249614444770145e+02
1.503850276691378554e+02 2.324743876231090667e+02
1.497320633926197502e+02 2.319240734726239452e+02
1.490600434370117000e+02 2.313794075147189346e+02
1.483684392443084619e+02 2.308430313874152375e+02
1.476545608981736564e+02 2.303139287354092346e+02
1.469162480487333369e+02 2.297831569344539275e+02
1.461504203786382732e+02 2.292412711752326686e+02
1.453579711486775068e+02 2.286795714482533981e+02
1.445429814281352492e+02 2.280977801665969764e+02
1.437149924592156935e+02 2.275006188117258148e+02
1.428835227802763086e+02 2.268965189391630020e+02
1.420573404617700248e+02 2.262931296161413002e+02
1.412454132418896791e+02 2.256971724414069058e+02
1.404561760285236574e+02 2.251137888802095972e+02
1.396960682612528331e+02 2.245455357788264905e+02
1.389686158491448964e+02 2.239916911550931218e+02
1.382737458270523234e+02 2.234492245138209796e+02
1.376084376488584837e+02 2.229148599694569839e+02
1.369683114258409091e+02 2.223888953806581981e+02
1.363502694187429825e+02 2.218782707195064461e+02
1.357530986982165757e+02 2.213915475180140504e+02
1.351702996944257791e+02 2.209351343136854950e+02
1.345909796129084270e+02 2.205099319310349415e+02
1.340071638014647419e+02 2.201101578816453070e+02
1.334148941530866352e+02 2.197263469034541004e+02
1.328112010212624341e+02 2.193439974227675862e+02
1.321905878966720422e+02 2.189448222149112553e+02
1.315477548106844665e+02 2.185112380983609910e+02
1.308840496962956195e+02 2.180242225591231318e+02
1.302091045014241217e+02 2.174697345349766806e+02
1.295427207376380920e+02 2.168399696907408725e+02
1.289095945689222162e+02 2.161340981936345145e+02
1.283353893833311474e+02 2.153573913825343880e+02
1.278467348014700633e+02 2.145203192165820099e+02
1.274681574756186535e+02 2.136403439604917196e+02
1.272219294519246375e+02 2.127381271045387052e+02
1.271248546636437595e+02 2.118361829440070210e+02
1.271880695926338944e+02 2.109537821133394573e+02
1.274158568231354138e+02 2.101119149892412281e+02
1.278071208572714852e+02 2.093315462240919942e+02
1.283541311870326638e+02 2.086331890042828263e+02
