1.290322173125786094e+02 2.086847365204379798e+02
1.299294926351133483e+02 2.081788760871264117e+02
1.308996907820380784e+02 2.077515988674739447e+02
1.319175671883403140e+02 2.074025336508436226e+02
1.329606599191459679e+02 2.071273599986339775e+02
1.340126106537668136e+02 2.069171338193729639e+02
1.350621486268365459e+02 2.067595733988047755e+02
1.361024185072483021e+02 2.066397324513570766e+02
1.371318361321173427e+02 2.065399870287503177e+02
1.381515201690400261e+02 2.064455037067404533e+02
1.391643960291531243e+02 2.063457834983913699e+02
1.401726553554915427e+02 2.062335134584137109e+02
1.411764171369092651e+02 2.061056094837525734e+02
1.421755113469662604e+02 2.059614805447897083e+02
1.431714087834851625e+02 2.058062392879792242e+02
1.441668135580266608e+02 2.056492854868113795e+02
1.451645821147830304e+02 2.055005484388733805e+02
1.461660271131643754e+02 2.053645910850232212e+02
1.471708314469484549e+02 2.052403111309971564e+02
1.481790601941668228e+02 2.051244370741053444e+02
1.491924777496822401e+02 2.050116685306099669e+02
1.502115967089916921e+02 2.048980506398489467e+02
1.512338377746533808e+02 2.047800612073775142e+02
1.522548099896115730e+02 2.046569738716221991e+02
1.532719390847300929e+02 2.045351513235556240e+02
1.542857762329805951e+02 2.044233421704587386e+02
1.552966665060290836e+02 2.043311701071804407e+02
1.563025925573758173e+02 2.042652590356750295e+02
1.572997647682223601e+02 2.042288031535510413e+02
1.582836542809579612e+02 2.042210814318619327e+02
1.592515846718119974e+02 2.042430303089663539e+02
1.602028325982886372e+02 2.042957090504749260e+02
1.611390340696966632e+02 2.043813358111480625e+02
1.620636572461779963e+02 2.045023737688581491e+02
1.629817046031203915e+02 2.046620403121415279e+02
1.638986625674924653e+02 2.048619797195995034e+02
1.648206472265054572e+02 2.051024730574586954e+02
1.657533559921986921e+02 2.053802445073397394e+02
1.667007412247587297e+02 2.056859522688296238e+02
1.676657266613108561e+02 2.060087804666876536e+02
1.686494167465890257e+02 2.063351411527674486e+02
1.696507477443600749e+02 2.066471649320533288e+02
1.706678622549055149e+02 2.069288027815443058e+02
1.716987593805123424e+02 2.071696305883120885e+02
1.727430479226366913e+02 2.073683644642387662e+02
1.738022725270796798e+02 2.075291801211617440e+02
1.748769451643471200e+02 2.076631422777942078e+02
1.759648620196541060e+02 2.077844048809493813e+02
1.770623098960497543e+02 2.079082230910788951e+02
1.781651738726143606e+02 2.080475368948065693e+02
1.792683642881313801e+02 2.082097458146644158e+02
1.803644712385540743e+02 2.083985714908846489e+02
1.814469043777967556e+02 2.086138349528823142e+02
1.825134512905008535e+02 2.088551123371402696e+02
1.835673733277108681e+02 2.091242166561694091e+02
1.846154506838305167e+02 2.094252711258077966e+02
1.856632297613047626e+02 2.097634489892275269e+02
1.867149953865910845e+02 2.101420013545828454e+02
1.877748390984481830e+02 2.105637136156673250e+02
1.888450580482655141e+02 2.110262007287720394e+02
1.899265064531010125e+02 2.115230131533537303e+02
1.910204086093234537e+02 2.120445387691780184e+02
1.921299271211582322e+02 2.125789002927375577e+02
1.932566441138159234e+02 2.131142172650842213e+02
1.943995515590791854e+02 2.136418204784622503e+02
1.955562031861877017e+02 2.141597352783784913e+02
1.967230600033513497e+02 2.146706706613464917e+02
1.978949028251103641e+02 2.151765807164471198e+02
1.990649610604135660e+02 2.156762873631150796e+02
2.002258279705049517e+02 2.161664012050915176e+02
2.013691793830175811e+02 2.166380830735010363e+02
2.024864659172631605e+02 2.170766253310812317e+02
2.035710829810433893e+02 2.174655985648207661e+02
2.046202393420138606e+02 2.177901349636501322e+02
2.056356694580168210e+02 2.180388835927182072e+02
2.066219580731271321e+02 2.182049106747884082e+02
2.075832085980979684e+02 2.182886121911626560e+02
2.085232920443180831e+02 2.182940252926712787e+02
2.094478112642229632e+02 2.182302558968181643e+02
2.103632492253618693e+02 2.181084022530037885e+02
2.112764345156143406e+02 2.179405578490861330e+02
2.121940911729676600e+02 2.177394872327715234e+02
2.131221769157937729e+02 2.175178882116186685e+02
2.140653888854502611e+02 2.172882978337677571e+02
2.150267801185196674e+02 2.170631590171894345e+02
2.160071944161761053e+02 2.168535939819668670e+02
2.170045150525941722e+02 2.166664165056705542e+02
2.180146572744875471e+02 2.165056829857896901e+02
2.190325428986271561e+02 2.163725535848523691e+02
2.200524705202733173e+02 2.162617466886173361e+02
2.210698437478274627e+02 2.161627284732170722e+02
2.220831290537253722e+02 2.160644315410708032e+02
2.230926186526785386e+02 2.159564380568676825e+02
2.240975473960529030e+02 2.158325905635379627e+02
2.250972335192937805e+02 2.156905191764657275e+02
2.260921763195567564e+02 2.155319595045788788e+02
2.270823583794992260e+02 2.153568510033800294e+02
2.280667918869744994e+02 2.151617599349403633e+02
2.290443734671498817e+02 2.149428508533955551e+02
2.300151396135051982e+02 2.147002506138831563e+02
2.309813208517608700e+02 2.144417127561761163e+02
2.319464509672117174e+02 2.141795210860971679e+02
2.329147786855979803e+02 2.139284446169371563e+02
2.338918400657991583e+02 2.137042295453822760e+02
2.348843106403700176e+02 2.135186471139375044e+02
2.358971578061148193e+02 2.133797300946641826e+02
2.369333253572483500e+02 2.132917251480880054e+02
2.379917808212323678e+02 2.132563350867228849e+02
2.390689331241963487e+02 2.132739103794787070e+02
2.401570376908689752e+02 2.133445822508498395e+02
2.412443433081319881e+02 2.134659301655140666e+02
2.423177650562435588e+02 2.136334511466390325e+02
2.433668108845188840e+02 2.138419868334941896e+02
2.443867959968216894e+02 2.140864834340218863e+02
2.453769824187558015e+02 2.143631169269368684e+02
2.463400864249848041e+02 2.146691434082773071e+02
2.472792892242935636e+02 2.150030878934101395e+02
2.481987781502876942e+02 2.153629976165340452e+02
2.491017502106251982e+02 2.157455824788611380e+02
2.499877796462233448e+02 2.161470909684023241e+02
2.508553264678674282e+02 2.165647778401379355e+02
2.517029199293416184e+02 2.170013543807676228e+02
2.525324211427599721e+02 2.174628812793363863e+02
2.533493584795551214e+02 2.179572361709780353e+02
2.541604890325566544e+02 2.184929182161507413e+02
2.549698708419587661e+02 2.190775662382443443e+02
2.557789014533672116e+02 2.197157416504477965e+02
2.565850957196805098e+02 2.204093279213388996e+02
2.573834084412519587e+02 2.211563915138671348e+02
2.581660262602537728e+02 2.219515580821695551e+02
2.589255167266710487e+02 2.227853698143017027e+02
2.596553979852016028e+02 2.236437084445117307e+02
2.603504760616038425e+02 2.245126752073300906e+02
2.610115175114311228e+02 2.253802059616525071e+02
2.616445578854988412e+02 2.262354324818944917e+02
2.622562852626909944e+02 2.270722144154731552e+02
2.628553174562470076e+02 2.278876397321744491e+02
2.634486894631810401e+02 2.286837115710383159e+02
2.640424722662751265e+02 2.294643919372463756e+02
2.646385854029040274e+02 2.302357673749959872e+02
2.652374515543951929e+02 2.310020127478173890e+02
2.658390003487263584e+02 2.317661315771068473e+02
2.664453259667169505e+02 2.325302310227291400e+02
2.670591132914921673e+02 2.332965219787578235e+02
2.676826511347616133e+02 2.340676362447592282e+02
2.683176482320459399e+02 2.348464318074234427e+02
2.689665126789129204e+02 2.356352678633799371e+02
2.696326755297286013e+02 2.364354622062155613e+02
2.703144179809269190e+02 2.372485998022712010e+02
2.710058003623859122e+02 2.380758628443576299e+02
2.717033232945626651e+02 2.389159022072713583e+02
2.724041564434116367e+02 2.397654552146278206e+02
2.731088044302540538e+02 2.406191250066621876e+02
2.738207970663353876e+02 2.414714904147207903e+02
2.745432405457313507e+02 2.423207650560437401e+02
2.752783927812344587e+02 2.431673898816730457e+02
2.760280252910142735e+02 2.440142277093420375e+02
2.767920260945442124e+02 2.448630776191939162e+02
2.775682103063165300e+02 2.457118824779520878e+02
2.783528236422254167e+02 2.465539399862458367e+02
2.791409203903994580e+02 2.473796180409775616e+02
2.799261708677402112e+02 2.481789480444086280e+02
2.807046700198075087e+02 2.489440452944000981e+02
2.814762946036121321e+02 2.496717143158441274e+02
2.822407814063475371e+02 2.503623929432052648e+02
2.829974244344208500e+02 2.510207961306770414e+02
2.837475229649857056e+02 2.516524386163201825e+02
2.844920165772136897e+02 2.522591541097573327e+02
2.852323217913963731e+02 2.528381730443682898e+02
2.859696658307497046e+02 2.533845233420987313e+02
2.867067582444598202e+02 2.538937232224757281e+02
2.874474038338377682e+02 2.543651162009342670e+02
2.881985818713641265e+02 2.548049679603294067e+02
2.889688265471982049e+02 2.552242330566233477e+02
2.897678399516175887e+02 2.556324603735853884e+02
2.906045488135673622e+02 2.560355124770655948e+02
2.914880001067446074e+02 2.564349677063559625e+02
2.924252143830598811e+02 2.568303193703549709e+02
2.934179474790919926e+02 2.572220716931286688e+02
2.944649609575041040e+02 2.576095476732272118e+02
2.955605135293530452e+02 2.579922065017470345e+02
2.966932626410534795e+02 2.583696016004034277e+02
2.978482486278389842e+02 2.587440168201275696e+02
2.990087595939430685e+02 2.591189913729630234e+02
3.001572037370127077e+02 2.594997442046820311e+02
3.012791324822843535e+02 2.598918730292197097e+02
3.023635297372102855e+02 2.602992201785481257e+02
3.034041527094772164e+02 2.607203371123223974e+02
3.043986081099308194e+02 2.611502756308673270e+02
3.053489028511331753e+02 2.615812795861718882e+02
3.062603950505665011e+02 2.620080979780415191e+02
3.071423712334569700e+02 2.624272351528566674e+02
3.080070599477342626e+02 2.628383146633730689e+02
3.088672017789563142e+02 2.632462340621063959e+02
3.097368864370118331e+02 2.636562509481524330e+02
3.106298635268747148e+02 2.640745313553304641e+02
3.115573106017327518e+02 2.645024891813498016e+02
3.125243473118581505e+02 2.649366849608316556e+02
3.135295201610481968e+02 2.653704891407149375e+02
3.145666925376182235e+02 2.657975340980498800e+02
3.156285868447581606e+02 2.662158053210663411e+02
3.167092391437261654e+02 2.666275689606159176e+02
3.178020237581237097e+02 2.670392148405819626e+02
3.188980044806535261e+02 2.674529026945456280e+02
3.199834277040088182e+02 2.678644238872113874e+02
3.210425206380524514e+02 2.682672350178357306e+02
3.220624718614407129e+02 2.686569916770049531e+02
3.230377091825835123e+02 2.690345944877720967e+02
3.239698569055507278e+02 2.694039860535013986e+02
3.248661684904741378e+02 2.697703053383023644e+02
3.257369742012171514e+02 2.701378915020604836e+02
3.265914385897018519e+02 2.705089269207894063e+02
3.274347438901008900e+02 2.708857708386440208e+02
3.282699397111231292e+02 2.712701223682519185e+02
3.291012650347532826e+02 2.716644945240847164e+02
3.299365448230512357e+02 2.720711949139431454e+02
3.307838259392577243e+02 2.724899928649372214e+02
3.316476379865951003e+02 2.729208849638528136e+02
3.325292747162794171e+02 2.733658871047325647e+02
3.334259444967236163e+02 2.738294380857336705e+02
3.343329007558899093e+02 2.743174027614061288e+02
3.352434726310394808e+02 2.748354170642651866e+02
3.361522464031360187e+02 2.753876887028557121e+02
3.370558747128009145e+02 2.759779183455212319e+02
3.379532007792840886e+02 2.766047832468985916e+02
3.388418080672038286e+02 2.772657393380521853e+02
3.397186463773416563e+02 2.779533885456024791e+02
3.405771555536625215e+02 2.786580751858972462e+02
3.414117587775343168e+02 2.793677816575140582e+02
3.422211987218917670e+02 2.800721040636517500e+02
3.430084464504807897e+02 2.807641274896168397e+02
3.437780731304356436e+02 2.814382924775194397e+02
3.445323171931962065e+02 2.820914202822156653e+02
3.452690217896995932e+02 2.827207807890341655e+02
3.459795162211528350e+02 2.833268632171938179e+02
3.466548139520967311e+02 2.839139166492356026e+02
3.472894865840128773e+02 2.844900186858876623e+02
3.478851859657965520e+02 2.850657365167114676e+02
3.484482935452053312e+02 2.856511788908640597e+02
3.489871969444063211e+02 2.862565412998677061e+02
3.495093638451690481e+02 2.868897293147952041e+02
3.500197878893195025e+02 2.875579481986753763e+02
3.505217190054566458e+02 2.882676915536751494e+02
3.510197257369612203e+02 2.890227771357293705e+02
3.515198709839173148e+02 2.898232432537175782e+02
3.520316272396992758e+02 2.906640704479805208e+02
3.525642735802310312e+02 2.915360691989441193e+02
3.531237764094551039e+02 2.924275087807573641e+02
3.537126618783096887e+02 2.933258729637387887e+02
3.543308605095302255e+02 2.942201268575441304e+02
3.549766630775926046e+02 2.951029798436737792e+02
3.556474434093005925e+02 2.959714955191677177e+02
3.563391191972868342e+02 2.968253259406998268e+02
3.570475235459984447e+02 2.976673919558271564e+02
3.577680900961109955e+02 2.985016637493716303e+02
3.584927350533234289e+02 2.993337560547817020e+02
3.592136512383098648e+02 3.001669210473255589e+02
3.599250407946685755e+02 3.010028266449098737e+02
3.606254746800540261e+02 3.018418839521140740e+02
3.613159629304481655e+02 3.026838024034284444e+02
3.619978903811029909e+02 3.035281836116984095e+02
3.626721844199560110e+02 3.043747607874693131e+02
3.633385134938068859e+02 3.052236293114270325e+02
3.639945461589904312e+02 3.060754598894958463e+02
3.646361980644861092e+02 3.069314275011394102e+02
3.652601901971920597e+02 3.077924754475176314e+02
3.658627553439315534e+02 3.086596874743944454e+02
3.664408778121156729e+02 3.095339311313126132e+02
3.669916418556276199e+02 3.104160452153762435e+02
3.675147245704806664e+02 3.113061226190794173e+02
3.680078185386040559e+02 3.122048271367025905e+02
3.684664809471111653e+02 3.131134368694363275e+02
3.688852714404423523e+02 3.140335168899260907e+02
3.692627013927785811e+02 3.149654954436280718e+02
3.695997673857688710e+02 3.159090858355532418e+02
3.699021260053210085e+02 3.168626607882609392e+02
3.701744651253828806e+02 3.178248717017928584e+02
3.704184607714086610e+02 3.187952364198702639e+02
3.706350249549557248e+02 3.197734925764906393e+02
3.708251513746018304e+02 3.207593543060620505e+02
3.709904122652338287e+02 3.217523693106075484e+02
3.711338233194408645e+02 3.227516700405843721e+02
3.712571259122932474e+02 3.237567555400424339e+02
3.713608343692860672e+02 3.247684840672675932e+02
3.714420448142361124e+02 3.257909802052827786e+02
3.714942965321909014e+02 3.268277528854498541e+02
3.715102905899497614e+02 3.278793358147408981e+02
3.714802224506191806e+02 3.289443675478560749e+02
3.713955224584076404e+02 3.300199014525459233e+02
3.712518848038898227e+02 3.311029317851098313e+02
3.710496423515208448e+02 3.321925719643308526e+02
3.707918721236368356e+02 3.332872344214566169e+02
3.704825262114177917e+02 3.343846948432661748e+02
3.701253760288798844e+02 3.354840649407756814e+02
3.697229553978177137e+02 3.365841693893011666e+02
3.692765593143232081e+02 3.376841528280286866e+02
3.687866513061389924e+02 3.387816332663973640e+02
3.682548040047204836e+02 3.398744091160476728e+02
3.676846903571250778e+02 3.409603925575634094e+02
3.670811078906937723e+02 3.420368944253842187e+02
3.664472706761881113e+02 3.431008684051566320e+02
3.657867046802574009e+02 3.441468184735738873e+02
3.651042029474826336e+02 3.451650444411201306e+02
3.644047666515001538e+02 3.461450287185630259e+02
3.636900403198199569e+02 3.470771080115745804e+02
3.629594730261327413e+02 3.479559997372448379e+02
3.622093992377965606e+02 3.487822006515005455e+02
3.614358797623417558e+02 3.495595171657341211e+02
3.606364589061976744e+02 3.502924381545356027e+02
3.598095804279780054e+02 3.509851573200580788e+02
3.589573298490818729e+02 3.516402327933564607e+02
3.580843101518794356e+02 3.522594932836201451e+02
3.571966547009099600e+02 3.528460035794924465e+02
3.563016033651497310e+02 3.534061177632995054e+02
3.554048724784892102e+02 3.539451693445661817e+02
3.545080684553745414e+02 3.544632986750921191e+02
3.536088266562083504e+02 3.549580227173069034e+02
3.527030841498314544e+02 3.554266519033283203e+02
3.517893891059794669e+02 3.558676372406178530e+02
3.508683467081926892e+02 3.562830824102071574e+02
3.499405845337373648e+02 3.566751689360531827e+02
3.490059300679818080e+02 3.570432971393237267e+02
3.480632110961199714e+02 3.573833922792357498e+02
3.471104909755301833e+02 3.576887223842833805e+02
3.461454100709839281e+02 3.579510851165932763e+02
3.451668423374563872e+02 3.581665662263520176e+02
3.441737655724684828e+02 3.583351101519591566e+02
3.431649238016826757e+02 3.584637845998647663e+02
3.421403630583165523e+02 3.585619840030449836e+02
3.411012848757023903e+02 3.586398712913750728e+02
3.400520528260140054e+02 3.587038215639042278e+02
3.390003810654020526e+02 3.587563938624217030e+02
3.379552014594934803e+02 3.587958365601338073e+02
3.369244946462344501e+02 3.588169142265929281e+02
3.359139123459177654e+02 3.588128210913995417e+02
3.349264318970301133e+02 3.587779047114945570e+02
3.339622863575693259e+02 3.587085840801801737e+02
3.330179835285865693e+02 3.586023956511299957e+02
3.320865019163728107e+02 3.584607651982018979e+02
3.311617622459351082e+02 3.582879524613598505e+02
3.302396106992113118e+02 3.580896184748298197e+02
3.293162209700553262e+02 3.578713727175782537e+02
3.283891083244683387e+02 3.576358560648303069e+02
3.274560252307444443e+02 3.573837306912091094e+02
3.265151712344846260e+02 3.571101161388512537e+02
3.255647337407170312e+02 3.568097244224628639e+02
3.246044374859166624e+02 3.564782456600278806e+02
3.236353907057629158e+02 3.561159874514146964e+02
3.226615614648387691e+02 3.557274075074108168e+02
3.216888619829507547e+02 3.553210232798627430e+02
3.207252318513779983e+02 3.549037221893559604e+02
3.197796281035945185e+02 3.544812623525398294e+02
3.188618810885005814e+02 3.540543932255474715e+02
3.179815380717845983e+02 3.536235711009143756e+02
3.171484545448269046e+02 3.531912134985782927e+02
3.163694185477726251e+02 3.527613768627937816e+02
3.156430323787255929e+02 3.523377389555720356e+02
3.149612893490870533e+02 3.519238965404135229e+02
3.143120491994997678e+02 3.515211153154428416e+02
3.136830371701092872e+02 3.511292095940606828e+02
3.130647021198820994e+02 3.507449823309187309e+02
3.124474457156112521e+02 3.503637558170000261e+02
3.118217175873545557e+02 3.499754921634843186e+02
3.111784962201115832e+02 3.495683458152517460e+02
3.105133039185825510e+02 3.491322461883171968e+02
3.098248204031056048e+02 3.486589614489471387e+02
3.091120170472980249e+02 3.481445181053820193e+02
3.083751425551186003e+02 3.475882795884261327e+02
3.076161885394076307e+02 3.469941161324773020e+02
3.068370142700089218e+02 3.463682086206153485e+02
3.060366615039733915e+02 3.457172852125033842e+02
3.052134209678233105e+02 3.450467438553602619e+02
3.043701652517195271e+02 3.443594406983012277e+02
3.035124286085154495e+02 3.436587741677790291e+02
3.026489923662659294e+02 3.429471607113083564e+02
3.017883743804736696e+02 3.422279926535549635e+02
3.009405201728559405e+02 3.415031902423593806e+02
3.001134671674949459e+02 3.407745119435653578e+02
2.993097882007958788e+02 3.400419199837450037e+02
2.985253224099793670e+02 3.393048476090437475e+02
2.977537266229301167e+02 3.385600468975854369e+02
2.969902599137631114e+02 3.378031732155818645e+02
2.962326518071772625e+02 3.370292856953048499e+02
2.954820654572216654e+02 3.362359530001552912e+02
2.947412047669861295e+02 3.354229237975231399e+02
2.940103900493836591e+02 3.345924617613331975e+02
2.932872409675814538e+02 3.337493285652997770e+02
2.925700391272370666e+02 3.328992702454377195e+02
2.918578237114194280e+02 3.320479751448999650e+02
2.911517327446678109e+02 3.311992978771751268e+02
2.904526666639251289e+02 3.303545454442955247e+02
2.897605963906279953e+02 3.295120758881503207e+02
2.890780673390934794e+02 3.286678677474437222e+02
2.884108127993525272e+02 3.278192654600092055e+02
2.877690955442405425e+02 3.269633166480369937e+02
2.871652041846990073e+02 3.260964861439036895e+02
2.866088354505629923e+02 3.252159844081297706e+02
2.861077649851520732e+02 3.243195745562824754e+02
2.856609193249156533e+02 3.234075654006113609e+02
2.852572582287888849e+02 3.224831329797228818e+02
2.848824682087476958e+02 3.215503949745888121e+02
2.845250938614586858e+02 3.206126468570221846e+02
2.841751991621683260e+02 3.196727470064755607e+02
2.838223243281685200e+02 3.187337044762387563e+02
2.834579969739066883e+02 3.177979565884177191e+02
2.830756206322284356e+02 3.168674010039625273e+02
2.826717010207076441e+02 3.159430429523624184e+02
2.822429033868638726e+02 3.150258417697912137e+02
2.817851231981771889e+02 3.141169782414933707e+02
2.812982086128921537e+02 3.132164960490583212e+02
2.807894057502312535e+02 3.123223106406848046e+02
2.802694742323186574e+02 3.114313267057673329e+02
2.797477763527175512e+02 3.105408509149095835e+02
2.792333630332898338e+02 3.096482795136203094e+02
2.787340964094944411e+02 3.087513507355488400e+02
2.782546287973998460e+02 3.078487262099695272e+02
2.777960759456024107e+02 3.069400849601395294e+02
2.773567993085752050e+02 3.060258983601731870e+02
2.769331844759207115e+02 3.051072061977791918e+02
2.765211586289035495e+02 3.041851801348320805e+02
2.761179136560689926e+02 3.032606280042712115e+02
2.757189856020073648e+02 3.023348339895338199e+02
2.753178260507528421e+02 3.014096819282821116e+02
2.749076895764666233e+02 3.004871123336584446e+02
2.744839498107221516e+02 2.995684561118127931e+02
2.740449009363283039e+02 2.986542039894621894e+02
2.735911608915689612e+02 2.977441781991255993e+02
2.731277058575229830e+02 2.968369472011177095e+02
2.726584923690496680e+02 2.959313727859204732e+02
2.721869541640778039e+02 2.950264671413873430e+02
2.717186978552790606e+02 2.941206173662970969e+02
2.712625917699990055e+02 2.932112722346520286e+02
2.708256406327159311e+02 2.922954104200904339e+02
2.704109309141290396e+02 2.913688548110957299e+02
2.700171515299664406e+02 2.904303322548757933e+02
2.696380750038719043e+02 2.894832002999761471e+02
2.692624950100648107e+02 2.885348647625228296e+02
2.688745106560920135e+02 2.875953119223134991e+02
2.684581563702273570e+02 2.866743864201978340e+02
2.679994167008595696e+02 2.857801971007993416e+02
2.674884452904434511e+02 2.849179323692769685e+02
2.669166636230140170e+02 2.840905866009976535e+02
2.662804702745488612e+02 2.832981053440466326e+02
2.655814853316148856e+02 2.825377177008227818e+02
2.648265668898306444e+02 2.818043987918758830e+02
2.640234405840213299e+02 2.810925765661881428e+02
2.631801860879271544e+02 2.803966364351501852e+02
2.623044735495403188e+02 2.797113885861663221e+02
2.614020880441497638e+02 2.790314529491718645e+02
2.604791136928792525e+02 2.783488067765606502e+02
2.595415106864285235e+02 2.776557886671670303e+02
2.585940971827420753e+02 2.769459398258229044e+02
2.576417525527303383e+02 2.762163311064891786e+02
2.566919043080866913e+02 2.754662065937978355e+02
2.557547167148072162e+02 2.746993392730075811e+02
2.548404069207480234e+02 2.739233609100796230e+02
2.539557847658367677e+02 2.731461654954596838e+02
2.531014209479150168e+02 2.723767395098814177e+02
2.522697945127570733e+02 2.716279278867247626e+02
2.514489739828848371e+02 2.709133292958212564e+02
2.506280473899017238e+02 2.702454166706957039e+02
2.497994116296707148e+02 2.696307486398998776e+02
2.489581542612784801e+02 2.690702295740842942e+02
2.481027238423158963e+02 2.685631289197251590e+02
2.472345407826343830e+02 2.681095770641451281e+02
2.463560217748514560e+02 2.677100098625869009e+02
2.454675581834501656e+02 2.673629266249286616e+02
2.445670871689331705e+02 2.670656274226142841e+02
2.436511849035509272e+02 2.668126780207812772e+02
2.427142884686741127e+02 2.665977517876777370e+02
2.417505299612998328e+02 2.664129844789439403e+02
2.407544303844634896e+02 2.662515164880124985e+02
2.397235743441469253e+02 2.661062103990527135e+02
2.386595322497434495e+02 2.659712940713581020e+02
2.375696986296064210e+02 2.658411585553449186e+02
2.364650556049364241e+02 2.657129972810540721e+02
2.353564428812538267e+02 2.655860622884393933e+02
2.342500348762220597e+02 2.654582620422950185e+02
2.331453038864694349e+02 2.653263623790269889e+02
2.320403708956715718e+02 2.651842765435349065e+02
2.309340230652763353e+02 2.650283275282520208e+02
2.298270484720936224e+02 2.648559629756520053e+02
2.287207889926649500e+02 2.646644576847611461e+02
2.276186020351326533e+02 2.644507282683891276e+02
2.265248154984396649e+02 2.642156472170744905e+02
2.254422266354201270e+02 2.639607489937793616e+02
2.243719396250662896e+02 2.636880415949561893e+02
2.233140169604782272e+02 2.634015329576818090e+02
2.222680907844069793e+02 2.631079562139944983e+02
2.212315800661079379e+02 2.628124460616745637e+02
2.201993111513103258e+02 2.625200953385839284e+02
2.191667971272392492e+02 2.622324809856692127e+02
2.181333602508417471e+02 2.619521735665563256e+02
2.171014882061974731e+02 2.616826987386193082e+02
2.160736865468392693e+02 2.614243346429994403e+02
2.150518014792059489e+02 2.611766698300826874e+02
2.140348887212019235e+02 2.609373984897458740e+02
2.130188073547193710e+02 2.607059689416237234e+02
2.119985401941393093e+02 2.604803677912036619e+02
2.109697903006751574e+02 2.602592224984806535e+02
2.099312431776572225e+02 2.600388499217925755e+02
2.088849281599327696e+02 2.598159015054687870e+02
2.078368432106275350e+02 2.595851367637168323e+02
2.067956558347410123e+02 2.593428687239189117e+02
2.057718393827174168e+02 2.590853144174692488e+02
2.047750009868836969e+02 2.588119337504393798e+02
2.038116474986631204e+02 2.585223116221717419e+02
2.028830639200532175e+02 2.582172760464744670e+02
2.019884144538754072e+02 2.578996511671250005e+02
2.011275140454796997e+02 2.575737346523023916e+02
2.003011032945920249e+02 2.572441915786454274e+02
1.995087362818033796e+02 2.569144779287757387e+02
1.987497266720778555e+02 2.565838681723917034e+02
1.980231543835001560e+02 2.562525676854149879e+02
1.973288560298188088e+02 2.559207681079584233e+02
1.966653335285197386e+02 2.555882282061499495e+02
1.960303510927742821e+02 2.552539075463025711e+02
1.954188351200412512e+02 2.549168734536318652e+02
1.948236796895407963e+02 2.545763086161591389e+02
1.942348672701538703e+02 2.542325454963328468e+02
1.936433100680640962e+02 2.538865658219924057e+02
1.930440467129297133e+02 2.535398634677415259e+02
1.924367339717347249e+02 2.531941209020337169e+02
1.918230379616288701e+02 2.528515705105083953e+02
1.912076754175211875e+02 2.525134453368784193e+02
1.905960384157881151e+02 2.521815499936646177e+02
1.899893898142401838e+02 2.518565450920617366e+02
1.893869312862918832e+02 2.515378330505581630e+02
1.887872508221381622e+02 2.512214351666881953e+02
1.881855085211532810e+02 2.509026627601542714e+02
1.875763803348142460e+02 2.505745835540342910e+02
1.869530740995949145e+02 2.502307177924968755e+02
1.863115087885041419e+02 2.498632490863693931e+02
1.856500525742189325e+02 2.494653005447418650e+02
1.849690786650239431e+02 2.490290761280700451e+02
1.842678854437375264e+02 2.485461868379434236e+02
1.835449408192925489e+02 2.480077947771595461e+02
1.827969014663213727e+02 2.474084706471001596e+02
1.820198921694037040e+02 2.467454937703778057e+02
1.812100442962062630e+02 2.460242360686105485e+02
1.803653717357931043e+02 2.452566494747528623e+02
1.794864455476475769e+02 2.444646347182918475e+02
1.785771992805521222e+02 2.436769231473332979e+02
1.776438149896760308e+02 2.429276459399829662e+02
1.766950231907687510e+02 2.422516943366278497e+02
1.757381055181353418e+02 2.416804025023733686e+02
1.747774504481154452e+02 2.412375760258997275e+02
1.738146766091944642e+02 2.409368966756170778e+02
1.728497644818283163e+02 2.407809298370689817e+02
1.718823439003420788e+02 2.407617405745043868e+02
1.709130542646360880e+02 2.408636541745043473e+02
1.699456072642757931e+02 2.410664222772693108e+02
1.689869127461800247e+02 2.413451720994094671e+02
1.680434423605472887e+02 2.416737355164083851e+02
1.671222258016640865e+02 2.420225851943491193e+02
1.662264235864957129e+02 2.423587887795121958e+02
1.653555542781020051e+02 2.426460246945574113e+02
1.645077620051037570e+02 2.428504676417711039e+02
1.636805502681784503e+02 2.429454192144753790e+02
1.628700417461804193e+02 2.429142835136066196e+02
1.620717125624483117e+02 2.427510614128156305e+02
1.612814264689889114e+02 2.424586826324882907e+02
1.604972898021349863e+02 2.420497821703655461e+02
1.597192738295059087e+02 2.415432679287226847e+02
1.589466744574712038e+02 2.409624605146949534e+02
1.581784543851003377e+02 2.403294861012859371e+02
1.574127679857727458e+02 2.396667970494488600e+02
1.566494375490125606e+02 2.389943930006801338e+02
1.558892255052069800e+02 2.383274538231250403e+02
1.551308687900389600e+02 2.376779201101326748e+02
1.543722116598805769e+02 2.370529800182408167e+02
1.536139848628831430e+02 2.364566386233712194e+02
1.528586632003198815e+02 2.358892588740853853e+02
1.521113642707929898e+02 2.353477088595373914e+02
1.513781726053367152e+02 2.348262351689915874e+02
1.506622610895736614e+02 2.343149169300152721e+02
1.499621035707166641e+02 2.338010738412449427e+02
1.492734201437638148e+02 2.332711487428683199e+02
1.485877614010537116e+02 2.327144311525353260e+02
1.478942096600652292e+02 2.321253357405001907e+02
1.471823591904306454e+02 2.315045636633163895e+02
1.464447825317479897e+02 2.308586511156703978e+02
1.456776512881956194e+02 2.301977325194712876e+02
1.448794709681952781e+02 2.295330814520094691e+02
1.440496725654697627e+02 2.288746563670231922e+02
1.431876774988189993e+02 2.282297889852378319e+02
1.422970875506422317e+02 2.276029695499149454e+02
1.413845566338654294e+02 2.269995063802587651e+02
1.404614550332516103e+02 2.264227890965146344e+02
1.395388501594084971e+02 2.258732591445356945e+02
1.386230700322433051e+02 2.253482376303238937e+02
1.377188731190215947e+02 2.248409967772566631e+02
1.368272658893402252e+02 2.243434532739487679e+02
1.359474293466707309e+02 2.238448315539330906e+02
1.350772157082018339e+02 2.233337737174921358e+02
1.342136470353450193e+02 2.227987996094977916e+02
1.333541097865952452e+02 2.222300068263124899e+02
1.324984057294188347e+02 2.216157284395546299e+02
1.316480454477682827e+02 2.209454593763485377e+02
1.308074043454132607e+02 2.202150648281313465e+02
1.299864704197928518e+02 2.194254226719780263e+02
1.292009942066457029e+02 2.185821670205911005e+02
1.284702758563687155e+02 2.176960438821902244e+02
1.278177204773213305e+02 2.167812425926188666e+02
1.272677774669832331e+02 2.158534303802180148e+02
1.268427884174190581e+02 2.149263044242597402e+02
1.265605822443095576e+02 2.140091172694020543e+02
1.264344468482461252e+02 2.131114215935352831e+02
1.264717228574836554e+02 2.122430179530631449e+02
1.266743553017362842e+02 2.114148054185611159e+02
1.270409225078115298e+02 2.106367047060989250e+02
1.275651525578812482e+02 2.099184658039717135e+02
1.282353541813080824e+02 2.092661741349983231e+02
1.290322173125786094e+02 2.086847365204379798e+02
