1.263807323567012020e+02 2.087816995890573821e+02
1.269857978708331814e+02 2.081463977042079705e+02
1.277239281343851474e+02 2.075771772721180071e+02
1.285787484348753082e+02 2.070921643368163814e+02
1.295296112928194248e+02 2.067076241193574901e+02
1.305500436068540751e+02 2.064285635430682078e+02
1.316125688132220262e+02 2.062447892702176659e+02
1.326912764749762630e+02 2.061359347401433979e+02
1.337662672248976321e+02 2.060732840131207695e+02
1.348245563237788929e+02 2.060265546541464801e+02
1.358623634657132584e+02 2.059712836152655768e+02
1.368813815327979739e+02 2.058931194277307100e+02
1.378871502970785343e+02 2.057876762991752457e+02
1.388854028877199198e+02 2.056572654472388990e+02
1.398783758814726070e+02 2.055057953128433894e+02
1.408669257446551910e+02 2.053366821731211758e+02
1.418509673656232621e+02 2.051495865343197238e+02
1.428308110371146142e+02 2.049457460936623932e+02
1.438073742626555713e+02 2.047288205938012879e+02
1.447828572998413676e+02 2.045075864332297897e+02
1.457602760189963931e+02 2.042940733305724734e+02
1.467434901116050128e+02 2.041036768425144601e+02
1.477359273883504045e+02 2.039500698374424701e+02
1.487398890249203589e+02 2.038424312564421541e+02
1.497562745298078823e+02 2.037843490634864452e+02
1.507862147579149621e+02 2.037753211906610034e+02
1.518337743210882138e+02 2.038160162929861485e+02
1.529010260205338056e+02 2.039087766241116810e+02
1.539852799124021203e+02 2.040532641676385879e+02
1.550809467308033618e+02 2.042494316814919841e+02
1.561825724250810765e+02 2.045018259451296103e+02
1.572856853668874919e+02 2.048159598365583349e+02
1.583867464198760899e+02 2.051935855874753543e+02
1.594821774663960809e+02 2.056270062653047717e+02
1.605687189109031294e+02 2.061009212336583687e+02
1.616435138171898700e+02 2.065945958209565845e+02
1.627040653109686730e+02 2.070841998775610477e+02
1.637485759958155143e+02 2.075466454362356217e+02
1.647768556535517348e+02 2.079652963728209727e+02
1.657892463641056224e+02 2.083270873070194398e+02
1.667856118301384640e+02 2.086184387562181257e+02
1.677664845384857415e+02 2.088270448361427611e+02
1.687330380026878629e+02 2.089417090825313608e+02
1.696882082496287012e+02 2.089582242306980220e+02
1.706381030350033257e+02 2.088820694944886327e+02
1.715927305784794044e+02 2.087282825113534273e+02
1.725613780105880437e+02 2.085206705148254684e+02
1.735508141080494511e+02 2.082876556723575163e+02
1.745601273578528208e+02 2.080577927962240778e+02
1.755823246982841965e+02 2.078582179998693960e+02
1.766087406520225613e+02 2.077107247123904301e+02
1.776294733799978189e+02 2.076342966757794102e+02
1.786348902114452812e+02 2.076412355963789764e+02
1.796188627022760329e+02 2.077369717713309001e+02
1.805799298008747087e+02 2.079236838931736884e+02
1.815167544977994680e+02 2.081982019332400284e+02
1.824293682702085562e+02 2.085512631906717047e+02
1.833212203078979599e+02 2.089734533060241404e+02
1.841974256074004757e+02 2.094525278838255815e+02
1.850641026901935220e+02 2.099746404029269229e+02
1.859279101253985118e+02 2.105236202512725754e+02
1.867962954134244740e+02 2.110843423522790090e+02
1.876772600597227836e+02 2.116424973961266005e+02
1.885794588806744798e+02 2.121884299012940005e+02
1.895109937150233463e+02 2.127161632900004520e+02
1.904780285177903920e+02 2.132196851560304367e+02
1.914839719502823527e+02 2.136939511745435993e+02
1.925277960116021063e+02 2.141325127580856247e+02
1.936043489411140399e+02 2.145308706333427153e+02
1.947056072433057921e+02 2.148898651483170568e+02
1.958213934716673634e+02 2.152121859525273067e+02
1.969421456502983006e+02 2.155029653509996592e+02
1.980614849373293396e+02 2.157689500473297244e+02
1.991757122683199270e+02 2.160135818823423790e+02
2.002808879041687931e+02 2.162365093552344604e+02
2.013731996330081415e+02 2.164292292568661082e+02
2.024492419295597756e+02 2.165835364284590128e+02
2.035092569651472445e+02 2.166944710980375248e+02
2.045566508306658875e+02 2.167600752089596767e+02
2.055941975221064126e+02 2.167864008626989119e+02
2.066246877286998256e+02 2.167845795744087809e+02
2.076509481297439379e+02 2.167658864166011767e+02
2.086748392657847262e+02 2.167377427227058888e+02
2.096963465462546310e+02 2.167000902937939486e+02
2.107147003187124028e+02 2.166498591363605328e+02
2.117288850796524855e+02 2.165829986049471358e+02
2.127370534200397287e+02 2.164921397451600740e+02
2.137384454144779511e+02 2.163742513627804840e+02
2.147336038320820819e+02 2.162314984579672341e+02
2.157245304987278587e+02 2.160718659237793418e+02
2.167135864114302990e+02 2.159047713169113081e+02
2.177031741503220132e+02 2.157397980610053878e+02
2.186944247275686735e+02 2.155814575430412674e+02
2.196866018058584018e+02 2.154268126570687514e+02
2.206779058818529791e+02 2.152686855351776671e+02
2.216657223258371516e+02 2.150966469292909551e+02
2.226487948899399782e+02 2.149056859116216458e+02
2.236272057676922884e+02 2.146961303361364060e+02
2.246027491125575466e+02 2.144751367311381216e+02
2.255783192067967207e+02 2.142542498241763269e+02
2.265578803076287500e+02 2.140492822642606825e+02
2.275452947814753202e+02 2.138756402778799952e+02
2.285426782606396046e+02 2.137417627097394757e+02
2.295492474748170935e+02 2.136445252473338314e+02
2.305628923847557132e+02 2.135755113555474054e+02
2.315825275381379242e+02 2.135253785491505027e+02
2.326100559542193764e+02 2.134861733118319194e+02
2.336476464887761892e+02 2.134606210401906310e+02
2.346949908649446286e+02 2.134578837230050965e+02
2.357489763225100887e+02 2.134877924164162266e+02
2.368045879869009980e+02 2.135566456876445613e+02
2.378566643390979607e+02 2.136672045753374789e+02
2.389023846709454233e+02 2.138190741535512984e+02
2.399420956503662978e+02 2.140046684049943337e+02
2.409748166963778999e+02 2.142118514917911511e+02
2.419992317930895922e+02 2.144314139904975605e+02
2.430161578875652708e+02 2.146594468992595068e+02
2.440267562646444048e+02 2.149000272036695378e+02
2.450322175909963960e+02 2.151602235475072007e+02
2.460312403188557084e+02 2.154475963846883815e+02
2.470217961079186466e+02 2.157687357786887219e+02
2.480004699924059821e+02 2.161279536007639024e+02
2.489656021695175809e+02 2.165254185389833310e+02
2.499161346952145379e+02 2.169578194671926212e+02
2.508491426430553304e+02 2.174230339466264468e+02
2.517609664389841839e+02 2.179189288669431335e+02
2.526466148923659887e+02 2.184461647953570207e+02
2.535019274395372406e+02 2.190075188445776462e+02
2.543235266519706670e+02 2.196094223803654018e+02
2.551098131654720476e+02 2.202568908838709945e+02
2.558590542879038026e+02 2.209495308935890989e+02
2.565735393727696874e+02 2.216804528846785161e+02
2.572604628626392014e+02 2.224421046391132677e+02
2.579293766352406578e+02 2.232291202966767401e+02
2.585904330852580983e+02 2.240361319029001663e+02
2.592473458015401775e+02 2.248611249298330677e+02
2.598997112423896283e+02 2.257026871161332338e+02
2.605486790797669414e+02 2.265594291859522968e+02
2.611959574130489727e+02 2.274279249226422621e+02
2.618459420106480025e+02 2.283045794704249261e+02
2.625040872454083569e+02 2.291860686719822695e+02
2.631754691479434314e+02 2.300657827464396235e+02
2.638590747698381733e+02 2.309383982194137843e+02
2.645525019279176604e+02 2.318019121196133483e+02
2.652569604431654398e+02 2.326575067372681360e+02
2.659724199088160503e+02 2.335090866743333322e+02
2.666996665975536871e+02 2.343577115351058353e+02
2.674378614748186465e+02 2.352035916669352673e+02
2.681881054703511040e+02 2.360464510649177896e+02
2.689509378942266267e+02 2.368861545231268337e+02
2.697301484667052591e+02 2.377217519524350564e+02
2.705275374746573789e+02 2.385527920179512193e+02
2.713372966649687896e+02 2.393807308583224369e+02
2.721493556829578893e+02 2.402080931280970617e+02
2.729518192546795490e+02 2.410391177162534859e+02
2.737363432563604988e+02 2.418797934873297208e+02
2.744983341057806001e+02 2.427327576543220857e+02
2.752395601601708108e+02 2.435962184087296691e+02
2.759682219942401389e+02 2.444664394096362230e+02
2.766999768399761592e+02 2.453343870217003371e+02
2.774478069316372739e+02 2.461883476588073449e+02
2.782189534249706639e+02 2.470169501053035788e+02
2.790191413928637303e+02 2.478117733804007514e+02
2.798497145617626529e+02 2.485711001718858597e+02
2.807113216093356982e+02 2.492958730301729418e+02
2.816030011609557846e+02 2.499894536494520025e+02
2.825192132348294081e+02 2.506537061787850007e+02
2.834532221750024519e+02 2.512886986098625925e+02
2.843973808372642225e+02 2.518959089110268224e+02
2.853446016699892311e+02 2.524765427986434361e+02
2.862872957207415539e+02 2.530338894590749135e+02
2.872195187665111007e+02 2.535695453063669618e+02
2.881382076091127828e+02 2.540842865369373840e+02
2.890425117785678140e+02 2.545819418954650075e+02
2.899368620818598856e+02 2.550649655853793547e+02
2.908251428666076208e+02 2.555343023863250096e+02
2.917115525177380277e+02 2.559893574966499443e+02
2.926012786531911161e+02 2.564297974000745626e+02
2.935031636395531791e+02 2.568574600144842748e+02
2.944249168334147271e+02 2.572732580046370003e+02
2.953700400746407695e+02 2.576788269018103392e+02
2.963416744034810790e+02 2.580788824360802209e+02
2.973439790919993015e+02 2.584793438548566655e+02
2.983781926146201613e+02 2.588884245387530427e+02
2.994409503075687553e+02 2.593094814628483391e+02
3.005223660637062721e+02 2.597438167802214366e+02
3.016093681112104719e+02 2.601913261001284923e+02
3.026896031889437495e+02 2.606484134988680239e+02
3.037503896094106608e+02 2.611143716269762081e+02
3.047851551972372590e+02 2.615896532723234031e+02
3.057935756636683209e+02 2.620768016356100816e+02
3.067781416144791251e+02 2.625772964802878278e+02
3.077399701659751940e+02 2.630896639070520564e+02
3.086746290193210598e+02 2.636091902510829641e+02
3.095750309952841803e+02 2.641277273550106202e+02
3.104359608969280657e+02 2.646405722574368156e+02
3.112550824173069373e+02 2.651459477442901402e+02
3.120332878137573971e+02 2.656416022528143230e+02
3.127758367505758201e+02 2.661272223496213201e+02
3.134939824599430835e+02 2.666025343003793182e+02
3.142067388698528703e+02 2.670687930422389513e+02
3.149348534035317471e+02 2.675288632897507455e+02
3.156961456196452218e+02 2.679827107213993713e+02
3.165023964633984974e+02 2.684314633531745358e+02
3.173590790672085973e+02 2.688811079600466769e+02
3.182669060662806828e+02 2.693398247999007822e+02
3.192208789171468197e+02 2.698173413985886100e+02
3.202117117766345586e+02 2.703178806125580991e+02
3.212271345029288341e+02 2.708428824740425398e+02
3.222563230732578177e+02 2.713928687905142851e+02
3.232870255820531611e+02 2.719667780691838743e+02
3.243043687991221873e+02 2.725635503055049753e+02
3.252950990857061129e+02 2.731783585740946592e+02
3.262445684377829025e+02 2.738059667423947303e+02
3.271425213625374795e+02 2.744421612184551122e+02
3.279891909359619149e+02 2.750851041555515621e+02
3.287908791296159734e+02 2.757376198437650601e+02
3.295594357809255825e+02 2.763990179636207927e+02
3.303070861130045159e+02 2.770663140453470419e+02
3.310464794279355942e+02 2.777341440641656618e+02
3.317845996488603078e+02 2.783997334088332991e+02
3.325248172441887391e+02 2.790626391666082782e+02
3.332719543656825181e+02 2.797266215796885263e+02
3.340289130425445592e+02 2.803995305819914847e+02
3.347963021879862140e+02 2.810871012551817216e+02
3.355756033724077838e+02 2.817932529677224238e+02
3.363680525511041992e+02 2.825216491325725769e+02
3.371754077926325408e+02 2.832710778508304656e+02
3.379966740338305726e+02 2.840364884889414725e+02
3.388256796650420029e+02 2.848075249678091723e+02
3.396541470537218288e+02 2.855711302663548850e+02
3.404767756341843779e+02 2.863167299333204028e+02
3.412887893528467202e+02 2.870402212356932523e+02
3.420891265401558030e+02 2.877410991875723312e+02
3.428778931222017832e+02 2.884233105021043002e+02
3.436590402439389322e+02 2.890901554213335771e+02
3.444362297352440123e+02 2.897453469315180428e+02
3.452090223741321893e+02 2.903936756448366054e+02
3.459716400941870234e+02 2.910400737013408161e+02
3.467196523047573464e+02 2.916886591292582125e+02
3.474508441485005505e+02 2.923445419199733806e+02
3.481632884053565249e+02 2.930113475566043917e+02
3.488572075760998246e+02 2.936910574087295345e+02
3.495380060566706106e+02 2.943858352068128852e+02
3.502114831183677097e+02 2.950989879763159252e+02
3.508860615327836285e+02 2.958301371360733469e+02
3.515703125975508669e+02 2.965772101376782643e+02
3.522712168857922279e+02 2.973375012522317320e+02
3.529899782205055203e+02 2.981078838850701231e+02
3.537232855541681715e+02 2.988840251396679264e+02
3.544645012232078898e+02 2.996604951442675997e+02
3.552022729789491677e+02 3.004326985523087501e+02
3.559250642898465458e+02 3.011983110004593982e+02
3.566249624552551154e+02 3.019588409493599670e+02
3.572973036588019227e+02 3.027200175032022571e+02
3.579383094111527726e+02 3.034891478463517274e+02
3.585437414832794616e+02 3.042751719743735066e+02
3.591070418951276793e+02 3.050849815029421279e+02
3.596199440869916657e+02 3.059241262558055041e+02
3.600722461197580060e+02 3.067975051561439841e+02
3.604521599383114108e+02 3.077086497881060154e+02
3.607517182334870540e+02 3.086579090853122125e+02
3.609694714080185349e+02 3.096416680404645945e+02
3.611142225504510179e+02 3.106518659887600506e+02
3.611975265850173855e+02 3.116790121558375404e+02
3.612309289221988138e+02 3.127146346660003928e+02
3.612262599269076304e+02 3.137531624246486217e+02
3.611975962333474968e+02 3.147925519906904128e+02
3.611564327626594491e+02 3.158338185473423891e+02
3.611104364580605761e+02 3.168775534275936820e+02
3.610613684698164434e+02 3.179272120870933804e+02
3.610067022476688408e+02 3.189849135305116761e+02
3.609400359891988046e+02 3.200509142218635361e+02
3.608560564778013031e+02 3.211248657500310628e+02
3.607486186566781043e+02 3.222032003494747414e+02
3.606095316068773400e+02 3.232807693027110076e+02
3.604289777975610605e+02 3.243543739829650576e+02
3.601948854647558278e+02 3.254202870688696976e+02
3.598944071836153853e+02 3.264751004430832495e+02
3.595163362583734852e+02 3.275183070868637856e+02
3.590534144322585917e+02 3.285497039395352203e+02
3.585048436558596450e+02 3.295694962281366998e+02
3.578764141554758567e+02 3.305757405717467350e+02
3.571779955947659460e+02 3.315661069619407613e+02
3.564236938606099443e+02 3.325362054056284364e+02
3.556290524833473796e+02 3.334840535823056484e+02
3.548096897819109472e+02 3.344103731523605916e+02
3.539765428851576416e+02 3.353177088547521407e+02
3.531367983665889483e+02 3.362086302180956068e+02
3.522954046170187326e+02 3.370837740267774620e+02
3.514558215608766432e+02 3.379408006799897066e+02
3.506199545350939388e+02 3.387760015193254617e+02
3.497857788618867971e+02 3.395864531438764971e+02
3.489490972674929026e+02 3.403663520208422142e+02
3.481041317210762713e+02 3.411081950009734101e+02
3.472465633287127957e+02 3.417997676861975833e+02
3.463728329646108364e+02 3.424268734177669558e+02
3.454799417807747659e+02 3.429775503758075956e+02
3.445660226709031235e+02 3.434443510373714048e+02
3.436298879627927931e+02 3.438225380096379808e+02
3.426718729963224632e+02 3.441134488979919865e+02
3.416942373640623600e+02 3.443260967765714895e+02
3.407004400032398621e+02 3.444742786714784302e+02
3.396945526549218926e+02 3.445742359638326775e+02
3.386809648913730371e+02 3.446434778014243534e+02
3.376626179278468385e+02 3.446937361183579469e+02
3.366418640070177162e+02 3.447343935519706974e+02
3.356204094957673192e+02 3.447722564670091856e+02
3.345990257487698045e+02 3.448104016468533359e+02
3.335777378131662658e+02 3.448489289996645653e+02
3.325562436642072157e+02 3.448866338076126112e+02
3.315341260116590547e+02 3.449218515813279851e+02
3.305087351225319026e+02 3.449490258802160270e+02
3.294749835861899214e+02 3.449634083043334272e+02
3.284282225508032980e+02 3.449573940640271985e+02
3.273647922223117916e+02 3.449215375984121579e+02
3.262845452879603272e+02 3.448439426297531440e+02
3.251903968003909426e+02 3.447150833423322069e+02
3.240895162440468766e+02 3.445289117408764810e+02
3.229920579676949046e+02 3.442888966570514526e+02
3.219125554252831876e+02 3.440067752253598314e+02
3.208658838975093204e+02 3.436966308872904960e+02
3.198623671049642212e+02 3.433723417514378866e+02
3.189088821635424438e+02 3.430412797571651708e+02
3.180081868405676460e+02 3.427043865473917776e+02
3.171570500072973005e+02 3.423582525061499950e+02
3.163504417287002184e+02 3.419955498286125817e+02
3.155818904855792084e+02 3.416068192881053278e+02
3.148411573144479689e+02 3.411827605809916122e+02
3.141168265564143098e+02 3.407145735615310969e+02
3.133969531359358029e+02 3.401993940091859940e+02
3.126726911641393372e+02 3.396377632833966800e+02
3.119377292223167615e+02 3.390342214536439656e+02
3.111847738641924934e+02 3.383929403410443228e+02
3.104076091992005786e+02 3.377162092209131856e+02
3.096018504353456251e+02 3.370062480070233164e+02
3.087686111704451832e+02 3.362669064605232165e+02
3.079136558139266526e+02 3.355070973570161073e+02
3.070497758971009148e+02 3.347418162352960280e+02
3.061918670032446812e+02 3.339868765304371436e+02
3.053495264224844732e+02 3.332557343335222413e+02
3.045280845077767253e+02 3.325592638502400860e+02
3.037294394772792430e+02 3.319020758857074043e+02
3.029523829600115619e+02 3.312833475866116828e+02
3.021927706100875071e+02 3.306951548957740670e+02
3.014447305096035734e+02 3.301259150332977015e+02
3.007021714673944643e+02 3.295618094276507009e+02
2.999611830972555140e+02 3.289914759239435398e+02
2.992200931240026875e+02 3.284057438971316287e+02
2.984781725416316362e+02 3.277969846262707279e+02
2.977332351933436598e+02 3.271601460814270013e+02
2.969864317490648205e+02 3.264913098240438671e+02
2.962377434469433410e+02 3.257888753735707610e+02
2.954871270551894895e+02 3.250531185216179892e+02
2.947361052371702499e+02 3.242851781805047722e+02
2.939858694241574995e+02 3.234866690937167277e+02
2.932336823792615519e+02 3.226601940211756983e+02
2.924767599662817474e+02 3.218100561714073251e+02
2.917144361373927950e+02 3.209457381590455043e+02
2.909504179508888342e+02 3.200777417566455370e+02
2.901894321402967307e+02 3.192140811026619076e+02
2.894361637532089730e+02 3.183576734758017892e+02
2.886990922482892756e+02 3.175051012854270311e+02
2.879857360867792977e+02 3.166517373223832692e+02
2.873040184201993270e+02 3.157916982605716498e+02
2.866585154200298575e+02 3.149213233979307347e+02
2.860525932616502587e+02 3.140358718498053463e+02
2.854845590729663627e+02 3.131342824276767374e+02
2.849505150030885829e+02 3.122201375317798693e+02
2.844464397930733526e+02 3.113000227205958481e+02
2.839630628266513099e+02 3.103828560887073991e+02
2.834880386404653336e+02 3.094775863801324931e+02
2.830071564699697433e+02 3.085917546807361305e+02
2.825085824087187234e+02 3.077299762543499355e+02
2.819841490690553201e+02 3.068937223792817690e+02
2.814328453964385517e+02 3.060809052483770074e+02
2.808557920920750917e+02 3.052877665164137966e+02
2.802578347346850478e+02 3.045091005937171076e+02
2.796420520873083433e+02 3.037401551436884688e+02
2.790115338223558297e+02 3.029765379880080900e+02
2.783696809647329928e+02 3.022141283827392044e+02
2.777234146163432342e+02 3.014475736038609739e+02
2.770813589281781333e+02 3.006707310768583170e+02
2.764539203866240769e+02 2.998770010833211472e+02
2.758505159502166180e+02 2.990605453926153814e+02
2.752807190096360159e+02 2.982166226596907563e+02
2.747505510761155847e+02 2.973431469824726037e+02
2.742618026124890207e+02 2.964413179729156127e+02
2.738102488204448832e+02 2.955161732186595032e+02
2.733899199292982303e+02 2.945750630670410146e+02
2.729932030222740877e+02 2.936264900246419529e+02
2.726065002066616785e+02 2.926794405278433828e+02
2.722159936241232572e+02 2.917399839391288197e+02
2.718074097340786466e+02 2.908102130643440546e+02
2.713719065165673783e+02 2.898884476335655336e+02
2.709050301963957850e+02 2.889745474914318493e+02
2.704081688180205560e+02 2.880681646529054660e+02
2.698805079792750234e+02 2.871682465657973466e+02
2.693164240609723947e+02 2.862723061017952091e+02
2.687078915604000713e+02 2.853796129491765896e+02
2.680494949419228305e+02 2.844902330153194043e+02
2.673400434841078095e+02 2.836072999197713216e+02
2.665863295929740389e+02 2.827344139854998275e+02
2.658013434260421946e+02 2.818770042854085887e+02
2.650011186127550218e+02 2.810403358690591631e+02
2.642023573081058885e+02 2.802305556894029337e+02
2.634183498913410517e+02 2.794530361103036284e+02
2.626578457897397243e+02 2.787135827521663032e+02
2.619261421287509961e+02 2.780160903934155385e+02
2.612240688096167105e+02 2.773656170527276004e+02
2.605511823057987613e+02 2.767674131927686858e+02
2.599057455082936485e+02 2.762250483879266767e+02
2.592828672825214085e+02 2.757390148195913184e+02
2.586778772856694104e+02 2.753044224141423229e+02
2.580835637524299386e+02 2.749117707175300325e+02
2.574906654629070317e+02 2.745474760855440763e+02
2.568910372136775777e+02 2.741948152403599579e+02
2.562809634502241352e+02 2.738348265280510532e+02
2.556571983489636466e+02 2.734495583881763991e+02
2.550145258984047700e+02 2.730231563119412499e+02
2.543472385257307735e+02 2.725405890386685996e+02
2.536482297598839750e+02 2.719909379386775754e+02
2.529119157636711179e+02 2.713720925152969699e+02
2.521341155107370753e+02 2.706936732814351103e+02
2.513127319458905049e+02 2.699709691305615706e+02
2.504461860180894348e+02 2.692210267552530354e+02
2.495355759804276374e+02 2.684611886716229492e+02
2.485839227569374543e+02 2.677129752585710776e+02
2.475976842951702110e+02 2.670005545704548240e+02
2.465840102905029312e+02 2.663466799793544055e+02
2.455505522291161924e+02 2.657689387586293606e+02
2.445040611351130622e+02 2.652824572815914053e+02
2.434505478949372730e+02 2.648947710435233489e+02
2.423940789688527104e+02 2.646082462054347388e+02
2.413375044898325825e+02 2.644164165820488392e+02
2.402822883019339599e+02 2.643092108829528684e+02
2.392300680281539655e+02 2.642712347724703932e+02
2.381816146679938129e+02 2.642829873879596789e+02
2.371386583689464942e+02 2.643226418014039609e+02
2.361003683267704503e+02 2.643665079188754135e+02
2.350631094844505355e+02 2.643933832461693214e+02
2.340235547930188602e+02 2.643846180162585711e+02
2.329775406229311443e+02 2.643295300689675855e+02
2.319205502979210962e+02 2.642256475524591224e+02
2.308516093253361987e+02 2.640740962331699393e+02
2.297719732235191259e+02 2.638798841289407164e+02
2.286819069685355430e+02 2.636490810052267761e+02
2.275790783352661037e+02 2.633879283598447500e+02
2.264615797963584214e+02 2.630997560119186574e+02
2.253294908770536722e+02 2.627900338160843603e+02
2.241874657772202681e+02 2.624660177921587660e+02
2.230430746700954217e+02 2.621367504927218306e+02
2.219071007232787451e+02 2.618055853723380437e+02
2.207933011059189425e+02 2.614748179215903860e+02
2.197152941681005132e+02 2.611466093579539347e+02
2.186828148467540984e+02 2.608199181114808880e+02
2.176998679938104146e+02 2.604901246287282675e+02
2.167643836550788876e+02 2.601492806845074028e+02
2.158704440970330438e+02 2.597924511895679416e+02
2.150105420561821745e+02 2.594217543140826479e+02
2.141768465312729290e+02 2.590456245561024957e+02
2.133617187537743405e+02 2.586763884993118836e+02
2.125574055127730730e+02 2.583278942292656666e+02
2.117558357770474231e+02 2.580127385572673688e+02
2.109478770406927879e+02 2.577392678301168871e+02
2.101229444564023083e+02 2.575080572977511792e+02
2.092706091723600821e+02 2.573171791389124792e+02
2.083800457009130014e+02 2.571605286022484620e+02
2.074414667239416303e+02 2.570332798691728158e+02
2.064506211867603724e+02 2.569297233037023602e+02
2.054105356476672455e+02 2.568464856615723306e+02
2.043323399620010434e+02 2.567767930912094698e+02
2.032322667154525107e+02 2.567120687571371604e+02
2.021313977966170796e+02 2.566441706414700548e+02
2.010491288249147601e+02 2.565632433550063070e+02
1.999975764640268494e+02 2.564598367410153514e+02
1.989851730486163319e+02 2.563223428101307491e+02
1.980146514642963780e+02 2.561408339852953304e+02
1.970829013407651189e+02 2.559074558619750803e+02
1.961857129761306453e+02 2.556192544672551321e+02
1.953222702823908890e+02 2.552762972798200565e+02
1.944932841306003297e+02 2.548829907035713518e+02
1.936968857046274763e+02 2.544417867954551298e+02
1.929249250153991966e+02 2.539489173240418722e+02
1.921632948018782940e+02 2.534019157997148000e+02
1.913978044954830011e+02 2.528021779259975972e+02
1.906158221721386212e+02 2.521549396573562376e+02
1.898051735672036102e+02 2.514698367283470759e+02
1.889587520675516998e+02 2.507585097229276414e+02
1.880742745916099068e+02 2.500307353065075233e+02
1.871521175565229953e+02 2.492960667109028634e+02
1.861970799771198699e+02 2.485614246760070500e+02
1.852173739105686252e+02 2.478327495417993305e+02
1.842242064810583884e+02 2.471130338323659998e+02
1.832281079048377421e+02 2.464030799364916788e+02
1.822385910353428926e+02 2.456979255990945035e+02
1.812645429477335597e+02 2.449918190395712827e+02
1.803138292830408602e+02 2.442744242572850339e+02
1.793898085461182177e+02 2.435323217184825921e+02
1.784925434103732300e+02 2.427535398207214712e+02
1.776199865564948652e+02 2.419379639837284230e+02
1.767710046396376242e+02 2.410999569485184395e+02
1.759418687630763145e+02 2.402646323511128230e+02
1.751267189734775798e+02 2.394668124825753637e+02
1.743216857121431929e+02 2.387466846641838174e+02
1.735226398227372329e+02 2.381457776109189695e+02
1.727234805322845546e+02 2.376985739803654951e+02
1.719188831490656071e+02 2.374281193903301812e+02
1.711053325007566741e+02 2.373412374777122977e+02
1.702791491632669931e+02 2.374299752591496997e+02
1.694376960377489354e+02 2.376708109404364109e+02
1.685786429647815510e+02 2.380316064447464157e+02
1.677033770739823808e+02 2.384768339875664083e+02
1.668182850306412774e+02 2.389689855750354468e+02
1.659320402786453599e+02 2.394674778062223197e+02
1.650525775982841310e+02 2.399326135082081350e+02
1.641901163991118722e+02 2.403257114367734744e+02
1.633520796915298661e+02 2.406158606118370926e+02
1.625439290347083272e+02 2.407827038332125937e+02
1.617701255049490783e+02 2.408172359586340008e+02
1.610295683197090852e+02 2.407232618870215219e+02
1.603195612705522421e+02 2.405148320352042219e+02
1.596343109683074601e+02 2.402137105293972752e+02
1.589713199970022117e+02 2.398437342123123699e+02
1.583285046947455896e+02 2.394283547493514561e+02
1.576984904894653425e+02 2.389829511038004455e+02
1.570706386724635308e+02 2.385132131535350481e+02
1.564321388035704956e+02 2.380181173675788386e+02
1.557716262864488215e+02 2.374908972281356228e+02
1.550804388823054865e+02 2.369237221268576832e+02
1.543548857839885784e+02 2.363075615018817643e+02
1.535965981973933481e+02 2.356400764747743040e+02
1.528136607797720501e+02 2.349245320585697812e+02
1.520189010549713657e+02 2.341716631440436913e+02
1.512248943816781548e+02 2.333967215303979401e+02
1.504408547113766019e+02 2.326184729103468953e+02
1.496718176843350250e+02 2.318543551846840387e+02
1.489149847060412810e+02 2.311205681890183996e+02
1.481648455643092177e+02 2.304276976357333808e+02
1.474129770531721420e+02 2.297806068335012242e+02
1.466520751930485744e+02 2.291744937903108621e+02
1.458756019643957700e+02 2.286024015639849551e+02
1.450822453129223959e+02 2.280552434515166169e+02
1.442732487951871008e+02 2.275243188770579081e+02
1.434495453746652061e+02 2.269996020123560356e+02
1.426119297955094964e+02 2.264703717706316297e+02
1.417617657496163588e+02 2.259280490070898395e+02
1.409015188115108117e+02 2.253663237408065925e+02
1.400334300598987340e+02 2.247815969603572626e+02
1.391601798983510037e+02 2.241715121170585689e+02
1.382858368320646036e+02 2.235334512623888088e+02
1.374173940822334714e+02 2.228680694759866014e+02
1.365625674561681535e+02 2.221798046744292208e+02
1.357269220625117896e+02 2.214802371722974499e+02
1.349163870746418752e+02 2.207846488658433657e+02
1.341308198760596326e+02 2.201073572153701718e+02
1.333644344057358637e+02 2.194577160341519289e+02
1.326062799146715463e+02 2.188408367159672991e+02
1.318428366534524230e+02 2.182551240565103399e+02
1.310624648257052058e+02 2.176931949514619760e+02
1.302629028957298090e+02 2.171383181150891915e+02
1.294532880753730808e+02 2.165716427347393278e+02
1.286529493634192534e+02 2.159768176321368287e+02
1.278884455904711785e+02 2.153434988297582606e+02
1.271885908015819666e+02 2.146696018687576952e+02
1.265808265201647487e+02 2.139600030003352344e+02
1.260905941094597438e+02 2.132232995660264692e+02
1.257377186661636301e+02 2.124690237100794548e+02
1.255370837032548650e+02 2.117057278424130402e+02
1.254981519172105209e+02 2.109428481141167993e+02
1.256271171529494666e+02 2.101920917558674375e+02
1.259238536620138404e+02 2.094672431234108103e+02
1.263807323567012020e+02 2.087816995890573821e+02
