1.309145948800916130e+02 2.083049684777120660e+02
1.319002141951160070e+02 2.079312649385157385e+02
1.329333876633626517e+02 2.076195710363229523e+02
1.339872389558658767e+02 2.073623585130133620e+02
1.350424415516621082e+02 2.071511268455180357e+02
1.360870613137987846e+02 2.069766058851220123e+02
1.371177237735478798e+02 2.068276503292810276e+02
1.381352557582789302e+02 2.066911325936590629e+02
1.391419177010508292e+02 2.065558719518311932e+02
1.401410694585071894e+02 2.064126310252010228e+02
1.411358884030762795e+02 2.062574309886339279e+02
1.421275482742670420e+02 2.060908824431166977e+02
1.431162628056518997e+02 2.059137531952396785e+02
1.441027903893796349e+02 2.057287676578474702e+02
1.450894354327117810e+02 2.055442040769001721e+02
1.460799695152742004e+02 2.053736113004345611e+02
1.470784337301685412e+02 2.052315063642204507e+02
1.480871853146610135e+02 2.051263572982809649e+02
1.491060617561482502e+02 2.050575802998636163e+02
1.501335727674040470e+02 2.050162158436470747e+02
1.511688410029688328e+02 2.049873250101609301e+02
1.522093103683364461e+02 2.049558113025308330e+02
1.532520388258999446e+02 2.049131120516215674e+02
1.542961878449975472e+02 2.048594181195015267e+02
1.553416800359537433e+02 2.048079204319848827e+02
1.563869616392262287e+02 2.047774805471273112e+02
1.574288325727513609e+02 2.047861955184675935e+02
1.584636885086416669e+02 2.048489501451471142e+02
1.594880950876749637e+02 2.049741212644409529e+02
1.604990820152082733e+02 2.051617405896547552e+02
1.614947906296029032e+02 2.054053064110200921e+02
1.624752533931762173e+02 2.056958889324476161e+02
1.634415654084368441e+02 2.060215107558685759e+02
1.643968940331231465e+02 2.063698937453513622e+02
1.653469814010854861e+02 2.067282506314123509e+02
1.662963732388612641e+02 2.070852835436218697e+02
1.672464992325208186e+02 2.074292624173704667e+02
1.681966164944896889e+02 2.077500159073169357e+02
1.691452169410632109e+02 2.080398070417319616e+02
1.700905346174069450e+02 2.082894914511171294e+02
1.710320808691493824e+02 2.084918694614586627e+02
1.719697855649869780e+02 2.086392200663713368e+02
1.729040734665954915e+02 2.087259058633044901e+02
1.738368607126132588e+02 2.087550888163183913e+02
1.747712341804319465e+02 2.087402893507380668e+02
1.757119504643824541e+02 2.087047699630411159e+02
1.766653343856583831e+02 2.086752938207133070e+02
1.776362314989024753e+02 2.086775535780590189e+02
1.786275305901611432e+02 2.087294927987481401e+02
1.796397908388935036e+02 2.088423605703585508e+02
1.806721135776957681e+02 2.090186450291197957e+02
1.817194339804428012e+02 2.092546645686812496e+02
1.827761386891686186e+02 2.095401618194801472e+02
1.838351527495948972e+02 2.098633316799937916e+02
1.848851600746773158e+02 2.102131603905097563e+02
1.859139942645374788e+02 2.105803749856987110e+02
1.869118792261442081e+02 2.109593708539731836e+02
1.878724422654450166e+02 2.113481259101437217e+02
1.887922759288870225e+02 2.117452282220998541e+02
1.896709196856580206e+02 2.121496610492792456e+02
1.905098262691352886e+02 2.125569665204707235e+02
1.913127153433172793e+02 2.129591513361216926e+02
1.920881659926684506e+02 2.133473884954532309e+02
1.928512276956404321e+02 2.137138182446310566e+02
1.936180948088507989e+02 2.140535152916087895e+02
1.944005583059324067e+02 2.143666290947073207e+02
1.952073647744072389e+02 2.146579110999928730e+02
1.960457830993389621e+02 2.149365256742701149e+02
1.969221916001437194e+02 2.152151351365772598e+02
1.978406432968594686e+02 2.155047270424465182e+02
1.988020600483618523e+02 2.158132742119694853e+02
1.998019995630200469e+02 2.161391337689892111e+02
2.008310224432528344e+02 2.164721158558864147e+02
2.018764402313274786e+02 2.167967204160687515e+02
2.029246371270121756e+02 2.170946008130856910e+02
2.039643310795482591e+02 2.173495592737668574e+02
2.049870454977098007e+02 2.175471830618630520e+02
2.059870385030239106e+02 2.176804373109503672e+02
2.069628970452144472e+02 2.177477659654652484e+02
2.079166465420803434e+02 2.177512096085936832e+02
2.088547680197853538e+02 2.176960880672000940e+02
2.097861567814804573e+02 2.175928329658391362e+02
2.107209518446046559e+02 2.174551430715127367e+02
2.116661731286414749e+02 2.172963709259431084e+02
2.126255538073269236e+02 2.171260194788753779e+02
2.136005329670464334e+02 2.169511452820435125e+02
2.145901615211139415e+02 2.167767812040592048e+02
2.155918261698401466e+02 2.166081493411236067e+02
2.166012126570486771e+02 2.164485713271183727e+02
2.176130830804241896e+02 2.162986249892973944e+02
2.186226444794806412e+02 2.161560789344233626e+02
2.196272908889121425e+02 2.160171836704206498e+02
2.206278768335015457e+02 2.158790948512493628e+02
2.216266186070501192e+02 2.157379870038946308e+02
2.226235349296235881e+02 2.155903214909691883e+02
2.236172066317553231e+02 2.154310001537833443e+02
2.246065746997974202e+02 2.152562186407374725e+02
2.255912269524441740e+02 2.150644962507911941e+02
2.265719952611402732e+02 2.148588213604098769e+02
2.275506358883267524e+02 2.146455030854776282e+02
2.285295125074124485e+02 2.144330325769185492e+02
2.295111738309090583e+02 2.142305657115630311e+02
2.304976762064111995e+02 2.140454896173082773e+02
2.314905297139013669e+02 2.138832290355717873e+02
2.324920582852246298e+02 2.137485264650388217e+02
2.335064667141058408e+02 2.136446998277594957e+02
2.345368213610208556e+02 2.135732445873518373e+02
2.355845058211000378e+02 2.135329597086310685e+02
2.366469950846789629e+02 2.135202299052746184e+02
2.377190293023758727e+02 2.135293902225182592e+02
2.387936366815455358e+02 2.135596783826483716e+02
2.398635567877511789e+02 2.136128414279620529e+02
2.409195752383139961e+02 2.136921128432437911e+02
2.419518735638961573e+02 2.138001147179005557e+02
2.429542497558487071e+02 2.139411322228413326e+02
2.439240001803467521e+02 2.141235495024554893e+02
2.448613533286317931e+02 2.143544445420321267e+02
2.457665920326432456e+02 2.146365225844612610e+02
2.466400905560872445e+02 2.149661574382589038e+02
2.474798932747005722e+02 2.153351491927706434e+02
2.482837567400300998e+02 2.157351029828969899e+02
2.490528223111037960e+02 2.161589321493001989e+02
2.497919235323879832e+02 2.166061537790557736e+02
2.505092908715271278e+02 2.170781139933889392e+02
2.512137727951877082e+02 2.175760782276603322e+02
2.519161118663775483e+02 2.181002033672541529e+02
2.526277989137896611e+02 2.186495494568805498e+02
2.533576912769975706e+02 2.192221397958339253e+02
2.541082550844025718e+02 2.198160308459211478e+02
2.548770085642749450e+02 2.204308017341430173e+02
2.556561705506242390e+02 2.210657545938722137e+02
2.564359392735585743e+02 2.217202900362634068e+02
2.572053561252195095e+02 2.223924906258415888e+02
2.579564936215003286e+02 2.230808345542283746e+02
2.586855458083077224e+02 2.237850214725621640e+02
2.593941638432901300e+02 2.245034094428356468e+02
2.600860989304620716e+02 2.252353414281842561e+02
2.607650835274496330e+02 2.259804323817668319e+02
2.614343992534601853e+02 2.267401157697943574e+02
2.620963141042877851e+02 2.275156255777116314e+02
2.627519347883961700e+02 2.283080363772362489e+02
2.634010101407005777e+02 2.291160655425068740e+02
2.640443452091901690e+02 2.299376194957877999e+02
2.646863370387980012e+02 2.307709977839467115e+02
2.653327875052604554e+02 2.316157095221275881e+02
2.659887744034455750e+02 2.324712692010345449e+02
2.666568996163803149e+02 2.333338903726336184e+02
2.673372470262389129e+02 2.341983107905621182e+02
2.680271964595048075e+02 2.350598610784438165e+02
2.687219688595317848e+02 2.359156997678958021e+02
2.694155114197052399e+02 2.367659495499469244e+02
2.701033064058109403e+02 2.376135143244868573e+02
2.707835156334681983e+02 2.384621869721071334e+02
2.714559013262202143e+02 2.393130374495157184e+02
2.721223902258242902e+02 2.401655294114869434e+02
2.727908021898522293e+02 2.410184898189955902e+02
2.734704914767912101e+02 2.418725959232182277e+02
2.741687705468162335e+02 2.427274584643597564e+02
2.748875604140753239e+02 2.435809804687332587e+02
2.756263459014307386e+02 2.444291335359716868e+02
2.763839378854435722e+02 2.452678547348122322e+02
2.771586862668153799e+02 2.460956425785564647e+02
2.779467422453504923e+02 2.469121546682355302e+02
2.787450832191600512e+02 2.477176002472989467e+02
2.795509670446206201e+02 2.485096908594223351e+02
2.803641345807538983e+02 2.492836323950999144e+02
2.811857919517042319e+02 2.500352556921197902e+02
2.820182726749408175e+02 2.507601421142421714e+02
2.828649023625608834e+02 2.514548341788307653e+02
2.837279164631298158e+02 2.521158809967667480e+02
2.846069406980985832e+02 2.527414197042417641e+02
2.854978398828857848e+02 2.533303177605380370e+02
2.863961601641830157e+02 2.538831765970371066e+02
2.872964714368691830e+02 2.544003161377523838e+02
2.881933720255796061e+02 2.548823597992819714e+02
2.890861899880892452e+02 2.553314616808914366e+02
2.899790470681124361e+02 2.557497203110539488e+02
2.908788444987676485e+02 2.561405157777041381e+02
2.917916787653416577e+02 2.565071376650325874e+02
2.927204951533910275e+02 2.568541181373115023e+02
2.936629882913371148e+02 2.571846867269969152e+02
2.946114365343000259e+02 2.575004811560889380e+02
2.955546138458156520e+02 2.578031949733191937e+02
2.964793992323597536e+02 2.580964028052327421e+02
2.973770718978386185e+02 2.583868452320339202e+02
2.982468676300277366e+02 2.586850892544643443e+02
2.990927478549821785e+02 2.590007455574951791e+02
2.999221197924408671e+02 2.593369609941157137e+02
3.007444779820890517e+02 2.596930149949899942e+02
3.015732635660171468e+02 2.600664904783433258e+02
3.024214065704490508e+02 2.604560987619631760e+02
3.032964500705461433e+02 2.608632299167508677e+02
3.041981204813383215e+02 2.612898358057303767e+02
3.051203854635639345e+02 2.617399758293544778e+02
3.060551400283195562e+02 2.622187544973813260e+02
3.069970810397898049e+02 2.627300988080951925e+02
3.079481627899938303e+02 2.632746117612502985e+02
3.089134866824886103e+02 2.638483986400727304e+02
3.098968625888210227e+02 2.644473886310324815e+02
3.109000410250177424e+02 2.650682980138855100e+02
3.119194883388975086e+02 2.657076095853022935e+02
3.129476645188269117e+02 2.663601519460941063e+02
3.139766156625370286e+02 2.670215228651565553e+02
3.149999999250734390e+02 2.676851461722841350e+02
3.160135727511445225e+02 2.683462597072131075e+02
3.170172458206629358e+02 2.690009664090556498e+02
3.180121399073648263e+02 2.696458308814399629e+02
3.189980883421453086e+02 2.702770847896662190e+02
3.199761332090280916e+02 2.708877770637529920e+02
3.209493267147201436e+02 2.714695116452073194e+02
3.219206073470285787e+02 2.720132639494731848e+02
3.228919628566512756e+02 2.725132054213983110e+02
3.238654881807110542e+02 2.729689117127168174e+02
3.248413386880149005e+02 2.733865791227703994e+02
3.258137893668747438e+02 2.737795672948991523e+02
3.267727552390311985e+02 2.741654411309959869e+02
3.277078242954637517e+02 2.745594794982032454e+02
3.286093912848473906e+02 2.749743741496302505e+02
3.294710580769213379e+02 2.754201791605285621e+02
3.302912178677794373e+02 2.759036664823308911e+02
3.310724862155515211e+02 2.764290936435069170e+02
3.318242256771365533e+02 2.769991887923872014e+02
3.325579928974275958e+02 2.776187224949566144e+02
3.332871052521196020e+02 2.782906278319501894e+02
3.340230078728460512e+02 2.790133121967326133e+02
3.347742772459704383e+02 2.797776036504872081e+02
3.355475272550658019e+02 2.805698006554871995e+02
3.363436286581511467e+02 2.813763554558861415e+02
3.371611220430436902e+02 2.821852647558833382e+02
3.379968426794228549e+02 2.829865767225822992e+02
3.388474891425593682e+02 2.837706651066222321e+02
3.397093962079387097e+02 2.845318694844979746e+02
3.405800163417550266e+02 2.852695215557474739e+02
3.414575856976612727e+02 2.859856340605588230e+02
3.423399800900751870e+02 2.866858586628119383e+02
3.432260250533096837e+02 2.873764545921199556e+02
3.441116002582923556e+02 2.880648260160481300e+02
3.449932780851838743e+02 2.887556338537373222e+02
3.458710615050165416e+02 2.894518532867236900e+02
3.467481182766676966e+02 2.901558847340737657e+02
3.476278645806060013e+02 2.908701186292221905e+02
3.485143614647212189e+02 2.915964690202450242e+02
3.494083551439493931e+02 2.923370274023656066e+02
3.503034813308679531e+02 2.930946532429476292e+02
3.511897058705073960e+02 2.938726182679949943e+02
3.520573222412068617e+02 2.946745545400417541e+02
3.528988158404274600e+02 2.955001363388380469e+02
3.537049857932844361e+02 2.963451206698807141e+02
3.544694620178857463e+02 2.972017112434310775e+02
3.551908993748423882e+02 2.980607129814021619e+02
3.558724772684306004e+02 2.989144366030443507e+02
3.565199110683875006e+02 2.997588735736167109e+02
3.571369650680480277e+02 3.005939060980090289e+02
3.577251356984887138e+02 3.014195961442230782e+02
3.582836356263032940e+02 3.022372507283673144e+02
3.588134027772327954e+02 3.030489079793150040e+02
3.593189259358368872e+02 3.038563628765024305e+02
3.598072262164121753e+02 3.046610023514469958e+02
3.602893623487027526e+02 3.054630302213442974e+02
3.607733380988876775e+02 3.062631944941813913e+02
3.612614480939965347e+02 3.070635594257068988e+02
3.617485036993966787e+02 3.078685453796671254e+02
3.622259677177902404e+02 3.086838110723738282e+02
3.626826651143184108e+02 3.095158086796542420e+02
3.631077998311810120e+02 3.103705880076186077e+02
3.634911616663114842e+02 3.112532904786150993e+02
3.638253651591559219e+02 3.121670598229770235e+02
3.641092476610157860e+02 3.131116944470448402e+02
3.643447116102346399e+02 3.140843146894932261e+02
3.645328950851517220e+02 3.150805367750434698e+02
3.646749147015232211e+02 3.160948109762921945e+02
3.647701993756916181e+02 3.171218975137156804e+02
3.648181664945575449e+02 3.181577867590299320e+02
3.648189837372699458e+02 3.192008698127032176e+02
3.647750908340998421e+02 3.202521138320156524e+02
3.646883161902306369e+02 3.213142910325949515e+02
3.645594807738009990e+02 3.223881766494473027e+02
3.643882764822801050e+02 3.234748602158813355e+02
3.641763872152193358e+02 3.245771541734164884e+02
3.639253964423290313e+02 3.256972678028581072e+02
3.636360379639176585e+02 3.268367147630539762e+02
3.633076246519639199e+02 3.279941677032279586e+02
3.629388167915736290e+02 3.291663166570658632e+02
3.625280337424836148e+02 3.303468420277167752e+02
3.620747819840601096e+02 3.315291382062468983e+02
3.615797170870112609e+02 3.327061894043865777e+02
3.610443953084644590e+02 3.338686592951409580e+02
3.604715169496646467e+02 3.350078459891067837e+02
3.598633237150820037e+02 3.361161894033434692e+02
3.592182359105271416e+02 3.371863627964698935e+02
3.585339304664779547e+02 3.382123663853235485e+02
3.578097161271882101e+02 3.391884727556106895e+02
3.570478724960779573e+02 3.401128774857488679e+02
3.562524416410701633e+02 3.409897794031823537e+02
3.554297874601422222e+02 3.418242901185705591e+02
3.545872324222159477e+02 3.426205049543536347e+02
3.537341530908076379e+02 3.433818996876568690e+02
3.528776542498177378e+02 3.441089909331604986e+02
3.520196608454393186e+02 3.447996287215265738e+02
3.511574084617588483e+02 3.454500536912858024e+02
3.502870390927476478e+02 3.460559265079866691e+02
3.494045477332772975e+02 3.466146469608834764e+02
3.485089151112638319e+02 3.471261593506154099e+02
3.476002686086983431e+02 3.475909212783499243e+02
3.466789222557103471e+02 3.480100608513858447e+02
3.457447553746241056e+02 3.483831445528277300e+02
3.447976252976096134e+02 3.487096598693682381e+02
3.438371689189492031e+02 3.489883023968376392e+02
3.428631950315700010e+02 3.492183852517995888e+02
3.418750669936893019e+02 3.493976213917881637e+02
3.408726407966140073e+02 3.495254934866415510e+02
3.398558563696789179e+02 3.496017857412830381e+02
3.388257625359725580e+02 3.496302658992187844e+02
3.377829992073660037e+02 3.496168386367140215e+02
3.367270916030053058e+02 3.495715855572692590e+02
3.356587432809877214e+02 3.495029481917292742e+02
3.345813244985656070e+02 3.494174216391736536e+02
3.335005831788989212e+02 3.493206678565385346e+02
3.324213036375789443e+02 3.492140891880483196e+02
3.313444107901866005e+02 3.490939642870156376e+02
3.302706650647768925e+02 3.489543401750956377e+02
3.292011041197235954e+02 3.487884922650073918e+02
3.281361237698789637e+02 3.485927561874187290e+02
3.270763608624259291e+02 3.483634534161756164e+02
3.260219458922913418e+02 3.480966674999412476e+02
3.249746525153040579e+02 3.477896304020466118e+02
3.239372729972945990e+02 3.474427149703582245e+02
3.229134042592744436e+02 3.470544600898094814e+02
3.219066598389555338e+02 3.466246165813407174e+02
3.209213105289254031e+02 3.461537674918404832e+02
3.199609522061857660e+02 3.456467424091368343e+02
3.190304504065860556e+02 3.451123875592554668e+02
3.181345101182937469e+02 3.445617654013869355e+02
3.172742477178538820e+02 3.440048862219113062e+02
3.164497064238267967e+02 3.434501760695560506e+02
3.156590697707309801e+02 3.429030608155094910e+02
3.148976331033544511e+02 3.423678126043545831e+02
3.141607966366647133e+02 3.418458883374793800e+02
3.134443582389116614e+02 3.413374550291192122e+02
3.127422202823305497e+02 3.408403600470150536e+02
3.120487474287062923e+02 3.403506249061284166e+02
3.113576071284560385e+02 3.398610542637447338e+02
3.106593717481490557e+02 3.393634843201422768e+02
3.099439397280558524e+02 3.388474123306782531e+02
3.092026042902464269e+02 3.383024984762499230e+02
3.084297868948502810e+02 3.377189199683574543e+02
3.076236050506683455e+02 3.370911335966596880e+02
3.067835728034832528e+02 3.364182251956909795e+02
3.059116540094869379e+02 3.357031067774461803e+02
3.050105966225613656e+02 3.349527041004008652e+02
3.040868284365584486e+02 3.341759008062742851e+02
3.031497666400148319e+02 3.333816286244099842e+02
3.022082534629702195e+02 3.325775406365352183e+02
3.012726629339399551e+02 3.317684957913395465e+02
3.003507268162469472e+02 3.309591014035413536e+02
2.994478165319123946e+02 3.301515451370707410e+02
2.985680969778295548e+02 3.293461862395714661e+02
2.977133323743779556e+02 3.285408156806111037e+02
2.968826974247289741e+02 3.277330131275377880e+02
2.960769311070907861e+02 3.269192916847111974e+02
2.952962201392637098e+02 3.260985956085719408e+02
2.945414113242499070e+02 3.252706891753933292e+02
2.938137300698070931e+02 3.244352312696120180e+02
2.931126619358859671e+02 3.235923650954031814e+02
2.924390662493103719e+02 3.227418514427962464e+02
2.917901097363262579e+02 3.218844790074454068e+02
2.911585430310720994e+02 3.210222657882615636e+02
2.905370647456587108e+02 3.201572442654768906e+02
2.899182203162275187e+02 3.192914895587689443e+02
2.892969077306053123e+02 3.184264219102949482e+02
2.886747965105246863e+02 3.175615765769168206e+02
2.880556312785909086e+02 3.166959111716889765e+02
2.874445236806858475e+02 3.158280027707279487e+02
2.868471884328614578e+02 3.149562605740948698e+02
2.862674029123328410e+02 3.140796330769751421e+02
2.857046748365810345e+02 3.131982573155738692e+02
2.851574107901727757e+02 3.123125768473926200e+02
2.846195636941029079e+02 3.114242749919216067e+02
2.840825845951947599e+02 3.105357315129264748e+02
2.835374775361837010e+02 3.096494506062651908e+02
2.829809073270879480e+02 3.087663606855231819e+02
2.824142371377008089e+02 3.078860822864533588e+02
2.818405420478668475e+02 3.070077594020757488e+02
2.812614116195356928e+02 3.061309495475794051e+02
2.806750925177083218e+02 3.052561407971194285e+02
2.800806310052148547e+02 3.043835986415824664e+02
2.794764442637017510e+02 3.035137636885714301e+02
2.788578984792429196e+02 3.026479258483535091e+02
2.782213338058704721e+02 3.017871039086846849e+02
2.775663022761258389e+02 3.009314225698298628e+02
2.768957537316392745e+02 3.000800606872487606e+02
2.762198353578753540e+02 2.992301935988112405e+02
2.755522395451317834e+02 2.983780097671720455e+02
2.749040556555923445e+02 2.975204222573856896e+02
2.742832382426016693e+02 2.966552167681887227e+02
2.736932313570509905e+02 2.957814345824904194e+02
2.731319126928945593e+02 2.948996664845566329e+02
2.725928083978281506e+02 2.940117145943453352e+02
2.720689841282674593e+02 2.931195092183229463e+02
2.715572337859284744e+02 2.922239428349448644e+02
2.710567182747759034e+02 2.913252490225567044e+02
2.705677150456227764e+02 2.904233505474461481e+02
2.700904734353764525e+02 2.895171742348338739e+02
2.696238644461114973e+02 2.886037531757756369e+02
2.691651398927255059e+02 2.876812023101547311e+02
2.687091161648215802e+02 2.867492466684219607e+02
2.682483312361588332e+02 2.858114820734844557e+02
2.677736346761341224e+02 2.848741386232370587e+02
2.672767739984526543e+02 2.839462731523890966e+02
2.667539587896011994e+02 2.830366875515555876e+02
2.662049831241774882e+02 2.821545498615703309e+02
2.656318915861282903e+02 2.813075629295357203e+02
2.650384080992634495e+02 2.805027130011143868e+02
2.644284935215296173e+02 2.797448692357129971e+02
2.638067990805537875e+02 2.790387221094866845e+02
2.631802730661525516e+02 2.783882458540118705e+02
2.625532059898240504e+02 2.777965964732627526e+02
2.619260587735846002e+02 2.772650158496390986e+02
2.612989923066615461e+02 2.767909347274789411e+02
2.606724030795760427e+02 2.763672381648100895e+02
2.600450644248194294e+02 2.759822182704978104e+02
2.594145495356104902e+02 2.756188564723092895e+02
2.587746964929884825e+02 2.752597788362131723e+02
2.581199474833021554e+02 2.748875740547222222e+02
2.574466615028975980e+02 2.744883382587923961e+02
2.567544104916775041e+02 2.740514574613994228e+02
2.560438546996105629e+02 2.735734677204278000e+02
2.553175325515338159e+02 2.730566789084599577e+02
2.545791555834255746e+02 2.725050123270248150e+02
2.538323863141093852e+02 2.719238800275697372e+02
2.530785068898344434e+02 2.713226908096459056e+02
2.523174288535770984e+02 2.707121235529863839e+02
2.515472114424300685e+02 2.701038398717307700e+02
2.507650986625808684e+02 2.695073782336335171e+02
2.499679546310511569e+02 2.689327731520335760e+02
2.491544281352979624e+02 2.683907799429031229e+02
2.483232373526545302e+02 2.678914038388556946e+02
2.474738081479470111e+02 2.674414012900540456e+02
2.466052450470281201e+02 2.670470306771235869e+02
2.457160156104443445e+02 2.667090403705082622e+02
2.448027062300078001e+02 2.664244600045504967e+02
2.438618532614027572e+02 2.661874173387874976e+02
2.428898691797567722e+02 2.659907449113051143e+02
2.418857203087186178e+02 2.658272577464456390e+02
2.408509910045078755e+02 2.656912219352136617e+02
2.397917049514898054e+02 2.655789012351560245e+02
2.387154834978614417e+02 2.654877121792883372e+02
2.376294312640798694e+02 2.654127041668226639e+02
2.365415713759861092e+02 2.653466924439192098e+02
2.354578449868574523e+02 2.652831309806563240e+02
2.343790190341385369e+02 2.652151504894466711e+02
2.333018425104307880e+02 2.651374039445848894e+02
2.322219807223344219e+02 2.650464050937666229e+02
2.311378952207761586e+02 2.649405352145174675e+02
2.300507689793723216e+02 2.648208445346333519e+02
2.289647868386049083e+02 2.646865781427688944e+02
2.278851145026960410e+02 2.645374731075821728e+02
2.268150668108897889e+02 2.643708275110902832e+02
2.257558991029961248e+02 2.641827086542250527e+02
2.247075877076796928e+02 2.639711446567498569e+02
2.236696376355035909e+02 2.637382652722787384e+02
2.226404907865713199e+02 2.634867328604254908e+02
2.216185034308002741e+02 2.632215795469253408e+02
2.206004680648220528e+02 2.629468921945288002e+02
2.195814373189372191e+02 2.626684761988345826e+02
2.185572685814047986e+02 2.623916606964485254e+02
2.175243434435640211e+02 2.621193286457059912e+02
2.164813982566892037e+02 2.618521722784308849e+02
2.154288974612769607e+02 2.615904318445453214e+02
2.143702372499590183e+02 2.613304111913727183e+02
2.133128023456020799e+02 2.610699632948836779e+02
2.122660866765693299e+02 2.608092044015082820e+02
2.112385855805420363e+02 2.605466696372985780e+02
2.102372459731064964e+02 2.602820735747940262e+02
2.092655266888649237e+02 2.600147679021904992e+02
2.083228118266236493e+02 2.597461198684484884e+02
2.074062082379906826e+02 2.594748162339167266e+02
2.065109755666753699e+02 2.591972335070142321e+02
2.056331703759497032e+02 2.589097173544539601e+02
2.047687581928327631e+02 2.586113739721375282e+02
2.039132649345804111e+02 2.583011547778800150e+02
2.030623460838741892e+02 2.579806916256178511e+02
2.022151725441487429e+02 2.576512720163743779e+02
2.013720574288651051e+02 2.573167428917869302e+02
2.005331287029361533e+02 2.569796969016546768e+02
1.996973974049533354e+02 2.566417608466206843e+02
1.988650855307025154e+02 2.563042244343537277e+02
1.980374008077012888e+02 2.559683759750816989e+02
1.972184737418988334e+02 2.556347233847468488e+02
1.964144523667557678e+02 2.553032399506915340e+02
1.956340280489441739e+02 2.549728629601727903e+02
1.948855337317611429e+02 2.546432221848767483e+02
1.941770432171782090e+02 2.543154924863812312e+02
1.935122006336119966e+02 2.539906420739002328e+02
1.928867874925128945e+02 2.536688798836812850e+02
1.922911681738908385e+02 2.533456988346944740e+02
1.917108190657264117e+02 2.530169612006430668e+02
1.911323733236768021e+02 2.526786463301722279e+02
1.905450660627848833e+02 2.523285482684186150e+02
1.899414634633367314e+02 2.519650877138085434e+02
1.893182911418476237e+02 2.515877260367891495e+02
1.886736905880142103e+02 2.511947239296094949e+02
1.880088096983064361e+02 2.507814457586890171e+02
1.873262333804595414e+02 2.503434101746772171e+02
1.866255606301829744e+02 2.498753134448735977e+02
1.859044943701927082e+02 2.493712118700132123e+02
1.851607575149745344e+02 2.488256959570920799e+02
1.843938923857751604e+02 2.482355330330431400e+02
1.836074670352185763e+02 2.476005976487818998e+02
1.828066649855156243e+02 2.469241252366581136e+02
1.819972768572025359e+02 2.462112561992636017e+02
1.811834595241327861e+02 2.454699690217781836e+02
1.803672785628192230e+02 2.447077883960009217e+02
1.795485951425271480e+02 2.439353875017310429e+02
1.787273857698600921e+02 2.431680899288893443e+02
1.779027217253459696e+02 2.424258018813615649e+02
1.770747049965613655e+02 2.417327400447908303e+02
1.762437499981198528e+02 2.411180581604554334e+02
1.754106989866626236e+02 2.406082518702754101e+02
1.745763180691629657e+02 2.402267353666371150e+02
1.737419114518411334e+02 2.399899511723133401e+02
1.729072396500415323e+02 2.399064881116182733e+02
1.720691742493033303e+02 2.399736545473249691e+02
1.712223990288671018e+02 2.401754365687668269e+02
1.703600048897060333e+02 2.404841727950015411e+02
1.694756951070799289e+02 2.408644081467519982e+02
1.685672247744661831e+02 2.412789513632610010e+02
1.676371595302092601e+02 2.416902581978204694e+02
1.666876779685589156e+02 2.420627761544265866e+02
1.657207987324652834e+02 2.423643531871314281e+02
1.647396796092704108e+02 2.425673209984249468e+02
1.637495955213810532e+02 2.426488238115625222e+02
1.627576827275245250e+02 2.425915289984578749e+02
1.617674215107676616e+02 2.423858822775693795e+02
1.607790013388201658e+02 2.420301814902715023e+02
1.597917128320309246e+02 2.415303467202215302e+02
1.588063189695650976e+02 2.409005816247934035e+02
1.578268304623611868e+02 2.401628563897569961e+02
1.568597224364968383e+02 2.393449999116639901e+02
1.559110503033470536e+02 2.384782629841375012e+02
1.549878731086085679e+02 2.375936460847037495e+02
1.540956318180565177e+02 2.367171536136910390e+02
1.532347871522984804e+02 2.358666317067180671e+02
1.524035854724965020e+02 2.350514757878213175e+02
1.515987426916696847e+02 2.342722907145890758e+02
1.508159896355135459e+02 2.335238343476910359e+02
1.500497380032331307e+02 2.328004438931855589e+02
1.492924190755160225e+02 2.320989665914926263e+02
1.485365584443289606e+02 2.314162379619988315e+02
1.477759049823177691e+02 2.307544351321239731e+02
1.470077474573818108e+02 2.301190212919156011e+02
1.462310229635154144e+02 2.295160709889967734e+02
1.454439935993086408e+02 2.289501027921329523e+02
1.446480268339651047e+02 2.284212560891900807e+02
1.438444093936174397e+02 2.279251441327557473e+02
1.430303373821676587e+02 2.274544425662254525e+02
1.422027072296966708e+02 2.269992551930692457e+02
1.413596026131149586e+02 2.265485736935780494e+02
1.404994078205792505e+02 2.260924510052589653e+02
1.396260470050491733e+02 2.256220324382501303e+02
1.387470721784374064e+02 2.251305103934099634e+02
1.378706768011666668e+02 2.246139297359367788e+02
1.370019261014178653e+02 2.240710475847115219e+02
1.361412977489599143e+02 2.235021181534078210e+02
1.352855624166409427e+02 2.229063805897760346e+02
1.344282414135404338e+02 2.222797465488018247e+02
1.335641791538206746e+02 2.216125329340965493e+02
1.326925685320171056e+02 2.208945987328523870e+02
1.318204265476594514e+02 2.201196382042247706e+02
1.309632955297304875e+02 2.192919061716876854e+02
1.301443285789906383e+02 2.184217952812071530e+02
1.293890842794410787e+02 2.175228318786995487e+02
1.287226705387257368e+02 2.166093881515681403e+02
1.281701701529716502e+02 2.156927032614561881e+02
1.277523606553331490e+02 2.147795358044473062e+02
1.274841627756464959e+02 2.138768298028739423e+02
1.273733782210046570e+02 2.129906221797467083e+02
1.274228496262919066e+02 2.121314267292862610e+02
1.276338976943544878e+02 2.113145333299745516e+02
1.280051849471616663e+02 2.105569963430578184e+02
1.285325282721441340e+02 2.098722776620964510e+02
1.292056647438448636e+02 2.092686443374147416e+02
1.300071711946415292e+02 2.087480877270933206e+02
1.309145948800916130e+02 2.083049684777120660e+02
