1.294592033745967115e+02 2.081214491233051547e+02
1.302390297562885451e+02 2.075998812739486539e+02
1.311336420928008977e+02 2.071898858503340364e+02
1.321146715244626648e+02 2.068822226486778391e+02
1.331503312614737808e+02 2.066603517108420647e+02
1.342129389110987745e+02 2.065057589576857424e+02
1.352810095188293928e+02 2.064007403350183267e+02
1.363422107809518025e+02 2.063276077709802792e+02
1.373899239454044334e+02 2.062692821744322487e+02
1.384205737912840277e+02 2.062104159992350390e+02
1.394351348281592209e+02 2.061368862880107145e+02
1.404373909352043199e+02 2.060356195577346057e+02
1.414310498299074084e+02 2.059000621076943389e+02
1.424175738163073390e+02 2.057312197847460311e+02
1.433990190458231098e+02 2.055386846867489226e+02
1.443782238877223847e+02 2.053356980154574103e+02
1.453586907161347881e+02 2.051385986042282070e+02
1.463445395890056204e+02 2.049666068269266361e+02
1.473395793120011206e+02 2.048374910426047109e+02
1.483458563950555060e+02 2.047607983708850270e+02
1.493627768388700190e+02 2.047337577612748873e+02
1.503884884303875822e+02 2.047477285033988892e+02
1.514206443064646521e+02 2.047917623077840119e+02
1.524563635495421465e+02 2.048524194817620128e+02
1.534934969469136092e+02 2.049196737897110836e+02
1.545316818949139304e+02 2.049918336588181660e+02
1.555725777769054332e+02 2.050766402347256872e+02
1.566188984612441573e+02 2.051867539132625780e+02
1.576724993049496106e+02 2.053308300716204826e+02
1.587336343401848353e+02 2.055100537885563767e+02
1.598003608077752915e+02 2.057153619493854819e+02
1.608696141827568908e+02 2.059324583193676403e+02
1.619381633101576767e+02 2.061462693224989380e+02
1.630037093246602637e+02 2.063460705827017705e+02
1.640656536158209633e+02 2.065290695381528963e+02
1.651248314296545061e+02 2.066991626730491021e+02
1.661827533353022659e+02 2.068633969037277893e+02
1.672406798520948712e+02 2.070276526457370778e+02
1.682984611178239618e+02 2.071912307808333935e+02
1.693538035071094612e+02 2.073434313776330100e+02
1.704034217888258809e+02 2.074689285908916077e+02
1.714440064185383505e+02 2.075522831519855345e+02
1.724750769411111264e+02 2.075854377930861858e+02
1.735011791024933245e+02 2.075715641872167225e+02
1.745280178050803102e+02 2.075304010421783687e+02
1.755589540199008241e+02 2.074896839772852104e+02
1.765945928447367805e+02 2.074780471955413930e+02
1.776328767005517193e+02 2.075164075711279565e+02
1.786703580673253100e+02 2.076157721876600419e+02
1.797034676004798257e+02 2.077779012693520144e+02
1.807297428537447672e+02 2.079989362309236185e+02
1.817494884772870023e+02 2.082718153620100168e+02
1.827669989897930236e+02 2.085877032887510154e+02
1.837853513515941586e+02 2.089379816549158306e+02
1.848050911164207832e+02 2.093187975316020584e+02
1.858246389244158081e+02 2.097301591310915683e+02
1.868414389997430192e+02 2.101739223614842729e+02
1.878524525969282877e+02 2.106478770431622536e+02
1.888559168384416864e+02 2.111454690898571016e+02
1.898521518627950400e+02 2.116573998575636892e+02
1.908432153465196564e+02 2.121721328100474295e+02
1.918322117797555677e+02 2.126772228197087315e+02
1.928238551518014958e+02 2.131677331911050715e+02
1.938228935326254145e+02 2.136446782716024870e+02
1.948332142004945808e+02 2.141154003869683038e+02
1.958566071650047320e+02 2.145899199311391499e+02
1.968919143989979830e+02 2.150748004140070293e+02
1.979357752722601447e+02 2.155681430386994464e+02
1.989846276326380234e+02 2.160607061453525546e+02
2.000366737338758867e+02 2.165377051379826980e+02
2.010930630777475585e+02 2.169815299241803928e+02
2.021565770986282473e+02 2.173762864802947092e+02
2.032266602585681881e+02 2.177109002550215280e+02
2.043000620247183861e+02 2.179778361811284242e+02
2.053723834656187250e+02 2.181749843989024953e+02
2.064381703748385348e+02 2.183039906520092472e+02
2.074920581440764522e+02 2.183703442794592036e+02
2.085298374166704320e+02 2.183802196995644636e+02
2.095502414605728347e+02 2.183397639558353944e+02
2.105555082260259212e+02 2.182525421688468441e+02
2.115498395094907096e+02 2.181201214619189557e+02
2.125354620170676867e+02 2.179470736738439314e+02
2.135143426116433147e+02 2.177425743648981893e+02
2.144893362206872780e+02 2.175199419820685875e+02
2.154637345728474997e+02 2.172945326820197920e+02
2.164402333014979831e+02 2.170789217930462200e+02
2.174209340407140303e+02 2.168829135929496488e+02
2.184067975854094357e+02 2.167109902607908225e+02
2.193979243327839868e+02 2.165636201569036530e+02
2.203933446848291169e+02 2.164362800351416070e+02
2.213914342609640471e+02 2.163213920404170665e+02
2.223897992482064581e+02 2.162077888588003134e+02
2.233871466396140875e+02 2.160894385176415540e+02
2.243833416639980953e+02 2.159657122994154577e+02
2.253785274764471183e+02 2.158372780331575314e+02
2.263724424992882405e+02 2.157029154397517345e+02
2.273649085746513094e+02 2.155617933996077511e+02
2.283557647316607415e+02 2.154131609717311449e+02
2.293457022228527080e+02 2.152602429001320843e+02
2.303361008285320963e+02 2.151094759615901637e+02
2.313283520664635375e+02 2.149673516889991163e+02
2.323244047741489169e+02 2.148429615528885961e+02
2.333264377175414381e+02 2.147464696569535363e+02
2.343357594137979163e+02 2.146839803301373877e+02
2.353528739448921669e+02 2.146578451519867485e+02
2.363791765436647836e+02 2.146687570772766662e+02
2.374177187355281546e+02 2.147129171301375550e+02
2.384702351694618869e+02 2.147857265844504013e+02
2.395374890606435088e+02 2.148847677703467411e+02
2.406167093305337517e+02 2.150102337881366452e+02
2.417024350968841873e+02 2.151611914979222888e+02
2.427860101412751987e+02 2.153374550942375834e+02
2.438579014134933800e+02 2.155375202664001790e+02
2.449077831561695859e+02 2.157610415947342517e+02
2.459268899565995241e+02 2.160074097532803989e+02
2.469074211605641835e+02 2.162772526877008090e+02
2.478438689099332350e+02 2.165690459702942121e+02
2.487314632956981484e+02 2.168790922352347650e+02
2.495678380850186784e+02 2.172021019465176721e+02
2.503517745254766282e+02 2.175342025330921842e+02
2.510856894584836141e+02 2.178772936261306654e+02
2.517737515718593500e+02 2.182358938478636219e+02
2.524226605906618488e+02 2.186134617754763383e+02
2.530400149513507984e+02 2.190120473290571681e+02
2.536371758310974656e+02 2.194349464444797491e+02
2.542270244949123992e+02 2.198858001155269335e+02
2.548186686207789364e+02 2.203716999154905238e+02
2.554174132120117520e+02 2.208997221086978016e+02
2.560274683543980245e+02 2.214751127994810531e+02
2.566510612443511832e+02 2.221034623475010221e+02
2.572888195522436945e+02 2.227866397083225252e+02
2.579383914290824578e+02 2.235212974700627910e+02
2.585979611765986306e+02 2.243026008061688685e+02
2.592654539857737745e+02 2.251258133868869322e+02
2.599391506998130694e+02 2.259833684688015580e+02
2.606189716010518396e+02 2.268678950336592095e+02
2.613062096463496573e+02 2.277727290580086219e+02
2.620024439806239798e+02 2.286897982533682239e+02
2.627069243457629568e+02 2.296080595812627507e+02
2.634170721890017148e+02 2.305172730465927486e+02
2.641337005150645609e+02 2.314079106063629183e+02
2.648578648086028124e+02 2.322752204860467486e+02
2.655924250828516620e+02 2.331173633789013309e+02
2.663382843411616250e+02 2.339363762635590547e+02
2.670960587170280860e+02 2.347339454568690655e+02
2.678632175090193641e+02 2.355129360271139944e+02
2.686374785923220543e+02 2.362772867919254622e+02
2.694143449091242246e+02 2.370319206724929018e+02
2.701906255856528105e+02 2.377814703706805801e+02
2.709606535453071388e+02 2.385307393881073494e+02
2.717205034764302809e+02 2.392838111625891315e+02
2.724705699054458705e+02 2.400454365290947578e+02
2.732154894199937871e+02 2.408224361732245029e+02
2.739597334218502169e+02 2.416205309739453355e+02
2.747032282094911579e+02 2.424444678179302173e+02
2.754465607705073467e+02 2.432936309978067868e+02
2.761906525514099258e+02 2.441631348593377311e+02
2.769353369600872838e+02 2.450427603312801068e+02
2.776782781890585738e+02 2.459198549534615665e+02
2.784132029380743916e+02 2.467784550037603708e+02
2.791336315596128088e+02 2.476021541792110838e+02
2.798346248746975107e+02 2.483796905669638591e+02
2.805165871575799201e+02 2.491034032663320659e+02
2.811867017937682931e+02 2.497707246243718942e+02
2.818543079996163669e+02 2.503858759290264118e+02
2.825285857124071072e+02 2.509525501168616302e+02
2.832163075578947655e+02 2.514759819380522003e+02
2.839237673086872746e+02 2.519602743699759628e+02
2.846581783904298391e+02 2.524089589398462863e+02
2.854265587491797760e+02 2.528287201822869861e+02
2.862385410025577244e+02 2.532266414622311004e+02
2.871014104907701494e+02 2.536119047426536781e+02
2.880210738202873131e+02 2.539922315255463445e+02
2.889975646283765514e+02 2.543752215683088025e+02
2.900265843522299747e+02 2.547648153661874630e+02
2.910949454391221138e+02 2.551629899106108326e+02
2.921822313323543199e+02 2.555671446976704715e+02
2.932631435597726863e+02 2.559722914222757026e+02
2.943167294462581367e+02 2.563747837186538163e+02
2.953320414267886349e+02 2.567723486826951103e+02
2.963035989608575278e+02 2.571665855444496174e+02
2.972321839095553173e+02 2.575580405613978883e+02
2.981207539050440687e+02 2.579495569760539411e+02
2.989753744524006152e+02 2.583419495719243741e+02
2.998013467504656546e+02 2.587378302471413463e+02
3.006044570121072184e+02 2.591371593451244735e+02
3.013870356143032154e+02 2.595408558371143499e+02
3.021510381237121123e+02 2.599463773698618070e+02
3.028989019737187505e+02 2.603524610108685806e+02
3.036350582025968947e+02 2.607579217028301173e+02
3.043619565959602369e+02 2.611613537532311398e+02
3.050788174609796215e+02 2.615612572677113121e+02
3.057826435643377181e+02 2.619577817803517519e+02
3.064705489378516745e+02 2.623521493270142741e+02
3.071426228820740221e+02 2.627449482591341052e+02
3.077985943401995428e+02 2.631362356574293244e+02
3.084383963413631591e+02 2.635251361140503832e+02
3.090653132755460888e+02 2.639119570577706213e+02
3.096887544712587328e+02 2.642977783019931621e+02
3.103230149814484093e+02 2.646846062051684498e+02
3.109843970215956688e+02 2.650746407298923373e+02
3.116869273116085992e+02 2.654699437087532488e+02
3.124384889736809896e+02 2.658716459774948362e+02
3.132381070661947433e+02 2.662797080033250268e+02
3.140771451011081581e+02 2.666924424939439859e+02
3.149447881525536559e+02 2.671076800433328344e+02
3.158295403470450537e+02 2.675255612814767119e+02
3.167203981521047353e+02 2.679424834968949085e+02
3.176038470693766271e+02 2.683542848507890994e+02
3.184685815363937991e+02 2.687559536395261830e+02
3.193040349772810487e+02 2.691461498256910545e+02
3.201039203963327964e+02 2.695257925643289241e+02
3.208626252463531614e+02 2.699004263877893095e+02
3.215770429024964301e+02 2.702779396550313322e+02
3.222479188482087125e+02 2.706700115351792419e+02
3.228836701680295960e+02 2.710899299837510625e+02
3.234993475735556103e+02 2.715490710979880760e+02
3.241119571646626127e+02 2.720547171986747799e+02
3.247359675381018178e+02 2.726086441501225863e+02
3.253814752380603750e+02 2.732073704090708475e+02
3.260569212500374761e+02 2.738424297113609782e+02
3.267663865540246206e+02 2.745035801991385256e+02
3.275091747004528315e+02 2.751782025428255452e+02
3.282798858900107462e+02 2.758559537865390894e+02
3.290702427951134155e+02 2.765295510686813714e+02
3.298734900622256419e+02 2.771940596835252109e+02
3.306837032254345559e+02 2.778480393933656956e+02
3.314941181341201286e+02 2.784866003323160157e+02
3.322959802019441895e+02 2.791031530737664070e+02
3.330830222053149328e+02 2.796897251251046441e+02
3.338534694859209822e+02 2.802420834244510388e+02
3.346092688812818210e+02 2.807606983680981330e+02
3.353550027974591785e+02 2.812536264480050363e+02
3.360953590335803938e+02 2.817339149221343746e+02
3.368343810062760895e+02 2.822184514125197552e+02
3.375795799082799249e+02 2.827211261246570757e+02
3.383381474427230273e+02 2.832524399438457863e+02
3.391182939282621192e+02 2.838182562466349168e+02
3.399240662938514674e+02 2.844197775167206146e+02
3.407562050920959109e+02 2.850541082198103595e+02
3.416080568408540330e+02 2.857168890797721588e+02
3.424703609448690713e+02 2.864045804711330447e+02
3.433333883831084563e+02 2.871168011029957370e+02
3.441907204692850542e+02 2.878559455037789121e+02
3.450375240134759451e+02 2.886242616301479984e+02
3.458701943292596752e+02 2.894244898858692068e+02
3.466857802677228051e+02 2.902566083371615377e+02
3.474833493977261583e+02 2.911172404181407956e+02
3.482642638295295683e+02 2.919968528790127493e+02
3.490291905988534609e+02 2.928839628504343864e+02
3.497805108884074343e+02 2.937689342023783183e+02
3.505222817445028909e+02 2.946468381077805816e+02
3.512559557604957376e+02 2.955186446545453691e+02
3.519794250163055267e+02 2.963875261208656866e+02
3.526849095252280222e+02 2.972590160856813100e+02
3.533615600510952390e+02 2.981366868710060771e+02
3.539998979194272692e+02 2.990225703149496894e+02
3.545942265387736256e+02 2.999178875325138733e+02
3.551439553253314330e+02 3.008227651205851316e+02
3.556510965662969284e+02 3.017367717275202494e+02
3.561162340009586842e+02 3.026597822236150819e+02
3.565359531944824312e+02 3.035925285233197428e+02
3.569086495971650947e+02 3.045353545761224154e+02
3.572344708549573511e+02 3.054882287328013604e+02
3.575140466631724507e+02 3.064510160125703351e+02
3.577484985443632013e+02 3.074234760071033179e+02
3.579394897154979276e+02 3.084052521910625728e+02
3.580891302425480944e+02 3.093958922530554219e+02
3.581996406815013643e+02 3.103949201971722687e+02
3.582727556278320549e+02 3.114019641974582555e+02
3.583102262994059970e+02 3.124166488648011750e+02
3.583146262335898768e+02 3.134384225385960008e+02
3.582858087622206540e+02 3.144673166584668706e+02
3.582216951085349592e+02 3.155037768286866822e+02
3.581181521636998468e+02 3.165486890178638077e+02
3.579726213539070727e+02 3.176038483708579179e+02
3.577833566206775799e+02 3.186734950404715505e+02
3.575484749351141431e+02 3.197607530974740939e+02
3.572663478813622646e+02 3.208672530714742379e+02
3.569355376353020688e+02 3.219904907015430808e+02
3.565550689918791250e+02 3.231266608679582077e+02
3.561240453192227164e+02 3.242699585601866374e+02
3.556405360891029659e+02 3.254104425961178890e+02
3.551022102755496235e+02 3.265369189075492500e+02
3.545065703469572895e+02 3.276371971969504671e+02
3.538528845408780512e+02 3.287010506800408507e+02
3.531433889493070524e+02 3.297194593223088646e+02
3.523834522330143386e+02 3.306879546101834535e+02
3.515784818088574184e+02 3.316069626269067498e+02
3.507363513098812291e+02 3.324787483898463165e+02
3.498676797203493152e+02 3.333050252437445806e+02
3.489819166706724900e+02 3.340869083397583950e+02
3.480876905028034685e+02 3.348244534375825197e+02
3.471902933730079894e+02 3.355178065579734152e+02
3.462926292446364300e+02 3.361673945180565966e+02
3.453938051616625557e+02 3.367750297370812405e+02
3.444917406392410157e+02 3.373436975913735409e+02
3.435832864795272030e+02 3.378767414077100852e+02
3.426676716310183792e+02 3.383763800832449533e+02
3.417449593921579094e+02 3.388429089098795544e+02
3.408148081190300331e+02 3.392747340935761713e+02
3.398765248823186766e+02 3.396686230680225549e+02
3.389297051588598038e+02 3.400226887028549640e+02
3.379750123247229112e+02 3.403400256963124093e+02
3.370135641633449950e+02 3.406258485904829172e+02
3.360464105485749542e+02 3.408850551242225038e+02
3.350744496056758521e+02 3.411218351180536956e+02
3.340984702596161924e+02 3.413398689650798019e+02
3.331191295985406668e+02 3.415422220299071796e+02
3.321368183121784341e+02 3.417307169089078798e+02
3.311510495055504748e+02 3.419030822011311557e+02
3.301592034772543229e+02 3.420529127157474250e+02
3.291554003932898240e+02 3.421708131606841334e+02
3.281345809692226680e+02 3.422458725927182854e+02
3.270934110670106065e+02 3.422685151371372285e+02
3.260333830108801294e+02 3.422325822105482871e+02
3.249593265850243142e+02 3.421360628339243135e+02
3.238796766729089427e+02 3.419781102688639294e+02
3.228042270640301581e+02 3.417614451940145841e+02
3.217441442113068319e+02 3.414903349357302886e+02
3.207097137380692402e+02 3.411724807145447471e+02
3.197106987598755268e+02 3.408164096115293660e+02
3.187545568107478857e+02 3.404327414360659532e+02
3.178473103543207117e+02 3.400310168135937943e+02
3.169922356957545162e+02 3.396207708345423271e+02
3.161911858294852209e+02 3.392088348557035147e+02
3.154432217860333481e+02 3.388002036273530848e+02
3.147454268034127836e+02 3.383961988535106116e+02
3.140918485812299537e+02 3.379968487481189641e+02
3.134750238734090431e+02 3.376007340641905898e+02
3.128856467581290985e+02 3.372083308742618328e+02
3.123143725620722648e+02 3.368202779878395745e+02
3.117513862980150634e+02 3.364373436664671999e+02
3.111905097192146172e+02 3.360614935156968386e+02
3.106283557970237439e+02 3.356928573313016955e+02
3.100614355622867606e+02 3.353300015498087987e+02
3.094874109806641513e+02 3.349663798079204753e+02
3.089047101258728958e+02 3.345974404755152705e+02
3.083143151143430032e+02 3.342189578408996908e+02
3.077165417397995384e+02 3.338264174380670966e+02
3.071083879183000249e+02 3.334175224794780092e+02
3.064874798181559186e+02 3.329891808310612191e+02
3.058500546175209820e+02 3.325389867335281906e+02
3.051942947256556522e+02 3.320630078022458065e+02
3.045181055269538319e+02 3.315579181888315361e+02
3.038219325199298169e+02 3.310192932363413547e+02
3.031060272008758147e+02 3.304440170200945772e+02
3.023741213155333298e+02 3.298285630441361036e+02
3.016309461712461371e+02 3.291719447240454315e+02
3.008802412193641089e+02 3.284749559134625088e+02
3.001246438118026276e+02 3.277417224747061937e+02
2.993657841339330616e+02 3.269769390025040252e+02
2.986048335278211425e+02 3.261866615040194688e+02
2.978427549926186089e+02 3.253759311119263202e+02
2.970809256150813553e+02 3.245496214463437354e+02
2.963202784802660972e+02 3.237104728031092122e+02
2.955615000120367881e+02 3.228605757456107312e+02
2.948032099481226851e+02 3.220005810280751462e+02
2.940426812544230302e+02 3.211322994519861709e+02
2.932809228643278061e+02 3.202574558600655905e+02
2.925206205026170210e+02 3.193807691484137194e+02
2.917676640513664665e+02 3.185065096665633746e+02
2.910253248803044244e+02 3.176365605727930301e+02
2.902956720947431108e+02 3.167690046010266087e+02
2.895814970082697641e+02 3.158993775387401683e+02
2.888832471509334709e+02 3.150263367620643180e+02
2.882019091105772759e+02 3.141496707871271497e+02
2.875349015275324973e+02 3.132699329513136490e+02
2.868769942151071177e+02 3.123882443916207876e+02
2.862225169821201689e+02 3.115058205639179505e+02
2.855658162597823093e+02 3.106238733609171732e+02
2.849020001759641900e+02 3.097434513988823142e+02
2.842271536685016713e+02 3.088653939061805431e+02
2.835374995433041931e+02 3.079905105579323390e+02
2.828301709266789885e+02 3.071194158939909471e+02
2.821080346923188245e+02 3.062514953745030652e+02
2.813736761110430962e+02 3.053861948236938701e+02
2.806285061305798081e+02 3.045232117923790156e+02
2.798785117453420526e+02 3.036612629151010196e+02
2.791295313260044395e+02 3.027990966852214569e+02
2.783886421003247733e+02 3.019351960360766043e+02
2.776645121567357819e+02 3.010677028858795552e+02
2.769655025583151655e+02 3.001948249664567356e+02
2.762976032328394922e+02 2.993152782835580297e+02
2.756611691172630572e+02 2.984289867532930884e+02
2.750492070735747347e+02 2.975374494169409445e+02
2.744527214544447133e+02 2.966425945714491945e+02
2.738649704133143814e+02 2.957458673915409690e+02
2.732816673286735067e+02 2.948481867526311930e+02
2.727049877782731073e+02 2.939490863002951073e+02
2.721393464738190460e+02 2.930476197018459175e+02
2.715919399331751265e+02 2.921422443197257053e+02
2.710656474445327149e+02 2.912310962610965817e+02
2.705586490744348112e+02 2.903106997752178131e+02
2.700665553433416335e+02 2.893792753592458666e+02
2.695832672104936591e+02 2.884368489325692622e+02
2.691031237609223012e+02 2.874874464339256406e+02
2.686215838179203388e+02 2.865373021603173811e+02
2.681362615535769010e+02 2.855955439245261687e+02
2.676459479491111324e+02 2.846716414783221580e+02
2.671495808664238893e+02 2.837760742140378625e+02
2.666447635835431811e+02 2.829179906885971150e+02
2.661285639209214082e+02 2.821059547006955768e+02
2.655991445587762882e+02 2.813455411796618364e+02
2.650519848339938562e+02 2.806416965155946173e+02
2.644844176373233609e+02 2.799962248008544066e+02
2.638962204793970159e+02 2.794095623604132470e+02
2.632884432938295731e+02 2.788794744930820571e+02
2.626656144807291184e+02 2.784017904150662162e+02
2.620372793460447838e+02 2.779685056569057338e+02
2.614123287097285129e+02 2.775718020662880008e+02
2.608002836716814841e+02 2.772040966082880686e+02
2.602054013959927374e+02 2.768577155409296324e+02
2.596243218747298442e+02 2.765246798823419567e+02
2.590501415301150701e+02 2.761958137890288754e+02
2.584734226454896771e+02 2.758605966973993873e+02
2.578869142579752634e+02 2.755060613593902872e+02
2.572858070878735930e+02 2.751218190306219640e+02
2.566683404148978411e+02 2.747002044919148034e+02
2.560376462688462880e+02 2.742390634254315955e+02
2.553975382293836844e+02 2.737395450409617297e+02
2.547509603120135750e+02 2.732025349516911774e+02
2.540980500755463254e+02 2.726325680559180569e+02
2.534362688277188056e+02 2.720330971515792271e+02
2.527598116319538804e+02 2.714080726871725346e+02
2.520620582431307071e+02 2.707620023759255901e+02
2.513362501435512684e+02 2.701036248917951070e+02
2.505785061576490023e+02 2.694459415069198940e+02
2.497872187986844210e+02 2.688092111426526571e+02
2.489633809297372409e+02 2.682130371314373747e+02
2.481084674663379701e+02 2.676759652786805646e+02
2.472253479243926222e+02 2.672131855441735979e+02
2.463152288230376143e+02 2.668334085264938267e+02
2.453786726509967480e+02 2.665362477448063601e+02
2.444153211442162501e+02 2.663171501570658393e+02
2.434252679386866589e+02 2.661637995670127452e+02
2.424090533802545337e+02 2.660607966662741433e+02
2.413708081028164827e+02 2.659938420627087226e+02
2.403173844386903966e+02 2.659524209675497559e+02
2.392590342010693121e+02 2.659291721162148860e+02
2.382040731643633080e+02 2.659168772085605497e+02
2.371563711562416756e+02 2.659090469976497388e+02
2.361167785038059037e+02 2.658965279362016645e+02
2.350818554318764768e+02 2.658692513444759697e+02
2.340464259102149356e+02 2.658157616514712345e+02
2.330052497963735902e+02 2.657296477733376037e+02
2.319564483160924055e+02 2.656079609989533878e+02
2.309009405543839080e+02 2.654549889276165118e+02
2.298400224525552744e+02 2.652767772210052044e+02
2.287751062785230260e+02 2.650799142130008477e+02
2.277073812884697759e+02 2.648699478713152757e+02
2.266372526343520235e+02 2.646487682596755917e+02
2.255644080159032114e+02 2.644149184743293972e+02
2.244886015752626065e+02 2.641672515702421720e+02
2.234096979124488485e+02 2.639051358965253371e+02
2.223282514128343337e+02 2.636311577017861509e+02
2.212438628508712952e+02 2.633492704786530112e+02
2.201534174027041217e+02 2.630629779110939808e+02
2.190560749237799882e+02 2.627752357450605700e+02
2.179554573931898744e+02 2.624908843380256940e+02
2.168575343673528550e+02 2.622119607332288069e+02
2.157685237259696009e+02 2.619369561656030214e+02
2.146937578993264992e+02 2.616636567967980227e+02
2.136357936665064869e+02 2.613855787099635677e+02
2.125952781498818922e+02 2.610981118706490633e+02
2.115711355324256147e+02 2.607989045297769621e+02
2.105608656550925843e+02 2.604871283143938854e+02
2.095599227635865418e+02 2.601634856046513278e+02
2.085609993505326543e+02 2.598303896392378078e+02
2.075580210823838456e+02 2.594906152177782133e+02
2.065467370954131070e+02 2.591470514850551581e+02
2.055271436868983415e+02 2.588016802372966936e+02
2.045012398720318174e+02 2.584560406750294987e+02
2.034738243972987561e+02 2.581107251504884630e+02
2.024502465036895273e+02 2.577662080125193143e+02
2.014374146787054087e+02 2.574229760726296945e+02
2.004417717742813920e+02 2.570816292507678895e+02
1.994719522137027354e+02 2.567422946159367712e+02
1.985387272875770464e+02 2.564053826503467803e+02
1.976529831589604669e+02 2.560720257955706529e+02
1.968211946391905940e+02 2.557394186327192642e+02
1.960432822788806391e+02 2.554060216174461857e+02
1.953156008283588676e+02 2.550698057155400420e+02
1.946299958900140155e+02 2.547295673337983999e+02
1.939710458369710295e+02 2.543832163809491362e+02
1.933221014845045431e+02 2.540287090876844331e+02
1.926701825122121932e+02 2.536621475146448006e+02
1.920026955438777634e+02 2.532798310019596499e+02
1.913082373137175694e+02 2.528738540465794813e+02
1.905770330158753154e+02 2.524353105999712739e+02
1.898047487497063059e+02 2.519571985031678309e+02
1.889919692384639518e+02 2.514374840259222879e+02
1.881473419372890135e+02 2.508798760662633356e+02
1.872844187750941956e+02 2.502904572833749057e+02
1.864161324782083398e+02 2.496776746361595656e+02
1.855531052476447940e+02 2.490482899328541748e+02
1.847015676426256618e+02 2.484083250226580901e+02
1.838684837992460928e+02 2.477590320531058978e+02
1.830595796889158464e+02 2.470968507942311874e+02
1.822783620782140872e+02 2.464150486913806617e+02
1.815237672486719873e+02 2.457105002735466996e+02
1.807912754380023159e+02 2.449850549511399720e+02
1.800718158069634569e+02 2.442470460512543013e+02
1.793545427602569475e+02 2.435061650530141151e+02
1.786286782658480377e+02 2.427764549309426911e+02
1.778871903760489204e+02 2.420717242836552145e+02
1.771258362368283485e+02 2.414085209678004844e+02
1.763409447683567350e+02 2.408029542556427600e+02
1.755299293022470692e+02 2.402745367245786099e+02
1.746921660140024528e+02 2.398464224302570074e+02
1.738318910381794637e+02 2.395417893238604563e+02
1.729528740307042938e+02 2.393798643690129211e+02
1.720553996301491395e+02 2.393720327977666784e+02
1.711419073970086515e+02 2.395164881590172001e+02
1.702130803180322118e+02 2.397951425269823176e+02
1.692685174671868822e+02 2.401716690333919360e+02
1.683093896916359995e+02 2.405981274105587886e+02
1.673394428433421979e+02 2.410230411278978409e+02
1.663652547682163458e+02 2.413979112142739041e+02
1.653960771105930689e+02 2.416831911307346843e+02
1.644427162162824345e+02 2.418522503708968543e+02
1.635155283778619264e+02 2.418916548812749738e+02
1.626206700689764375e+02 2.417996953119164800e+02
1.617598681273216243e+02 2.415839122145633269e+02
1.609318173917208128e+02 2.412572200059387910e+02
1.601344262276767267e+02 2.408329481650697517e+02
1.593655759427489897e+02 2.403220193820711188e+02
1.586220001449617030e+02 2.397397924375408707e+02
1.579013281878233101e+02 2.391057428071140407e+02
1.572005791304440550e+02 2.384442518533739417e+02
1.565182889738911740e+02 2.377790055454186984e+02
1.558521503141069218e+02 2.371279757038716127e+02
1.551958451943880846e+02 2.365007730319378538e+02
1.545404640954477884e+02 2.358935014007596465e+02
1.538762823585693695e+02 2.352952558507844287e+02
1.531964737429429988e+02 2.346911668594775620e+02
1.524985882031077438e+02 2.340719374433369637e+02
1.517855285135266001e+02 2.334319821220414042e+02
1.510629298120150850e+02 2.327751891517297338e+02
1.503377931702374042e+02 2.321116328996550635e+02
1.496154860188404143e+02 2.314562000321081143e+02
1.489036153758444243e+02 2.308217917007367532e+02
1.482092009801121151e+02 2.302187554275775199e+02
1.475372935612280401e+02 2.296515261012045812e+02
1.468859036171050434e+02 2.291187711161078084e+02
1.462465205859762420e+02 2.286157980351367200e+02
1.456093231068843465e+02 2.281381258578509232e+02
1.449665823056988359e+02 2.276811257194139557e+02
1.443112355405105802e+02 2.272431575011523250e+02
1.436418465866847498e+02 2.268226165900913998e+02
1.429583815718974051e+02 2.264165300501965703e+02
1.422573232486098789e+02 2.260205842727986010e+02
1.415358125741964272e+02 2.256265323231175444e+02
1.407886073177469655e+02 2.252220706705591056e+02
1.400134873017350685e+02 2.247911215351536498e+02
1.392098492332875423e+02 2.243198684712761519e+02
1.383770221924112889e+02 2.237982158555994943e+02
1.375149684417076799e+02 2.232238502102464395e+02
1.366284178521390231e+02 2.225992134055410929e+02
1.357238788212256964e+02 2.219283695711218058e+02
1.348056462285857151e+02 2.212156292580050945e+02
1.338804013456826851e+02 2.204642361376648125e+02
1.329584156629158258e+02 2.196775458681553346e+02
1.320545583132570471e+02 2.188541455324007075e+02
1.311867244511405488e+02 2.179916575392298341e+02
1.303760965141951260e+02 2.170884355335470275e+02
1.296438810464324831e+02 2.161469771550542873e+02
1.290113071991785603e+02 2.151714647255925854e+02
1.284988338018827960e+02 2.141737370931867304e+02
1.281279258180768181e+02 2.131712714632652137e+02
1.279177752747121986e+02 2.121850400756342196e+02
1.278804514335689078e+02 2.112325439809218324e+02
1.280198586057361467e+02 2.103299836951667316e+02
1.283338525501661138e+02 2.094974662686828992e+02
1.288175768902440552e+02 2.087562252302202239e+02
1.294592033745967115e+02 2.081214491233051547e+02
