1.296402878653886148e+02 2.090194090347700921e+02
1.305931991487459811e+02 2.085380886417466968e+02
1.315902650537104250e+02 2.081322989082645449e+02
1.326098910075230322e+02 2.077942743238855314e+02
1.336357869293836984e+02 2.075141469219740316e+02
1.346588798796571496e+02 2.072795885549247998e+02
1.356744561514576617e+02 2.070774113892389323e+02
1.366800603984225972e+02 2.068948881842398464e+02
1.376764480484051205e+02 2.067194241942867166e+02
1.386672240653705614e+02 2.065428826288691653e+02
1.396560597370806533e+02 2.063630939419124388e+02
1.406441920799071852e+02 2.061808604104859342e+02
1.416310958089134431e+02 2.059943560894273844e+02
1.426157430244182081e+02 2.058000078923616343e+02
1.435974527912641179e+02 2.055954488177441135e+02
1.445771515461999286e+02 2.053838992562266696e+02
1.455570938674669037e+02 2.051731963566502657e+02
1.465392075507824927e+02 2.049700413377601080e+02
1.475246670226787558e+02 2.047785166285293030e+02
1.485155320616177050e+02 2.046022845127655501e+02
1.495157986940456283e+02 2.044438019905990416e+02
1.505291838621518536e+02 2.043067551235812971e+02
1.515584300930807160e+02 2.041946909469338607e+02
1.526022926248536464e+02 2.041120756707519774e+02
1.536545112347311886e+02 2.040614042772507162e+02
1.547058001809186862e+02 2.040431982827986417e+02
1.557461542667378183e+02 2.040556555407788437e+02
1.567680108405894259e+02 2.040989392252955099e+02
1.577665106615848174e+02 2.041721600906082585e+02
1.587399296919034555e+02 2.042737163422254980e+02
1.596890666925190487e+02 2.044002065761861786e+02
1.606174085520412689e+02 2.045493519671736351e+02
1.615302724330148862e+02 2.047199766718849503e+02
1.624333738299687582e+02 2.049099130659776904e+02
1.633323952195931099e+02 2.051168896029157622e+02
1.642323203783524548e+02 2.053373779167670250e+02
1.651382155360714421e+02 2.055682483876881008e+02
1.660553049944223574e+02 2.058068087404262201e+02
1.669888761605300260e+02 2.060494141254787337e+02
1.679440011931086758e+02 2.062916606161912796e+02
1.689255508710858464e+02 2.065273229725974602e+02
1.699380732938897438e+02 2.067463812617338590e+02
1.709831938336167525e+02 2.069390621980450078e+02
1.720595898807805497e+02 2.070991803530779691e+02
1.731610003769167747e+02 2.072262726459480291e+02
1.742777226072575729e+02 2.073258857327770102e+02
1.753962590966008293e+02 2.074076360143035060e+02
1.765019628334621586e+02 2.074804029765249993e+02
1.775811978297882661e+02 2.075527898236590261e+02
1.786253008974570946e+02 2.076323000900437137e+02
1.796297576667352871e+02 2.077252115274191056e+02
1.805926468296263465e+02 2.078364201394191468e+02
1.815133657298626986e+02 2.079697558144785035e+02
1.823912423823316828e+02 2.081285397824912025e+02
1.832253982179411480e+02 2.083156428301700203e+02
1.840165987623531976e+02 2.085325106640759714e+02
1.847659476438186630e+02 2.087794855073585722e+02
1.854763751122919473e+02 2.090551676924841900e+02
1.861514606689037805e+02 2.093570686134865753e+02
1.867968023418583812e+02 2.096814186829580251e+02
1.874176471478545523e+02 2.100244181817296578e+02
1.880185992300371254e+02 2.103822535850667350e+02
1.886040503382834004e+02 2.107501090199419309e+02
1.891786043680737066e+02 2.111205530162176842e+02
1.897483579127407438e+02 2.114883479310334451e+02
1.903201685728329551e+02 2.118492556884436908e+02
1.909016828087119393e+02 2.122034261448401651e+02
1.914998152166477894e+02 2.125514600667513037e+02
1.921203545279834373e+02 2.128933976342575818e+02
1.927681130645781309e+02 2.132261489735226405e+02
1.934482582209928694e+02 2.135456375905320385e+02
1.941660700898123366e+02 2.138469887205430098e+02
1.949257786960914416e+02 2.141299750465191210e+02
1.957326963187394142e+02 2.144014770817254032e+02
1.965912027052171425e+02 2.146732251809808645e+02
1.975048573441182214e+02 2.149563771570618371e+02
1.984737150147431919e+02 2.152570482129271454e+02
1.994943453245516025e+02 2.155724687875974723e+02
2.005592373005545710e+02 2.158938883449886816e+02
2.016584290446061232e+02 2.162074873764505867e+02
2.027794896032025918e+02 2.164980110386543970e+02
2.039091754167189947e+02 2.167482478850176335e+02
2.050345548640062816e+02 2.169449934038698302e+02
2.061450110613507150e+02 2.170783365029799654e+02
2.072332335932970864e+02 2.171464198708849835e+02
2.082966908027522948e+02 2.171532766195797706e+02
2.093363147828411570e+02 2.171074385964849114e+02
2.103562135250775214e+02 2.170171993332197076e+02
2.113612253167575545e+02 2.168901428037450785e+02
2.123559452856210896e+02 2.167308085466999898e+02
2.133421819027578294e+02 2.165419852752854695e+02
2.143211975108102365e+02 2.163280610240334454e+02
2.152956564102701691e+02 2.160982971790112970e+02
2.162692090549815020e+02 2.158653830980724138e+02
2.172463587956457900e+02 2.156449728973995548e+02
2.182313753694007517e+02 2.154519086280899387e+02
2.192277336743351270e+02 2.152982693979033400e+02
2.202367377994205526e+02 2.151885883559609169e+02
2.212569039529439010e+02 2.151177076876912793e+02
2.222830796426082429e+02 2.150677167931008853e+02
2.233085912615263169e+02 2.150154175194160189e+02
2.243272343651991889e+02 2.149392425711997987e+02
2.253358771495413748e+02 2.148283054711905038e+02
2.263352174141213311e+02 2.146850318433825464e+02
2.273280109695961642e+02 2.145190011727110573e+02
2.283181557066615142e+02 2.143437629333032532e+02
2.293091690991326459e+02 2.141715442305794568e+02
2.303039214144896789e+02 2.140123224133154451e+02
2.313040977115161638e+02 2.138719549213866742e+02
2.323091276413572643e+02 2.137484591627566033e+02
2.333163905851105824e+02 2.136327255931133777e+02
2.343234028830019611e+02 2.135126230316354281e+02
2.353308982655553621e+02 2.133792683979719413e+02
2.363407853124492988e+02 2.132300616971978116e+02
2.373569240254143722e+02 2.130724344226109963e+02
2.383824565648297948e+02 2.129226008456460022e+02
2.394187458467092142e+02 2.127981320201397750e+02
2.404631747382732669e+02 2.127134849741415223e+02
2.415105320907379394e+02 2.126775395131867867e+02
2.425527310688645457e+02 2.126939321061430519e+02
2.435816604233248484e+02 2.127632917516863245e+02
2.445891668466808824e+02 2.128887308705500629e+02
2.455684759326607605e+02 2.130754458912830955e+02
2.465170029054273186e+02 2.133296110649226875e+02
2.474341997139284786e+02 2.136587293456900625e+02
2.483213646319647410e+02 2.140698817985572759e+02
2.491826924155173799e+02 2.145667190029656695e+02
2.500226561388566608e+02 2.151473048446178495e+02
2.508469920855385169e+02 2.158017780835834856e+02
2.516619618579235294e+02 2.165132670054007349e+02
2.524727226425524691e+02 2.172629127784254592e+02
2.532807244449956556e+02 2.180330947387131459e+02
2.540867806120882619e+02 2.188123273612463322e+02
2.548909722000163640e+02 2.195967580781937727e+02
2.556937205814142828e+02 2.203857537157222737e+02
2.564943657234423426e+02 2.211804416928534920e+02
2.572923131689969978e+02 2.219822822721502007e+02
2.580850575423236251e+02 2.227920034799364828e+02
2.588696982280255270e+02 2.236071255865256262e+02
2.596426924240853964e+02 2.244215222746007043e+02
2.603990468509333596e+02 2.252290204094528008e+02
2.611350800374673895e+02 2.260247406119690368e+02
2.618482480412388327e+02 2.268063253056783424e+02
2.625380943413291561e+02 2.275746435766817797e+02
2.632076327261312940e+02 2.283335307002657260e+02
2.638599282733533187e+02 2.290887436734463449e+02
2.644997503748325016e+02 2.298432069051387998e+02
2.651313840182701824e+02 2.305986709739326557e+02
2.657611518890720390e+02 2.313560265903657296e+02
2.663940962616699153e+02 2.321168064780117106e+02
2.670353294356085598e+02 2.328828301800455449e+02
2.676864150318193651e+02 2.336569974294864096e+02
2.683491345583722705e+02 2.344418476786368046e+02
2.690245068999718114e+02 2.352393926501314354e+02
2.697074996430943656e+02 2.360521705642383381e+02
2.703914994399554530e+02 2.368815574162633482e+02
2.710735769758858851e+02 2.377270463042749498e+02
2.717533653584099511e+02 2.385879550736636361e+02
2.724347291957976722e+02 2.394595705924643312e+02
2.731204889283037005e+02 2.403341035058405453e+02
2.738111160738063745e+02 2.412030541712179286e+02
2.745075659032018507e+02 2.420601760212580018e+02
2.752127615591143694e+02 2.429043159639446401e+02
2.759297232224610070e+02 2.437364739988924498e+02
2.766601127690975090e+02 2.445565456003153031e+02
2.774036492900893336e+02 2.453625596012565779e+02
2.781590139408982054e+02 2.461522971339681476e+02
2.789238613990856948e+02 2.469219605830588193e+02
2.796958081497997455e+02 2.476675219110473449e+02
2.804716271555571439e+02 2.483841260510874349e+02
2.812460165732047130e+02 2.490682962713546544e+02
2.820152652246916887e+02 2.497160410094385838e+02
2.827761083326763014e+02 2.503250217166636276e+02
2.835279270635994635e+02 2.508934091836305811e+02
2.842685222702689316e+02 2.514224895272185449e+02
2.849922814991032283e+02 2.519145172715005288e+02
2.856938549751201322e+02 2.523721500298117917e+02
2.863705054389993165e+02 2.528001168823391254e+02
2.870254540802995962e+02 2.532028510715556138e+02
2.876650234285082206e+02 2.535855470965598215e+02
2.882990506315823040e+02 2.539518680982263277e+02
2.889363425137951822e+02 2.543056393874212233e+02
2.895834679604155326e+02 2.546486870669140217e+02
2.902429993432123752e+02 2.549823824111055899e+02
2.909157171193179465e+02 2.553105705177404161e+02
2.916062525624121236e+02 2.556371208139211433e+02
2.923216950740277298e+02 2.559672205004252987e+02
2.930678140701674010e+02 2.563044958705379486e+02
2.938465444255052716e+02 2.566491041247518297e+02
2.946556428913283412e+02 2.569983909909989279e+02
2.954897703929078716e+02 2.573506167322185547e+02
2.963410211918414348e+02 2.577038476459221670e+02
2.971983736805377703e+02 2.580560870042614852e+02
2.980518254947286323e+02 2.584038388595754441e+02
2.988953071873176555e+02 2.587444414611350112e+02
2.997255206682496009e+02 2.590766521851083439e+02
3.005405646100152808e+02 2.594028285714639424e+02
3.013414825238149888e+02 2.597282582156265107e+02
3.021329745339529609e+02 2.600626563576096828e+02
3.029245840617800809e+02 2.604144271296065654e+02
3.037266354084583782e+02 2.607920413775322004e+02
3.045494276485688943e+02 2.611995309044294800e+02
3.053989609023669232e+02 2.616393526445508542e+02
3.062769741107700270e+02 2.621092103408362277e+02
3.071786266849014737e+02 2.626058525201848397e+02
3.080964302679253706e+02 2.631223941023575890e+02
3.090233445051490548e+02 2.636528960219564510e+02
3.099553821177123041e+02 2.641918499303822045e+02
3.108893944726921745e+02 2.647337039245632582e+02
3.118208971517601640e+02 2.652730083870584394e+02
3.127430109381168677e+02 2.658040588469696104e+02
3.136455973789611562e+02 2.663206545575837367e+02
3.145156425520825110e+02 2.668163148299178147e+02
3.153403461727264698e+02 2.672845818012287964e+02
3.161113392724996061e+02 2.677211483284926317e+02
3.168281460797601312e+02 2.681242990894816103e+02
3.174983294298979217e+02 2.684957886037496451e+02
3.181357457525627979e+02 2.688407001708510506e+02
3.187571417222366108e+02 2.691670888651989912e+02
3.193785362900975997e+02 2.694845312538270150e+02
3.200120657169360356e+02 2.698022734550573318e+02
3.206653275438353035e+02 2.701265853867114970e+02
3.213436898886433823e+02 2.704594668944758951e+02
3.220499739918392947e+02 2.708006838776036034e+02
3.227841168794677174e+02 2.711471744036524569e+02
3.235399514621755088e+02 2.714963641232075133e+02
3.243091086778920840e+02 2.718457107048469084e+02
3.250835616701036770e+02 2.721948886113108301e+02
3.258577473199291035e+02 2.725431372077895276e+02
3.266254959426181586e+02 2.728875873733229582e+02
3.273792715169531675e+02 2.732261220445664662e+02
3.281141588579620247e+02 2.735567713226163278e+02
3.288266264523297764e+02 2.738803856989221686e+02
3.295166020543283594e+02 2.741993147235588708e+02
3.301853700119604014e+02 2.745190212393036973e+02
3.308383501809359473e+02 2.748455660697047733e+02
3.314832100948273705e+02 2.751865475591157519e+02
3.321267351080269350e+02 2.755499916087802603e+02
3.327743577329312075e+02 2.759447701078465798e+02
3.334329892237435047e+02 2.763777406129013912e+02
3.341081032530038328e+02 2.768548725048943879e+02
3.348038634382579062e+02 2.773792342847518171e+02
3.355186675662143330e+02 2.779529247112899384e+02
3.362475245537557385e+02 2.785754462563026550e+02
3.369876989407426322e+02 2.792448752015609443e+02
3.377386668596960817e+02 2.799587286026704760e+02
3.385017164971294505e+02 2.807116422432387708e+02
3.392764134571425529e+02 2.814977547652148360e+02
3.400621883656743876e+02 2.823091875002352253e+02
3.408564363591787014e+02 2.831383976125664503e+02
3.416568414154475022e+02 2.839769184030209317e+02
3.424592433166775436e+02 2.848181809994861169e+02
3.432603800007113932e+02 2.856563477195897462e+02
3.440600587843156859e+02 2.864887883165425819e+02
3.448609594610142040e+02 2.873164987374663610e+02
3.456671667331901290e+02 2.881416763470194269e+02
3.464817736432916604e+02 2.889645218475016009e+02
3.473058874559537230e+02 2.897838239049258959e+02
3.481370873232406211e+02 2.905958732266005313e+02
3.489708690105865685e+02 2.913967138922815820e+02
3.498043579768526570e+02 2.921830959430093344e+02
3.506355742210755579e+02 2.929532331612197140e+02
3.514596313551849107e+02 2.937080047332549952e+02
3.522732287304898477e+02 2.944494506880904510e+02
3.530741946327798360e+02 2.951805006146712458e+02
3.538606356152299099e+02 2.959047511703513464e+02
3.546309160506427247e+02 2.966260224426520722e+02
3.553832673083726945e+02 2.973481134695621790e+02
3.561180149581907699e+02 2.980739138685864873e+02
3.568370907678992126e+02 2.988055775223025421e+02
3.575403974568102967e+02 2.995461156931478399e+02
3.582262836391784617e+02 3.002992936902889483e+02
3.588893407084868841e+02 3.010700170058056528e+02
3.595223751718214089e+02 3.018634070056971268e+02
3.601222446809642292e+02 3.026826725093220603e+02
3.606910399305718897e+02 3.035283025727638915e+02
3.612337211821170513e+02 3.043983437142276216e+02
3.617551566900183388e+02 3.052890396211710140e+02
3.622610231026384895e+02 3.061946803423362553e+02
3.627536442592946173e+02 3.071093456682822307e+02
3.632331429641909040e+02 3.080275883339952543e+02
3.636944736701407237e+02 3.089466778357511885e+02
3.641317059417913242e+02 3.098667541932852600e+02
3.645385626197302145e+02 3.107912735329999805e+02
3.649080083865887900e+02 3.117255489642038810e+02
3.652323677232977275e+02 3.126727947863565760e+02
3.655049269178028908e+02 3.136349423892303321e+02
3.657214795690646838e+02 3.146132018634397127e+02
3.658811713269520851e+02 3.156078189870420374e+02
3.659860876130449583e+02 3.166181938293462963e+02
3.660404857626426178e+02 3.176431016470530722e+02
3.660480349644972193e+02 3.186814868939052872e+02
3.660095213360523871e+02 3.197331234209144668e+02
3.659274195135146783e+02 3.207972993287586405e+02
3.658054007854620409e+02 3.218739646857147818e+02
3.656483388410787825e+02 3.229650066374414337e+02
3.654641029686185334e+02 3.240708179018762394e+02
3.652608946484430135e+02 3.251907612122948876e+02
3.650443489912987616e+02 3.263206858751560162e+02
3.648161524293922184e+02 3.274531287652154106e+02
3.645736836094183673e+02 3.285794082183554679e+02
3.643102186528885795e+02 3.296929780095516662e+02
3.640165319927345422e+02 3.307921707017692938e+02
3.636831360340346464e+02 3.318777719104401172e+02
3.633054010215173548e+02 3.329525765391627488e+02
3.628814906859224720e+02 3.340206548988839472e+02
3.624086734956218265e+02 3.350848967984148885e+02
3.618852384814525749e+02 3.361431056473240915e+02
3.613118174796241533e+02 3.371905004181063532e+02
3.606895937807207702e+02 3.382218188690918055e+02
3.600216022128894338e+02 3.392312973280032224e+02
3.593115064065070783e+02 3.402134553181770116e+02
3.585643170810164975e+02 3.411619753139372619e+02
3.577845619736917797e+02 3.420693926046948263e+02
3.569782889872687974e+02 3.429313420143370763e+02
3.561519698226966284e+02 3.437493082057293918e+02
3.553119042688833247e+02 3.445257191355676696e+02
3.544618027444248582e+02 3.452611962206535168e+02
3.536037780823383514e+02 3.459535167001717468e+02
3.527374219353721969e+02 3.465981540409541140e+02
3.518618960991778977e+02 3.471902485659053355e+02
3.509751306466542928e+02 3.477283416887935914e+02
3.500739136082394225e+02 3.482127018728991743e+02
3.491575177704158364e+02 3.486442989689836622e+02
3.482272320165386645e+02 3.490276132698610922e+02
3.472857858930179873e+02 3.493721329632081734e+02
3.463357289670570367e+02 3.496867206102281216e+02
3.453792624590059290e+02 3.499790278821742504e+02
3.444168300964033733e+02 3.502505972221966886e+02
3.434477260621738992e+02 3.504989751366117616e+02
3.424704425120836504e+02 3.507189202017801790e+02
3.414837892610523795e+02 3.509062952103739690e+02
3.404859741494701666e+02 3.510583681495943438e+02
3.394734880070870986e+02 3.511743743821693897e+02
3.384439788031519925e+02 3.512553724208979702e+02
3.373962273368366027e+02 3.513031104715290098e+02
3.363315096470105914e+02 3.513167323834894660e+02
3.352533974549413642e+02 3.512958204162056290e+02
3.341700022059586104e+02 3.512415186237254261e+02
3.330931387003045074e+02 3.511564685768380514e+02
3.320350950834118748e+02 3.510424035818719517e+02
3.310044991973717856e+02 3.508980018162794181e+02
3.300039681509305183e+02 3.507211295753454010e+02
3.290326505168520725e+02 3.505100859547039249e+02
3.280882308958194926e+02 3.502690083427827403e+02
3.271687376167309367e+02 3.500035762032066486e+02
3.262715645622188276e+02 3.497177410534395676e+02
3.253954401904450719e+02 3.494135502286649739e+02
3.245399054397636291e+02 3.490938786992141445e+02
3.237056059145743347e+02 3.487616072601089741e+02
3.228930927261652073e+02 3.484221204156302747e+02
3.221038575845676064e+02 3.480815330959640050e+02
3.213378876191292761e+02 3.477425169918384995e+02
3.205912464505657340e+02 3.474062659073108534e+02
3.198592610996375356e+02 3.470729504091704598e+02
3.191372531819014284e+02 3.467415792764530806e+02
3.184193036126890775e+02 3.464087076663918765e+02
3.177021963054413050e+02 3.460691568702436598e+02
3.169850931983294799e+02 3.457157238355743516e+02
3.162675875614399956e+02 3.453415944196808596e+02
3.155505015103672122e+02 3.449394334379062457e+02
3.148341356885575237e+02 3.445033158363675057e+02
3.141139258013101880e+02 3.440288888311411029e+02
3.133832470883429551e+02 3.435137378298796875e+02
3.126352092718505560e+02 3.429557514653095041e+02
3.118608529739479991e+02 3.423549942115707836e+02
3.110531349333956541e+02 3.417119480760383112e+02
3.102078113331008353e+02 3.410295341832360236e+02
3.093277024511450009e+02 3.403113021744899243e+02
3.084197316757910698e+02 3.395635296471079982e+02
3.074930024499518595e+02 3.387926464210046902e+02
3.065555503824955963e+02 3.380046330239256349e+02
3.056151539547365701e+02 3.372063847237006371e+02
3.046792283719855163e+02 3.364035340029262215e+02
3.037544771225187787e+02 3.356009285201019452e+02
3.028455435684247732e+02 3.348009243765656038e+02
3.019551021172486571e+02 3.340042745379763005e+02
3.010827692169942793e+02 3.332093672221321299e+02
3.002245485051990954e+02 3.324146955540982162e+02
2.993772721098700345e+02 3.316178816614989273e+02
2.985416769584601866e+02 3.308177073276339115e+02
2.977206566935396950e+02 3.300133401141114291e+02
2.969157230054981937e+02 3.292043451402971073e+02
2.961276129995667930e+02 3.283905103569559856e+02
2.953606089976627800e+02 3.275706038326787848e+02
2.946171654544937155e+02 3.267439194739243931e+02
2.938974582374094098e+02 3.259104066874593286e+02
2.932034670553751425e+02 3.250694959538260491e+02
2.925346191382242296e+02 3.242213520466151522e+02
2.918870069633097160e+02 3.233670990755911134e+02
2.912582510357779597e+02 3.225074215699660840e+02
2.906480265295949721e+02 3.216424129751655983e+02
2.900553532005156967e+02 3.207723552862609608e+02
2.894796015779710388e+02 3.198974295883224386e+02
2.889190427801996748e+02 3.190181332432451882e+02
2.883719392762261577e+02 3.181349661011164471e+02
2.878372214465948673e+02 3.172482358683227517e+02
2.873134938847924218e+02 3.163583439731419276e+02
2.867972517371312620e+02 3.154662986861866329e+02
2.862824732286711082e+02 3.145738323418847813e+02
2.857652412265272233e+02 3.136820718146582863e+02
2.852419172947080597e+02 3.127920638038598895e+02
2.847115855775610953e+02 3.119040717813551851e+02
2.841727420728870470e+02 3.110185284160525043e+02
2.836238049355611111e+02 3.101358887705864618e+02
2.830630933350104215e+02 3.092566363835645120e+02
2.824915788662658542e+02 3.083804917481072039e+02
2.819087598749198378e+02 3.075075991793391950e+02
2.813145585180469084e+02 3.066379810709868252e+02
2.807121115772310986e+02 3.057707350388219538e+02
2.801038110406346959e+02 3.049051729595777260e+02
2.794881269584167285e+02 3.040417349667378630e+02
2.788629056763095377e+02 3.031810406200617649e+02
2.782287199644796374e+02 3.023229251459588340e+02
2.775889362891920200e+02 3.014664200848853852e+02
2.769482098495864761e+02 3.006101862367186186e+02
2.763155406332650159e+02 2.997516344996525959e+02
2.757000074317788858e+02 2.988881531016889426e+02
2.751069429660253718e+02 2.980182079343470605e+02
2.745408486713412231e+02 2.971405040320251487e+02
2.740044749977549827e+02 2.962542501497292164e+02
2.734982572890341999e+02 2.953593210484717702e+02
2.730157451536375675e+02 2.944575723664078737e+02
2.725474311834126411e+02 2.935517391792629383e+02
2.720861576733236120e+02 2.926438806039885776e+02
2.716267620036802555e+02 2.917354818146268371e+02
2.711647965564771994e+02 2.908278222946968867e+02
2.706958425444216800e+02 2.899221732337455251e+02
2.702152380412076695e+02 2.890198757671557246e+02
2.697187514813994085e+02 2.881211410061863489e+02
2.692037512442672096e+02 2.872234368105696376e+02
2.686659382448613087e+02 2.863253433920841076e+02
2.681016729826541223e+02 2.854261856345096930e+02
2.675061223475028100e+02 2.845288762539920526e+02
2.668770737579238244e+02 2.836377436585733562e+02
2.662165735810060028e+02 2.827589752598074710e+02
2.655310961797897562e+02 2.818984742002661505e+02
2.648278357331373627e+02 2.810633038389587455e+02
2.641162098020977282e+02 2.802590471458738079e+02
2.634056380064040468e+02 2.794920429836917037e+02
2.627026527754229619e+02 2.787696876387489056e+02
2.620100430111002652e+02 2.780988289792491059e+02
2.613289739637469893e+02 2.774834885999895278e+02
2.606578974317716870e+02 2.769232836017245631e+02
2.599946934274147452e+02 2.764114993784420449e+02
2.593371421275284092e+02 2.759383325358729735e+02
2.586839767129083043e+02 2.754913278484029888e+02
2.580321350463342469e+02 2.750594612141801463e+02
2.573803323620622905e+02 2.746318173919800643e+02
2.567286348612644247e+02 2.741997646469595793e+02
2.560766350354765564e+02 2.737562112316715570e+02
2.554231301285362292e+02 2.732972077338037593e+02
2.547659118341218232e+02 2.728205830531303491e+02
2.541034741507140780e+02 2.723270305729680558e+02
2.534379100166324577e+02 2.718178971634629875e+02
2.527729849019160042e+02 2.712972690674354226e+02
2.521133888921822859e+02 2.707697844135919354e+02
2.514616788772473228e+02 2.702407720061576129e+02
2.508190241682468695e+02 2.697171720746292749e+02
2.501839276193422847e+02 2.692090227781675367e+02
2.495532020357575220e+02 2.687263833374909154e+02
2.489217533613829687e+02 2.682809676481662109e+02
2.482834758985553094e+02 2.678808681388797481e+02
2.476309986444350102e+02 2.675317140459155780e+02
2.469567540966532988e+02 2.672327365592202000e+02
2.462528744431481869e+02 2.669798152610532043e+02
2.455121291760134454e+02 2.667627474774798202e+02
2.447276323732559717e+02 2.665691825479385102e+02
2.438949000598248631e+02 2.663870278116492045e+02
2.430120417708961895e+02 2.662109271563325592e+02
2.420813087280413356e+02 2.660427812782916135e+02
2.411069181453426609e+02 2.658880948121540087e+02
2.400957086310701811e+02 2.657532810841963737e+02
2.390535978337103415e+02 2.656415990906429556e+02
2.379853630383668985e+02 2.655531323302211604e+02
2.368959064197728992e+02 2.654853311433680574e+02
2.357911496913605447e+02 2.654330227641863758e+02
2.346793391429164899e+02 2.653890774868791596e+02
2.335720935643972780e+02 2.653460728128812320e+02
2.324810302066958911e+02 2.652987656127178298e+02
2.314154526009671713e+02 2.652412235588484464e+02
2.303803999641713744e+02 2.651704944132357582e+02
2.293770479289506170e+02 2.650839080835797859e+02
2.284032379760528215e+02 2.649809929443523515e+02
2.274554551047107225e+02 2.648592098048150092e+02
2.265287043056150083e+02 2.647155951056215031e+02
2.256157085504757447e+02 2.645445119925720974e+02
2.247089011300609513e+02 2.643416930748481946e+02
2.238006480321683966e+02 2.641061274960329683e+02
2.228828089223364941e+02 2.638417938504579752e+02
2.219491982909610783e+02 2.635536785721129718e+02
2.209978773589792809e+02 2.632504474258660139e+02
2.200295545600363312e+02 2.629420503657757422e+02
2.190458242144159158e+02 2.626372522375244216e+02
2.180483783676279472e+02 2.623433381963602642e+02
2.170386120673809387e+02 2.620653854497728616e+02
2.160165662963553928e+02 2.618015289759338202e+02
2.149825712452055768e+02 2.615466843153703849e+02
2.139373019069133193e+02 2.612944951087097252e+02
2.128816655563567224e+02 2.610411052281926914e+02
2.118185932100155640e+02 2.607835695586441602e+02
2.107517410669458116e+02 2.605194273764989248e+02
2.096865866664419400e+02 2.602461070991167844e+02
2.086292747842801987e+02 2.599622894874512440e+02
2.075849655390612725e+02 2.596685170919844268e+02
2.065562319324428131e+02 2.593638592938522152e+02
2.055413825065473361e+02 2.590502854826170278e+02
2.045399485919962217e+02 2.587310531958478350e+02
2.035522163721178970e+02 2.584114181621433772e+02
2.025758619489176340e+02 2.580943922510409720e+02
2.016086091214064027e+02 2.577771777082523954e+02
2.006512162885617840e+02 2.574565366624103149e+02
1.997069752960025539e+02 2.571290601628812738e+02
1.987807622940487420e+02 2.567925421366707610e+02
1.978758509267289014e+02 2.564443676115466815e+02
1.969908952730816054e+02 2.560828385036580812e+02
1.961205977319346516e+02 2.557049232598023991e+02
1.952548956435605874e+02 2.553069778294570256e+02
1.943808907613370707e+02 2.548820772262631067e+02
1.934861549082007741e+02 2.544247460033093375e+02
1.925647883400613694e+02 2.539297835371070846e+02
1.916168625710645870e+02 2.533976916141916149e+02
1.906478877719254683e+02 2.528332824219752695e+02
1.896666885909784241e+02 2.522442230829152550e+02
1.886858524257714862e+02 2.516409191831539545e+02
1.877172130449216070e+02 2.510316955617482222e+02
1.867702568655403752e+02 2.504188261796440997e+02
1.858504571459337740e+02 2.498033597429567294e+02
1.849591795482180032e+02 2.491840969485616597e+02
1.840945400704241592e+02 2.485615131874359918e+02
1.832566443149555084e+02 2.479348361629188560e+02
1.824483114786377485e+02 2.473053546970531329e+02
1.816747631317398941e+02 2.466734126050885436e+02
1.809397763001911414e+02 2.460406839160361301e+02
1.802420144243590698e+02 2.454096446487466210e+02
1.795735811753261828e+02 2.447838483724998468e+02
1.789218599980362967e+02 2.441692169443960552e+02
1.782734063139197644e+02 2.435734816670474174e+02
1.776136022116563993e+02 2.430044512462775970e+02
1.769296188877054590e+02 2.424730283519297700e+02
1.762160475292294279e+02 2.419947519873081774e+02
1.754725956406146850e+02 2.415893457696853943e+02
1.747001666010707481e+02 2.412770696002212389e+02
1.739003517699800909e+02 2.410728523954308287e+02
1.730741429747928066e+02 2.409861245086113115e+02
1.722242210670552254e+02 2.410186162157484091e+02
1.713557599143167351e+02 2.411616436554554923e+02
1.704721415972212810e+02 2.413964278650744859e+02
1.695781291817993690e+02 2.416949343406683965e+02
1.686787873672965361e+02 2.420255653040470634e+02
1.677783653194322255e+02 2.423560294115456486e+02
1.668819179749888235e+02 2.426575994684850173e+02
1.659952120419516746e+02 2.429045577995423741e+02
1.651204404734056936e+02 2.430746466030794295e+02
1.642590060091683597e+02 2.431475887432530385e+02
1.634095118859899856e+02 2.431057063609612214e+02
1.625673535353958812e+02 2.429362307871207349e+02
1.617272812256155703e+02 2.426345027936474423e+02
1.608848109756023632e+02 2.422034876216735597e+02
1.600346920457400870e+02 2.416553781534869358e+02
1.591742799704021820e+02 2.410081896606521923e+02
1.583016497117332335e+02 2.402841382503273735e+02
1.574154493462630171e+02 2.395035728058215909e+02
1.565147064863413107e+02 2.386863168034006719e+02
1.556004257376542057e+02 2.378490683325784971e+02
1.546749341856786941e+02 2.370050275252930874e+02
1.537426690048501428e+02 2.361622974831130932e+02
1.528100271725337791e+02 2.353282666339218849e+02
1.518856181187722711e+02 2.345084216135139172e+02
1.509784305545071277e+02 2.337109889918068006e+02
1.500963798390295096e+02 2.329435062246240875e+02
1.492430778441427890e+02 2.322112545977066134e+02
1.484200867820240148e+02 2.315171144787589412e+02
1.476303919789929466e+02 2.308629377049136338e+02
1.468770466991820456e+02 2.302517563312718494e+02
1.461609565236752530e+02 2.296843816154378715e+02
1.454768870371607079e+02 2.291610363787339679e+02
1.448152587266450553e+02 2.286802226429180678e+02
1.441660970836501861e+02 2.282403208955275886e+02
1.435208270108633428e+02 2.278397002931982911e+02
1.428719943667671259e+02 2.274754939087882235e+02
1.422133138649738555e+02 2.271425173403041811e+02
1.415389511585350704e+02 2.268327770259816702e+02
1.408421677929191844e+02 2.265353283373881936e+02
1.401193862024248915e+02 2.262347294862317995e+02
1.393683185150639758e+02 2.259171353604953936e+02
1.385904485803942237e+02 2.255725230721974981e+02
1.377919523583346120e+02 2.251951097868185343e+02
1.369771500486150728e+02 2.247840990752699213e+02
1.361472479156630015e+02 2.243424216758769205e+02
1.353040466284734578e+02 2.238735625978461030e+02
1.344491776656980733e+02 2.233794384972262606e+02
1.335838926654588477e+02 2.228602043805062749e+02
1.327096438505801927e+02 2.223150522657133195e+02
1.318303062883780115e+02 2.217382202522671548e+02
1.309531740206996062e+02 2.211220898472372767e+02
1.300910094490878350e+02 2.204598897644198132e+02
1.292608172625781151e+02 2.197515292524569475e+02
1.284825195816722783e+02 2.190001104363806235e+02
1.277761084149763917e+02 2.182122012018393491e+02
1.271616836094614484e+02 2.173952832374623085e+02
1.266583432551876456e+02 2.165588901597748475e+02
1.262852414839840378e+02 2.157124791109919215e+02
1.260592759189463550e+02 2.148663696962764789e+02
1.259914409742759176e+02 2.140292967890314912e+02
1.260851885002674351e+02 2.132079060954304168e+02
1.263375413479221834e+02 2.124086356245474008e+02
1.267417310296514756e+02 2.116358559811188798e+02
1.272880625917701707e+02 2.108981791505744923e+02
1.279650205658725781e+02 2.102077345235172743e+02
1.287563183278497831e+02 2.095777503823804864e+02
1.296402878653886148e+02 2.090194090347700921e+02
