1.266765133067151226e+02 2.108975297338213295e+02
1.271901026515400019e+02 2.102609435445347970e+02
1.278541844976525113e+02 2.096834166791200289e+02
1.286509137358284534e+02 2.091725470105541831e+02
1.295554528394709166e+02 2.087301663820466615e+02
1.305389446802707312e+02 2.083516355538157256e+02
1.315707611476405816e+02 2.080288357631569056e+02
1.326230591262554128e+02 2.077499416173073428e+02
1.336736244873378610e+02 2.075027503610183430e+02
1.347088545344426223e+02 2.072731873220585896e+02
1.357218523686484559e+02 2.070453848414239815e+02
1.367121393047689537e+02 2.068073873680401391e+02
1.376856148867117327e+02 2.065529095799835488e+02
1.386487376536437068e+02 2.062802397758113671e+02
1.396067346212724658e+02 2.059927621740141603e+02
1.405631421298253940e+02 2.056995746730193559e+02
1.415207518562013433e+02 2.054107059636734220e+02
1.424822173684035818e+02 2.051356886008202025e+02
1.434499793053807934e+02 2.048832902228260195e+02
1.444265536625859454e+02 2.046625491752740800e+02
1.454139546845134703e+02 2.044807013368335333e+02
1.464138860717722253e+02 2.043438670026963564e+02
1.474273397948568345e+02 2.042556096817424987e+02
1.484558784435647283e+02 2.042179368627328131e+02
1.495025346291303947e+02 2.042299555736070715e+02
1.505685616490119401e+02 2.042902540008217329e+02
1.516515715622374785e+02 2.043958658728256239e+02
1.527465150353033323e+02 2.045436388138213601e+02
1.538467299011477678e+02 2.047290341883265796e+02
1.549457991621376038e+02 2.049478198391636283e+02
1.560384945674367430e+02 2.051958240330963861e+02
1.571210686491447461e+02 2.054680268636180642e+02
1.581911047078209265e+02 2.057576335359700010e+02
1.592473395932528604e+02 2.060561984370577306e+02
1.602894088758762621e+02 2.063541528014388859e+02
1.613174478148268634e+02 2.066410455421859069e+02
1.623315290276470364e+02 2.069051340643260630e+02
1.633324809055474418e+02 2.071376033288916858e+02
1.643219592208093900e+02 2.073337105801277289e+02
1.653019737901411190e+02 2.074909656267163029e+02
1.662747853832383100e+02 2.076067990776045065e+02
1.672438317108338310e+02 2.076817694924735633e+02
1.682121237577880208e+02 2.077146899310678236e+02
1.691817925238208318e+02 2.077022787125383729e+02
1.701559557487275356e+02 2.076438703689527756e+02
1.711403883196744289e+02 2.075445152225993581e+02
1.721403892062839418e+02 2.074156159032599192e+02
1.731598611934012411e+02 2.072734635199344950e+02
1.741986274331813718e+02 2.071374882071270918e+02
1.752533142390456362e+02 2.070276207420394030e+02
1.763160193565569216e+02 2.069627564106129967e+02
1.773757096722544020e+02 2.069578632580563067e+02
1.784214153548426793e+02 2.070213947351646766e+02
1.794470136124538726e+02 2.071577229536409845e+02
1.804519466921274216e+02 2.073646354468447726e+02
1.814362714317399536e+02 2.076374328383860188e+02
1.824005318568806047e+02 2.079655066565010202e+02
1.833436329381993346e+02 2.083356082724411351e+02
1.842621920177502375e+02 2.087339601638883551e+02
1.851527980583697968e+02 2.091511575902047184e+02
1.860137834110689425e+02 2.095827871086466985e+02
1.868460223223722778e+02 2.100258514841527813e+02
1.876539486487550903e+02 2.104794984604489514e+02
1.884452605043419169e+02 2.109425203786739189e+02
1.892291791720282390e+02 2.114092362538108887e+02
1.900156713642508350e+02 2.118696511819983925e+02
1.908150410860330908e+02 2.123138818958879313e+02
1.916378332907561628e+02 2.127387054750356867e+02
1.924931953826989570e+02 2.131478857001154097e+02
1.933865627942657568e+02 2.135476884506804822e+02
1.943196221761742493e+02 2.139461341959413971e+02
1.952910987243195677e+02 2.143530445609416120e+02
1.962975743882242909e+02 2.147756915399697846e+02
1.973344557009046980e+02 2.152144621512042590e+02
1.983976109388022451e+02 2.156621431966418356e+02
1.994839395615595663e+02 2.161059706201288009e+02
2.005895069250349252e+02 2.165309036554122599e+02
2.017100431964932454e+02 2.169199665477102883e+02
2.028396157228253855e+02 2.172588127714822122e+02
2.039708352638103861e+02 2.175363838565376398e+02
2.050934247255049172e+02 2.177461517200733851e+02
2.061964918848025832e+02 2.178828016861070864e+02
2.072731411324407986e+02 2.179465685692438512e+02
2.083225118993266562e+02 2.179434259578388264e+02
2.093483396544044410e+02 2.178806215793127308e+02
2.103552740492557405e+02 2.177653386389508796e+02
2.113474120722150360e+02 2.176005077837102704e+02
2.123261165244833819e+02 2.173874187910471392e+02
2.132934563577680933e+02 2.171335040672900050e+02
2.142530945417869646e+02 2.168519222952699010e+02
2.152094682605907110e+02 2.165586134095444208e+02
2.161664035328455498e+02 2.162673218224387597e+02
2.171278202376322497e+02 2.159921291260856435e+02
2.180964773347908476e+02 2.157429464800842993e+02
2.190727408799378395e+02 2.155210888856839802e+02
2.200559980986529638e+02 2.153243550404271218e+02
2.210453862796410363e+02 2.151496457801971758e+02
2.220398944121519662e+02 2.149933291967817581e+02
2.230384052890809130e+02 2.148513918871005330e+02
2.240392827893174967e+02 2.147179563254231027e+02
2.250410154920161858e+02 2.145875929534775821e+02
2.260428415187840869e+02 2.144575648345978607e+02
2.270443036353165098e+02 2.143262294214358121e+02
2.280449746426412503e+02 2.141920520641818371e+02
2.290448912804063184e+02 2.140551647446463335e+02
2.300455397612315949e+02 2.139209064642385556e+02
2.310493786916309205e+02 2.137981094071737402e+02
2.320583099517739072e+02 2.136936057997228886e+02
2.330734150818078945e+02 2.136112809166395436e+02
2.340953516409793451e+02 2.135534969433180663e+02
2.351235771160926333e+02 2.135183049804710436e+02
2.361576567473254045e+02 2.135005373305553178e+02
2.371998325730496902e+02 2.134964610041605511e+02
2.382523932531643140e+02 2.135047776893566152e+02
2.393174032730635190e+02 2.135267323496197491e+02
2.403946570480106288e+02 2.135670418933563610e+02
2.414825981924060443e+02 2.136333455176360303e+02
2.425776186026864139e+02 2.137369645056754734e+02
2.436768861267523789e+02 2.138919479697416364e+02
2.447763032307061053e+02 2.141081237410273275e+02
2.458682539148637431e+02 2.143901155865915484e+02
2.469439561582278486e+02 2.147385412306455237e+02
2.479941807630225981e+02 2.151533404866919454e+02
2.490110669976357656e+02 2.156319224864363093e+02
2.499868627536982615e+02 2.161705502507730330e+02
2.509163220270128534e+02 2.167682063466764646e+02
2.517991578868472118e+02 2.174252509126683890e+02
2.526384867547454860e+02 2.181429080475027149e+02
2.534402002803953167e+02 2.189178695973199069e+02
2.542100256694233167e+02 2.197401883238243840e+02
2.549543339808416249e+02 2.205941791529944567e+02
2.556791896772638211e+02 2.214633091761263586e+02
2.563912951573726104e+02 2.223312042219464502e+02
2.570968470082787007e+02 2.231855536059416636e+02
2.578033091767703127e+02 2.240177753517463088e+02
2.585193487261057044e+02 2.248244634305175396e+02
2.592508372039073947e+02 2.256051833384975396e+02
2.599966357370682317e+02 2.263619928652882152e+02
2.607507742677252054e+02 2.271012447107181629e+02
2.615070534988633426e+02 2.278312871463162992e+02
2.622590635322349044e+02 2.285581904813378742e+02
2.630030983609896111e+02 2.292859623618780915e+02
2.637372272674832061e+02 2.300178432487651037e+02
2.644610996656356292e+02 2.307569067428839276e+02
2.651763361406929675e+02 2.315059839485172688e+02
2.658818038358352851e+02 2.322687316101771273e+02
2.665763558159824242e+02 2.330485135170842454e+02
2.672610745125070935e+02 2.338473275722200810e+02
2.679399152668385113e+02 2.346651605779203464e+02
2.686178771504176552e+02 2.355000957084944844e+02
2.692984194089278844e+02 2.363488199356747828e+02
2.699863418934181709e+02 2.372059301600816070e+02
2.706837130300727949e+02 2.380656116997700167e+02
2.713909520804971862e+02 2.389223490937704923e+02
2.721081528940993621e+02 2.397729481746972340e+02
2.728369830457418175e+02 2.406186637055070605e+02
2.735812778780843360e+02 2.414627244179449690e+02
2.743425321816853852e+02 2.423097133217411283e+02
2.751201312574897884e+02 2.431592866712461500e+02
2.759089445261959099e+02 2.440091897593768522e+02
2.767012015134954481e+02 2.448538222802467601e+02
2.774876457738366753e+02 2.456847329976890251e+02
2.782627437809413209e+02 2.464917014867159537e+02
2.790276488432600104e+02 2.472654205470170723e+02
2.797896822559466159e+02 2.480006290990199318e+02
2.805580566118073875e+02 2.486951238738379288e+02
2.813370298417742106e+02 2.493512166909234224e+02
2.821242092850103518e+02 2.499721665714671985e+02
2.829151331391393569e+02 2.505606718876732089e+02
2.837074401553417715e+02 2.511198770383732608e+02
2.845015607302814260e+02 2.516518763150254472e+02
2.853007752006103601e+02 2.521591799694995757e+02
2.861096617204261747e+02 2.526426622906834609e+02
2.869314830665631462e+02 2.531024883371385954e+02
2.877652912040177853e+02 2.535413156907794985e+02
2.886068595204039866e+02 2.539668863976366424e+02
2.894526557051869986e+02 2.543872962691138468e+02
2.903011017682512147e+02 2.548082722519712888e+02
2.911515730341860717e+02 2.552326528385256665e+02
2.920073046102430112e+02 2.556606118277151154e+02
2.928715662646457076e+02 2.560928614454618355e+02
2.937478357799779474e+02 2.565286536454440807e+02
2.946356380299748707e+02 2.569683698133359258e+02
2.955323038144662178e+02 2.574123253067948554e+02
2.964357071347572514e+02 2.578623804006791715e+02
2.973433568166589112e+02 2.583211717375816647e+02
2.982554844828728164e+02 2.587901690371775203e+02
2.991746265300691903e+02 2.592686693592627307e+02
3.001029320328716494e+02 2.597521881143060796e+02
3.010400163777553075e+02 2.602344661789315978e+02
3.019823966302492977e+02 2.607071568483121382e+02
3.029271694979493645e+02 2.611629478643685616e+02
3.038712974255216750e+02 2.615987953206316661e+02
3.048120995228978245e+02 2.620167326409235216e+02
3.057470754835834441e+02 2.624237265229867262e+02
3.066732342034682119e+02 2.628294888362705706e+02
3.075862140946151726e+02 2.632444388893254654e+02
3.084806250080479799e+02 2.636776204372903294e+02
3.093526812716287395e+02 2.641363309953219414e+02
3.102029135622864260e+02 2.646267018334352770e+02
3.110351661981142684e+02 2.651489063626981419e+02
3.118539789153375068e+02 2.656996536045318180e+02
3.126653531157786574e+02 2.662737177297996709e+02
3.134752088388468678e+02 2.668646073730526496e+02
3.142878225943314305e+02 2.674657665516013481e+02
3.151067486795873833e+02 2.680695625194582590e+02
3.159318630003274961e+02 2.686657274539911100e+02
3.167613237138057229e+02 2.692439755260987226e+02
3.175949368700548234e+02 2.697971589300051392e+02
3.184366010822943736e+02 2.703236287666949238e+02
3.192925759387285893e+02 2.708240424671643041e+02
3.201680634888149370e+02 2.712990134533242781e+02
3.210652069687992594e+02 2.717516581186663984e+02
3.219813117546328272e+02 2.721881481510665708e+02
3.229112864143315846e+02 2.726187458314774972e+02
3.238512468934864046e+02 2.730560222239490713e+02
3.247989529104151529e+02 2.735152017685360875e+02
3.257530588638200015e+02 2.740076080931973479e+02
3.267097278370061986e+02 2.745418723037297468e+02
3.276649055984539700e+02 2.751208927998268905e+02
3.286122124423421837e+02 2.757426484101366668e+02
3.295457910048875760e+02 2.763984029193164815e+02
3.304591632715629999e+02 2.770760345431418159e+02
3.313492649303800590e+02 2.777603214851340567e+02
3.322163623487040809e+02 2.784373309674500661e+02
3.330614517126304577e+02 2.790947041466866381e+02
3.338843238913333380e+02 2.797209429413821908e+02
3.346827457860232471e+02 2.803088568247968624e+02
3.354529132833653762e+02 2.808554523070383766e+02
3.361928130958493171e+02 2.813635278000492690e+02
3.369019017387920485e+02 2.818410685438634573e+02
3.375836200150388322e+02 2.822986564142021848e+02
3.382447936032249345e+02 2.827481108880491547e+02
3.388940491171692315e+02 2.831948375454862799e+02
3.395370941592567533e+02 2.836399869064019299e+02
3.401793236355617296e+02 2.840825980054212323e+02
3.408231431551876653e+02 2.845233028748539255e+02
3.414681663799933631e+02 2.849664524925026399e+02
3.421157272216883030e+02 2.854198032495741586e+02
3.427691773162746358e+02 2.858922034341011909e+02
3.434300467526758780e+02 2.863900334258440239e+02
3.440971451008368263e+02 2.869175784287982083e+02
3.447668235015951268e+02 2.874771496235740074e+02
3.454349377791173197e+02 2.880685927128573098e+02
3.461001186052643561e+02 2.886893564635253142e+02
3.467640016123245346e+02 2.893359420862132083e+02
3.474266414044817566e+02 2.900060175160886615e+02
3.480851199272571534e+02 2.906972664513453992e+02
3.487349596665108038e+02 2.914095080132187832e+02
3.493715902045173607e+02 2.921435774572480568e+02
3.499919159167741896e+02 2.929023004467073292e+02
3.505950069767168316e+02 2.936885454033857741e+02
3.511827346681184849e+02 2.945052833252705113e+02
3.517586371980071362e+02 2.953529191963459652e+02
3.523274643893537359e+02 2.962288197914518264e+02
3.528949131071053671e+02 2.971248119933263752e+02
3.534692886771860572e+02 2.980291202114835301e+02
3.540590425111589639e+02 2.989299790527895766e+02
3.546692537481853833e+02 2.998190136678499584e+02
3.553033724938447904e+02 3.006927402230738835e+02
3.559588859885848819e+02 3.015535761190137123e+02
3.566268461316707317e+02 3.024066622994777163e+02
3.572918263924788675e+02 3.032595742197605659e+02
3.579388128120162378e+02 3.041174950681045743e+02
3.585565599620166495e+02 3.049835552234184206e+02
3.591408068530842002e+02 3.058589408131684877e+02
3.596925688781247459e+02 3.067433691834207821e+02
3.602124009387644037e+02 3.076366858667504403e+02
3.607007664163958793e+02 3.085387618721306353e+02
3.611562664965034060e+02 3.094499865861952230e+02
3.615736267235265018e+02 3.103718282539990128e+02
3.619489107640551424e+02 3.113053826288377195e+02
3.622807737523428386e+02 3.122510240796787571e+02
3.625712329870093527e+02 3.132081910530710047e+02
3.628216680151529658e+02 3.141764995258330373e+02
3.630340855383136613e+02 3.151553908944124487e+02
3.632109951376303911e+02 3.161441665691530147e+02
3.633546821049773712e+02 3.171431941626896105e+02
3.634674989192959060e+02 3.181551000047485900e+02
3.635478786513729119e+02 3.191819665825064476e+02
3.635900671395662584e+02 3.202238334534822570e+02
3.635830253432604877e+02 3.212796017349308499e+02
3.635138379886819848e+02 3.223484726926317308e+02
3.633694852734229812e+02 3.234321098130624250e+02
3.631407726522822941e+02 3.245316587870822786e+02
3.628249609305595982e+02 3.256482537334650260e+02
3.624274570461494136e+02 3.267806189310014702e+02
3.619568557116543275e+02 3.279231419342103209e+02
3.614251983122564980e+02 3.290680789240794866e+02
3.608458054956616365e+02 3.302070611268812286e+02
3.602268995045709516e+02 3.313315196928703017e+02
3.595711873151395821e+02 3.324310651271071038e+02
3.588790893155063486e+02 3.334963824951415177e+02
3.581531046915456500e+02 3.345200237690488621e+02
3.573972783446855033e+02 3.354971105246535217e+02
3.566164374135047410e+02 3.364248509956435669e+02
3.558150220316427408e+02 3.373018337606554837e+02
3.549945582213113653e+02 3.381278094480619529e+02
3.541562892570367467e+02 3.389024153603953664e+02
3.533025907003560633e+02 3.396248853747007388e+02
3.524353602483635086e+02 3.402944296493866432e+02
3.515575493722302554e+02 3.409102701832159710e+02
3.506710844878614353e+02 3.414737152864576046e+02
3.497757222358587796e+02 3.419898048273840345e+02
3.488699089769470447e+02 3.424647447684511690e+02
3.479545208830693923e+02 3.429052885156681896e+02
3.470309012308430283e+02 3.433162615937660007e+02
3.460996185462070116e+02 3.436997063490074424e+02
3.451606135630139534e+02 3.440554098764282571e+02
3.442131230620079236e+02 3.443806304225078634e+02
3.432559579658239386e+02 3.446710964007705797e+02
3.422883773135329193e+02 3.449241460174786766e+02
3.413100316762204898e+02 3.451385240003774015e+02
3.403215338283067695e+02 3.453164316519243471e+02
3.393238888807444482e+02 3.454614796861726518e+02
3.383181738147462738e+02 3.455775370005707146e+02
3.373041934006502061e+02 3.456639022611189489e+02
3.362809127603435968e+02 3.457168578195967825e+02
3.352472283635249255e+02 3.457324394048387148e+02
3.342021855156928041e+02 3.457072174165168690e+02
3.331445675177030807e+02 3.456368210409550557e+02
3.320741322096864678e+02 3.455203803542497099e+02
3.309925275123484312e+02 3.453638152704500044e+02
3.299013348916034261e+02 3.451764128609760292e+02
3.287998736100308861e+02 3.449675148604933952e+02
3.276873953912198090e+02 3.447439531832590092e+02
3.265629990825699451e+02 3.445086619686682639e+02
3.254286640693148343e+02 3.442596868116714859e+02
3.242895506157398131e+02 3.439905589247080115e+02
3.231516785687672382e+02 3.436926955716156726e+02
3.220189015845729159e+02 3.433577308725195962e+02
3.208941147483881196e+02 3.429783152357643417e+02
3.197795360180237481e+02 3.425520946400777120e+02
3.186783766285567481e+02 3.420806114143097716e+02
3.175936125327031618e+02 3.415677061675828554e+02
3.165290592473764377e+02 3.410176439061904716e+02
3.154880252967580532e+02 3.404347477257527430e+02
3.144758621392775808e+02 3.398246238632140148e+02
3.134989015064135742e+02 3.391948301586417074e+02
3.125609664692620413e+02 3.385540328040711984e+02
3.116630361626075114e+02 3.379090343954829905e+02
3.108027596399932122e+02 3.372666334147484690e+02
3.099759822852817024e+02 3.366329138679288349e+02
3.091767489967605798e+02 3.360141703143885934e+02
3.083986725418793071e+02 3.354125160428792469e+02
3.076350756547685137e+02 3.348273071267683463e+02
3.068819570932392935e+02 3.342558748364056669e+02
3.061379256977257910e+02 3.336950003396951843e+02
3.053999995010799466e+02 3.331399302045160198e+02
3.046646311174879997e+02 3.325849462921948430e+02
3.039299132587323697e+02 3.320223355633399933e+02
3.031946179191763804e+02 3.314451695518040992e+02
3.024576360114932640e+02 3.308468686802981438e+02
3.017157767645959439e+02 3.302221158661757272e+02
3.009660765908622579e+02 3.295676556166313276e+02
3.002067688438741015e+02 3.288832271454821239e+02
2.994372378449132839e+02 3.281721636530994033e+02
2.986616008683282644e+02 3.274400267148843113e+02
2.978881870617672121e+02 3.266932825328482295e+02
2.971243618961503898e+02 3.259382057230849341e+02
2.963756947305815856e+02 3.251780343432176892e+02
2.956453094062468949e+02 3.244122963749795190e+02
2.949340411840965999e+02 3.236389396553298639e+02
2.942395130086653126e+02 3.228538624007160251e+02
2.935567439986488125e+02 3.220535018461395111e+02
2.928827258789357302e+02 3.212343263683397936e+02
2.922149169610462991e+02 3.203965649665997262e+02
2.915518386898236258e+02 3.195429793062953081e+02
2.908914368212227828e+02 3.186782081948597352e+02
2.902320735558421916e+02 3.178079464410800483e+02
2.895767023935223961e+02 3.169367706336086030e+02
2.889287970233692704e+02 3.160678856147184206e+02
2.882926453565476095e+02 3.152016599856072503e+02
2.876695320546031098e+02 3.143360898336740092e+02
2.870604273047546826e+02 3.134676239018510842e+02
2.864635727789987527e+02 3.125957478870842579e+02
2.858754897450926364e+02 3.117214301606782101e+02
2.852907322674594752e+02 3.108461867024129788e+02
2.847048177814011183e+02 3.099712653194556538e+02
2.841166056557972297e+02 3.090969835281797486e+02
2.835294060329867989e+02 3.082224198874878311e+02
2.829455338931911683e+02 3.073469299785914473e+02
2.823657897976103186e+02 3.064702909500493888e+02
2.817878462422015673e+02 3.055931507068941073e+02
2.812075154537557182e+02 3.047166749954732268e+02
2.806192137346600930e+02 3.038424181442503027e+02
2.800211280209213101e+02 3.029708848540825556e+02
2.794154499812881340e+02 3.021014650322759962e+02
2.788084530869221567e+02 3.012324123387763848e+02
2.782057518633039308e+02 3.003621638635963791e+02
2.776138991591498097e+02 2.994888954966240817e+02
2.770358872044087093e+02 2.986117742937243520e+02
2.764712689949930109e+02 2.977309246869892831e+02
2.759158162961164749e+02 2.968475236860164728e+02
2.753661168481270352e+02 2.959625211582002748e+02
2.748217419509837214e+02 2.950760364403532776e+02
2.742796213416963838e+02 2.941889241985924741e+02
2.737358408443851658e+02 2.933022740182434518e+02
2.731893253371495121e+02 2.924163851799420399e+02
2.726410333740137730e+02 2.915309908519385544e+02
2.720939263570586490e+02 2.906452666716214139e+02
2.715486131366795917e+02 2.897590431538992561e+02
2.710054588304394656e+02 2.888722186613520080e+02
2.704614556183050809e+02 2.879846267108040365e+02
2.699124658950970570e+02 2.870941378963807438e+02
2.693520556187314128e+02 2.861998931863819848e+02
2.687764698578242246e+02 2.853012199112737335e+02
2.681862926597127625e+02 2.843994741163013487e+02
2.675863212773746227e+02 2.834970032962720552e+02
2.669805563387200209e+02 2.825994533984336385e+02
2.663719857077377355e+02 2.817137394508976058e+02
2.657590460694574404e+02 2.808494073497092245e+02
2.651379699913151740e+02 2.800157778273436406e+02
2.645039478578782450e+02 2.792222126024672662e+02
2.638541988576845370e+02 2.784754575064309279e+02
2.631891739213302799e+02 2.777813722479813237e+02
2.625151122976654960e+02 2.771441284337379898e+02
2.618401531648483456e+02 2.765658107180870502e+02
2.611718016127596229e+02 2.760457001052837995e+02
2.605159688914011440e+02 2.755796266173406366e+02
2.598759676149435336e+02 2.751596635537866291e+02
2.592476482486325722e+02 2.747749166591941616e+02
2.586229029876155892e+02 2.744099487752278037e+02
2.579924555110317215e+02 2.740492566879857463e+02
2.573504955293151397e+02 2.736787805584518765e+02
2.566947574204123157e+02 2.732868837236718491e+02
2.560232216154062144e+02 2.728651141875270696e+02
2.553347817992401190e+02 2.724069694526515377e+02
2.546285074599975928e+02 2.719054859888648252e+02
2.539011719154261755e+02 2.713554563601719565e+02
2.531492729719384158e+02 2.707553818627743567e+02
2.523685903927509457e+02 2.701095035963516011e+02
2.515563775700929341e+02 2.694273937466390976e+02
2.507110475926646700e+02 2.687238831191619965e+02
2.498338640982737218e+02 2.680190347315771078e+02
2.489277254224512035e+02 2.673362930810030207e+02
2.479977241641187220e+02 2.666986361346306467e+02
2.470486604889115370e+02 2.661259105864635330e+02
2.460851995560012142e+02 2.656319033719083222e+02
2.451093773606407353e+02 2.652227128711048181e+02
2.441215506024090303e+02 2.648961637462837189e+02
2.431206134823407297e+02 2.646468889522944892e+02
2.421053324257914880e+02 2.644652253476916712e+02
2.410747769646866345e+02 2.643415582823429872e+02
2.400298542880123591e+02 2.642647380697891890e+02
2.389735445476679274e+02 2.642257742004419470e+02
2.379112056673205871e+02 2.642146457689541421e+02
2.368477453688581136e+02 2.642208966604223406e+02
2.357849808508589149e+02 2.642326339236011563e+02
2.347221776120949244e+02 2.642376057589515312e+02
2.336565269571327974e+02 2.642225713834164367e+02
2.325848220079560065e+02 2.641765661691687228e+02
2.315066303666555427e+02 2.640925813484815308e+02
2.304235482445225500e+02 2.639687328492984761e+02
2.293405149012579614e+02 2.638075538868899912e+02
2.282637639668231486e+02 2.636168278719162572e+02
2.271982735532384083e+02 2.634059956198458963e+02
2.261469977778605198e+02 2.631837825206783918e+02
2.251100045455667669e+02 2.629543404435022467e+02
2.240856459186352936e+02 2.627200090186866532e+02
2.230699488716862788e+02 2.624810586058641775e+02
2.220564611135629605e+02 2.622381009401316874e+02
2.210393157511846596e+02 2.619913709673976996e+02
2.200145225863743121e+02 2.617434004871224715e+02
2.189816794926468333e+02 2.614969847252879163e+02
2.179421586660189405e+02 2.612545360597857211e+02
2.169007015485553325e+02 2.610169746711121661e+02
2.158647894037849824e+02 2.607835705496698893e+02
2.148425681816107158e+02 2.605522637196872893e+02
2.138408435589637975e+02 2.603198860387263380e+02
2.128642193875588191e+02 2.600835148245618029e+02
2.119154107711567860e+02 2.598427908007436713e+02
2.109936429064634069e+02 2.595964930263005499e+02
2.100947627920393757e+02 2.593452595953045829e+02
2.092146295023588323e+02 2.590879336145929983e+02
2.083516716582169011e+02 2.588248289828666202e+02
2.075052183042213869e+02 2.585559964924646579e+02
2.066718857946470393e+02 2.582812694382388372e+02
2.058429037987719994e+02 2.580013038110629964e+02
2.050075738418636604e+02 2.577177604852245167e+02
2.041571080803361156e+02 2.574328397130063877e+02
2.032856206103839440e+02 2.571490051750685097e+02
2.023886242383358933e+02 2.568674582181366759e+02
2.014647497351198240e+02 2.565856330492051711e+02
2.005164879062065779e+02 2.563019768231089301e+02
1.995515614368045192e+02 2.560152843833547536e+02
1.985809882342573474e+02 2.557238453803397817e+02
1.976191589332632930e+02 2.554253386165315760e+02
1.966804514158072266e+02 2.551174194557905537e+02
1.957773785666673803e+02 2.547982292027337223e+02
1.949171498867624450e+02 2.544681162271420476e+02
1.941037849071374808e+02 2.541305943074913785e+02
1.933387646406253566e+02 2.537895257495683268e+02
1.926177165934995799e+02 2.534495033671739463e+02
1.919332615959567931e+02 2.531127463380867084e+02
1.912752611426203657e+02 2.527797538153191397e+02
1.906362006917132987e+02 2.524467995022002640e+02
1.900103428914608230e+02 2.521078790659101969e+02
1.893902035129640353e+02 2.517552956422958346e+02
1.887682785901407101e+02 2.513811845117795087e+02
1.881354299072184517e+02 2.509766764205877507e+02
1.874825754397865012e+02 2.505321941124536806e+02
1.868005440400853558e+02 2.500401148228674515e+02
1.860839858282144803e+02 2.494959529390448267e+02
1.853340637074587676e+02 2.489002764054812928e+02
1.845587543427741934e+02 2.482597543846565884e+02
1.837678300189323863e+02 2.475837813279299553e+02
1.829676610624100590e+02 2.468816720828889970e+02
1.821631432850123815e+02 2.461613561785719639e+02
1.813600756499059230e+02 2.454291301276002741e+02
1.805630410350444208e+02 2.446902816107190688e+02
1.797748973492651317e+02 2.439477498771653927e+02
1.789952468095863765e+02 2.432033687736339971e+02
1.782220116644187442e+02 2.424589332433920390e+02
1.774516018571757172e+02 2.417217797702504072e+02
1.766811299358730309e+02 2.410059489857488586e+02
1.759072031154943829e+02 2.403308071095194123e+02
1.751276877034242148e+02 2.397192105496312138e+02
1.743414230433974978e+02 2.391984844586370400e+02
1.735488086955240874e+02 2.387939294237379499e+02
1.727492213255666513e+02 2.385257507071056580e+02
1.719398146321215677e+02 2.384029908283736177e+02
1.711152378673993724e+02 2.384203630635000195e+02
1.702685342996052213e+02 2.385634852099855152e+02
1.693981314876362205e+02 2.388113266192909236e+02
1.685072506892872752e+02 2.391395084632405030e+02
1.676023566748526150e+02 2.395222673781167941e+02
1.666907617178903820e+02 2.399333196635636227e+02
1.657774400144242293e+02 2.403455148796781202e+02
1.648673417404271220e+02 2.407285100897231587e+02
1.639621488131144815e+02 2.410489286940444629e+02
1.630627529888002698e+02 2.412719874691042605e+02
1.621675733963858477e+02 2.413663671646150988e+02
1.612753419606530372e+02 2.413051872327730223e+02
1.603850981107356404e+02 2.410747983081125199e+02
1.594990271647202746e+02 2.406749180046210483e+02
1.586199538475095210e+02 2.401216600397537775e+02
1.577530110742390264e+02 2.394451389762206190e+02
1.569067598079439847e+02 2.386835853491068633e+02
1.560876966554914702e+02 2.378791945256015765e+02
1.552984009633033793e+02 2.370685581141011653e+02
1.545359978158568310e+02 2.362768553826794289e+02
1.537936717724651601e+02 2.355141403144399987e+02
1.530624026169201102e+02 2.347808498905679357e+02
1.523341312427458831e+02 2.340709845853477304e+02
1.516027792543727060e+02 2.333774454289740277e+02
1.508658371851410323e+02 2.326931416634417928e+02
1.501246093863532849e+02 2.320181015319790276e+02
1.493834915669212648e+02 2.313572610269036431e+02
1.486461272022048377e+02 2.307169333136104115e+02
1.479149068688278703e+02 2.301003029525721786e+02
1.471916533125477997e+02 2.295079254821800419e+02
1.464791237741917200e+02 2.289386794065483741e+02
1.457798354395903573e+02 2.283928480638027736e+02
1.450951246767175178e+02 2.278702763970544822e+02
1.444205858638028417e+02 2.273705943173721096e+02
1.437483351829273772e+02 2.268932311453191915e+02
1.430697683493918362e+02 2.264364040093875019e+02
1.423769705594060895e+02 2.259955565476550987e+02
1.416641137132435233e+02 2.255657269501119231e+02
1.409275327058362279e+02 2.251406921521719937e+02
1.401657997604994250e+02 2.247149837412924853e+02
1.393800569044123279e+02 2.242828300457985051e+02
1.385735320471280261e+02 2.238376296237327097e+02
1.377480504749217403e+02 2.233746184824404395e+02
1.369062068437460482e+02 2.228896187754085929e+02
1.360495637137420601e+02 2.223817554130384337e+02
1.351795067746604957e+02 2.218520834365208145e+02
1.342945349005007358e+02 2.213035929309264986e+02
1.333924980393049395e+02 2.207393778085971974e+02
1.324758273700758764e+02 2.201580886664587524e+02
1.315522909734159498e+02 2.195543317495340148e+02
1.306370768860586509e+02 2.189214647400661988e+02
1.297507256754805098e+02 2.182566990778989862e+02
1.289173595436058406e+02 2.175603130422396703e+02
1.281604737694183029e+02 2.168369852150834731e+02
1.275011785751285061e+02 2.160927079060195410e+02
1.269557213481315898e+02 2.153350108170896817e+02
1.265368223713357168e+02 2.145703761543020107e+02
1.262545912334531408e+02 2.138055021533250510e+02
1.261191708738116404e+02 2.130465058160219201e+02
1.261403107088868296e+02 2.123018828045436521e+02
1.263252051437757473e+02 2.115818313279143013e+02
1.266765133067151226e+02 2.108975297338213295e+02
