1.420606006524836857e+02 2.050013918659824981e+02
1.430568181683826765e+02 2.048609574494564924e+02
1.440529888131403595e+02 2.047189697399458623e+02
1.450492931643134398e+02 2.045814130135761104e+02
1.460459537542576527e+02 2.044556619136165523e+02
1.470432845653290883e+02 2.043521217038832276e+02
1.480416181594353020e+02 2.042818133679337222e+02
1.490411631945916042e+02 2.042516517583212874e+02
1.500419196707979665e+02 2.042616368750458946e+02
1.510436179734261088e+02 2.043028337850383025e+02
1.520457609788263653e+02 2.043587679870290401e+02
1.530499850858908530e+02 2.044166302968651223e+02
1.540616022554735878e+02 2.044716313182500187e+02
1.550811344030324790e+02 2.045303913213636520e+02
1.561025945007750693e+02 2.045994648666955982e+02
1.571167325336438978e+02 2.046875449045757591e+02
1.581146380851751019e+02 2.048014492893910017e+02
1.590903933331218241e+02 2.049491971606122718e+02
1.600420329916175888e+02 2.051384342729742798e+02
1.609712053142088166e+02 2.053733548207078741e+02
1.618821214690451029e+02 2.056534035355758192e+02
1.627803251830367230e+02 2.059740781614830212e+02
1.636715973567873448e+02 2.063284251735528869e+02
1.645611492297218206e+02 2.067072231970149687e+02
1.654535424501785030e+02 2.070987212989515172e+02
1.663537745324165371e+02 2.074866153284729933e+02
1.672671841475195151e+02 2.078492964313973062e+02
1.681987331144633515e+02 2.081629781292660937e+02
1.691521944436948672e+02 2.084125847631164561e+02
1.701288305916119441e+02 2.085895253466344741e+02
1.711263159617596443e+02 2.086895050695649729e+02
1.721386810650538450e+02 2.087188308507336387e+02
1.731572400080526108e+02 2.086917611577690082e+02
1.741731221484242838e+02 2.086295612184531763e+02
1.751807470670354974e+02 2.085522604598947112e+02
1.761811366683467668e+02 2.084830486103213047e+02
1.771804960286342521e+02 2.084467338014724191e+02
1.781815109596734032e+02 2.084652840196033026e+02
1.791846329505984556e+02 2.085536614543451606e+02
1.801900568152458959e+02 2.087183221670800606e+02
1.811977779087279146e+02 2.089591122278726232e+02
1.822077155487386904e+02 2.092733578537537653e+02
1.832197695685727581e+02 2.096577395556617489e+02
1.842336730379850565e+02 2.101034113600354658e+02
1.852491014482177434e+02 2.105996191618416447e+02
1.862656072914689958e+02 2.111315327113936746e+02
1.872828145429518258e+02 2.116866906807382520e+02
1.883004118745317328e+02 2.122547757660225329e+02
1.893180817146211439e+02 2.128252637575712924e+02
1.903354968700789982e+02 2.133873115908432112e+02
1.913523372055808807e+02 2.139303100948351357e+02
1.923683312666402401e+02 2.144452633642306409e+02
1.933831803326754937e+02 2.149222719050015371e+02
1.943964235644533574e+02 2.153460636685556722e+02
1.954076498592348230e+02 2.157030148560638736e+02
1.964168951998202033e+02 2.159943179247530907e+02
1.974244147232651585e+02 2.162284280260756759e+02
1.984307607791265013e+02 2.164236498282604941e+02
1.994365571094910479e+02 2.166006539226345353e+02
2.004425007189953476e+02 2.167825387954152632e+02
2.014490812813714626e+02 2.169855320602484028e+02
2.024563601453332922e+02 2.172116667917354960e+02
2.034641739857648304e+02 2.174555304535111304e+02
2.044722132540666166e+02 2.177068647148795435e+02
2.054802204605773852e+02 2.179571364598755849e+02
2.064879412524432780e+02 2.181979165252177779e+02
2.074951432646238345e+02 2.184215044159553258e+02
2.085015252731238320e+02 2.186179176758220137e+02
2.095068523491660528e+02 2.187793708485390880e+02
2.105107469900445665e+02 2.188933536284465617e+02
2.115129379222424859e+02 2.189508761074981464e+02
2.125131453365074776e+02 2.189426655064027898e+02
2.135111978545737088e+02 2.188630424102706797e+02
2.145072182643538952e+02 2.187160759669399397e+02
2.155016646302132699e+02 2.185169462668594917e+02
2.164951834964154216e+02 2.182870795574029898e+02
2.174883335766168386e+02 2.180449914108015719e+02
2.184813783324775045e+02 2.177994128529374507e+02
2.194744010703631716e+02 2.175531046271976265e+02
2.204673930735686156e+02 2.173057778650669718e+02
2.214602317954740158e+02 2.170533714150676872e+02
2.224530008440611937e+02 2.167986560160371710e+02
2.234460996495263032e+02 2.165548686428760448e+02
2.244401939992398525e+02 2.163440732526902650e+02
2.254356627230186518e+02 2.161788241311215018e+02
2.264325363745731465e+02 2.160601338172903070e+02
2.274305894657099714e+02 2.159805297125138566e+02
2.284294073346201230e+02 2.159262700716488155e+02
2.294284632389533272e+02 2.158798988402012640e+02
2.304272185225235035e+02 2.158235651433882936e+02
2.314251967223836459e+02 2.157414791682895441e+02
2.324220837656928609e+02 2.156232326524539644e+02
2.334179581932825158e+02 2.154714284111530560e+02
2.344130933296589774e+02 2.152951243214954502e+02
2.354080352507642715e+02 2.151124171463426364e+02
2.364032898572764054e+02 2.149400722545692872e+02
2.373994855060084603e+02 2.147989131678928061e+02
2.383972692539714160e+02 2.147103831259524043e+02
2.393970745234954620e+02 2.146888455909032700e+02
2.403992325192156727e+02 2.147452765667765107e+02
2.414039442984218056e+02 2.148863390207764041e+02
2.424111274897579733e+02 2.151093031954119965e+02
2.434202631627307483e+02 2.153969719183533584e+02
2.444306317216580737e+02 2.157254980441517773e+02
2.454436471235611350e+02 2.160747007440199638e+02
2.464643279774788311e+02 2.164300690466494643e+02
2.474948880347996862e+02 2.167872512018417979e+02
2.485346192016227178e+02 2.171469178719765694e+02
2.495763265038891632e+02 2.175081506512101157e+02
2.506100230674960017e+02 2.178662306127946238e+02
2.516222785245499836e+02 2.182177342806822367e+02
2.526011047322813852e+02 2.185643960256328171e+02
2.535349793281253028e+02 2.189155946476722079e+02
2.544165584883373583e+02 2.192868637155728493e+02
2.552382040444161078e+02 2.196951223063765894e+02
2.559950593572366699e+02 2.201535849162678460e+02
2.566899765231336232e+02 2.206747442051514838e+02
2.573294008039550249e+02 2.212677949568592055e+02
2.579246793342357478e+02 2.219345597527593554e+02
2.584874015558177689e+02 2.226693084296086909e+02
2.590311762146385490e+02 2.234585653948039976e+02
2.595653965199786626e+02 2.242821041316800006e+02
2.600978074454905027e+02 2.251186873771568457e+02
2.606383124521860850e+02 2.259573394333530132e+02
2.611920500043803486e+02 2.267939864624607935e+02
2.617595788945074560e+02 2.276239714916421235e+02
2.623416952548518566e+02 2.284410206538768193e+02
2.629370554737974430e+02 2.292454986405756756e+02
2.635458612332113262e+02 2.300410720368563204e+02
2.641676944606306279e+02 2.308307618268987653e+02
2.647994136467256681e+02 2.316177482105601086e+02
2.654366484674216622e+02 2.324055676127980234e+02
2.660749494964137511e+02 2.331976547981688555e+02
2.667113532383708048e+02 2.339943032840018873e+02
2.673442613426827847e+02 2.347909502031801594e+02
2.679705761076344288e+02 2.355819164035589210e+02
2.685833947627710927e+02 2.363546153573782362e+02
2.691765346298990380e+02 2.370926730945834038e+02
2.697456555209607814e+02 2.377830195758238574e+02
2.702968302313020672e+02 2.384163393976360226e+02
2.708430622706513873e+02 2.389943431314858344e+02
2.713984399396901495e+02 2.395276366768593448e+02
2.719747444237872855e+02 2.400322279772942125e+02
2.725797404423470311e+02 2.405253636829745858e+02
2.732153906985091112e+02 2.410208298677935375e+02
2.738777317843639594e+02 2.415258673688394140e+02
2.745592370734688075e+02 2.420449122195200005e+02
2.752545045610360148e+02 2.425758243793516158e+02
2.759520186168577425e+02 2.431141481510913991e+02
2.766415791666199198e+02 2.436522767245676562e+02
2.773145926760490738e+02 2.441854151130559387e+02
2.779622668884827590e+02 2.447108692794771798e+02
2.785753189824558262e+02 2.452261990984972329e+02
2.791440119157616664e+02 2.457301907027149639e+02
2.796666900195596668e+02 2.462228800461253400e+02
2.801502907934169571e+02 2.467062677928066421e+02
2.806134059373247851e+02 2.471837437293953315e+02
2.810794795151243193e+02 2.476597637724755714e+02
2.815732974171697833e+02 2.481379289780524573e+02
2.821109647449675890e+02 2.486195912053900372e+02
2.827006576127832318e+02 2.491043656746603858e+02
2.833460055327614100e+02 2.495922809269202958e+02
2.840497808109296898e+02 2.500814154707465775e+02
2.848149439275648547e+02 2.505673309940129059e+02
2.856407035079573120e+02 2.510448880275764907e+02
2.865251202724016935e+02 2.515101942923846821e+02
2.874620073796521069e+02 2.519612264729904041e+02
2.884435598047915619e+02 2.523982340950337004e+02
2.894580283699508527e+02 2.528230793798758498e+02
2.904935265468230341e+02 2.532408641655003692e+02
2.915369930852933180e+02 2.536603974079994543e+02
2.925786936544159857e+02 2.540853293712047787e+02
2.936112941144655224e+02 2.545101297484803808e+02
2.946337505521795492e+02 2.549243402677844870e+02
2.956483163513015029e+02 2.553249225810948246e+02
2.966603781829924742e+02 2.557095631651669123e+02
2.976720635676338702e+02 2.560817284276552073e+02
2.986856593392290620e+02 2.564501643730898763e+02
2.997069426411371751e+02 2.568254975882515510e+02
3.007364951992879583e+02 2.572163304411250238e+02
3.017682730407699978e+02 2.576273303511732706e+02
3.027927668813295554e+02 2.580585981796041324e+02
3.038007353109990731e+02 2.585059827735886415e+02
3.047858938931665875e+02 2.589653538026954038e+02
3.057482530891276156e+02 2.594427937186966915e+02
3.066949238308458234e+02 2.599427020460674953e+02
3.076324088548121267e+02 2.604627505925627702e+02
3.085655859599659721e+02 2.610005051284261981e+02
3.094931449150623166e+02 2.615515681716414065e+02
3.104106307762921801e+02 2.621125275380605331e+02
3.113095243543586434e+02 2.626798915915736643e+02
3.121833000608718862e+02 2.632544355071077575e+02
3.130263066346095115e+02 2.638416732444553645e+02
3.138368454851893716e+02 2.644559005398939462e+02
3.146135431118390784e+02 2.651145277415138253e+02
3.153584658963576999e+02 2.658289747195534574e+02
3.160742916035821963e+02 2.666009504858554919e+02
3.167602623161661768e+02 2.674292093336741800e+02
3.174113077780084495e+02 2.683112000293731967e+02
3.180195461601340980e+02 2.692373659536752371e+02
3.185791506555057708e+02 2.701967608723076637e+02
3.190901782095641011e+02 2.711810602803473103e+02
3.195578120520568746e+02 2.721807445121287401e+02
3.199831779133788245e+02 2.731888914644977149e+02
3.203641545323786772e+02 2.741987940666235204e+02
3.206965015083461026e+02 2.752065244287651922e+02
3.209766759245101184e+02 2.762080275661198243e+02
3.212053272017314498e+02 2.772036060287585428e+02
3.213827377877429399e+02 2.781987077762331637e+02
3.215089116952523227e+02 2.791953556078165661e+02
3.215821476986097878e+02 2.801936008585681748e+02
3.216071566535659940e+02 2.811933013768220349e+02
3.215952634053693373e+02 2.821941154315411495e+02
3.215599348242783435e+02 2.831956366553592375e+02
3.215138161545328330e+02 2.841974834737530955e+02
3.214645649106470842e+02 2.851994248186314849e+02
3.214056390703661350e+02 2.862016580977293643e+02
3.213263135154626298e+02 2.872045069451177142e+02
3.212136141513803409e+02 2.882083628584895223e+02
3.210583631701338732e+02 2.892155257016633527e+02
3.208541980440625707e+02 2.902316439485717865e+02
3.205951182209082617e+02 2.912572208144747492e+02
3.202752508444227715e+02 2.922882716212812397e+02
3.198887392495741437e+02 2.933209172505730749e+02
3.194295829264020767e+02 2.943465447688071777e+02
3.188925709132903989e+02 2.953529668021469661e+02
3.182737128990664246e+02 2.963306183530626186e+02
3.175719658737809254e+02 2.972773929220297191e+02
3.167910795629034624e+02 2.981935895473445726e+02
3.159405908189344245e+02 2.990816787061652917e+02
3.150364776890807548e+02 2.999415204111803632e+02
3.140977647263414383e+02 3.007744374530724372e+02
3.131363726721759235e+02 3.015827943588680000e+02
3.121583307056006333e+02 3.023681970094425537e+02
3.111675072006831329e+02 3.031294721946383675e+02
3.101686318064625993e+02 3.038620942015871833e+02
3.091682809336768969e+02 3.045596117400455114e+02
3.081703374709454692e+02 3.052162930881106035e+02
3.071788469624874551e+02 3.058282824714153207e+02
3.061931763171519378e+02 3.063852752967800939e+02
3.052073694125883208e+02 3.068707136771856767e+02
3.042189156156500189e+02 3.072684349839410061e+02
3.032275950180411996e+02 3.075711515341948257e+02
3.022333487744616605e+02 3.077769132155835337e+02
3.012363195493247190e+02 3.078904478761234031e+02
3.002367869709132151e+02 3.079210222978353499e+02
2.992351356600728423e+02 3.078813826790077428e+02
2.982318716079665251e+02 3.077882973871502941e+02
2.972252253426805169e+02 3.076501656137209579e+02
2.962098971791358508e+02 3.074721835698455266e+02
2.951836537910595553e+02 3.072580543009947291e+02
2.941474128352160164e+02 3.070140519836931503e+02
2.931103832475853892e+02 3.067407981443814720e+02
2.920879426711985616e+02 3.064408671398358024e+02
2.910957818979831586e+02 3.061147779466314773e+02
2.901431803940056398e+02 3.057623065792300849e+02
2.892293240947091135e+02 3.053835626409946826e+02
2.883497246525695914e+02 3.049748558287528226e+02
2.874978333335708385e+02 3.045336745201636290e+02
2.866705304386536568e+02 3.040577217653406592e+02
2.858665932973317467e+02 3.035504750241157694e+02
2.850886761421043047e+02 3.030195607103148063e+02
2.843382081345482106e+02 3.024773293371733871e+02
2.836162529611991090e+02 3.019290592236431507e+02
2.829195741888233329e+02 3.013788628567967294e+02
2.822441894549919539e+02 3.008303690020558179e+02
2.815848931152766568e+02 3.002893042754444650e+02
2.809402756807513128e+02 2.997553090257886765e+02
2.803119106793067772e+02 2.992292721973930156e+02
2.797063321835615852e+02 2.987137168600178256e+02
2.791302276383474918e+02 2.982119718240546717e+02
2.785905468488829229e+02 2.977292968652046170e+02
2.780866042913957585e+02 2.972658507321931438e+02
2.776038373737857228e+02 2.968173907259592283e+02
2.771253509053997846e+02 2.963720970550581910e+02
2.766329450727573658e+02 2.959163254474950122e+02
2.761194647348992817e+02 2.954351269125729118e+02
2.755846889963709145e+02 2.949166057007065547e+02
2.750336613439708344e+02 2.943466442692302962e+02
2.744696254720280990e+02 2.937157344572232205e+02
2.738973604591416233e+02 2.930250666615710315e+02
2.733234468546500011e+02 2.922808592314438556e+02
2.727480377537081040e+02 2.914908380642570478e+02
2.721705954730820167e+02 2.906575415322725462e+02
2.715873201003824988e+02 2.897870640196949807e+02
2.709987810262618382e+02 2.888864055375447606e+02
2.704048951032289096e+02 2.879703163045148244e+02
2.698121820532933839e+02 2.870548019572972862e+02
2.692285105809892229e+02 2.861623123770044685e+02
2.686608315675007930e+02 2.853124658394974063e+02
2.681082196427579447e+02 2.845162382490773894e+02
2.675638711190495087e+02 2.837738088974886637e+02
2.670137096885924848e+02 2.830769586093955468e+02
2.664434450234611518e+02 2.824141221423113848e+02
2.658406943755834391e+02 2.817765760109703024e+02
2.651999460112718339e+02 2.811611630217200286e+02
2.645160459805628648e+02 2.805656085911317632e+02
2.637789542918676489e+02 2.799912911686583925e+02
2.629845337644287042e+02 2.794385987148392019e+02
2.621306826537976349e+02 2.789081018812963180e+02
2.612255859232994908e+02 2.783948685524218263e+02
2.602840493473136121e+02 2.778927663722225816e+02
2.593262770003050264e+02 2.773950278743327544e+02
2.583721691648657952e+02 2.768981462387177430e+02
2.574418828357223106e+02 2.764035081288548099e+02
2.565487367624309627e+02 2.759112358854800391e+02
2.556954143957024996e+02 2.754226301631527463e+02
2.548787991087500586e+02 2.749355289807280656e+02
2.540882235101331332e+02 2.744424546818313502e+02
2.533101057269452667e+02 2.739323768991816905e+02
2.525279113606368355e+02 2.734021168906374442e+02
2.517286696332150484e+02 2.728502862440620333e+02
2.509013411543662926e+02 2.722811828806395056e+02
2.500359004965968950e+02 2.717012100966748562e+02
2.491253619890719619e+02 2.711174798269249777e+02
2.481680817022772203e+02 2.705429495501473980e+02
2.471691272376278903e+02 2.699917198345893325e+02
2.461402897156199572e+02 2.694797963230823825e+02
2.450976232549304257e+02 2.690197385116954365e+02
2.440567529745971740e+02 2.686223220242179082e+02
2.430270468829292838e+02 2.682934399876060070e+02
2.420093743177926910e+02 2.680377653072379189e+02
2.410014467270071350e+02 2.678571708616250930e+02
2.399976666399219312e+02 2.677469843537611496e+02
2.389955961430311788e+02 2.676934530580349474e+02
2.379947553048027373e+02 2.676806722138470036e+02
2.369945752169560365e+02 2.676897884027442274e+02
2.359944251399109305e+02 2.676998991389514231e+02
2.349939249469014442e+02 2.676984071563905445e+02
2.339929834593816906e+02 2.676822908304202997e+02
2.329916982803204348e+02 2.676547846887743844e+02
2.319901574514560991e+02 2.676188064034105878e+02
2.309881999399549386e+02 2.675690194033860507e+02
2.299857041945302853e+02 2.675013955222091226e+02
2.289825201611742500e+02 2.674109620233300006e+02
2.279784078439591610e+02 2.672897655269038069e+02
2.269732856255694458e+02 2.671351012640654972e+02
2.259671210521131286e+02 2.669458937243572336e+02
2.249599473918456169e+02 2.667232454059527527e+02
2.239519301113572283e+02 2.664726398129149629e+02
2.229431206060307886e+02 2.661957801699837773e+02
2.219334780672084548e+02 2.658913140927265886e+02
2.209230416144978904e+02 2.655605379910540478e+02
2.199118145656761385e+02 2.652035618149199649e+02
2.188998679211723015e+02 2.648227384933371127e+02
2.178874860144801175e+02 2.644274907373519454e+02
2.168752285244275981e+02 2.640363661046367838e+02
2.158636701503242818e+02 2.636684099262914742e+02
2.148531661054465758e+02 2.633353938441951527e+02
2.138438729587099942e+02 2.630425064966252080e+02
2.128356215034845889e+02 2.627841404359344892e+02
2.118280781523680503e+02 2.625492406940340970e+02
2.108208519204149809e+02 2.623248501686333611e+02
2.098136750328552296e+02 2.621020948989101385e+02
2.088061676645389753e+02 2.618683876142367239e+02
2.077980761864909596e+02 2.616153231404124426e+02
2.067893319207260845e+02 2.613406255133922969e+02
2.057799555279469530e+02 2.610449794215253405e+02
2.047699381104787335e+02 2.607280899990262242e+02
2.037572133760075417e+02 2.603885199146617992e+02
2.027363926627060664e+02 2.600285167217043067e+02
2.017050568487859721e+02 2.596456262682077067e+02
2.006639791169017712e+02 2.592413349099784341e+02
1.996224998774898154e+02 2.588206211902653422e+02
1.985961532821733613e+02 2.583912461050317688e+02
1.976009188298071990e+02 2.579632962759297925e+02
1.966483070172714633e+02 2.575434775787837225e+02
1.957428720049010167e+02 2.571288753267074298e+02
1.948822244189999537e+02 2.567077432429146029e+02
1.940588971189591803e+02 2.562712375247658656e+02
1.932605771537764667e+02 2.558169594593524891e+02
1.924706542523915687e+02 2.553455153150165700e+02
1.916757114655793544e+02 2.548513402367293565e+02
1.908654068014062943e+02 2.543314407937084241e+02
1.900358990282912828e+02 2.537824523128732324e+02
1.891859645533738785e+02 2.532077222227162281e+02
1.883208306019458860e+02 2.526104283074888599e+02
1.874510582642276972e+02 2.519993660293369544e+02
1.865890348686441200e+02 2.513834438195193854e+02
1.857467422117477440e+02 2.507712601997912714e+02
1.849326622621597664e+02 2.501705438566068551e+02
1.841489778964885318e+02 2.495810588435467707e+02
1.833978288591698345e+02 2.489978243563838305e+02
1.826791541572184769e+02 2.484107956647654873e+02
1.819861752589910964e+02 2.478081548433763714e+02
1.813082128757023952e+02 2.471714536034329228e+02
1.806288489128622814e+02 2.464854532080021841e+02
1.799328312359298252e+02 2.457405323086366025e+02
1.792059198740529666e+02 2.449356799458269336e+02
1.784360445319471182e+02 2.440769699424833163e+02
1.776169831453526626e+02 2.431808724594230853e+02
1.767508905264093357e+02 2.422826585511334656e+02
1.758477741562019219e+02 2.414268526329204576e+02
1.749218360779104273e+02 2.406672178086240308e+02
1.739844851417903726e+02 2.400550663142201699e+02
1.730409216289635026e+02 2.396350216029622118e+02
1.720934275864818517e+02 2.394334088216540977e+02
1.711387535648600533e+02 2.394585507655019683e+02
1.701704471654067561e+02 2.396916665045732771e+02
1.691786282723042802e+02 2.400944085923242994e+02
1.681633786477169679e+02 2.406099407041469647e+02
1.671326907426261243e+02 2.411770199114754973e+02
1.661013088361023904e+02 2.417314112784830513e+02
1.650834584478049578e+02 2.422133715595226988e+02
1.640926481063166875e+02 2.425725514084464578e+02
1.631399987737574122e+02 2.427785115503364182e+02
1.622373271111178781e+02 2.428208508435230897e+02
1.613918108958418145e+02 2.427028022655764232e+02
1.606029723133842140e+02 2.424429126663168290e+02
1.598636285805442014e+02 2.420691143982855635e+02
1.591620957455566838e+02 2.416147400334228621e+02
1.584821104340999227e+02 2.411093975718751778e+02
1.578020531279884153e+02 2.405696086098554645e+02
1.571028207493824880e+02 2.399998693725643193e+02
1.563685549535444181e+02 2.394026953176495738e+02
1.555912846389169601e+02 2.387778717686944105e+02
1.547680679196238884e+02 2.381222640315365027e+02
1.539041045183521419e+02 2.374324026957102660e+02
1.530104490950423894e+02 2.367101321740211404e+02
1.521063126235712559e+02 2.359661028781377183e+02
1.512140640281849642e+02 2.352137672456855739e+02
1.503577153975381009e+02 2.344660279036624217e+02
1.495547993998252707e+02 2.337348434793296974e+02
1.488161164224804622e+02 2.330308060346337129e+02
1.481460048014957067e+02 2.323627467362483117e+02
1.475425554241647603e+02 2.317369900434923409e+02
1.469999224028945832e+02 2.311577722050893726e+02
1.465045056942467454e+02 2.306266231162889255e+02
1.460379463938859885e+02 2.301345063999625324e+02
1.455752211792672597e+02 2.296699525815883192e+02
1.450944956019320102e+02 2.292148089644379638e+02
1.445822280252750716e+02 2.287522503311859339e+02
1.440336524531262796e+02 2.282744578746656998e+02
1.434495811252831459e+02 2.277775813446891107e+02
1.428325662960936882e+02 2.272623200793311753e+02
1.421800056551452371e+02 2.267304933961881090e+02
1.414819052452107542e+02 2.261847069145615308e+02
1.407343412130651927e+02 2.256246268323123161e+02
1.399398125027861965e+02 2.250559493688443240e+02
1.391081432252587433e+02 2.244844978625745568e+02
1.382488553035217365e+02 2.239139057700724891e+02
1.373696494110326682e+02 2.233475273527025706e+02
1.364791171677488251e+02 2.227911551087607620e+02
1.355873040038434283e+02 2.222468399850125138e+02
1.346981820797682872e+02 2.217139969085173163e+02
1.338155857911991120e+02 2.211861822961258781e+02
1.329373206011209163e+02 2.206541281219810458e+02
1.320612589915084243e+02 2.201048526492169799e+02
1.311867876118593017e+02 2.195264509611536141e+02
1.303175331640417483e+02 2.189082157991987287e+02
1.294625695710336970e+02 2.182444708967281031e+02
1.286362458390485983e+02 2.175284353795585446e+02
1.278571523096633484e+02 2.167468434976150320e+02
1.271482964811924035e+02 2.158904460996765522e+02
1.265412257790847548e+02 2.149614006461811186e+02
1.260705896288727672e+02 2.139818101107584880e+02
1.257675360998024132e+02 2.129791895358808347e+02
1.256546743067236775e+02 2.119781671992528800e+02
1.257429138231321417e+02 2.110036293729567660e+02
1.260291012036243785e+02 2.100772920499949805e+02
1.264988531102577554e+02 2.092198174555775552e+02
1.271361603287448361e+02 2.084474868607820213e+02
1.279213629467106443e+02 2.077745247118333509e+02
1.288277190816366442e+02 2.072081018494328077e+02
1.298212577688053386e+02 2.067490302619825115e+02
1.308652523243223982e+02 2.063998968623388919e+02
1.319303870077921204e+02 2.061534605659803674e+02
1.329941719647252398e+02 2.059895095074300002e+02
1.340411147128156699e+02 2.058806434987689045e+02
1.350679194189492307e+02 2.057984710304901057e+02
1.360775083476442262e+02 2.057192511610982706e+02
1.370772263705558203e+02 2.056277834417720669e+02
1.380743987426919546e+02 2.055189926219690619e+02
1.390711565435039461e+02 2.053964630556578186e+02
1.400677205258126037e+02 2.052675104129506565e+02
1.410642219831045168e+02 2.051364857133856390e+02
1.420606006524836857e+02 2.050013918659824981e+02
