1.267695998139783171e+02 2.094204762864336544e+02
1.275156340046954142e+02 2.088045841774169276e+02
1.283824655525021399e+02 2.082743144890629878e+02
1.293382672254351178e+02 2.078232862211722249e+02
1.303511574243948417e+02 2.074474336390188967e+02
1.313947365358648085e+02 2.071455241541968348e+02
1.324471708755430939e+02 2.069124953965295504e+02
1.334923595966345715e+02 2.067367512003802119e+02
1.345239130715115721e+02 2.066004502036151393e+02
1.355412441238107704e+02 2.064833293039566513e+02
1.365455841123878429e+02 2.063658728579265471e+02
1.375400042856950620e+02 2.062310223340246012e+02
1.385277871258991240e+02 2.060699111693978125e+02
1.395100955339345887e+02 2.058821423156658170e+02
1.404884563320311770e+02 2.056751506174052224e+02
1.414648117426694967e+02 2.054583937062876089e+02
1.424414200143806966e+02 2.052428680994694901e+02
1.434209916086565499e+02 2.050417723603006834e+02
1.444060786722202181e+02 2.048675341400518164e+02
1.453984924708630615e+02 2.047289733781917107e+02
1.463989223879555084e+02 2.046294470196958173e+02
1.474064458929644843e+02 2.045644628119649155e+02
1.484194212999589695e+02 2.045260265828527508e+02
1.494380137446219123e+02 2.045088826767192813e+02
1.504655996705427583e+02 2.045106818569464622e+02
1.515042256902133317e+02 2.045342267129275342e+02
1.525522241276136697e+02 2.045839585069484201e+02
1.536050859412918328e+02 2.046648142103667851e+02
1.546564344348806799e+02 2.047775377824823693e+02
1.556999855057041202e+02 2.049197548101977873e+02
1.567306426333547620e+02 2.050858313520209322e+02
1.577454188962167336e+02 2.052691714285505782e+02
1.587444862970588702e+02 2.054678337554058771e+02
1.597300217364299044e+02 2.056811293376661069e+02
1.607043236525947520e+02 2.059034828447094014e+02
1.616705872667159269e+02 2.061312102083058448e+02
1.626324982951387597e+02 2.063630655323840983e+02
1.635929695763438758e+02 2.065957892307761483e+02
1.645541495807900674e+02 2.068240848413904303e+02
1.655177534263313248e+02 2.070388604902315990e+02
1.664863638561528774e+02 2.072334993651791706e+02
1.674626331542370394e+02 2.074016735711898605e+02
1.684485582164872994e+02 2.075363394203269536e+02
1.694453161665774132e+02 2.076319395148310036e+02
1.704555124496076814e+02 2.076923224097333218e+02
1.714835204067133816e+02 2.077279420539679222e+02
1.725314531442255088e+02 2.077550485562001086e+02
1.735982598925560865e+02 2.077905223632329239e+02
1.746777490054489022e+02 2.078496790841513189e+02
1.757610565212694382e+02 2.079418158673965138e+02
1.768374662876756815e+02 2.080752688064771689e+02
1.778963668402564906e+02 2.082547478088287107e+02
1.789283462347309523e+02 2.084786892393101994e+02
1.799254427160395267e+02 2.087444037269225987e+02
1.808848929707201876e+02 2.090445398682820155e+02
1.818068551417178185e+02 2.093723315372584466e+02
1.826920015703405511e+02 2.097210458499106380e+02
1.835423351499498494e+02 2.100885748076184711e+02
1.843609041576563641e+02 2.104735859740206365e+02
1.851525908452402973e+02 2.108763599601547298e+02
1.859246085948254574e+02 2.112970753558766432e+02
1.866856784308171768e+02 2.117320025789951785e+02
1.874454565572513616e+02 2.121712581253940186e+02
1.882149444194656098e+02 2.126053896937404488e+02
1.890048572560166349e+02 2.130218462113842008e+02
1.898242557395977315e+02 2.134067605388818265e+02
1.906799402013277245e+02 2.137514696146107553e+02
1.915750395968899227e+02 2.140533983707406378e+02
1.925090719431261164e+02 2.143193416651974985e+02
1.934788035709451606e+02 2.145642945199622886e+02
1.944792124658354737e+02 2.148076822696073123e+02
1.955050698109265568e+02 2.150683407999926260e+02
1.965530294100169328e+02 2.153611596122510150e+02
1.976205610869606630e+02 2.156881099794915144e+02
1.987037028602409521e+02 2.160407758618224534e+02
1.997987377097443868e+02 2.164027822442978959e+02
2.009008114838407550e+02 2.167564522471889745e+02
2.020043426734990817e+02 2.170840419369707206e+02
2.031009200077475896e+02 2.173703281514998764e+02
2.041817376173575553e+02 2.175993245050647147e+02
2.052421053620135467e+02 2.177607544022745287e+02
2.062828121872009035e+02 2.178512962364367809e+02
2.073074491767354743e+02 2.178696459592287056e+02
2.083172144349629207e+02 2.178155779449052147e+02
2.093116253734077077e+02 2.176867422340275766e+02
2.102917278351228560e+02 2.174882315481970636e+02
2.112609027557098216e+02 2.172365093172951447e+02
2.122244143526823450e+02 2.169572095924055475e+02
2.131879619577154017e+02 2.166780852083827824e+02
2.141564814913689929e+02 2.164231715777929992e+02
2.151335168307473111e+02 2.162097255724289084e+02
2.161210958934917130e+02 2.160476221156339989e+02
2.171187930200715073e+02 2.159347884628596432e+02
2.181240295103335143e+02 2.158586676611903954e+02
2.191326833465821267e+02 2.157991875893852125e+02
2.201401300075737595e+02 2.157338291905306846e+02
2.211424468275008053e+02 2.156434910852797202e+02
2.221372240825833160e+02 2.155164391493656808e+02
2.231241061177880738e+02 2.153509415243945000e+02
2.241037788967255437e+02 2.151503385028570676e+02
2.250775127596303093e+02 2.149208159929881390e+02
2.260472535499052924e+02 2.146718492585017088e+02
2.270158925739942504e+02 2.144175174853136241e+02
2.279869022963674183e+02 2.141747298021565484e+02
2.289633005545861124e+02 2.139581815368748892e+02
2.299466429370959872e+02 2.137754476108272002e+02
2.309373132616591420e+02 2.136283970205157061e+02
2.319345173393212747e+02 2.135131624712910821e+02
2.329376673736983321e+02 2.134268816949250720e+02
2.339479292831600787e+02 2.133691723364058532e+02
2.349685769184978312e+02 2.133371855845786058e+02
2.360000829979841512e+02 2.133260599677078346e+02
2.370403779046197599e+02 2.133322197186763276e+02
2.380887796442042372e+02 2.133604467819537831e+02
2.391439618704534951e+02 2.134228545923352272e+02
2.402032466115375939e+02 2.135283999526474759e+02
2.412601424866759317e+02 2.136843869960054860e+02
2.423045683178939385e+02 2.138940365155794439e+02
2.433258588305166938e+02 2.141577399652093732e+02
2.443172992849002298e+02 2.144764444586759282e+02
2.452784177647970978e+02 2.148484634512700779e+02
2.462116958733314505e+02 2.152698194292038352e+02
2.471218168440643694e+02 2.157345545106880706e+02
2.480120324210088825e+02 2.162351835553852197e+02
2.488859351240514570e+02 2.167624159643443704e+02
2.497476877138163616e+02 2.173062233456215040e+02
2.505996757446875733e+02 2.178599334201994679e+02
2.514380229057183556e+02 2.184189326454651336e+02
2.522560319382872365e+02 2.189805547536230392e+02
2.530505630611723404e+02 2.195480528507087854e+02
2.538204221621813588e+02 2.201286365261748017e+02
2.545666458935873209e+02 2.207306794192576547e+02
2.552936783146240600e+02 2.213609631837030065e+02
2.560057061432670480e+02 2.220243203974558810e+02
2.567069202700954520e+02 2.227258226857146610e+02
2.573991586269941081e+02 2.234683849116642591e+02
2.580843834496947693e+02 2.242536580976949949e+02
2.587632742973695485e+02 2.250813771224542847e+02
2.594356197042320673e+02 2.259446761733739208e+02
2.601023300489117673e+02 2.268326226310171592e+02
2.607684794346646413e+02 2.277334318746370627e+02
2.614454918961570797e+02 2.286367665005005279e+02
2.621423541724536221e+02 2.295362636448666649e+02
2.628642126392256841e+02 2.304270524808600840e+02
2.636118805868154027e+02 2.313073019749422770e+02
2.643812344571261974e+02 2.321765236461779978e+02
2.651671070079574406e+02 2.330372497129698672e+02
2.659635075198368099e+02 2.338945693151476348e+02
2.667648126781978135e+02 2.347508816974433898e+02
2.675633143418054374e+02 2.356077698063822936e+02
2.683544977282282957e+02 2.364661607992313748e+02
2.691349373234368159e+02 2.373267581407254738e+02
2.699045998224620462e+02 2.381895686703844603e+02
2.706646616743598770e+02 2.390543507922270123e+02
2.714157217164415670e+02 2.399222259677438274e+02
2.721593190909291025e+02 2.407967370017869371e+02
2.729026920044852886e+02 2.416791129644558964e+02
2.736549467375292579e+02 2.425687629353450063e+02
2.744221832509612682e+02 2.434616268355121633e+02
2.752079687287432535e+02 2.443517207583253139e+02
2.760151633223899807e+02 2.452298565234251839e+02
2.768422315991173264e+02 2.460871555044448087e+02
2.776864116639643498e+02 2.469139516973894501e+02
2.785416333362419437e+02 2.477028724823449011e+02
2.794016486126590166e+02 2.484472800312872778e+02
2.802581779214870608e+02 2.491437029191495753e+02
2.811054431969828329e+02 2.497893575731798990e+02
2.819383120854028562e+02 2.503840678285371268e+02
2.827479926908577568e+02 2.509280068229475376e+02
2.835248869181996270e+02 2.514225371867835861e+02
2.842597678961863039e+02 2.518738914245241460e+02
2.849485881278542365e+02 2.522890402357990922e+02
2.855949726161737772e+02 2.526758573621881396e+02
2.862095295234320815e+02 2.530451415905624799e+02
2.868115614756866307e+02 2.534071833164583154e+02
2.874215734025489155e+02 2.537724057930924175e+02
2.880581309748403669e+02 2.541470733627251093e+02
2.887346686440031931e+02 2.545335712791045921e+02
2.894599725466754876e+02 2.549331598659903477e+02
2.902350350038286138e+02 2.553436221869624205e+02
2.910558194348437837e+02 2.557609462362995032e+02
2.919184003485709695e+02 2.561830031567420747e+02
2.928219812832062985e+02 2.566091408358805666e+02
2.937667545176418571e+02 2.570411655178367027e+02
2.947520477303373241e+02 2.574780055414016715e+02
2.957699520548044916e+02 2.579201968280899564e+02
2.968063584236130055e+02 2.583661603116432843e+02
2.978431603949940154e+02 2.588152531861285865e+02
2.988633345095892082e+02 2.592645501309690417e+02
2.998552687946076389e+02 2.597120746338568438e+02
3.008172955477004393e+02 2.601536926655377329e+02
3.017535623011999633e+02 2.605874642413335778e+02
3.026731968830833921e+02 2.610090606990465290e+02
3.035827584419542973e+02 2.614151218966268857e+02
3.044855892223984597e+02 2.618026747237286713e+02
3.053815619545884488e+02 2.621726355140199303e+02
3.062672382205070676e+02 2.625302481435039681e+02
3.071394544288895077e+02 2.628833971847315638e+02
3.079949059760295427e+02 2.632428995191547187e+02
3.088323791564703242e+02 2.636152827361495952e+02
3.096533543906726322e+02 2.640067018522278204e+02
3.104635315854725945e+02 2.644214438965541376e+02
3.112682712925324040e+02 2.648611541611630287e+02
3.120682465884341923e+02 2.653249941068993962e+02
3.128587356507912318e+02 2.658099795844128721e+02
3.136333913028310576e+02 2.663116941248626404e+02
3.143831849544263832e+02 2.668275725020770324e+02
3.150980576937682827e+02 2.673518666887230779e+02
3.157721103934017606e+02 2.678793444085016517e+02
3.164068267478106122e+02 2.684028938170190486e+02
3.170123143215821528e+02 2.689106684871723019e+02
3.176046782725319417e+02 2.693912196304777353e+02
3.182010114756229200e+02 2.698354722930789080e+02
3.188145859546377778e+02 2.702414614747939936e+02
3.194515618617332962e+02 2.706139605629322773e+02
3.201138858714746220e+02 2.709653867940678538e+02
3.208042368488977445e+02 2.713127816447247369e+02
3.215266071147497087e+02 2.716785285748690058e+02
3.222860335562394312e+02 2.720816665485546082e+02
3.230828696389504557e+02 2.725372144797261740e+02
3.239140713874467679e+02 2.730489019418909606e+02
3.247706068432956386e+02 2.736138142426349305e+02
3.256426082228082919e+02 2.742235200545967473e+02
3.265202456378239617e+02 2.748692158180562615e+02
3.273923717764478170e+02 2.755404799128170907e+02
3.282455739826815488e+02 2.762236195511399615e+02
3.290651197006745292e+02 2.769058520641679024e+02
3.298398350516698656e+02 2.775751003341351293e+02
3.305643544509183016e+02 2.782226852965011972e+02
3.312418267469676607e+02 2.788417442332314522e+02
3.318835355519139512e+02 2.794289860291549985e+02
3.325103432396330732e+02 2.799839628045394306e+02
3.331450135748297612e+02 2.805140388892577903e+02
3.338085309064336457e+02 2.810281343675021617e+02
3.345122611221833040e+02 2.815376805300094247e+02
3.352601159303018221e+02 2.820536324325429973e+02
3.360496253735580012e+02 2.825872572622973848e+02
3.368758598121576142e+02 2.831462111851863028e+02
3.377329149214233439e+02 2.837359841551353838e+02
3.386165401270091024e+02 2.843598338207948473e+02
3.395192172413987919e+02 2.850187171202358059e+02
3.404336499972619094e+02 2.857099938157713268e+02
3.413508439493037372e+02 2.864283220524952185e+02
3.422605556942895646e+02 2.871672791239553248e+02
3.431501826454912703e+02 2.879219139864474641e+02
3.440066161142694909e+02 2.886893099922114629e+02
3.448204852832907363e+02 2.894660258497016230e+02
3.455847608748116500e+02 2.902518349526365000e+02
3.462952295863331074e+02 2.910487397939751872e+02
3.469535690580268579e+02 2.918616237214888542e+02
3.475692870203757252e+02 2.926946941460280414e+02
3.481550311680670688e+02 2.935515310090862613e+02
3.487231293654817819e+02 2.944314177607305396e+02
3.492809582996794120e+02 2.953312071529529135e+02
3.498326894321846794e+02 2.962461030007331146e+02
3.503755113964917882e+02 2.971708861548713116e+02
3.508999073126120720e+02 2.981009815289988296e+02
3.513951275125187408e+02 2.990330737790434910e+02
3.518554631859838082e+02 2.999657555330649075e+02
3.522786171954981000e+02 3.009009696037829826e+02
3.526635005293971972e+02 3.018427985146323635e+02
3.530086941356868238e+02 3.027927781215428240e+02
3.533121154742390218e+02 3.037513360956685915e+02
3.535703282558873752e+02 3.047191781145303366e+02
3.537785248103837148e+02 3.056972914829375441e+02
3.539311432078853841e+02 3.066868184007083755e+02
3.540241398333183156e+02 3.076885892660199033e+02
3.540577879833408019e+02 3.087025479545768576e+02
3.540348480521580541e+02 3.097281275908793532e+02
3.539618468341591893e+02 3.107639878301952763e+02
3.538449496668628171e+02 3.118088625566994097e+02
3.536869329448254007e+02 3.128634260479802833e+02
3.534880937308326452e+02 3.139314761827486677e+02
3.532492959207680201e+02 3.150143066228238808e+02
3.529689419089734770e+02 3.161096657178861733e+02
3.526415520490064637e+02 3.172131558704252257e+02
3.522600136234269712e+02 3.183209527133536767e+02
3.518213049175147944e+02 3.194317391782793152e+02
3.513246724288236464e+02 3.205444459831701920e+02
3.507710778285032802e+02 3.216585213974761928e+02
3.501630157288478244e+02 3.227712194660808791e+02
3.495054386995177538e+02 3.238798325690407864e+02
3.488043753032644076e+02 3.249818220919400460e+02
3.480628793653659727e+02 3.260740383336546415e+02
3.472838600349836042e+02 3.271508673216019361e+02
3.464728483093311979e+02 3.282033308950672108e+02
3.456377059672942096e+02 3.292198815041477360e+02
3.447852454967520544e+02 3.301889226767121386e+02
3.439219039817774615e+02 3.310999181302262286e+02
3.430512387075853553e+02 3.319446186415206057e+02
3.421748479282893527e+02 3.327171363417288603e+02
3.412907953617033741e+02 3.334142713251809482e+02
3.403961981820559117e+02 3.340352088529184584e+02
3.394876670713671842e+02 3.345822354698528898e+02
3.385651571890390414e+02 3.350611926072575670e+02
3.376295910656044157e+02 3.354765725177317108e+02
3.366814329837650916e+02 3.358306360209438139e+02
3.357210999530707909e+02 3.361254137404520748e+02
3.347495114866192694e+02 3.363653832354870019e+02
3.337686554707443065e+02 3.365602244973670167e+02
3.327815280174736472e+02 3.367245270616816128e+02
3.317903527754142488e+02 3.368691189616258725e+02
3.307967700223607608e+02 3.370019875124405644e+02
3.298016184041465522e+02 3.371272164910743072e+02
3.288053314256339945e+02 3.372469168448344590e+02
3.278063511030348423e+02 3.373595617703559810e+02
3.267996886765317299e+02 3.374596493475662555e+02
3.257808920528675571e+02 3.375387233062100449e+02
3.247469131255529646e+02 3.375881697240199628e+02
3.236993459242920608e+02 3.376020801614133688e+02
3.226429862908832433e+02 3.375782365333049029e+02
3.215860835810024128e+02 3.375149273944186348e+02
3.205378958132070011e+02 3.374124647581988938e+02
3.195098165551402190e+02 3.372704393003722885e+02
3.185145718938726986e+02 3.370900586988224745e+02
3.175631907984934514e+02 3.368732344144652870e+02
3.166620334799785610e+02 3.366195249879709195e+02
3.158124427933395282e+02 3.363298123152620747e+02
3.150110821974825512e+02 3.360074154307659455e+02
3.142508976289250882e+02 3.356579971053047302e+02
3.135209980379650574e+02 3.352891014248659758e+02
3.128059581605890003e+02 3.349098059357654051e+02
3.120899023214155932e+02 3.345269551420890934e+02
3.113564163981742468e+02 3.341402130794184018e+02
3.105924452001769396e+02 3.337432648713412391e+02
3.097877304095561044e+02 3.333259912461682006e+02
3.089369561838117875e+02 3.328751284116995635e+02
3.080391027289734325e+02 3.323809680539077931e+02
3.070991822706263861e+02 3.318376480680784084e+02
3.061269150896300744e+02 3.312448730612313739e+02
3.051392244872968718e+02 3.306090078116574773e+02
3.041563320683189886e+02 3.299388125716744753e+02
3.031957688326436937e+02 3.292451324610075289e+02
3.022719306716599590e+02 3.285371074075071078e+02
3.013945974440755435e+02 3.278228897220517410e+02
3.005666851903598626e+02 3.271080690715348283e+02
2.997826571378994913e+02 3.263977975660123434e+02
2.990337276686300925e+02 3.256944960277053838e+02
2.983108131738571842e+02 3.249993877432056024e+02
2.976053376060372102e+02 3.243112213090880118e+02
2.969102263251876934e+02 3.236280827509229994e+02
2.962208351778745055e+02 3.229454273949182266e+02
2.955349886704649975e+02 3.222578565071057142e+02
2.948499953087607537e+02 3.215569218144680121e+02
2.941657780404860887e+02 3.208313912093246358e+02
2.934850795872488334e+02 3.200731898936481912e+02
2.928098221529552347e+02 3.192779080464511026e+02
2.921423067170418335e+02 3.184443871140520628e+02
2.914833842108224644e+02 3.175758212155627120e+02
2.908301947240738059e+02 3.166802265245411832e+02
2.901817439764324718e+02 3.157682762350997336e+02
2.895357408166885875e+02 3.148517602508059667e+02
2.888866012067077804e+02 3.139409345229134942e+02
2.882258814309233799e+02 3.130415848835514794e+02
2.875424122599467296e+02 3.121547259010331459e+02
2.868249872980005648e+02 3.112799434139350296e+02
2.860690317528833475e+02 3.104143180195250125e+02
2.852757961926280359e+02 3.095563484617973700e+02
2.844547519627171255e+02 3.087040897019984413e+02
2.836178849338014061e+02 3.078550803176246404e+02
2.827787600238909818e+02 3.070065346124655434e+02
2.819510920233572620e+02 3.061556361124712566e+02
2.811448988709992136e+02 3.053003275302975794e+02
2.803612022457224953e+02 3.044403990536142715e+02
2.795973828096617808e+02 3.035763885905428765e+02
2.788538921390158976e+02 3.027082034052404538e+02
2.781317499535747402e+02 3.018356340877015782e+02
2.774299757158649982e+02 3.009588820014378143e+02
2.767497439158272527e+02 3.000777059527923711e+02
2.760890934785149966e+02 2.991925086687883777e+02
2.754438740170414803e+02 2.983041424742988283e+02
2.748096794799039344e+02 2.974135121975700713e+02
2.741867841433186186e+02 2.965205615131444006e+02
2.735755641575249797e+02 2.956252131746797431e+02
2.729764015501100403e+02 2.947273887288598644e+02
2.723910007518462066e+02 2.938267381531974252e+02
2.718209623603670479e+02 2.929229327484139276e+02
2.712655435433480307e+02 2.920148806238840962e+02
2.707255796069534881e+02 2.910985513572215382e+02
2.701991595078885666e+02 2.901728663291582961e+02
2.696833503964533065e+02 2.892410075658784763e+02
2.691748697735384894e+02 2.883091720621052900e+02
2.686648136051122151e+02 2.873844733904963960e+02
2.681441041065255035e+02 2.864707133767802247e+02
2.676050686230378233e+02 2.855706917015155568e+02
2.670411453508982049e+02 2.846861101404024339e+02
2.664481783475880547e+02 2.838200558199014836e+02
2.658250023417720627e+02 2.829757030380003471e+02
2.651735489150553917e+02 2.821578145947685243e+02
2.644992268962166122e+02 2.813705178084933891e+02
2.638115319154391045e+02 2.806194027894081273e+02
2.631196924851173549e+02 2.799114681750219802e+02
2.624322554894279165e+02 2.792523570096261096e+02
2.617544445959458699e+02 2.786438682626660466e+02
2.610822794674970737e+02 2.780840384912520449e+02
2.604101802990751366e+02 2.775660436442347532e+02
2.597326727080093747e+02 2.770793475806044057e+02
2.590391099826883874e+02 2.766113780141384382e+02
2.583195508061222654e+02 2.761463163994704928e+02
2.575678688526145379e+02 2.756697709240164045e+02
2.567851307351917285e+02 2.751691189932467978e+02
2.559766456870006266e+02 2.746385528670339795e+02
2.551504298707170051e+02 2.740773880017646320e+02
2.543118099178699651e+02 2.734863190804975375e+02
2.534638652764228652e+02 2.728668299675260869e+02
2.526058081263865915e+02 2.722184995338145654e+02
2.517367098369360292e+02 2.715411356575507398e+02
2.508571729015935148e+02 2.708416739174095937e+02
2.499716024088780557e+02 2.701331537282605950e+02
2.490843236214962531e+02 2.694341364428432826e+02
2.481977633786939350e+02 2.687675648713444616e+02
2.473135064665024458e+02 2.681534645787809268e+02
2.464298017243113179e+02 2.676093917170805412e+02
2.455425631637730532e+02 2.671480203168659386e+02
2.446436538994177852e+02 2.667754223366227961e+02
2.437241251408437961e+02 2.664892570874897046e+02
2.427755681582510192e+02 2.662787181842641075e+02
2.417950182916256097e+02 2.661267544431747183e+02
2.407853043996717588e+02 2.660186714192699355e+02
2.397526530151633324e+02 2.659415106710303007e+02
2.387049981725508019e+02 2.658851502558389370e+02
2.376495169563283412e+02 2.658407384671843943e+02
2.365922720170086677e+02 2.658014634801453440e+02
2.355394709321751066e+02 2.657592556025003887e+02
2.344934644856837451e+02 2.657058316188555978e+02
2.334509167077233656e+02 2.656311758595669517e+02
2.324071685089798791e+02 2.655258240892842423e+02
2.313571715855804314e+02 2.653839844387921971e+02
2.302995423614935362e+02 2.652049793814381928e+02
2.292350870954143716e+02 2.649927349853464875e+02
2.281651423099904150e+02 2.647537594333058451e+02
2.270915257082082235e+02 2.644969040106384455e+02
2.260161348545069018e+02 2.642314088871586364e+02
2.249402986273646832e+02 2.639637450224545319e+02
2.238645187256801705e+02 2.636963554339666871e+02
2.227891123824779811e+02 2.634307848845273838e+02
2.217140733617252693e+02 2.631670030078413447e+02
2.206396991825363330e+02 2.629064585700651264e+02
2.195661646549925763e+02 2.626500028070271355e+02
2.184933249422026336e+02 2.623969304370283453e+02
2.174210279654305964e+02 2.621465009142848999e+02
2.163496887226026217e+02 2.619007350667758374e+02
2.152792034139466182e+02 2.616591274426170344e+02
2.142094784989702703e+02 2.614212225473777380e+02
2.131384858774754605e+02 2.611832043508450738e+02
2.120618905672793346e+02 2.609427544961710623e+02
2.109778913739559130e+02 2.606982654546188769e+02
2.098888198092772654e+02 2.604485285050229777e+02
2.088002007845582852e+02 2.601935534434977058e+02
2.077167136068699733e+02 2.599303906737427496e+02
2.066399879508952040e+02 2.596575407140384186e+02
2.055706614042645413e+02 2.593721479306521474e+02
2.045091004270046824e+02 2.590742718218937171e+02
2.034574217384040367e+02 2.587633429428984755e+02
2.024189784697786934e+02 2.584413973919885166e+02
2.013989508330726323e+02 2.581085361702325827e+02
2.004027568042048983e+02 2.577656352924365137e+02
1.994362118138454889e+02 2.574103561059703225e+02
1.985042908727119197e+02 2.570424068620374669e+02
1.976118768644316219e+02 2.566627622326245728e+02
1.967608849357120278e+02 2.562729930738958046e+02
1.959516603769401399e+02 2.558746465537635686e+02
1.951819105290373955e+02 2.554698115703460530e+02
1.944490896319651370e+02 2.550609750731454710e+02
1.937494408685384428e+02 2.546508859860674363e+02
1.930809318195740332e+02 2.542419360474469840e+02
1.924436604929279611e+02 2.538368196201883791e+02
1.918378374604441490e+02 2.534389531851563788e+02
1.912597672130983426e+02 2.530476807293540560e+02
1.906999337782762041e+02 2.526634026940407409e+02
1.901470719164813090e+02 2.522856271655152511e+02
1.895885907135755133e+02 2.519139935911965722e+02
1.890090136627242714e+02 2.515462941286534146e+02
1.883954213573820198e+02 2.511795793843018600e+02
1.877418557210083918e+02 2.508084045965367181e+02
1.870495257134357985e+02 2.504273773356529773e+02
1.863217569488988659e+02 2.500293423449142551e+02
1.855627548627999204e+02 2.496051700209296769e+02
1.847756387718972633e+02 2.491463376526304216e+02
1.839653605911859415e+02 2.486420116397893594e+02
1.831363478069881126e+02 2.480850135977088371e+02
1.822967001276695100e+02 2.474700499584626527e+02
1.814573119798297967e+02 2.467984217697308225e+02
1.806301931367820259e+02 2.460732621650834631e+02
1.798243040001419786e+02 2.453014523145434964e+02
1.790455555189602705e+02 2.444929201044076024e+02
1.782948723617307394e+02 2.436619811675705591e+02
1.775687297035963184e+02 2.428237985299417119e+02
1.768590597786603951e+02 2.419985159016915759e+02
1.761551459942165252e+02 2.412077152379393681e+02
1.754445241140171561e+02 2.404766674641284681e+02
1.747161189142364037e+02 2.398301295830500521e+02
1.739624915123470714e+02 2.392961544771897593e+02
1.731819926843578514e+02 2.388984219733464442e+02
1.723766591987773040e+02 2.386553059507795922e+02
1.715469308389027105e+02 2.385742123341885303e+02
1.706886827167445517e+02 2.386487951712354061e+02
1.697997362063155151e+02 2.388618490040126972e+02
1.688833105821608456e+02 2.391846133106648722e+02
1.679423342039248723e+02 2.395786390366548915e+02
1.669811220618724406e+02 2.399983300892113505e+02
1.660091840114520494e+02 2.403993613455555760e+02
1.650374476822611598e+02 2.407441176457599283e+02
1.640766520505659400e+02 2.410032517942726145e+02
1.631316726464062867e+02 2.411555513923648562e+02
1.621998290166945367e+02 2.411851901233695799e+02
1.612724490956304635e+02 2.410782101531870012e+02
1.603396579945668918e+02 2.408279997806590700e+02
1.593964641966659030e+02 2.404397961695848380e+02
1.584454336911811652e+02 2.399280679076337037e+02
1.574914396406755941e+02 2.393152125507133974e+02
1.565395360271120637e+02 2.386247318527864536e+02
1.555937930762906944e+02 2.378831318768562539e+02
1.546585692392700366e+02 2.371165624231011577e+02
1.537362973053451185e+02 2.363488552772965932e+02
1.528286448391674526e+02 2.355962683334677195e+02
1.519363120145987125e+02 2.348700057799637477e+02
1.510607977204952022e+02 2.341723058509538191e+02
1.502047627345172884e+02 2.335029467644675378e+02
1.493751646997159526e+02 2.328606977450686486e+02
1.485810005145019090e+02 2.322465777858820957e+02
1.478270524225013958e+02 2.316590035120632365e+02
1.471131575163726950e+02 2.310940647625925521e+02
1.464325671605785431e+02 2.305482584994478543e+02
1.457753334962524434e+02 2.300172175838665112e+02
1.451315790390362679e+02 2.294977875091111628e+02
1.444917493632305252e+02 2.289857571823840203e+02
1.438463693447405944e+02 2.284772718425521703e+02
1.431939692353336397e+02 2.279668398878336006e+02
1.425401745356652441e+02 2.274547720309166721e+02
1.418923794869450035e+02 2.269438823545886521e+02
1.412532198730027062e+02 2.264347321115580485e+02
1.406166583052363137e+02 2.259266602845268608e+02
1.399715771601773326e+02 2.254163444025151648e+02
1.393081452015751438e+02 2.249031369025647962e+02
1.386234185092975792e+02 2.243937451021168954e+02
1.379216511877143887e+02 2.238980522701655218e+02
1.372066922814431962e+02 2.234247845034630586e+02
1.364818446719517055e+02 2.229776073173908344e+02
1.357508722416056912e+02 2.225532394854195104e+02
1.350120287418446594e+02 2.221453947834864664e+02
1.342597230023029056e+02 2.217430230563466012e+02
1.334849039590563109e+02 2.213333284636273106e+02
1.326774170693438464e+02 2.209015121985416954e+02
1.318302389903011829e+02 2.204347499373255346e+02
1.309464506423217074e+02 2.199212896794031735e+02
1.300405903574165052e+02 2.193510855001116511e+02
1.291390149334095838e+02 2.187156070254575866e+02
1.282736334548125399e+02 2.180092508027885856e+02
1.274763034275238169e+02 2.172310985293589169e+02
1.267781242922617935e+02 2.163857420351963583e+02
1.262055104445774987e+02 2.154861978228909436e+02
1.257791309662368064e+02 2.145505834112560706e+02
1.255124779117669505e+02 2.136017273704754302e+02
1.254145351022363286e+02 2.126627909583951066e+02
1.254902094802031058e+02 2.117570570330813098e+02
1.257429584147031676e+02 2.109043687372627005e+02
1.261723320085283433e+02 2.101218281759997808e+02
1.267695998139783171e+02 2.094204762864336544e+02
