1.471246652696618185e+02 2.038217007152981068e+02
1.481133974423256632e+02 2.036152996858906477e+02
1.491052893682052058e+02 2.034577114948007193e+02
1.501000954502090394e+02 2.033451420827156255e+02
1.510976438608087165e+02 2.032749370051923847e+02
1.520976077401193152e+02 2.032420468303208736e+02
1.531012397794638105e+02 2.032417046823475744e+02
1.541128346671855525e+02 2.032700360459436695e+02
1.551351039445750644e+02 2.033281691204842900e+02
1.561687001541133668e+02 2.034181810921215288e+02
1.572073733789027870e+02 2.035385414891073310e+02
1.582390564556723689e+02 2.036847925013748295e+02
1.592503909008740948e+02 2.038570953812013329e+02
1.602306421068722102e+02 2.040616394768487964e+02
1.611738047863322549e+02 2.043068192430362728e+02
1.620787706736401788e+02 2.045950813802620587e+02
1.629487615285223114e+02 2.049231599520195459e+02
1.637901378478040328e+02 2.052842158065240312e+02
1.646109063372816479e+02 2.056686506895960633e+02
1.654192945489731983e+02 2.060637916594387207e+02
1.662229849841138503e+02 2.064537161958754723e+02
1.670294515697466977e+02 2.068191712960611142e+02
1.678460779176429867e+02 2.071396171035646319e+02
1.686808754388770808e+02 2.073990416648949235e+02
1.695420837753608794e+02 2.075914451945423025e+02
1.704366008694223069e+02 2.077182911639419274e+02
1.713681439383602481e+02 2.077839676173680061e+02
1.723359911993060791e+02 2.077968917594924960e+02
1.733342305781296773e+02 2.077668980312492124e+02
1.743528349961121648e+02 2.077111059049538540e+02
1.753814804349822225e+02 2.076524351485094257e+02
1.764143409446041915e+02 2.076126084688149831e+02
1.774478192495087683e+02 2.076144789683774832e+02
1.784794759396705786e+02 2.076745286488875593e+02
1.795055004686477673e+02 2.078048078272627777e+02
1.805228497653310455e+02 2.080078132908837460e+02
1.815268169757541159e+02 2.082816250775791787e+02
1.825134515501147519e+02 2.086174610382806236e+02
1.834818275212045933e+02 2.090072862060478940e+02
1.844334332239650962e+02 2.094414132065668923e+02
1.853714440094717304e+02 2.099095895092940509e+02
1.862997954793439419e+02 2.104001795854534862e+02
1.872227063298263943e+02 2.109044196169848533e+02
1.881441597897809856e+02 2.114164410431758938e+02
1.890677894736230087e+02 2.119317858332639162e+02
1.899976332591200503e+02 2.124454296596188385e+02
1.909379613261785096e+02 2.129494040396017454e+02
1.918926097973223932e+02 2.134305366608119812e+02
1.928646683036533886e+02 2.138772507642187861e+02
1.938557494643853829e+02 2.142817789571276421e+02
1.948653378250706965e+02 2.146424279998295219e+02
1.958902061264469125e+02 2.149615893577022803e+02
1.969243357171388880e+02 2.152411968553561792e+02
1.979604296628810971e+02 2.154882524755337272e+02
1.989917922040643816e+02 2.157109799186340808e+02
2.000150019221438811e+02 2.159187407495446678e+02
2.010318644873879919e+02 2.161227878299407053e+02
2.020475650552376976e+02 2.163330028537586145e+02
2.030639713432935309e+02 2.165541200601098808e+02
2.040808692131130329e+02 2.167828313725553357e+02
2.050978192771592603e+02 2.170123489974481004e+02
2.061140682719700408e+02 2.172310362894315290e+02
2.071287270223841688e+02 2.174251569974693155e+02
2.081411106729667608e+02 2.175841312644247125e+02
2.091509386151526542e+02 2.177036241629819528e+02
2.101580817199082389e+02 2.177816408681630662e+02
2.111626607832779143e+02 2.178200474743696873e+02
2.121650358679096371e+02 2.178244063399945105e+02
2.131656596036875442e+02 2.178017098305306263e+02
2.141649589755601539e+02 2.177585541406274956e+02
2.151634250485166149e+02 2.177025253930877113e+02
2.161613429528992754e+02 2.176380283690281772e+02
2.171587119135463126e+02 2.175650510935115562e+02
2.181554104238483660e+02 2.174817164951104473e+02
2.191514368042882097e+02 2.173879986281271499e+02
2.201466192919342575e+02 2.172812440460303094e+02
2.211408700351177572e+02 2.171600955892550928e+02
2.221340973709580169e+02 2.170231372214614964e+02
2.231259614556101951e+02 2.168651189305389266e+02
2.241161768357479218e+02 2.166816309458132253e+02
2.251045926132108832e+02 2.164703421461496191e+02
2.260913872689994832e+02 2.162340097608697533e+02
2.270772461753230402e+02 2.159832216304019994e+02
2.280632508120616819e+02 2.157346847881534586e+02
2.290504190312326216e+02 2.155041233247583250e+02
2.300395064217832441e+02 2.153032098103852832e+02
2.310307490850731824e+02 2.151355916113646458e+02
2.320240651769375120e+02 2.150000043738960471e+02
2.330190893377894668e+02 2.148908039108482626e+02
2.340153395461939851e+02 2.148005438070208584e+02
2.350124341641668764e+02 2.147233284015986214e+02
2.360100865110422319e+02 2.146547289635899460e+02
2.370085355304394739e+02 2.145984367674287228e+02
2.380084043232380964e+02 2.145640776669106344e+02
2.390100283406994492e+02 2.145568338161679378e+02
2.400137765598319675e+02 2.145824052853728290e+02
2.410203295726806516e+02 2.146513060695066031e+02
2.420299964104094386e+02 2.147683101769207497e+02
2.430428441891092746e+02 2.149344544376063197e+02
2.440605148605116028e+02 2.151509853901756060e+02
2.450874152530309686e+02 2.154157608935677217e+02
2.461260970308402420e+02 2.157274393163322088e+02
2.471771568601753302e+02 2.160872346512215074e+02
2.482358411100516093e+02 2.164926126747920421e+02
2.492944106018605339e+02 2.169357399527735595e+02
2.503415904900200530e+02 2.174082523352930707e+02
2.513661835322385514e+02 2.179011423158662524e+02
2.523566884346374195e+02 2.184088171607146762e+02
2.533042227415202206e+02 2.189253492680633713e+02
2.542010612315059745e+02 2.194441889832943957e+02
2.550430242602135991e+02 2.199595943056374381e+02
2.558273002996414505e+02 2.204669882916477093e+02
2.565542956292346162e+02 2.209641019580699322e+02
2.572241714088294202e+02 2.214557780087467904e+02
2.578393150069628632e+02 2.219490970154396905e+02
2.584083804174223360e+02 2.224525256408043674e+02
2.589440449269594637e+02 2.229808759082211509e+02
2.594623805856799663e+02 2.235484284403093795e+02
2.599786740227857536e+02 2.241695136994707127e+02
2.605064146501757705e+02 2.248496929276186904e+02
2.610535480419567875e+02 2.255847550709523262e+02
2.616234493831432246e+02 2.263648565443972132e+02
2.622133458022815375e+02 2.271789584111883471e+02
2.628170628607324488e+02 2.280079646372743696e+02
2.634247291122019305e+02 2.288306074677651907e+02
2.640282397094545104e+02 2.296289770442502345e+02
2.646265465133731141e+02 2.303876709042837660e+02
2.652176960956011840e+02 2.310982776654792019e+02
2.658012279783067697e+02 2.317578789781030366e+02
2.663797117581118528e+02 2.323727790210233763e+02
2.669574497989920019e+02 2.329581856376514679e+02
2.675392027127775805e+02 2.335342804580751306e+02
2.681273628468193806e+02 2.341221690243663431e+02
2.687202536788770999e+02 2.347376877096635042e+02
2.693167706470490543e+02 2.353877833740490928e+02
2.699189397093804246e+02 2.360756407986771706e+02
2.705357811748252175e+02 2.367984033340467249e+02
2.711755377997102414e+02 2.375470386598501307e+02
2.718450608692467654e+02 2.383082794954333394e+02
2.725412209906948533e+02 2.390680716366182708e+02
2.732571547000449641e+02 2.398144775090370047e+02
2.739890121715432088e+02 2.405418500048754140e+02
2.747307474202614230e+02 2.412531558717209919e+02
2.754784709166984840e+02 2.419513765877742344e+02
2.762268218508513655e+02 2.426427103896482151e+02
2.769736930898310447e+02 2.433315114854210890e+02
2.777162826777955615e+02 2.440250851299453529e+02
2.784541037201920517e+02 2.447283560606449271e+02
2.791821446449941391e+02 2.454463074166734771e+02
2.798920446630065157e+02 2.461776956812321089e+02
2.805732953085058057e+02 2.469182246949727926e+02
2.812196528044764818e+02 2.476591364945147973e+02
2.818327961938586554e+02 2.483907794610920234e+02
2.824181974430521223e+02 2.491020158613301589e+02
2.829877249886190498e+02 2.497785361457403894e+02
2.835602196893426026e+02 2.504104405787043390e+02
2.841541258158592882e+02 2.509937003045923518e+02
2.847852521792655125e+02 2.515238227415497647e+02
2.854615132839064700e+02 2.520031605514664648e+02
2.861854172079553678e+02 2.524371139992320252e+02
2.869578247804455486e+02 2.528333464834642257e+02
2.877811830478601678e+02 2.532044582490619007e+02
2.886586645543745817e+02 2.535593339157948378e+02
2.895887052406121143e+02 2.538999736944685139e+02
2.905658668011894292e+02 2.542256353320542814e+02
2.915783243627196839e+02 2.545310526790686652e+02
2.926130922312249254e+02 2.548118203691346366e+02
2.936598059465554797e+02 2.550717959701129587e+02
2.947083495299937113e+02 2.553205178634485435e+02
2.957522453787322547e+02 2.555696418253861282e+02
2.967875714811852959e+02 2.558294807444212893e+02
2.978152718406641952e+02 2.561066143831445743e+02
2.988400804900290382e+02 2.564092961758641422e+02
2.998714036972917825e+02 2.567423966800521384e+02
3.009137300920117468e+02 2.571103782644381113e+02
3.019675505954381833e+02 2.575128213407396061e+02
3.030267035945198586e+02 2.579495595821534835e+02
3.040791949849838147e+02 2.584172638164567388e+02
3.051115669333802884e+02 2.589145605081248505e+02
3.061122420374255171e+02 2.594346192548006798e+02
3.070739473618834836e+02 2.599662514970125358e+02
3.079965911665067892e+02 2.605034886952632860e+02
3.088876612183790371e+02 2.610387473250361836e+02
3.097544514337984083e+02 2.615629662979837917e+02
3.106028675244392048e+02 2.620722038914347536e+02
3.114393469789719688e+02 2.625675134641209638e+02
3.122679993226174702e+02 2.630568511706700860e+02
3.130927974216973553e+02 2.635536784916170063e+02
3.139153618781457453e+02 2.640716372329041519e+02
3.147375078764565615e+02 2.646169721819780989e+02
3.155594580195007097e+02 2.651929828506151807e+02
3.163809776204288369e+02 2.657955638244534384e+02
3.171987876385634877e+02 2.664207336034947957e+02
3.180075632392339458e+02 2.670630938804368952e+02
3.187971570722290267e+02 2.677124869268087650e+02
3.195558892203540609e+02 2.683587029042508902e+02
3.202715739411488585e+02 2.689915045919153158e+02
3.209389717280786840e+02 2.696052947551031593e+02
3.215626202692316156e+02 2.702007887677135614e+02
3.221530543081127007e+02 2.707808310596161050e+02
3.227176739918850785e+02 2.713528320820092290e+02
3.232651270127490761e+02 2.719255946065932790e+02
3.238012042937365891e+02 2.725112218363922238e+02
3.243287563405622222e+02 2.731217507777686251e+02
3.248476294041320216e+02 2.737700392166210008e+02
3.253545743369767251e+02 2.744659736860992894e+02
3.258445310252571403e+02 2.752187412411143441e+02
3.263142691084768785e+02 2.760351748236432741e+02
3.267630373690631131e+02 2.769125552808478119e+02
3.271830680522646162e+02 2.778414466774734706e+02
3.275627358723550060e+02 2.788095572980266752e+02
3.278933166748333861e+02 2.798047513488271534e+02
3.281703840823155360e+02 2.808167011899097929e+02
3.283915647175294907e+02 2.818348270374239064e+02
3.285546859566895250e+02 2.828520374250271061e+02
3.286627061356031163e+02 2.838635512680883721e+02
3.287185715543307651e+02 2.848696959287209438e+02
3.287275426425663909e+02 2.858727693994043193e+02
3.286917345977618083e+02 2.868771802526671877e+02
3.286133865859810044e+02 2.878843448035653978e+02
3.284911095144930755e+02 2.888943529708657252e+02
3.283255570152941800e+02 2.899071624436541583e+02
3.281178387659109603e+02 2.909227013902722661e+02
3.278746677166317340e+02 2.919405352679440853e+02
3.276017978248468125e+02 2.929602916114332061e+02
3.273037484842713525e+02 2.939832391320726970e+02
3.269847604437343875e+02 2.950136488111748463e+02
3.266509872636727891e+02 2.960537608270695955e+02
3.263056826008719895e+02 2.971038826460510904e+02
3.259465797268151732e+02 2.981595714124126744e+02
3.255665703477109787e+02 2.992140551556599917e+02
3.251562338356650343e+02 3.002572102746513565e+02
3.247069296332620638e+02 3.012789819217722425e+02
3.242134730306777328e+02 3.022685664487480039e+02
3.236732485098089569e+02 3.032176344132174677e+02
3.230811750673856295e+02 3.041192134696805738e+02
3.224327749458551011e+02 3.049713467800500553e+02
3.217272292184843536e+02 3.057745573366831877e+02
3.209658015932816397e+02 3.065274065033959801e+02
3.201480790216692185e+02 3.072307737987342762e+02
3.192765793004776356e+02 3.078888473281313054e+02
3.183589722916174196e+02 3.085073215360968106e+02
3.174040474959677454e+02 3.090906880298368264e+02
3.164229632629154594e+02 3.096392416312697833e+02
3.154264754447136738e+02 3.101551711179785116e+02
3.144257320187996356e+02 3.106448807417585272e+02
3.134286241600879066e+02 3.111185520225095615e+02
3.124401237076048687e+02 3.115820901285352420e+02
3.114597175833935125e+02 3.120355723644926229e+02
3.104841861922118369e+02 3.124700219574940547e+02
3.095081509757540630e+02 3.128725694667376729e+02
3.085291207925561707e+02 3.132288498097591400e+02
3.075463535544050728e+02 3.135273989798817524e+02
3.065590680920145701e+02 3.137561492340047380e+02
3.055669244969429883e+02 3.139098495621061033e+02
3.045698002290319550e+02 3.139866069261752273e+02
3.035676291411426746e+02 3.139853994648927937e+02
3.025603239629777477e+02 3.139048789998968800e+02
3.015462414508695588e+02 3.137437790343464599e+02
3.005208359578476234e+02 3.135020971976075543e+02
2.994816532963332065e+02 3.131826809695008365e+02
2.984286210032458939e+02 3.127924144086475735e+02
2.973670797654268085e+02 3.123429007577008747e+02
2.963051974259500980e+02 3.118485955912778422e+02
2.952545981053778519e+02 3.113232587664330708e+02
2.942270964623610894e+02 3.107854358272393256e+02
2.932348720573383503e+02 3.102511975776444046e+02
2.922870701258501072e+02 3.097305311231803557e+02
2.913909850285201060e+02 3.092233300491287764e+02
2.905501005728359587e+02 3.087245868541779146e+02
2.897666815393553748e+02 3.082304321593045415e+02
2.890402250117979293e+02 3.077416420722425414e+02
2.883694268243962142e+02 3.072598352185359545e+02
2.877494306855784316e+02 3.067859071696045135e+02
2.871740038789303071e+02 3.063192743201867074e+02
2.866334270368661237e+02 3.058581708224034514e+02
2.861174674779126690e+02 3.053995112307653699e+02
2.856142960781804732e+02 3.049416171636095783e+02
2.851159661100376184e+02 3.044863287975428534e+02
2.846172647489278233e+02 3.040358143929615835e+02
2.841128743050786625e+02 3.035912569264010585e+02
2.835996874367930332e+02 3.031463890324997692e+02
2.830756324056123390e+02 3.026903678931386708e+02
2.825408525646237763e+02 3.022130390399962607e+02
2.819941576244949033e+02 3.017089098904100979e+02
2.814362318515388779e+02 3.011796807942301371e+02
2.808708686341043972e+02 3.006288730651085643e+02
2.802980150176423422e+02 3.000614274427487089e+02
2.797179600398609978e+02 2.994789606328142781e+02
2.791279822047060861e+02 2.988815065060239249e+02
2.785275851118965988e+02 2.982651118717976146e+02
2.779149583679794659e+02 2.976256029586342606e+02
2.772934188641654032e+02 2.969579479967957241e+02
2.766676918182926102e+02 2.962600934633624661e+02
2.760408709028814656e+02 2.955316246508027689e+02
2.754144871120179232e+02 2.947748605050212518e+02
2.747885833467351517e+02 2.939917022255081633e+02
2.741625026670079137e+02 2.931838748513364408e+02
2.735346404717141127e+02 2.923485260774312451e+02
2.729047007629375230e+02 2.914789159475440101e+02
2.722761235158288855e+02 2.905697932828583134e+02
2.716515240088911582e+02 2.896220840787043471e+02
2.710330961431409378e+02 2.886403290997016029e+02
2.704204244823556564e+02 2.876408051767684810e+02
2.698125617762706838e+02 2.866455525314768238e+02
2.692035967560075846e+02 2.856727930704295773e+02
2.685821783711474495e+02 2.847349369546406024e+02
2.679371667732368678e+02 2.838356905237369574e+02
2.672575835660833832e+02 2.829788238210929876e+02
2.665364310491958122e+02 2.821661777206410306e+02
2.657680154427609409e+02 2.813984815456556134e+02
2.649488720939857558e+02 2.806762551874946894e+02
2.640773336134678289e+02 2.799970231840639485e+02
2.631516860731386487e+02 2.793576066102972959e+02
2.621773195230775855e+02 2.787523053811831346e+02
2.611633145949640493e+02 2.781758509131065580e+02
2.601263139243172873e+02 2.776209499123693263e+02
2.590857700200784279e+02 2.770815321307970294e+02
2.580675823534859887e+02 2.765514266567420805e+02
2.570969636361402308e+02 2.760286837572072614e+02
2.561911489923453473e+02 2.755142961714436751e+02
2.553590014238668005e+02 2.750074045830342016e+02
2.545978912225266129e+02 2.745074947888103338e+02
2.538972374980498330e+02 2.740120931141797200e+02
2.532401442648424279e+02 2.735179842706937734e+02
2.526091198469399046e+02 2.730189892597319385e+02
2.519865799338294892e+02 2.725112288698033467e+02
2.513542939401260128e+02 2.719927446483265499e+02
2.506949511874259429e+02 2.714638845366902729e+02
2.499934970736944706e+02 2.709319993668592588e+02
2.492383903354185293e+02 2.704063750618635140e+02
2.484223982898241729e+02 2.698955015616848527e+02
2.475442261073735892e+02 2.694114827878971710e+02
2.466091993230873811e+02 2.689697128794092578e+02
2.456281795239315500e+02 2.685844479870543751e+02
2.446146220724288582e+02 2.682620392018710618e+02
2.435811024727805432e+02 2.680005551525624696e+02
2.425379521761639978e+02 2.677956283385196912e+02
2.414954655777001165e+02 2.676404766097079460e+02
2.404604720744521273e+02 2.675288788156103692e+02
2.394371452826009090e+02 2.674544089328085192e+02
2.384247578565534127e+02 2.674138341936974257e+02
2.374202226245387521e+02 2.674002235438509274e+02
2.364184941540272291e+02 2.674058537717875197e+02
2.354172230289673280e+02 2.674185492127526231e+02
2.344158254233432785e+02 2.674292907431089930e+02
2.334136893469278107e+02 2.674286241498295453e+02
2.324098920342157157e+02 2.674022942679266635e+02
2.314036279629214619e+02 2.673378571416850491e+02
2.303943220275992303e+02 2.672264283655124473e+02
2.293819411546796800e+02 2.670674970087491715e+02
2.283668400452750404e+02 2.668665426031381003e+02
2.273493735942880960e+02 2.666290476741563680e+02
2.263298585199037802e+02 2.663599049816174329e+02
2.253086712277642505e+02 2.660649293555094914e+02
2.242859939454852451e+02 2.657469359040180734e+02
2.232618774461635098e+02 2.654067089855386712e+02
2.222366519487183041e+02 2.650493499233767807e+02
2.212112440944638365e+02 2.646891737572063903e+02
2.201868301914048800e+02 2.643443524544355796e+02
2.191643848116924573e+02 2.640299415050306493e+02
2.181444170428271718e+02 2.637538054490872810e+02
2.171270334049573307e+02 2.635175898425776495e+02
2.161117368255899009e+02 2.633136157569348370e+02
2.150976464625527740e+02 2.631282756716990434e+02
2.140836305796435681e+02 2.629440861783589298e+02
2.130687204184246752e+02 2.627460815989783782e+02
2.120521384270315082e+02 2.625222500734975029e+02
2.110334728007671288e+02 2.622662299164563819e+02
2.100127663673199834e+02 2.619786827431428264e+02
2.089900175763665402e+02 2.616595846036821058e+02
2.079653800391333505e+02 2.613113085314897717e+02
2.069390985129532226e+02 2.609376356130297836e+02
2.059111133103689042e+02 2.605376437781272898e+02
2.048814632540663467e+02 2.601119327715605323e+02
2.038503175231045361e+02 2.596631161234031424e+02
2.028182937276336588e+02 2.592007348649779033e+02
2.017861948060667032e+02 2.587371930355425320e+02
2.007528324055086557e+02 2.582782514306493340e+02
1.997138923293779271e+02 2.578274831963709062e+02
1.986667548284584655e+02 2.573851781654950628e+02
1.976105656890121054e+02 2.569461436723392467e+02
1.965494195899115653e+02 2.565027342456996848e+02
1.954903824171605606e+02 2.560523820888585647e+02
1.944442076554456094e+02 2.555953972084186034e+02
1.934215579438157420e+02 2.551325283957477836e+02
1.924336196020785792e+02 2.546645025684202608e+02
1.914888987448851481e+02 2.541914334961340955e+02
1.905946582742100759e+02 2.537127287812974714e+02
1.897547254588075134e+02 2.532286868177499741e+02
1.889734004612087404e+02 2.527427780769587571e+02
1.882533281294209360e+02 2.522582585104006228e+02
1.875913239183964265e+02 2.517772041654833401e+02
1.869801502575643326e+02 2.512964499557574527e+02
1.864083404498734069e+02 2.508135073959944634e+02
1.858632367580698883e+02 2.503219938051262261e+02
1.853307161036353818e+02 2.498128285235863189e+02
1.847987195786866437e+02 2.492789257192665389e+02
1.842570370012426793e+02 2.487194361637450584e+02
1.836999526041637978e+02 2.481340374039144194e+02
1.831254540004755995e+02 2.475269682866301366e+02
1.825383227824249275e+02 2.469030991081445165e+02
1.819488299832647442e+02 2.462730585910955483e+02
1.813667842870021900e+02 2.456470825037030465e+02
1.807963931797152668e+02 2.450277514454910488e+02
1.802354837114493193e+02 2.444152912537800546e+02
1.796790848400925711e+02 2.438078030762005426e+02
1.791187067250760379e+02 2.432043563859581354e+02
1.785454952252155465e+02 2.426083933214711692e+02
1.779494466380890572e+02 2.420285240729146494e+02
1.773218888911535771e+02 2.414773040512261559e+02
1.766540273980105553e+02 2.409686624505702923e+02
1.759392714595402083e+02 2.405175081471325882e+02
1.751722721567060717e+02 2.401419264361867931e+02
1.743515885095956151e+02 2.398608970406469325e+02
1.734788784813354141e+02 2.396906978586657715e+02
1.725615754839680562e+02 2.396411883074372042e+02
1.716068451077052828e+02 2.397102881680022222e+02
1.706177916540388537e+02 2.398848825211370013e+02
1.696013002384606807e+02 2.401400124822978057e+02
1.685656315465892874e+02 2.404473242189552025e+02
1.675238800676448818e+02 2.407723909666073325e+02
1.664883215779402406e+02 2.410814051401893892e+02
1.654719698206765202e+02 2.413386925858936820e+02
1.644829622953457147e+02 2.415139964540656194e+02
1.635280866408455438e+02 2.415808520117915066e+02
1.626103531057048599e+02 2.415246913807840201e+02
1.617368121040138647e+02 2.413416550659781876e+02
1.609167397664482166e+02 2.410459505319503819e+02
1.601568312202717834e+02 2.406614511556699370e+02
1.594569853482060182e+02 2.402111935822983355e+02
1.588081868615463463e+02 2.397188405917985108e+02
1.581969321270711362e+02 2.392041697824780044e+02
1.576067640061422424e+02 2.386824641524669346e+02
1.570227267341087156e+02 2.381641185066555124e+02
1.564311342001262233e+02 2.376531032165573265e+02
1.558223770897816109e+02 2.371474639315102309e+02
1.551898025620967303e+02 2.366419845096528718e+02
1.545321633752769799e+02 2.361329397385206903e+02
1.538519996170150534e+02 2.356209919197920044e+02
1.531567047817064804e+02 2.351080614681680458e+02
1.524553276761423604e+02 2.345955247341327663e+02
1.517588201242391506e+02 2.340846348820435026e+02
1.510756114524717759e+02 2.335772452751073160e+02
1.504144685041333673e+02 2.330751754032733061e+02
1.497863669146624375e+02 2.325815788619057116e+02
1.491986254372826579e+02 2.321005033366703572e+02
1.486528009142583642e+02 2.316305182727222700e+02
1.481414313404519021e+02 2.311705644796506647e+02
1.476499231882075946e+02 2.307170651825724690e+02
1.471569491130337610e+02 2.302631036139672460e+02
1.466403917833723085e+02 2.298004883748246243e+02
1.460790729155151553e+02 2.293223762223325650e+02
1.454576101060081044e+02 2.288257905940491526e+02
1.447699002196483775e+02 2.283121496950710423e+02
1.440153137542197896e+02 2.277854755895398853e+02
1.431986967100135644e+02 2.272473144705802497e+02
1.423270222242483669e+02 2.267022574845990164e+02
1.414136873578929112e+02 2.261525970118874795e+02
1.404735080967950580e+02 2.256043866301776291e+02
1.395269331288814101e+02 2.250645458711789502e+02
1.385943822984484655e+02 2.245398428134892583e+02
1.376924555769846847e+02 2.240313193278226436e+02
1.368331424411293824e+02 2.235341057616334979e+02
1.360241303159045003e+02 2.230412570265472425e+02
1.352707203123926547e+02 2.225481450216261123e+02
1.345752208655353570e+02 2.220492681389123959e+02
1.339285310103043685e+02 2.215397661208453997e+02
1.333141522622969717e+02 2.210122542936738625e+02
1.327123642396772709e+02 2.204595775874997798e+02
1.321090833058086673e+02 2.198735897464905520e+02
1.314952793362644741e+02 2.192492245067527961e+02
1.308635741910081833e+02 2.185820121373547522e+02
1.302114672559620487e+02 2.178680299773075149e+02
1.295464288315455690e+02 2.171072423945758771e+02
1.288875999620813957e+02 2.162968019917099127e+02
1.282635293997037707e+02 2.154322523026678482e+02
1.277077200315544872e+02 2.145150471841003252e+02
1.272520005358961441e+02 2.135530229713791073e+02
1.269231191025003227e+02 2.125623155172532677e+02
1.267438679393042378e+02 2.115612477862031255e+02
1.267287077718513046e+02 2.105681569596304428e+02
1.268847971775709595e+02 2.096031466036414201e+02
1.272102767903181757e+02 2.086907460582503404e+02
1.276975959433401897e+02 2.078560665186018355e+02
1.283335366658999988e+02 2.071250169357859932e+02
1.291020894307270339e+02 2.065198880296786115e+02
1.299813241340932848e+02 2.060560164465714195e+02
1.309431151767286963e+02 2.057336675648604682e+02
1.319601317399349227e+02 2.055375970297124866e+02
1.330077950229087946e+02 2.054456603032890882e+02
1.340687259090551890e+02 2.054323016465992566e+02
1.351294399184505437e+02 2.054723755964102736e+02
1.361778861492377928e+02 2.055382378659809035e+02
1.372080953084208659e+02 2.056005708211274623e+02
1.382214422208471092e+02 2.056318491644375399e+02
1.392237579062913539e+02 2.056111715770441322e+02
1.402204653955507183e+02 2.055279756883338109e+02
1.412131658151693330e+02 2.053828773568857571e+02
1.422023402176300522e+02 2.051833080292286979e+02
1.431885047960831514e+02 2.049372420157172314e+02
1.441724374253773249e+02 2.046566961659684978e+02
1.451554045260746477e+02 2.043612345338557930e+02
1.461389823896597022e+02 2.040752081544527243e+02
1.471246652696618185e+02 2.038217007152981068e+02
