1.466430782109100051e+02 2.040338897308398032e+02
1.476457925841795600e+02 2.038304108221941533e+02
1.486480252987785491e+02 2.036641857999756553e+02
1.496496416966101322e+02 2.035456297937176089e+02
1.506504945406289835e+02 2.034861308516396718e+02
1.516505339545930156e+02 2.034895466513282827e+02
1.526498397818591002e+02 2.035497017089126075e+02
1.536486037705928425e+02 2.036517652639050198e+02
1.546471236010300743e+02 2.037727132405916564e+02
1.556456915236447571e+02 2.038899415281592837e+02
1.566443028972831826e+02 2.040038090966061191e+02
1.576426977397711084e+02 2.041344242653366337e+02
1.586405961468790906e+02 2.043034362249735807e+02
1.596378632278062639e+02 2.045212781035461092e+02
1.606343419331516884e+02 2.048000968858440558e+02
1.616298789109237646e+02 2.051517535805584203e+02
1.626245640624671012e+02 2.055692947688359027e+02
1.636186951843696420e+02 2.060296873757149001e+02
1.646126288956406256e+02 2.065053487064777755e+02
1.656067041168508922e+02 2.069700649519994329e+02
1.666012548688574952e+02 2.073980012714817178e+02
1.675966977436834782e+02 2.077569363578890034e+02
1.685935232039705625e+02 2.080089353817053563e+02
1.695918474078409020e+02 2.081450140938086122e+02
1.705914218402604092e+02 2.081843938877298115e+02
1.715918236132677350e+02 2.081597830298059932e+02
1.725925839574130691e+02 2.081074384897837035e+02
1.735931767029056232e+02 2.080680568663580345e+02
1.745932264980573905e+02 2.080706697331534656e+02
1.755925207418313221e+02 2.081317207158589326e+02
1.765908860567565739e+02 2.082646196937152183e+02
1.775883853375758861e+02 2.084645020732911007e+02
1.785851736815615425e+02 2.087193718571775776e+02
1.795815410380025980e+02 2.090068029196858959e+02
1.805775939595137061e+02 2.093185539496011529e+02
1.815732926666244111e+02 2.096577016897779799e+02
1.825686122082856855e+02 2.100261759789260907e+02
1.835635946392967526e+02 2.104207240888990498e+02
1.845582145949124708e+02 2.108433078557323483e+02
1.855524452107390516e+02 2.112960051057671649e+02
1.865462629448799987e+02 2.117806366868222767e+02
1.875397764959986944e+02 2.122887953015554388e+02
1.885331138771975361e+02 2.128105797774782388e+02
1.895262643065206021e+02 2.133468240448931965e+02
1.905192221344298673e+02 2.138979650672801540e+02
1.915121250829592441e+02 2.144533507349118224e+02
1.925052929133765929e+02 2.149882491148121630e+02
1.934990168677715587e+02 2.154801340896494253e+02
1.944934150693229071e+02 2.159198694230040587e+02
1.954885506584055008e+02 2.163025715230325261e+02
1.964844277978368723e+02 2.166279184166445191e+02
1.974809761851275596e+02 2.169013476493855705e+02
1.984780642131898389e+02 2.171330383705115707e+02
1.994754553383219502e+02 2.173412860509396296e+02
2.004727594709105460e+02 2.175562621690241940e+02
2.014695970705940624e+02 2.178073222713128985e+02
2.024657592725287714e+02 2.181106210076466141e+02
2.034612817838635976e+02 2.184633966088459545e+02
2.044565076362749210e+02 2.188391172923612089e+02
2.054520285703931961e+02 2.191920148833650046e+02
2.064484246140766572e+02 2.194772271313154306e+02
2.074461733148903875e+02 2.196578181232101201e+02
2.084454940352179051e+02 2.197168212770672540e+02
2.094463526321988240e+02 2.196568773721780587e+02
2.104483508715768494e+02 2.195087878342478120e+02
2.114510134940436501e+02 2.193093115910708661e+02
2.124538970302545238e+02 2.190927487759405494e+02
2.134565914168288430e+02 2.188908157380954549e+02
2.144586997381667288e+02 2.187342119117649872e+02
2.154599634858865045e+02 2.186429316258805500e+02
2.164604963359333851e+02 2.186081826152744441e+02
2.174606212815763797e+02 2.186049829678630942e+02
2.184609596685767769e+02 2.185852747001948444e+02
2.194620798508045141e+02 2.185050984862639609e+02
2.204642768711825624e+02 2.183416342333082412e+02
2.214676433717924908e+02 2.180877165401914226e+02
2.224721505748958634e+02 2.177455712208862906e+02
2.234775593641180080e+02 2.173336927296794272e+02
2.244835258674623333e+02 2.168786778436886209e+02
2.254896308555928499e+02 2.164129518529012159e+02
2.264954149189350403e+02 2.159720477875685560e+02
2.275005115097720250e+02 2.155843162782262823e+02
2.285047379166136352e+02 2.152638891437775897e+02
2.295080828274557518e+02 2.150116413110986002e+02
2.305105199984488422e+02 2.148296026105418832e+02
2.315121493630691418e+02 2.147100436881047187e+02
2.325131313707827871e+02 2.146405545809761577e+02
2.335135745263331444e+02 2.146127429905603208e+02
2.345136771711680694e+02 2.146112681989905298e+02
2.355136568318944228e+02 2.146193056124178895e+02
2.365136047026572612e+02 2.146298018203463016e+02
2.375134432025004685e+02 2.146487573212712903e+02
2.385131027529027961e+02 2.146815536654183347e+02
2.395125390108081831e+02 2.147316205661417996e+02
2.405117126880104195e+02 2.148019967694721117e+02
2.415105802947016969e+02 2.148960459942792340e+02
2.425090702873041266e+02 2.150193017780860032e+02
2.435071084332147677e+02 2.151775056410326386e+02
2.445046766461550760e+02 2.153720564662045263e+02
2.455018880978780942e+02 2.155942009851747230e+02
2.464990129448977143e+02 2.158230439443084947e+02
2.474998792760478352e+02 2.160405803284745332e+02
2.485124326752537343e+02 2.162348268567745606e+02
2.495366088898178987e+02 2.164082779070049014e+02
2.505663103930139641e+02 2.165687473033138417e+02
2.515821803566913104e+02 2.167282408038593076e+02
2.525631405399006724e+02 2.169050504377111110e+02
2.534980369633933890e+02 2.171245511267590871e+02
2.543797105307305628e+02 2.174127714933866571e+02
2.552072071142573577e+02 2.177827102889346236e+02
2.559784249479909022e+02 2.182488005479332287e+02
2.566941618320781231e+02 2.188157039739257641e+02
2.573538973211767598e+02 2.194758712076913980e+02
2.579637143644210937e+02 2.202009575208519720e+02
2.585317433195807553e+02 2.209526988249754140e+02
2.590729962667018640e+02 2.216951401915443114e+02
2.595967742462271417e+02 2.224012656067209832e+02
2.601095168350408358e+02 2.230572261640303964e+02
2.606203098418762352e+02 2.236671176671372905e+02
2.611313375554845493e+02 2.242494188988115127e+02
2.616439248749411490e+02 2.248202353332912935e+02
2.621585482880311702e+02 2.254025830540703623e+02
2.626843190430694222e+02 2.260126682057594678e+02
2.632234399202517920e+02 2.266653735096625155e+02
2.637790989000213813e+02 2.273569308651048573e+02
2.643421324883788088e+02 2.280733186346028560e+02
2.649051195876314182e+02 2.287933021035826471e+02
2.654641806183005883e+02 2.294998836963326028e+02
2.660143441109730134e+02 2.301790669719883908e+02
2.665475090053823806e+02 2.308173450712346266e+02
2.670524731580784987e+02 2.314024351462290383e+02
2.675290406236489389e+02 2.319296132690089394e+02
2.679898953041702612e+02 2.324172239501733088e+02
2.684654746024137921e+02 2.328869364955147887e+02
2.689767533660844947e+02 2.333619490066315052e+02
2.695339552832046479e+02 2.338553467489476532e+02
2.701323145520664184e+02 2.343728075846561296e+02
2.707655903302339198e+02 2.349220914806182918e+02
2.714393722165280565e+02 2.355194320558397294e+02
2.721639892834010652e+02 2.361784269809768375e+02
2.729446712886673367e+02 2.369018360970034394e+02
2.737749801660431785e+02 2.376802633873420234e+02
2.746324223665103545e+02 2.384945774564719159e+02
2.754824560758612506e+02 2.393185505558005559e+02
2.762994039329588531e+02 2.401260545447502466e+02
2.770744404945435804e+02 2.409060054016559604e+02
2.778229334376462134e+02 2.416498640863094920e+02
2.785623736829335257e+02 2.423572856925913754e+02
2.793090717164094485e+02 2.430240837326756207e+02
2.800583689190212908e+02 2.436525191688622840e+02
2.807965600162163469e+02 2.442414417231688617e+02
2.815055168751384826e+02 2.448009548793583861e+02
2.821783362024698931e+02 2.453466616955723509e+02
2.828259930763420016e+02 2.458896109810228268e+02
2.834602068982894139e+02 2.464396710688858434e+02
2.840886825534859668e+02 2.469941933466080286e+02
2.847148334772618909e+02 2.475425690565219838e+02
2.853446489459664122e+02 2.480787821252562821e+02
2.859944799227155841e+02 2.486107536001017309e+02
2.866848786678799570e+02 2.491518232955869507e+02
2.874314289340015875e+02 2.497237694985524286e+02
2.882405215998809922e+02 2.503461354635418559e+02
2.891055307730240429e+02 2.510353459036016375e+02
2.900052100651349747e+02 2.517932272979634547e+02
2.909098398453564869e+02 2.526136029149099613e+02
2.917886243918226228e+02 2.534925392984851271e+02
2.926028489230187120e+02 2.544207191651653943e+02
2.933054458865274228e+02 2.553891402730938580e+02
2.938615970573903837e+02 2.563856054727775700e+02
2.942524648759977026e+02 2.574008314563502609e+02
2.944834219500936570e+02 2.584242087942784565e+02
2.945868382401471308e+02 2.594483693498065691e+02
2.945990424572864868e+02 2.604635919682838789e+02
2.945538556686360607e+02 2.614666866220337056e+02
2.944796777830394490e+02 2.624658111469621531e+02
2.943898402062349078e+02 2.634647332064091643e+02
2.942915533355980529e+02 2.644635460242165550e+02
2.941876999301961746e+02 2.654622868718219024e+02
2.940839115193622888e+02 2.664610285597475468e+02
2.939719787892071849e+02 2.674596649490750337e+02
2.938407526715380982e+02 2.684580518925521346e+02
2.936681410127536083e+02 2.694559037588432489e+02
2.934313612368949862e+02 2.704565212905432077e+02
2.931109682515536861e+02 2.714674437314619695e+02
2.926974147484583000e+02 2.724849203405034359e+02
2.921969819500200174e+02 2.734988414764761728e+02
2.916174018758762259e+02 2.745015204565891622e+02
2.909673078612488553e+02 2.754823900095321960e+02
2.902535671981901828e+02 2.764324991676554077e+02
2.894765347220786111e+02 2.773401055369586743e+02
2.886320422950869329e+02 2.781967615257702278e+02
2.877273852903036868e+02 2.789937447197740994e+02
2.867688088900904404e+02 2.797276005680197386e+02
2.857655327290969467e+02 2.803962510883299615e+02
2.847360713654188658e+02 2.810098284837480378e+02
2.836968584318314015e+02 2.815850206029616061e+02
2.826632760466898731e+02 2.821390897486819540e+02
2.816411418712754084e+02 2.826858682876342073e+02
2.806305809328354144e+02 2.832181612348853719e+02
2.796240770381922971e+02 2.837147406470323858e+02
2.786183337239208981e+02 2.841524929757781592e+02
2.776137069367741788e+02 2.845038875220594718e+02
2.766104418692889908e+02 2.847499598708676558e+02
2.756085559613437113e+02 2.848893611349388948e+02
2.746081200584039834e+02 2.849166117722375020e+02
2.736091321437011175e+02 2.848318677697266708e+02
2.726078954252167250e+02 2.846429789912759816e+02
2.715964577515992460e+02 2.843624366753301160e+02
2.705781991534103099e+02 2.840093661172437578e+02
2.695665614080916725e+02 2.836104803247886821e+02
2.685767819735722242e+02 2.831918324651591092e+02
2.676194012567065670e+02 2.827618905124542152e+02
2.666974647265395220e+02 2.823204058177324214e+02
2.658073018338925522e+02 2.818527777079364682e+02
2.649407678727130815e+02 2.813506541902909248e+02
2.640880811445968561e+02 2.808101584829699391e+02
2.632398422851891837e+02 2.802427060249368651e+02
2.623876247143630280e+02 2.796659233503763744e+02
2.615221426919968621e+02 2.790824376327499863e+02
2.606335595368825011e+02 2.784926247348078050e+02
2.597135940361658299e+02 2.778986907813574021e+02
2.587583886370805999e+02 2.773004988904993411e+02
2.577709968628186061e+02 2.766971774653562193e+02
2.567619449640691869e+02 2.760982893885177418e+02
2.557467699406299459e+02 2.755067197634987792e+02
2.547392035321595927e+02 2.749267544724655750e+02
2.537429901321039551e+02 2.743493371661138553e+02
2.527504187351827341e+02 2.737683076417221173e+02
2.517578280367505386e+02 2.731887709925601371e+02
2.507650726872506652e+02 2.726219692790488125e+02
2.497720365027049922e+02 2.720768887501432118e+02
2.487787019268832012e+02 2.715548872923551471e+02
2.477850085989313413e+02 2.710606335154955104e+02
2.467909251555100809e+02 2.705965532168232244e+02
2.457963740544473410e+02 2.701686438950845286e+02
2.448012819034604775e+02 2.697825820758517352e+02
2.438054822027771706e+02 2.694512456828249469e+02
2.428088470685750622e+02 2.691845258893281994e+02
2.418114049036804261e+02 2.689802258789652569e+02
2.408131549324129992e+02 2.688384056467217533e+02
2.398141104189055852e+02 2.687580392783407888e+02
2.388144267577745268e+02 2.687271077783354372e+02
2.378144340268354426e+02 2.687200812804186398e+02
2.368144503972116297e+02 2.687123508413351942e+02
2.358147516232430974e+02 2.686825882436363599e+02
2.348154776635085170e+02 2.686199683920524421e+02
2.338166638631727210e+02 2.685217575150642801e+02
2.328181497598415888e+02 2.684003665753991754e+02
2.318197544260894745e+02 2.682697894034930073e+02
2.308214435380639600e+02 2.681326807774670442e+02
2.298232117177151110e+02 2.679894566625560515e+02
2.288251239670505015e+02 2.678350894789507493e+02
2.278272242154300216e+02 2.676661815106224935e+02
2.268294565492334129e+02 2.674870573961304103e+02
2.258318489705188199e+02 2.672955513164874333e+02
2.248345311988852870e+02 2.670816301102364037e+02
2.238376727980422345e+02 2.668321788734833149e+02
2.228413536113466193e+02 2.665410221223573330e+02
2.218454437899194147e+02 2.662182030174800502e+02
2.208496940559741972e+02 2.658830019474518167e+02
2.198537618561708769e+02 2.655619136979145765e+02
2.188575059003461831e+02 2.652658663555301928e+02
2.178609340099429801e+02 2.649942549708586625e+02
2.168642587084303273e+02 2.647306419177095336e+02
2.158677778699641294e+02 2.644519881216224348e+02
2.148717158859217307e+02 2.641409380331245416e+02
2.138761113593251650e+02 2.637945059017562244e+02
2.128807815916121911e+02 2.634268225465041269e+02
2.118855139429617225e+02 2.630543345928065833e+02
2.108901940263883148e+02 2.626858893012349654e+02
2.098946940097816309e+02 2.623313738454476720e+02
2.088989004111165286e+02 2.619995654918659511e+02
2.079027152361175013e+02 2.616980436070281257e+02
2.069059676412026079e+02 2.614400220865547340e+02
2.059087236884758454e+02 2.612203913574891772e+02
2.049112258943770257e+02 2.610203939875239030e+02
2.039138542000359280e+02 2.608106434327017951e+02
2.029169418764853390e+02 2.605653628473776280e+02
2.019207324744055541e+02 2.602657148059293490e+02
2.009252999031992886e+02 2.599059827861274812e+02
1.999305551276983692e+02 2.594930532124244564e+02
1.989364252081002746e+02 2.590325676133174966e+02
1.979427318801484148e+02 2.585383138364578599e+02
1.969493973043265953e+02 2.580163123786697952e+02
1.959563611197809223e+02 2.574712318497641945e+02
1.949600110707157228e+02 2.569043836600760073e+02
1.939524881132691689e+02 2.563210576499221247e+02
1.929373277760432188e+02 2.557283521198388030e+02
1.919281007803983812e+02 2.551430069111263492e+02
1.909403257812934385e+02 2.545693260087134036e+02
1.899811508092909662e+02 2.540000822183950220e+02
1.890458387587217999e+02 2.534344022258638063e+02
1.881306266715439790e+02 2.528673079675631072e+02
1.872332260413679137e+02 2.523012990665654911e+02
1.863594314926311313e+02 2.517347402991468925e+02
1.855166067122414120e+02 2.511702560824091108e+02
1.847152605493602096e+02 2.506030528742062984e+02
1.839588927298463545e+02 2.500359591553873884e+02
1.832516093279366487e+02 2.494730953536439984e+02
1.825922016116225848e+02 2.489227095317749558e+02
1.819701454114192245e+02 2.483838185511067138e+02
1.813811110182329287e+02 2.478376528685664653e+02
1.808259435283587777e+02 2.472747736207558660e+02
1.803041765855411995e+02 2.466870060954571500e+02
1.798053962394888572e+02 2.460622896531627930e+02
1.793047432415540925e+02 2.453854766474988196e+02
1.787669346888840778e+02 2.446503754234942676e+02
1.781688906218846569e+02 2.438563695518083136e+02
1.775015903961023014e+02 2.430267333585459255e+02
1.767658934577813170e+02 2.422105560570248883e+02
1.759667592765018753e+02 2.414722671476738469e+02
1.751068712994468797e+02 2.408777528282296032e+02
1.741943513704746351e+02 2.404807595895296117e+02
1.732371588422320201e+02 2.403148821376366300e+02
1.722469903177265280e+02 2.403840170119235324e+02
1.712331513927045989e+02 2.406676027968552205e+02
1.702069947018329685e+02 2.411135289044565297e+02
1.691771008735708506e+02 2.416603851330729640e+02
1.681509728205903684e+02 2.422379916154530122e+02
1.671253816159324401e+02 2.427740755681668929e+02
1.660935162766613473e+02 2.431953398133395581e+02
1.650585112017510028e+02 2.434450751332980758e+02
1.640362864826158784e+02 2.434989343083581730e+02
1.630433797578287454e+02 2.433655608595291824e+02
1.620981301266059518e+02 2.430686578556405095e+02
1.612127883914379822e+02 2.426497801478691372e+02
1.604007728315477834e+02 2.421532379107993620e+02
1.596723241066156902e+02 2.416181088014530474e+02
1.590281873820747478e+02 2.410727728250535051e+02
1.584569498751864671e+02 2.405305985543055556e+02
1.579347606567751541e+02 2.400022555359406340e+02
1.574299629837194630e+02 2.394824140660311969e+02
1.569041542653697547e+02 2.389558654047087884e+02
1.563180009309610625e+02 2.384086308791865463e+02
1.556479494690475178e+02 2.378307741591775653e+02
1.548887102727783827e+02 2.372258661590415443e+02
1.540569582218967355e+02 2.365972727329867951e+02
1.531799532773341070e+02 2.359553061597146950e+02
1.522902437573164605e+02 2.353068818019535797e+02
1.514132388127538604e+02 2.346649152286814797e+02
1.505778910623904494e+02 2.340362753135219123e+02
1.498036731180020809e+02 2.334311736518756959e+02
1.491108865562229369e+02 2.328530229878241471e+02
1.485079771292500368e+02 2.323091681218973577e+02
1.479868653535765759e+02 2.317976604396486948e+02
1.475188671303996557e+02 2.313046309538810874e+02
1.470686476941902470e+02 2.308125063879789991e+02
1.466007966563466880e+02 2.303080928536575129e+02
1.460834263518757439e+02 2.297852795963575545e+02
1.454955649283432138e+02 2.292362618396262235e+02
1.448289766797194034e+02 2.286686987522952563e+02
1.440860984141631320e+02 2.280908975316656324e+02
1.432715566542948693e+02 2.275116657254914685e+02
1.423881989282940594e+02 2.269393348428959030e+02
1.414428727988450873e+02 2.263702701054423869e+02
1.404405843459713310e+02 2.258037241693013186e+02
1.394000747308011796e+02 2.252350099285894487e+02
1.383439503662991683e+02 2.246669488749120092e+02
1.373034407511289885e+02 2.240982346342001392e+02
1.363011058220783980e+02 2.235352833976243971e+02
1.353591807177565727e+02 2.229812448843833863e+02
1.344868666200902396e+02 2.224353909865521359e+02
1.336832672229816694e+02 2.218879933036772911e+02
1.329490639940173935e+02 2.213317490354789925e+02
1.322800864344577008e+02 2.207587026008809516e+02
1.316588185499844599e+02 2.201546623670296867e+02
1.310615204920840142e+02 2.195101036290713807e+02
1.304695304817890360e+02 2.188146782626459412e+02
1.298703258120826831e+02 2.180619398354090492e+02
1.292547436934705161e+02 2.172433041733945061e+02
1.286260617556349928e+02 2.163558044018720921e+02
1.280094611075363389e+02 2.153987440041283890e+02
1.274517660045158891e+02 2.143819201431062424e+02
1.270096097308832555e+02 2.133283408969589345e+02
1.267345417309276456e+02 2.122577203446522844e+02
1.266619842579132751e+02 2.111939374208084246e+02
1.268132203531292816e+02 2.101599451908759022e+02
1.271871351362938753e+02 2.091804023024039338e+02
1.277668126173970222e+02 2.082756967692237424e+02
1.285203463794708227e+02 2.074688600297677681e+02
1.294120480982160188e+02 2.067810354721683268e+02
1.304005861129286075e+02 2.062256208801769048e+02
1.314406486387780433e+02 2.058071798442067291e+02
1.325011748435989318e+02 2.055201613457746816e+02
1.335614360948552530e+02 2.053539605187719701e+02
1.346036034591624571e+02 2.052945336970330459e+02
1.356220499030667952e+02 2.053111385651033061e+02
1.366250285667585445e+02 2.053652966039624346e+02
1.376243437021880140e+02 2.054247317217172508e+02
1.386239901823776393e+02 2.054585389813748577e+02
1.396242865533627651e+02 2.054420804421036451e+02
1.406254153327136578e+02 2.053612392837468974e+02
1.416274079225535729e+02 2.052135867092964929e+02
1.426300758067183097e+02 2.050137035001326069e+02
1.436332030616735267e+02 2.047782902604666901e+02
1.446365770088141289e+02 2.045237966154862193e+02
1.456399509559547596e+02 2.042693029705057484e+02
1.466430782109100051e+02 2.040338897308398032e+02
