1.427045730740988461e+02 2.052116540345338933e+02
1.436787902026862298e+02 2.049664546314616871e+02
1.446579131593514944e+02 2.047535335500910207e+02
1.456438670710307122e+02 2.045855573302131063e+02
1.466383703073492200e+02 2.044738321339455069e+02
1.476422847577938171e+02 2.044240288379852473e+02
1.486548977407334462e+02 2.044314582916744030e+02
1.496745829957225169e+02 2.044854203732397195e+02
1.506998111798048399e+02 2.045758526379422619e+02
1.517287440161356642e+02 2.046906599837055865e+02
1.527596747050844499e+02 2.048186123741975280e+02
1.537918169377801121e+02 2.049545362219432434e+02
1.548250533614177016e+02 2.050976593939755048e+02
1.558605091204319137e+02 2.052553848757732453e+02
1.569000666680115046e+02 2.054400984315030882e+02
1.579448562574199855e+02 2.056592366606271298e+02
1.589952158226629422e+02 2.059150230292702020e+02
1.600509094560530912e+02 2.062059053623251543e+02
1.611111950250633527e+02 2.065270007344073520e+02
1.621748198147963080e+02 2.068700667991041087e+02
1.632398654600012264e+02 2.072224815057197702e+02
1.643039217955162883e+02 2.075683869633513439e+02
1.653649135849916831e+02 2.078941289742891740e+02
1.664206031613706500e+02 2.081849846138868543e+02
1.674682392700326545e+02 2.084228517635388016e+02
1.685050108530070929e+02 2.085892348233064695e+02
1.695285487660229933e+02 2.086685458027990308e+02
1.705397375872137502e+02 2.086562361438355708e+02
1.715449573431787655e+02 2.085640960449551926e+02
1.725509007578554872e+02 2.084186378659980505e+02
1.735628824627583526e+02 2.082513889761038399e+02
1.745810780351770575e+02 2.080939851680018364e+02
1.756019150697088094e+02 2.079709516758121026e+02
1.766178500868358014e+02 2.079039387854163010e+02
1.776204805681040853e+02 2.079081526991225530e+02
1.785994491612623278e+02 2.079894249168528688e+02
1.795459125622691658e+02 2.081460124415811777e+02
1.804504559077711576e+02 2.083748208148677463e+02
1.813032475308724543e+02 2.086666589898163124e+02
1.820976601540566264e+02 2.090121230117948699e+02
1.828325558558869659e+02 2.094035195184173119e+02
1.835125411690182773e+02 2.098312999243486274e+02
1.841483492308936434e+02 2.102854234748051567e+02
1.847552549831160036e+02 2.107539675999283304e+02
1.853520353737927167e+02 2.112261959876060757e+02
1.859586240781041511e+02 2.116926540684770544e+02
1.865947188354364528e+02 2.121486639565796395e+02
1.872772642728837127e+02 2.125932889226858720e+02
1.880190592978793802e+02 2.130300801249881033e+02
1.888266663732473489e+02 2.134623581904882599e+02
1.897002764741027363e+02 2.138911733470213505e+02
1.906340672639997251e+02 2.143124178196041498e+02
1.916192661062207492e+02 2.147238685423308198e+02
1.926467706775331692e+02 2.151244874416167931e+02
1.937080723021883273e+02 2.155147332363363546e+02
1.947925179168976229e+02 2.158984917699715709e+02
1.958898004618462494e+02 2.162784381496187507e+02
1.969895557829268000e+02 2.166576637878409315e+02
1.980847900619724555e+02 2.170381824364725389e+02
1.991704115234206256e+02 2.174169728829057533e+02
2.002452799437344879e+02 2.177830922171398527e+02
2.013099236437489026e+02 2.181224935736847783e+02
2.023664775137694676e+02 2.184190359083245312e+02
2.034144073800930528e+02 2.186588358620110739e+02
2.044518292869340996e+02 2.188294977841121636e+02
2.054774771462843432e+02 2.189226913386708588e+02
2.064907753133348081e+02 2.189346290206965762e+02
2.074920552609251274e+02 2.188674917845116852e+02
2.084830009492154375e+02 2.187323593921705083e+02
2.094659848281895620e+02 2.185448415842882355e+02
2.104439180287606064e+02 2.183240923994157185e+02
2.114193503073270222e+02 2.180868881811148583e+02
2.123944311285172830e+02 2.178473715184984485e+02
2.133713699105695412e+02 2.176200794706585384e+02
2.143527653945358225e+02 2.174221106799373615e+02
2.153407853767247389e+02 2.172677283503285821e+02
2.163368953397312282e+02 2.171665747517807858e+02
2.173411592941762365e+02 2.171190710477307846e+02
2.183527619310717114e+02 2.171198528419166962e+02
2.193702550476850774e+02 2.171593915587448009e+02
2.203914320807119793e+02 2.172231689234077123e+02
2.214133121787509140e+02 2.172915721653483558e+02
2.224328016453854957e+02 2.173442460404394296e+02
2.234476061656621368e+02 2.173660949042794925e+02
2.244565150973919572e+02 2.173491532314941708e+02
2.254587280072946101e+02 2.172881545018315705e+02
2.264538028314108544e+02 2.171801901170973110e+02
2.274415786416304286e+02 2.170242012368203177e+02
2.284229290476946801e+02 2.168259358521296463e+02
2.293996687356796542e+02 2.165973338475911305e+02
2.303736519099554698e+02 2.163505951218171504e+02
2.313459126575947664e+02 2.160925235404682780e+02
2.323176245066469789e+02 2.158308404332173609e+02
2.332910052898920412e+02 2.155801382233642016e+02
2.342681642023658810e+02 2.153542945427421103e+02
2.352508899352210392e+02 2.151650782400610922e+02
2.362409154332712546e+02 2.150238913761556887e+02
2.372389729119051367e+02 2.149355516257372472e+02
2.382450658270951749e+02 2.149000817276767634e+02
2.392597732796227774e+02 2.149212919258358170e+02
2.402832102181380947e+02 2.149999385348367298e+02
2.413145943907813091e+02 2.151308746606619025e+02
2.423543005446138352e+02 2.153061972673352216e+02
2.434059981719859991e+02 2.155198623580093340e+02
2.444723497318744876e+02 2.157718648143572295e+02
2.455545934611131997e+02 2.160669110128559396e+02
2.466487147957383854e+02 2.164090673481224485e+02
2.477481239658451102e+02 2.168030060426044656e+02
2.488428581609136643e+02 2.172544591838401971e+02
2.499229162498244250e+02 2.177681147633323917e+02
2.509774558421001984e+02 2.183466129298911937e+02
2.519976306285061582e+02 2.189881909135592082e+02
2.529734867642402776e+02 2.196862079806679162e+02
2.538968296609846504e+02 2.204318756681378204e+02
2.547664884216096937e+02 2.212215030094407382e+02
2.555852512675089088e+02 2.220557060414755028e+02
2.563590086471116365e+02 2.229299431039398769e+02
2.570922587472671239e+02 2.238339993268851060e+02
2.577901593924100325e+02 2.247572348988888962e+02
2.584623472346225412e+02 2.256873926588751829e+02
2.591198005359908620e+02 2.266125041334839807e+02
2.597754035811815356e+02 2.275231190411516877e+02
2.604396951110678629e+02 2.284150452388935832e+02
2.611199345278690771e+02 2.292806158863290875e+02
2.618155960744430786e+02 2.301129842496071944e+02
2.625211867404582335e+02 2.309088118029309271e+02
2.632307270081759611e+02 2.316641744749945531e+02
2.639364051067510673e+02 2.323780534933677018e+02
2.646333746045504540e+02 2.330538668876617407e+02
2.653239813444487254e+02 2.337007003258327984e+02
2.660116447801635786e+02 2.343343240482807914e+02
2.667022643129297421e+02 2.349699412210599121e+02
2.673984905222845327e+02 2.356206856831412324e+02
2.681029728417244087e+02 2.362908723202876615e+02
2.688126859050353232e+02 2.369774662668891665e+02
2.695240799475919289e+02 2.376728908885937415e+02
2.702354378893051035e+02 2.383691028740827846e+02
2.709451070172798950e+02 2.390606253784537216e+02
2.716500609903518466e+02 2.397462140106284210e+02
2.723528663974513506e+02 2.404299180894707888e+02
2.730604041825388890e+02 2.411219587313686077e+02
2.737779580124631593e+02 2.418308790074695196e+02
2.745055628774618981e+02 2.425566695538389581e+02
2.752378960787738151e+02 2.432908033464416349e+02
2.759666508810533401e+02 2.440241600049731971e+02
2.766848923868957968e+02 2.447479669661258868e+02
2.773875642261527901e+02 2.454589235240780738e+02
2.780778078529564254e+02 2.461586055363536616e+02
2.787655451727034119e+02 2.468505219796263646e+02
2.794617766567200192e+02 2.475358280420204267e+02
2.801739568304616341e+02 2.482109358745652798e+02
2.809046258532073921e+02 2.488698446639130566e+02
2.816529443143460867e+02 2.495018803524085911e+02
2.824102108354690586e+02 2.500968233792105480e+02
2.831678038452270130e+02 2.506463901718125271e+02
2.839202550534739657e+02 2.511502466001824700e+02
2.846646894663327316e+02 2.516155246322962284e+02
2.853995404114859298e+02 2.520539447434789224e+02
2.861213703692272361e+02 2.524777757474984412e+02
2.868269321375024106e+02 2.528949283819194989e+02
2.875137019514049257e+02 2.533125894618710277e+02
2.881848973733289085e+02 2.537346324950967471e+02
2.888463396869851749e+02 2.541624829615006433e+02
2.895015963865296840e+02 2.545940510844325786e+02
2.901521708395122232e+02 2.550274687589677569e+02
2.908000953812061198e+02 2.554617261418822238e+02
2.914480349014029343e+02 2.558993697190682042e+02
2.921023839974899374e+02 2.563405392268983860e+02
2.927716878566759533e+02 2.567867731352510532e+02
2.934648276601166685e+02 2.572348726433697266e+02
2.941862402195285995e+02 2.576806545840579474e+02
2.949386419765414757e+02 2.581206423138379478e+02
2.957265740900924698e+02 2.585527234973891382e+02
2.965516899964362096e+02 2.589793849235147718e+02
2.974102650727031687e+02 2.594014495967595053e+02
2.982929651333078596e+02 2.598215448986060210e+02
2.991900146628419179e+02 2.602394876146947809e+02
3.000936849057374047e+02 2.606563957586080846e+02
3.010015343314699976e+02 2.610693955668380113e+02
3.019150754292459737e+02 2.614764526762407968e+02
3.028421604651657049e+02 2.618785594748897552e+02
3.037931405300665801e+02 2.622790140559423548e+02
3.047725138020578015e+02 2.626824491217092827e+02
3.057717411280581246e+02 2.630911992682281380e+02
3.067740733560213471e+02 2.635028953193281041e+02
3.077653310952616721e+02 2.639175146082778269e+02
3.087419908430132978e+02 2.643343616796442461e+02
3.097064704701900837e+02 2.647494196191584592e+02
3.106628958857314728e+02 2.651602730462240629e+02
3.116192907810268480e+02 2.655677578133908128e+02
3.125779992873063406e+02 2.659817336338783775e+02
3.135346423367602711e+02 2.664124670656844955e+02
3.144814499411566544e+02 2.668699955845312957e+02
3.154111273529291566e+02 2.673619398170953332e+02
3.163207168674557579e+02 2.678908278900287883e+02
3.172098897623950506e+02 2.684529662626695199e+02
3.180828718728265017e+02 2.690392364361345585e+02
3.189446211748998508e+02 2.696389814332492278e+02
3.197997320495854865e+02 2.702401369323378049e+02
3.206506160700316173e+02 2.708355432845993391e+02
3.214955344948474476e+02 2.714225051513955123e+02
3.223300677969234584e+02 2.720038952243439780e+02
3.231487432340159103e+02 2.725837092007971023e+02
3.239485797497313797e+02 2.731680351336275407e+02
3.247324881589247525e+02 2.737634068258533944e+02
3.255114179138365103e+02 2.743751626249376159e+02
3.262992539995431684e+02 2.750095673042539488e+02
3.271078972657788313e+02 2.756661199590180331e+02
3.279381614216076741e+02 2.763410302886402405e+02
3.287845834058376795e+02 2.770278691783750560e+02
3.296394702738078877e+02 2.777229456624349382e+02
3.304999170297199953e+02 2.784253478919226836e+02
3.313667539185044006e+02 2.791308885743532642e+02
3.322386978456114548e+02 2.798346527049070573e+02
3.331114869846430224e+02 2.805334828161253995e+02
3.339747827234402848e+02 2.812275038024762921e+02
3.348122875680818424e+02 2.819194212376287396e+02
3.356065987825978709e+02 2.826103588087153184e+02
3.363441325076064459e+02 2.833049775406540221e+02
3.370183685556719411e+02 2.840135851830443698e+02
3.376293044074531622e+02 2.847479780430479650e+02
3.381794749505728532e+02 2.855210678214336326e+02
3.386740336245775893e+02 2.863405141269275873e+02
3.391195961570612667e+02 2.872087768102168752e+02
3.395277770597832045e+02 2.881228121215424949e+02
3.399096697149226998e+02 2.890743239839506487e+02
3.402692219267710811e+02 2.900514727813464333e+02
3.406022876725652395e+02 2.910413944423582961e+02
3.409018767916539900e+02 2.920332623873755438e+02
3.411586803013507279e+02 2.930222829565915958e+02
3.413665137985637443e+02 2.940099190250521133e+02
3.415207446605834321e+02 2.949995379198619503e+02
3.416170182996861513e+02 2.959963895646166065e+02
3.416508074985861754e+02 2.970027379212514234e+02
3.416197820173294417e+02 2.980189371518168855e+02
3.415251420728461653e+02 2.990448048410693218e+02
3.413671249403117258e+02 3.000803049266871767e+02
3.411526778391387325e+02 3.011243815339452681e+02
3.408932245803860042e+02 3.021752984123169767e+02
3.405988454044305627e+02 3.032315235141720677e+02
3.402752475632275946e+02 3.042937653133066647e+02
3.399241131449796285e+02 3.053663562477503319e+02
3.395482075692230524e+02 3.064515392514714449e+02
3.391491251040400243e+02 3.075495949564051443e+02
3.387251108104823629e+02 3.086561574914711628e+02
3.382709744153024758e+02 3.097647158228335798e+02
3.377785774652226110e+02 3.108656728720176261e+02
3.372386918990490585e+02 3.119512934232151906e+02
3.366440234203386126e+02 3.130160305382253227e+02
3.359918042116001402e+02 3.140528138352809719e+02
3.352832372648938417e+02 3.150500256528229670e+02
3.345205608559444954e+02 3.159977622265274704e+02
3.337090512207500410e+02 3.168878732165430279e+02
3.328542649391412169e+02 3.177119431484573511e+02
3.319643261048080376e+02 3.184661842948892172e+02
3.310473607655570731e+02 3.191533438283938153e+02
3.301122479686143834e+02 3.197788805625191344e+02
3.291654208538026865e+02 3.203477865325240828e+02
3.282135364942370188e+02 3.208698880107199898e+02
3.272618359195474227e+02 3.213618729472632367e+02
3.263151164617206632e+02 3.218389208360124485e+02
3.253739823065163250e+02 3.223121612511091598e+02
3.244342111562456807e+02 3.227840009586878409e+02
3.234934111779910495e+02 3.232490714032359165e+02
3.225495409438291290e+02 3.236939408325206387e+02
3.216003085429611588e+02 3.241035294204858701e+02
3.206432999034736326e+02 3.244619535714178369e+02
3.196762357363803631e+02 3.247542165055715486e+02
3.186971916660436364e+02 3.249676566263888731e+02
3.177055924984335888e+02 3.250984893948187278e+02
3.167014101349911925e+02 3.251465299339535591e+02
3.156854442576986344e+02 3.251170398208123515e+02
3.146586508185981188e+02 3.250163088248418717e+02
3.136231620024557856e+02 3.248583658407998769e+02
3.125815986384955636e+02 3.246604548420735341e+02
3.115361624817122674e+02 3.244370624667801053e+02
3.104867829106235035e+02 3.241980927715434859e+02
3.094299844181173285e+02 3.239508660959264148e+02
3.083628833629776977e+02 3.236939322705121640e+02
3.072840406111874927e+02 3.234212630983662962e+02
3.061970983832396200e+02 3.231263423186836121e+02
3.051082475096059170e+02 3.228018728523863956e+02
3.040264472164474796e+02 3.224355194415284700e+02
3.029607832529532061e+02 3.220165712597330412e+02
3.019220560871514749e+02 3.215421123257983140e+02
3.009200263583898618e+02 3.210199213240298377e+02
2.999653708107593957e+02 3.204613953667204669e+02
2.990671678599770189e+02 3.198811381360453083e+02
2.982281548602679209e+02 3.192931472389727787e+02
2.974491842313021266e+02 3.187103918357188945e+02
2.967279583851311031e+02 3.181412341004996165e+02
2.960555954667148626e+02 3.175900796366840950e+02
2.954210792645193351e+02 3.170525550839580546e+02
2.948112856578683250e+02 3.165194023573425284e+02
2.942094417350526783e+02 3.159806222234271331e+02
2.936006784532775100e+02 3.154256115173841408e+02
2.929722924996383995e+02 3.148401010303268777e+02
2.923120444621326897e+02 3.142094597399454869e+02
2.916123068937785092e+02 3.135178094721151751e+02
2.908708429031137257e+02 3.127591573011241053e+02
2.900930809979905689e+02 3.119365238354370717e+02
2.892884830023991753e+02 3.110631355099396274e+02
2.884683078894667574e+02 3.101577474905632243e+02
2.876421120894620458e+02 3.092425608901070291e+02
2.868219369765296278e+02 3.083371728707306261e+02
2.860173389809382343e+02 3.074637845452331817e+02
2.852395770758150775e+02 3.066411510795461481e+02
2.844965727738019154e+02 3.058827330131263125e+02
2.837892690932856112e+02 3.051922326825767868e+02
2.831130629566495145e+02 3.045655916678285848e+02
2.824604948493554275e+02 3.039914973965458103e+02
2.818242495322564309e+02 3.034572306473206709e+02
2.811988365892187289e+02 3.029479499061239949e+02
2.805808284928493208e+02 3.024466804709267649e+02
2.799660187842215464e+02 3.019357881947325382e+02
2.793479200748236053e+02 3.013987634292014945e+02
2.787159009863836445e+02 3.008215460106064825e+02
2.780598984760260350e+02 3.001934092234163245e+02
2.773803877690713762e+02 2.995064256570896646e+02
2.766821171200768390e+02 2.987577758296417869e+02
2.759735538678677926e+02 2.979505424407361716e+02
2.752670426385228666e+02 2.970928811860502492e+02
2.745743763955330792e+02 2.961961661941701891e+02
2.739013142629565891e+02 2.952723417091945066e+02
2.732538611095207557e+02 2.943312087163577075e+02
2.726346328087907409e+02 2.933832036446702887e+02
2.720402569661147254e+02 2.924361389269998881e+02
2.714630914348400097e+02 2.914958086526225998e+02
2.708934765682072907e+02 2.905631580080192862e+02
2.703233922901868027e+02 2.896367426893857555e+02
2.697475271910359425e+02 2.887127818619536583e+02
2.691585558090371819e+02 2.877892371041214119e+02
2.685520822211670975e+02 2.868621884406630329e+02
2.679220537580604287e+02 2.859298925510241816e+02
2.672640555429852043e+02 2.849924974941181972e+02
2.665801922911087445e+02 2.840558918719917187e+02
2.658753772213137836e+02 2.831296420369385487e+02
2.651568346013715427e+02 2.822215561219732081e+02
2.644316141562858888e+02 2.813391390443082400e+02
2.637055722794158328e+02 2.804875878282678059e+02
2.629758223221732578e+02 2.796732523132142205e+02
2.622338889418164172e+02 2.789012561726745503e+02
2.614736340501122527e+02 2.781780722022458576e+02
2.606946603057262450e+02 2.775103566779039284e+02
2.599006079708628931e+02 2.769023285142108080e+02
2.590911830808236118e+02 2.763543429149895019e+02
2.582612870267849416e+02 2.758595269643330994e+02
2.574032386792608236e+02 2.754022149667950998e+02
2.565113264426122441e+02 2.749631818745407372e+02
2.555867755064195990e+02 2.745217386999074733e+02
2.546412969771178894e+02 2.740627792284434463e+02
2.536896817682842880e+02 2.735773655058216036e+02
2.527440500958036012e+02 2.730602174047796211e+02
2.518156208598152546e+02 2.725112785368432924e+02
2.509105011782765189e+02 2.719327037129689870e+02
2.500311920385330779e+02 2.713276580707992025e+02
2.491731293125542379e+02 2.707016034250798953e+02
2.483244239851642590e+02 2.700625390344111452e+02
2.474727708458179336e+02 2.694211896383440035e+02
2.466078497141150763e+02 2.687949716802729085e+02
2.457260455266036558e+02 2.682059468342330320e+02
2.448289236162884777e+02 2.676814714827078205e+02
2.439183780717287959e+02 2.672426263593072235e+02
2.429944840704281148e+02 2.668992033393032557e+02
2.420539876707214830e+02 2.666482275842732861e+02
2.410899342959232854e+02 2.664738956634149645e+02
2.400960485899807679e+02 2.663566939631364221e+02
2.390747594409432679e+02 2.662794809037017671e+02
2.380355627145195854e+02 2.662307833802809682e+02
2.369909642630196345e+02 2.662040984366999510e+02
2.359517289093285513e+02 2.661920295785692474e+02
2.349227439250292946e+02 2.661858837500122945e+02
2.339013494665176438e+02 2.661716009894003037e+02
2.328823502977615192e+02 2.661325217885602115e+02
2.318589707584414441e+02 2.660542528425471573e+02
2.308283335266348786e+02 2.659282312787967726e+02
2.297888688400975354e+02 2.657544974271534102e+02
2.287371902957038969e+02 2.655409578945931344e+02
2.276735467150859336e+02 2.652964041061308080e+02
2.266036965537089429e+02 2.650319772893316213e+02
2.255354968237287210e+02 2.647513697727266049e+02
2.244764589347522019e+02 2.644525326320326712e+02
2.234321960542636702e+02 2.641315954924884863e+02
2.224059712371800970e+02 2.637875667908795094e+02
2.213990550391291947e+02 2.634261109242958128e+02
2.204108313191554487e+02 2.630572229521333156e+02
2.194397210889482892e+02 2.626960096464134722e+02
2.184830957228092529e+02 2.623563151622907981e+02
2.175372897702480373e+02 2.620458073253176963e+02
2.165987193095142231e+02 2.617698819150380700e+02
2.156630084028528813e+02 2.615257953088897693e+02
2.147250038164843318e+02 2.613086178616914594e+02
2.137790823666330766e+02 2.611131363229000044e+02
2.128203655895102884e+02 2.609383918426515265e+02
2.118445475842520409e+02 2.607815492351055582e+02
2.108483855205514885e+02 2.606353210290546372e+02
2.098305545186971415e+02 2.604882947294712494e+02
2.087923824392718473e+02 2.603267459940298636e+02
2.077380776720729898e+02 2.601375615912326111e+02
2.066723641600696055e+02 2.599107209348778724e+02
2.055972772537647870e+02 2.596417999655933500e+02
2.045144001352549026e+02 2.593319913356542656e+02
2.034230984529463910e+02 2.589877162654319136e+02
2.023264647760173602e+02 2.586186610390888632e+02
2.012364718654317528e+02 2.582357456124812529e+02
2.001680904331823854e+02 2.578486847876877164e+02
1.991310088281838944e+02 2.574576406366373362e+02
1.981267670008280675e+02 2.570594417606180855e+02
1.971534481704516679e+02 2.566505874291506188e+02
1.962072780678793720e+02 2.562324857495434003e+02
1.952866590860948008e+02 2.558093263443117849e+02
1.943907809070096278e+02 2.553850416178850935e+02
1.935215978269067136e+02 2.549613160428925198e+02
1.926807887294132797e+02 2.545365512033162076e+02
1.918703255538098063e+02 2.541076627785705853e+02
1.910899585637743598e+02 2.536744318079983032e+02
1.903375568067614836e+02 2.532344440782183028e+02
1.896083450192627993e+02 2.527882716132028520e+02
1.888980974799301578e+02 2.523366082458484243e+02
1.882036896865998301e+02 2.518853635568702032e+02
1.875255732745728778e+02 2.514384541506079245e+02
1.868659411163441746e+02 2.509994470244293439e+02
1.862321166611057492e+02 2.505733688290019359e+02
1.856312437429643296e+02 2.501623806701199157e+02
1.850630880753227530e+02 2.497660457929431459e+02
1.845190222447833435e+02 2.493786243831830518e+02
1.839821110924199843e+02 2.489900346493250254e+02
1.834360298294190557e+02 2.485832896891149630e+02
1.828669322815045462e+02 2.481438681570256222e+02
1.822709473593045004e+02 2.476597765542734635e+02
1.816509446429732577e+02 2.471285325153055794e+02
1.810148551518420845e+02 2.465515534198762282e+02
1.803720828082470575e+02 2.459348565545579959e+02
1.797294110684783845e+02 2.452897186692708829e+02
1.790907875420483037e+02 2.446227203092916227e+02
1.784540373319475748e+02 2.439370079977807109e+02
1.778135485959986113e+02 2.432306641976787489e+02
1.771612163747905697e+02 2.425056925052397787e+02
1.764902632708362660e+02 2.417721525007880246e+02
1.757955036792109240e+02 2.410546234304991629e+02
1.750754376100665866e+02 2.403894493117963975e+02
1.743296148812926560e+02 2.398183241591789852e+02
1.735595065104944865e+02 2.393827582219380190e+02
1.727649621306956078e+02 2.391143923262284829e+02
1.719451069324841228e+02 2.390286672262253944e+02
1.710970874412356011e+02 2.391240583752523889e+02
1.702181114573888578e+02 2.393813157746962190e+02
1.693046326410369034e+02 2.397714956855748198e+02
1.683599669245689370e+02 2.402576706029441311e+02
1.673900841303429274e+02 2.407982128865393747e+02
1.664036074342820370e+02 2.413488876023151875e+02
1.654113523522196090e+02 2.418615429257863241e+02
1.644248612054653904e+02 2.422824403953932517e+02
1.634563844393244949e+02 2.425610232705584508e+02
1.625134542846265049e+02 2.426587896316968909e+02
1.615968253565382042e+02 2.425487132500493033e+02
1.606992815500624658e+02 2.422256884482196142e+02
1.598154197140145811e+02 2.417047771060134096e+02
1.589426164412952573e+02 2.410267644683506774e+02
1.580842681875567450e+02 2.402472868481754631e+02
1.572465120300268211e+02 2.394222235118849937e+02
1.564317597975436911e+02 2.385979172082504078e+02
1.556391969987448363e+02 2.378022114418969295e+02
1.548638210027976356e+02 2.370512127712637209e+02
1.541015399047348637e+02 2.363520924631663149e+02
1.533478854635487210e+02 2.357045343241576347e+02
1.525953300238616066e+02 2.351002048433018672e+02
1.518375435487957361e+02 2.345210208639298628e+02
1.510716898253077716e+02 2.339504043366817712e+02
1.503012717605175794e+02 2.333704405220476872e+02
1.495335335732915780e+02 2.327700217963837304e+02
1.487779291424484711e+02 2.321424101230854831e+02
1.480397405497026284e+02 2.314876129022965188e+02
1.473204283541271025e+02 2.308106213381996668e+02
1.466192618791052951e+02 2.301227466431384983e+02
1.459344391613778384e+02 2.294374554723181063e+02
1.452665181078272667e+02 2.287698787831737661e+02
1.446154376261399648e+02 2.281322061489437658e+02
1.439828109286254971e+02 2.275289756921522155e+02
1.433699848389225622e+02 2.269653021088885225e+02
1.427732855390932230e+02 2.264422495071167418e+02
1.421803531410222377e+02 2.259520276334535822e+02
1.415710454293429734e+02 2.254865269798297618e+02
1.409283047387650072e+02 2.250352190913330901e+02
1.402395597879128388e+02 2.245945131565538588e+02
1.395041374150985405e+02 2.241637002761043505e+02
1.387259562992650501e+02 2.237405189548280759e+02
1.379064008534162724e+02 2.233187778785969044e+02
1.370499176064786013e+02 2.228890336989840932e+02
1.361607451506375241e+02 2.224454795991951812e+02
1.352464842629390773e+02 2.219842920790932226e+02
1.343166678719392451e+02 2.215016291036516805e+02
1.333824252954350982e+02 2.209916338906164128e+02
1.324588958984545286e+02 2.204466162943741665e+02
1.315593853069375143e+02 2.198622741718143345e+02
1.306972479092807191e+02 2.192330356368511843e+02
1.298846425904993112e+02 2.185507936567237834e+02
1.291349817477962176e+02 2.178048342484999012e+02
1.284607819473805534e+02 2.169894104290290215e+02
1.278757438745338106e+02 2.161053549928940640e+02
1.273941241141773730e+02 2.151641329171721964e+02
1.270333755496073707e+02 2.141852087265340003e+02
1.268120175086931738e+02 2.131964147048466316e+02
1.267460038552309811e+02 2.122274376771841844e+02
1.268467984725526776e+02 2.113052624544770310e+02
1.271200572499529073e+02 2.104552895679260871e+02
1.275629517660364058e+02 2.096953727160112635e+02
1.281623609986434360e+02 2.090333646145355715e+02
1.288964293434776209e+02 2.084719042409218446e+02
1.297407775680675854e+02 2.080097041942572673e+02
1.306702998719904372e+02 2.076472119442325948e+02
1.316625329358250838e+02 2.073777105616696872e+02
1.326950952133470309e+02 2.071845925381279585e+02
1.337454972454028450e+02 2.070441580580811092e+02
1.347960776470491169e+02 2.069293082501894219e+02
1.358325909043580566e+02 2.068144622095836667e+02
1.368475850599415651e+02 2.066776289921938599e+02
1.378416588532866456e+02 2.065017843479035662e+02
1.388214455063654214e+02 2.062828613979013426e+02
1.397943884329220907e+02 2.060292782719577076e+02
1.407642103158019040e+02 2.057551599682118990e+02
1.417335455075994446e+02 2.054778394382419151e+02
1.427045730740988461e+02 2.052116540345338933e+02
