1.288180056168290548e+02 2.085118114709067072e+02
1.295452227154500235e+02 2.079221865872405601e+02
1.303712393421238573e+02 2.074177155008269438e+02
1.312758840540246581e+02 2.070033766100347634e+02
1.322419160782034169e+02 2.066833315665937789e+02
1.332540283845494002e+02 2.064543919838913553e+02
1.342973222578325192e+02 2.063040052275629250e+02
1.353558147201610495e+02 2.062122836848881775e+02
1.364129802618782605e+02 2.061556758719312086e+02
1.374567937058084510e+02 2.061104803829130674e+02
1.384822980949267617e+02 2.060564369365660014e+02
1.394909123715092392e+02 2.059785164087697922e+02
1.404875505432534624e+02 2.058671824203191818e+02
1.414771436817457868e+02 2.057216135340524943e+02
1.424617954098903283e+02 2.055469208763306028e+02
1.434428621899928089e+02 2.053510991886135457e+02
1.444214084158935236e+02 2.051404218140892226e+02
1.453989871022731961e+02 2.049240419380720937e+02
1.463777027814130065e+02 2.047143632900367436e+02
1.473598846407767269e+02 2.045251136761355326e+02
1.483475030551947498e+02 2.043679061262930645e+02
1.493416781222867940e+02 2.042493422916150223e+02
1.503443640851519376e+02 2.041736528811330231e+02
1.513596483350161179e+02 2.041423312029086787e+02
1.523904727264636563e+02 2.041568143973680662e+02
1.534379563456639914e+02 2.042162076571878515e+02
1.544976322576621328e+02 2.043179105643039293e+02
1.555591973484214350e+02 2.044545405870267700e+02
1.566098724265479518e+02 2.046170641243402315e+02
1.576380291022728954e+02 2.047982504741771379e+02
1.586356272441329054e+02 2.049942148405258706e+02
1.595988880953813407e+02 2.052024134864798270e+02
1.605286565210046774e+02 2.054238086423414416e+02
1.614290889571633443e+02 2.056593859127185624e+02
1.623067333825443654e+02 2.059110386386040261e+02
1.631694446075085807e+02 2.061817925111908494e+02
1.640251330369354150e+02 2.064741759146751008e+02
1.648810209440609924e+02 2.067887060040660003e+02
1.657435828518625271e+02 2.071216004356170970e+02
1.666183227476218462e+02 2.074632491002757320e+02
1.675101448721912334e+02 2.077984625996779187e+02
1.684233967051678178e+02 2.081095950571055084e+02
1.693605041455571154e+02 2.083742450276270120e+02
1.703221915741335692e+02 2.085731702072875464e+02
1.713074835299727852e+02 2.086966041574330291e+02
1.723132951280317400e+02 2.087460926944403070e+02
1.733340616258221587e+02 2.087323405134960694e+02
1.743637058687768899e+02 2.086735476370554920e+02
1.753981678343554620e+02 2.085894726248324673e+02
1.764345636425696568e+02 2.085005589436126741e+02
1.774734970674045371e+02 2.084266015119857798e+02
1.785164864893393712e+02 2.083854985290154787e+02
1.795635894115683300e+02 2.083924383851820039e+02
1.806121041534601659e+02 2.084592659115423032e+02
1.816555023060084295e+02 2.085940549342552686e+02
1.826842617634460453e+02 2.088006078754123678e+02
1.836896018198608544e+02 2.090776455349964635e+02
1.846625501301499526e+02 2.094186702400891988e+02
1.855960491960533432e+02 2.098123711861962306e+02
1.864826700703936240e+02 2.102454993947592641e+02
1.873151671332490480e+02 2.107051510844353288e+02
1.880884296539166201e+02 2.111793778136238871e+02
1.888010641008407333e+02 2.116557099895968577e+02
1.894575093382334785e+02 2.121251645103562282e+02
1.900682062760401720e+02 2.125837049604732556e+02
1.906485578989565113e+02 2.130298843615568956e+02
1.912165378374823490e+02 2.134608235410429984e+02
1.917911738846112257e+02 2.138733163807494861e+02
1.923908197278609009e+02 2.142667236948673235e+02
1.930308897268729993e+02 2.146396655468625170e+02
1.937223366641611335e+02 2.149911224048762506e+02
1.944712479347083445e+02 2.153218273066426889e+02
1.952792331599710849e+02 2.156370106956198924e+02
1.961441016247855771e+02 2.159419341692905618e+02
1.970619924247675385e+02 2.162436428424398684e+02
1.980292204754678664e+02 2.165509533806848594e+02
1.990409770050756322e+02 2.168658085631355448e+02
2.000885931118992289e+02 2.171834991570028137e+02
2.011616360464044533e+02 2.174930091184344292e+02
2.022479124305885989e+02 2.177823968781078747e+02
2.033362967774751837e+02 2.180399291663792951e+02
2.044168073355220656e+02 2.182571404344092798e+02
2.054828463353190386e+02 2.184258957236356196e+02
2.065303711547787771e+02 2.185388081952446839e+02
2.075598762617145212e+02 2.185913016552302679e+02
2.085742606873847080e+02 2.185845608511446017e+02
2.095779562496877304e+02 2.185221090790461744e+02
2.105733039398853066e+02 2.184104564711082048e+02
2.115617207751425042e+02 2.182579546680888711e+02
2.125455076728368908e+02 2.180781648574074438e+02
2.135270349709720961e+02 2.178850573789935936e+02
2.145087553086314074e+02 2.176930876403312141e+02
2.154925763311636899e+02 2.175134989552211664e+02
2.164793252313302219e+02 2.173511666469486272e+02
2.174687659790023986e+02 2.172046995969785712e+02
2.184603572605754209e+02 2.170709074016405395e+02
2.194534368200043843e+02 2.169458868445772737e+02
2.204467130990869919e+02 2.168220257172781089e+02
2.214385839032291017e+02 2.166898809769874674e+02
2.224272653732584786e+02 2.165389388830555504e+02
2.234114450411456971e+02 2.163614639882637221e+02
2.243901493453395233e+02 2.161517182983712360e+02
2.253633814641336812e+02 2.159097205456617417e+02
2.263320008750625902e+02 2.156405363339855512e+02
2.272977298787674272e+02 2.153543165892364186e+02
2.282631485806376475e+02 2.150662679820617882e+02
2.292310767963208775e+02 2.147930099916566462e+02
2.302046232316364751e+02 2.145528647632045818e+02
2.311865085060122169e+02 2.143618671314702908e+02
2.321780735248423468e+02 2.142279201483151212e+02
2.331793226373709444e+02 2.141510494473902497e+02
2.341890603033219520e+02 2.141242087323318515e+02
2.352062109211876759e+02 2.141410586040045700e+02
2.362294183632196507e+02 2.141936062927676971e+02
2.372574310508051383e+02 2.142744752225200386e+02
2.382911652632244000e+02 2.143817785328321008e+02
2.393347634263682835e+02 2.145173338960448746e+02
2.403917383167411970e+02 2.146859433622652489e+02
2.414633466908143760e+02 2.148875235278229923e+02
2.425464776683974151e+02 2.151201790707292787e+02
2.436352484288893550e+02 2.153799888103230273e+02
2.447204809945030775e+02 2.156632244936971574e+02
2.457923364181058616e+02 2.159657354824286699e+02
2.468403933040854099e+02 2.162860239482589009e+02
2.478558033659682280e+02 2.166224123836666990e+02
2.488304480487128671e+02 2.169734351986554088e+02
2.497590297923893274e+02 2.173381543442987436e+02
2.506375875971251048e+02 2.177164730476135901e+02
2.514647599738500219e+02 2.181075704910126376e+02
2.522399457816444794e+02 2.185101753186861515e+02
2.529653827653932012e+02 2.189257295219070443e+02
2.536435488553154585e+02 2.193574194932795365e+02
2.542788582521808394e+02 2.198117433926636295e+02
2.548805587534660049e+02 2.202946642828487143e+02
2.554590611379411484e+02 2.208114194584034351e+02
2.560264234817881288e+02 2.213690521018322670e+02
2.565970094202835412e+02 2.219728662193231798e+02
2.571825354327646664e+02 2.226252972100095064e+02
2.577914115287202890e+02 2.233285898893400088e+02
2.584301096558112931e+02 2.240818520676069170e+02
2.590995399917080704e+02 2.248821207418389747e+02
2.597963691089310601e+02 2.257222254895075366e+02
2.605179387080211200e+02 2.265935110314729855e+02
2.612627881460410890e+02 2.274876615290998529e+02
2.620311789205316018e+02 2.283944653541616958e+02
2.628207635393247301e+02 2.293051860928907786e+02
2.636290787426417523e+02 2.302116962772150828e+02
2.644494156331534214e+02 2.311099166845826574e+02
2.652744207142968662e+02 2.319983056755097550e+02
2.660984670009722777e+02 2.328790888842175377e+02
2.669162949809887664e+02 2.337558567044887354e+02
2.677230178452234668e+02 2.346332723005490948e+02
2.685179344412396176e+02 2.355126910580486310e+02
2.692998222410546987e+02 2.363943204024726015e+02
2.700696149011198486e+02 2.372780019209705245e+02
2.708311494111786715e+02 2.381643210157182580e+02
2.715900605900354776e+02 2.390561556535403156e+02
2.723517830876178323e+02 2.399552817570601917e+02
2.731198154986698228e+02 2.408623766296196891e+02
2.738947744203468346e+02 2.417745463513947470e+02
2.746756564145416064e+02 2.426867436584765869e+02
2.754623229964615803e+02 2.435904466398141039e+02
2.762509635839983275e+02 2.444771671231073071e+02
2.770381129361650778e+02 2.453373257933021989e+02
2.778204430971222791e+02 2.461629236374640186e+02
2.785926987106914794e+02 2.469469824388838219e+02
2.793478033661457971e+02 2.476855644455095558e+02
2.800779884198400964e+02 2.483748067557223180e+02
2.807742732456541717e+02 2.490124132836163540e+02
2.814323401067312034e+02 2.495998671925123631e+02
2.820552276998229217e+02 2.501400731004663669e+02
2.826506666230038149e+02 2.506389532906876241e+02
2.832312269141207821e+02 2.511014750554492423e+02
2.838108853469405517e+02 2.515331013543037955e+02
2.844062803378594708e+02 2.519420578381570976e+02
2.850341532639347975e+02 2.523373742649364999e+02
2.857094890284949997e+02 2.527288591865348053e+02
2.864442981396554160e+02 2.531239868159416631e+02
2.872402640492159094e+02 2.535290623905861480e+02
2.880907358060887873e+02 2.539453817309146473e+02
2.889847269438728858e+02 2.543700295606082591e+02
2.899076223645320738e+02 2.548007093136665162e+02
2.908464386786268960e+02 2.552349135021705422e+02
2.917926188555941849e+02 2.556722388520922209e+02
2.927390543093738415e+02 2.561131550965750421e+02
2.936810797336670475e+02 2.565571088441323582e+02
2.946143739599767173e+02 2.570018745755394320e+02
2.955364078400344852e+02 2.574431091671465310e+02
2.964471209777279910e+02 2.578794403867175902e+02
2.973517920080635690e+02 2.583080840007007737e+02
2.982558623222988103e+02 2.587269878652946318e+02
2.991649240135403716e+02 2.591347010994960556e+02
3.000839660265784232e+02 2.595329373047411536e+02
3.010184430912627818e+02 2.599262390273713663e+02
3.019728968339474591e+02 2.603240374387912652e+02
3.029525155302750932e+02 2.607338718833262305e+02
3.039604811517514236e+02 2.611641363594474115e+02
3.049964405731082593e+02 2.616216449501854413e+02
3.060530955203560097e+02 2.621097487183227486e+02
3.071180785572247487e+02 2.626274423056596561e+02
3.081735833197872125e+02 2.631705920920289259e+02
3.092004133686303362e+02 2.637327300952210862e+02
3.101841944665297319e+02 2.643077365887538122e+02
3.111187606535806935e+02 2.648907748548916743e+02
3.120044556764079857e+02 2.654769423131652957e+02
3.128479503527516385e+02 2.660594169539969585e+02
3.136594011757305793e+02 2.666332034270961913e+02
3.144527124754797001e+02 2.671908914215719619e+02
3.152406301137422133e+02 2.677277359690974663e+02
3.160312374829239275e+02 2.682409303432497154e+02
3.168278795238545626e+02 2.687270061359147348e+02
3.176323557541534228e+02 2.691854561801203545e+02
3.184483559280010923e+02 2.696182398673759621e+02
3.192787236252911498e+02 2.700326056608558929e+02
3.201264843238572553e+02 2.704384164340195866e+02
3.209983265331472921e+02 2.708499971863213318e+02
3.219018703763719600e+02 2.712852626588213525e+02
3.228418957347678315e+02 2.717556281246379513e+02
3.238129155616468324e+02 2.722677786441034868e+02
3.248022113521216738e+02 2.728219216742660365e+02
3.257918938619923210e+02 2.734145350750157490e+02
3.267640936095945108e+02 2.740379986575065914e+02
3.277029090429368807e+02 2.746823500380243104e+02
3.285978395018657352e+02 2.753360055344974171e+02
3.294459180879666746e+02 2.759913724621043798e+02
3.302512740283583526e+02 2.766460299789662258e+02
3.310221747392215548e+02 2.772996129786653228e+02
3.317661542242969972e+02 2.779497771513600810e+02
3.324865572126141160e+02 2.785933756553450849e+02
3.331863146270380298e+02 2.792257373925524462e+02
3.338685867226424762e+02 2.798460178199886741e+02
3.345376263654286504e+02 2.804546709208873381e+02
3.351970806220922441e+02 2.810501285228987740e+02
3.358528868530713680e+02 2.816334828219889346e+02
3.365124600349379307e+02 2.822111153693358006e+02
3.371847940022272496e+02 2.827916471614798866e+02
3.378756334422067198e+02 2.833858550850402480e+02
3.385864428512977611e+02 2.840016293366069817e+02
3.393148213130086788e+02 2.846435784743060822e+02
3.400552411248142448e+02 2.853130785536569647e+02
3.407975149408800348e+02 2.860090068806455292e+02
3.415240169527240255e+02 2.867293281986887905e+02
3.422192759316386628e+02 2.874715422845417834e+02
3.428745533097384168e+02 2.882343313456142369e+02
3.434855612503276348e+02 2.890187210979835299e+02
3.440525128411821925e+02 2.898260152665437772e+02
3.445787367282264313e+02 2.906592133032968377e+02
3.450715102620727635e+02 2.915197906526040015e+02
3.455357407409387065e+02 2.924084117911056069e+02
3.459736675915463593e+02 2.933217461822148380e+02
3.463802315624208177e+02 2.942557349394446646e+02
3.467488140199038753e+02 2.952073150599388782e+02
3.470769302149098507e+02 2.961744555720134713e+02
3.473620029476751370e+02 2.971556686217175525e+02
3.476031957940891743e+02 2.981458451363656650e+02
3.477978744912842330e+02 2.991399447513733776e+02
3.479466239258708811e+02 3.001353051142747859e+02
3.480522810464799477e+02 3.011329064762960002e+02
3.481128063510961397e+02 3.021369289010167449e+02
3.481248505339270878e+02 3.031491770844525035e+02
3.480836733413113393e+02 3.041704553021940001e+02
3.479856485975071223e+02 3.052013788049947607e+02
3.478285432171269349e+02 3.062423264789225641e+02
3.476149874364865582e+02 3.072940884751802741e+02
3.473512174792847986e+02 3.083594407206361439e+02
3.470437911172219856e+02 3.094387321570155223e+02
3.466976152942065710e+02 3.105298035329486197e+02
3.463146366287451201e+02 3.116306712715173148e+02
3.458920562371165488e+02 3.127380208635699432e+02
3.454240505612162337e+02 3.138483521473956444e+02
3.449060268941848335e+02 3.149557409104979797e+02
3.443345658515837044e+02 3.160551643700763407e+02
3.437074322818397718e+02 3.171416209452362409e+02
3.430243594147569866e+02 3.182071896515904541e+02
3.422892042497597345e+02 3.192442762907979841e+02
3.415096164053492203e+02 3.202467224714467875e+02
3.406927318307504038e+02 3.212083971128279245e+02
3.398450611843300635e+02 3.221207212403737685e+02
3.389709173609163599e+02 3.229774007124271975e+02
3.380753187940658222e+02 3.237749905108983057e+02
3.371644921360144735e+02 3.245106804535991500e+02
3.362432130479284069e+02 3.251861645436080153e+02
3.353163982335531159e+02 3.258080869399594803e+02
3.343875486541422219e+02 3.263873374477161065e+02
3.334603389380574185e+02 3.269377543664267023e+02
3.325350077933549073e+02 3.274693589684389394e+02
3.316085218513750306e+02 3.279868701624797609e+02
3.306797860119957022e+02 3.284911208715486168e+02
3.297478312301884671e+02 3.289763997209657305e+02
3.288110700318774207e+02 3.294333504280259604e+02
3.278682351142597327e+02 3.298545037411197427e+02
3.269181968448345401e+02 3.302332018122906447e+02
3.259599607522233669e+02 3.305635834085899774e+02
3.249926431034923553e+02 3.308404399692662992e+02
3.240156624381686470e+02 3.310603444723299162e+02
3.230289732564683618e+02 3.312230287503522845e+02
3.220322108910064003e+02 3.313263435202673008e+02
3.210252821675929340e+02 3.313697396303925871e+02
3.200068226675327310e+02 3.313524626891695561e+02
3.189739012294008944e+02 3.312798339961294687e+02
3.179264643255098122e+02 3.311601524394380363e+02
3.168673645770969074e+02 3.310024115585583786e+02
3.158000609584827885e+02 3.308172536952277483e+02
3.147292816504117923e+02 3.306102118882899390e+02
3.136595343337053237e+02 3.303814007135427460e+02
3.125978716094264769e+02 3.301255907371502758e+02
3.115543620850935440e+02 3.298392174715414171e+02
3.105390771586750702e+02 3.295187149413994803e+02
3.095594521842823497e+02 3.291601590795437460e+02
3.086181512422638775e+02 3.287632064025000886e+02
3.077109420162400966e+02 3.283289229065458130e+02
3.068304446369453444e+02 3.278568131044233382e+02
3.059679613104106011e+02 3.273475869546336980e+02
3.051165552882476959e+02 3.267995884937720916e+02
3.042711250111133268e+02 3.262162271435297498e+02
3.034316204875428866e+02 3.256067312975835080e+02
3.026004005176349096e+02 3.249810637583550488e+02
3.017778713322325643e+02 3.243504842250633828e+02
3.009634410519843755e+02 3.237250565089564134e+02
3.001536099005672895e+02 3.231091597513528768e+02
2.993466139554164442e+02 3.225028234341904749e+02
2.985428664172634399e+02 3.219031982906940357e+02
2.977424115538769911e+02 3.213030367957438216e+02
2.969474611395852435e+02 3.206934233428924585e+02
2.961607253470842238e+02 3.200644641717852892e+02
2.953872324481643545e+02 3.194088207577883622e+02
2.946312778185658203e+02 3.187221940006178329e+02
2.938929947404348013e+02 3.180065949412651776e+02
2.931717740535331131e+02 3.172658879291976177e+02
2.924609004753206705e+02 3.165016890589070044e+02
2.917491454397944040e+02 3.157098653949338427e+02
2.910257790664329605e+02 3.148855167718725738e+02
2.902855794020869098e+02 3.140287126901083070e+02
2.895315204134042801e+02 3.131439490168960447e+02
2.887696171960193965e+02 3.122428371640584146e+02
2.880087728505776568e+02 3.113400272584511868e+02
2.872573301912332795e+02 3.104492643987279621e+02
2.865160949630406435e+02 3.095810842520676260e+02
2.857785922756297055e+02 3.087400441434195955e+02
2.850381801397306845e+02 3.079236966505604300e+02
2.842921486692776512e+02 3.071263823361055643e+02
2.835423748983134260e+02 3.063400223790889640e+02
2.827946629557815186e+02 3.055584793950342828e+02
2.820568573604553535e+02 3.047768632601998888e+02
2.813364245523985119e+02 3.039906918440899517e+02
2.806370682297985013e+02 3.031957775931543893e+02
2.799583012613706501e+02 3.023882869783258229e+02
2.792969068310056855e+02 3.015648394713733182e+02
2.786476741156850494e+02 3.007228979831246534e+02
2.780018893312849855e+02 2.998616375188843790e+02
2.773500593063283759e+02 2.989821017894855686e+02
2.766895766067455043e+02 2.980863550489273734e+02
2.760257580007045135e+02 2.971774093565128965e+02
2.753687676079067046e+02 2.962592993213556838e+02
2.747281462782140693e+02 2.953368935637848267e+02
2.741073761568051168e+02 2.944150885887739832e+02
2.735069085481250681e+02 2.934963709389624569e+02
2.729214606323347425e+02 2.925789389308197883e+02
2.723449240089130967e+02 2.916561609271365683e+02
2.717714372997145347e+02 2.907250969863770820e+02
2.712005789340541924e+02 2.897845477286358005e+02
2.706336755427231537e+02 2.888370773675825376e+02
2.700740691415501260e+02 2.878873363822464739e+02
2.695266808631046160e+02 2.869430352151072725e+02
2.689932508792020371e+02 2.860130133235608128e+02
2.684676554734433012e+02 2.851084769744905998e+02
2.679413019679286663e+02 2.842394477465900309e+02
2.674058096022827158e+02 2.834152174871206853e+02
2.668555237357496708e+02 2.826418840169164923e+02
2.662851764991622190e+02 2.819242857121964789e+02
2.656955442485876802e+02 2.812635130706711379e+02
2.650935838596004714e+02 2.806600075764754365e+02
2.644914546772583890e+02 2.801123106797249989e+02
2.638984795373614816e+02 2.796145308557744329e+02
2.633154489243794956e+02 2.791591976117148306e+02
2.627385218609820186e+02 2.787358023918344543e+02
2.621569274746759675e+02 2.783344150131672450e+02
2.615590306827914446e+02 2.779442741454859060e+02
2.609353095467682806e+02 2.775565157076164269e+02
2.602823462983342324e+02 2.771628982949433748e+02
2.596015978199465621e+02 2.767600344720790417e+02
2.588988192829026502e+02 2.763494550921639075e+02
2.581827536225063113e+02 2.759356062967021899e+02
2.574587806900706255e+02 2.755222724749244207e+02
2.567319491841966510e+02 2.751077592126443960e+02
2.560064280044939551e+02 2.746875241385599793e+02
2.552865762414483868e+02 2.742552165870260410e+02
2.545746468327253069e+02 2.738036879636440517e+02
2.538719159549417270e+02 2.733257119703823719e+02
2.531773797155438217e+02 2.728204771026258300e+02
2.524885134854206399e+02 2.722889036439459005e+02
2.517995483819844935e+02 2.717347302844461865e+02
2.511030636499965283e+02 2.711627143906970332e+02
2.503888748641425082e+02 2.705808968987768139e+02
2.496464524086141239e+02 2.699994748682582895e+02
2.488650469412160362e+02 2.694337946697668258e+02
2.480367150472245612e+02 2.688974414865373319e+02
2.471577724371628619e+02 2.684034452170747045e+02
2.462319736725109465e+02 2.679644175058433575e+02
2.452676237800382921e+02 2.675901145678039370e+02
2.442737320790859314e+02 2.672837070114170501e+02
2.432579525922087669e+02 2.670432470372247735e+02
2.422267996452314378e+02 2.668668727024110012e+02
2.411869260374794806e+02 2.667467710486924943e+02
2.401433027896768237e+02 2.666719303719794425e+02
2.391004643635695572e+02 2.666295670279295109e+02
2.380606479673096487e+02 2.666064138404796040e+02
2.370255207502280541e+02 2.665899626875443005e+02
2.359950658042616567e+02 2.665703696939659721e+02
2.349695546415866829e+02 2.665414158131023896e+02
2.339467470684333819e+02 2.664985121219999655e+02
2.329216987252207218e+02 2.664351144973917371e+02
2.318921091021122720e+02 2.663449513972430509e+02
2.308572950332360278e+02 2.662239963664887910e+02
2.298167331037991801e+02 2.660691644937923002e+02
2.287703224447956813e+02 2.658798612756266380e+02
2.277186202612989518e+02 2.656593707770804258e+02
2.266628762918569464e+02 2.654150587292484147e+02
2.256036863829036463e+02 2.651504369423515186e+02
2.245415570540914700e+02 2.648684907508503557e+02
2.234769998434314004e+02 2.645722350664953524e+02
2.224101783494108986e+02 2.642626341089373341e+02
2.213414759746202094e+02 2.639419475831247155e+02
2.202710420988644273e+02 2.636110559063867527e+02
2.191986761550816709e+02 2.632687769730371770e+02
2.181249373556887576e+02 2.629184066790805332e+02
2.170508131463621453e+02 2.625657648492595513e+02
2.159771452731028774e+02 2.622158125810001934e+02
2.149044862571830379e+02 2.618718063339204605e+02
2.138334746010839638e+02 2.615375093252052920e+02
2.127631463511194454e+02 2.612145274310302625e+02
2.116892958500814075e+02 2.609006703052016292e+02
2.106084896115299898e+02 2.605916032187927840e+02
2.095189770725163214e+02 2.602844991701479103e+02
2.084239888117367911e+02 2.599746717190094500e+02
2.073325107913973682e+02 2.596617403443776197e+02
2.062561410485769784e+02 2.593477771391357010e+02
2.052058162759628317e+02 2.590359360688930792e+02
2.041891983880652219e+02 2.587278727879123608e+02
2.032078481001524892e+02 2.584203455445295958e+02
2.022566677174602319e+02 2.581099237357236689e+02
2.013277598592896993e+02 2.577894749259987748e+02
2.004127460248263333e+02 2.574538075078873476e+02
1.995064920051240165e+02 2.570994849022036988e+02
1.986064351448944194e+02 2.567247642286098994e+02
1.977140511730501089e+02 2.563300097619696771e+02
1.968319857530531749e+02 2.559189301961023659e+02
1.959643424294761473e+02 2.554978187695972736e+02
1.951135694958323938e+02 2.550747446323397298e+02
1.942825152457308775e+02 2.546560932997762166e+02
1.934735471202601218e+02 2.542469047648325784e+02
1.926854125406486560e+02 2.538467789194968418e+02
1.919162810580932046e+02 2.534501343142101177e+02
1.911648508105449196e+02 2.530512348997914671e+02
1.904326217943424240e+02 2.526414714520607845e+02
1.897224740533575869e+02 2.522148507548283476e+02
1.890381662426735261e+02 2.517655124916381055e+02
1.883803590362232399e+02 2.512919762868774569e+02
1.877452438580230591e+02 2.507935910599247791e+02
1.871236281652524553e+02 2.502749837213579553e+02
1.865079706916655198e+02 2.497425985660497645e+02
1.858918513420653653e+02 2.492046695579703623e+02
1.852707231938738346e+02 2.486676299466928128e+02
1.846440724783758469e+02 2.481365399752652934e+02
1.840134715760005975e+02 2.476123216088639083e+02
1.833792734912487106e+02 2.470906528996844145e+02
1.827425218297073286e+02 2.465642699236922795e+02
1.821043045615542724e+02 2.460255066700676423e+02
1.814641732749215919e+02 2.454676312945759378e+02
1.808211635501518799e+02 2.448826880244876349e+02
1.801710125536393434e+02 2.442629247103170655e+02
1.795077586343089706e+02 2.436019708462395670e+02
1.788232660997987864e+02 2.429008244216285561e+02
1.781103065283574267e+02 2.421694175436111891e+02
1.773631375476616086e+02 2.414322215983578133e+02
1.765804838582990328e+02 2.407240687125823229e+02
1.757652863205744893e+02 2.400878300118316702e+02
1.749251694277698732e+02 2.395669005320800693e+02
1.740662729587597255e+02 2.391951535048439155e+02
1.731896941779104964e+02 2.389932718099979638e+02
1.722965084360718038e+02 2.389646940149110890e+02
1.713868527851360568e+02 2.391005613709820636e+02
1.704636821151244135e+02 2.393779495771754569e+02
1.695303980661086030e+02 2.397660221149163817e+02
1.685932271623877909e+02 2.402251611917984349e+02
1.676581234597307457e+02 2.407135333744471382e+02
1.667331500752562192e+02 2.411868204167743102e+02
1.658257552543009865e+02 2.416056526547808119e+02
1.649448434619789055e+02 2.419343650291644394e+02
1.640960965888452847e+02 2.421465215896921848e+02
1.632838372762842312e+02 2.422273430051388914e+02
1.625126597990537221e+02 2.421735505532765842e+02
1.617815522724531263e+02 2.419922364322380304e+02
1.610855293437288651e+02 2.416967669202979891e+02
1.604196008791097086e+02 2.413076537777404837e+02
1.597797861013113163e+02 2.408505686252624969e+02
1.591602046794294552e+02 2.403523381130175380e+02
1.585560276618441549e+02 2.398356375237216298e+02
1.579618088449683171e+02 2.393146081463007135e+02
1.573689316836326100e+02 2.387940256350918560e+02
1.567681147553152528e+02 2.382693607551739490e+02
1.561507840093869675e+02 2.377331992931154900e+02
1.555124797010056454e+02 2.371784219556269875e+02
1.548523282121898887e+02 2.366005254270828573e+02
1.541737800331891890e+02 2.359979008448296725e+02
1.534819634527598851e+02 2.353748286689398128e+02
1.527826587962217957e+02 2.347371188385865821e+02
1.520802511683862122e+02 2.340949299576502085e+02
1.513821483357276918e+02 2.334570162146628149e+02
1.506966660542192358e+02 2.328341057242117529e+02
1.500314337455438363e+02 2.322342922916309362e+02
1.493876991288077534e+02 2.316613787838693668e+02
1.487598207360744311e+02 2.311151082777475381e+02
1.481379582624098532e+02 2.305922726422197684e+02
1.475112740694834201e+02 2.300895783758946322e+02
1.468724282278291184e+02 2.296062452990273357e+02
1.462191254806215852e+02 2.291424173876764598e+02
1.455501335736474005e+02 2.286993626381171794e+02
1.448670424442240972e+02 2.282737126255948965e+02
1.441696393778653942e+02 2.278591681751996703e+02
1.434572593461248005e+02 2.274467104535720523e+02
1.427318453781070673e+02 2.270245127917431773e+02
1.419952887198163296e+02 2.265826073748295926e+02
1.412501580194636688e+02 2.261127412358272863e+02
1.404988419533988520e+02 2.256121944759706821e+02
1.397438255272625440e+02 2.250816784298973232e+02
1.389816476854926748e+02 2.245230684830068242e+02
1.382034309896828006e+02 2.239375402050929438e+02
1.374018304758237150e+02 2.233239967973124749e+02
1.365726086320229058e+02 2.226820628146479066e+02
1.357172814620158761e+02 2.220104687746559193e+02
1.348402754881578574e+02 2.213094606810739720e+02
1.339459784210104090e+02 2.205796177247412970e+02
1.330381936967859247e+02 2.198216324300094584e+02
1.321241549223531990e+02 2.190314019587547136e+02
1.312171671242498974e+02 2.182039140399518260e+02
1.303405172252151658e+02 2.173352399117931100e+02
1.295246274180614705e+02 2.164272479175223793e+02
1.288017294883296699e+02 2.154859318228052416e+02
1.282016417389549474e+02 2.145203492886569165e+02
1.277500666077718847e+02 2.135450346403576987e+02
1.274689422310138127e+02 2.125774917320148916e+02
1.273732437584454260e+02 2.116391646963348876e+02
1.274703658913518609e+02 2.107507167090150233e+02
1.277558404210734864e+02 2.099284783086066000e+02
1.282128399088501851e+02 2.091816895614392138e+02
1.288180056168290548e+02 2.085118114709067072e+02
