1.292369377150707237e+02 2.091348146358956512e+02
1.300467115225207237e+02 2.085170228531524685e+02
1.309690392158168208e+02 2.080035810446638891e+02
1.319700393464512160e+02 2.075912091069244525e+02
1.330164258707898455e+02 2.072740109947177416e+02
1.340809365714217449e+02 2.070413949433258267e+02
1.351428118341192146e+02 2.068777386885685985e+02
1.361893497337132715e+02 2.067634993518965416e+02
1.372186704720602108e+02 2.066750394670338267e+02
1.382336326930847861e+02 2.065862385274786561e+02
1.392372495190434449e+02 2.064769518254577747e+02
1.402319255154662017e+02 2.063358438335635299e+02
1.412180845920453010e+02 2.061594779338983869e+02
1.421969895408770981e+02 2.059530817683898363e+02
1.431710602830000880e+02 2.057266732019884898e+02
1.441436841443313881e+02 2.054942749127241655e+02
1.451185241142170810e+02 2.052710507559461348e+02
1.460993857098579269e+02 2.050727546165032891e+02
1.470893592263041114e+02 2.049121795392834997e+02
1.480894578558011005e+02 2.047935198855580552e+02
1.490989149534632929e+02 2.047136019381657093e+02
1.501174814720941697e+02 2.046662032068096835e+02
1.511471730537757594e+02 2.046435696162389490e+02
1.521890652033358151e+02 2.046440165313699140e+02
1.532407198855628963e+02 2.046682131287918196e+02
1.542971241961241446e+02 2.047184474424094844e+02
1.553519898078025108e+02 2.047959267691258276e+02
1.563998672037494941e+02 2.049022730396168868e+02
1.574368716686618939e+02 2.050378392822283047e+02
1.584603509497906089e+02 2.051984556849314174e+02
1.594697622013936211e+02 2.053794943242716613e+02
1.604667313139125326e+02 2.055780142054732096e+02
1.614541821916544109e+02 2.057917545690169163e+02
1.624352018346653210e+02 2.060170089400660345e+02
1.634128980474824573e+02 2.062501995573152271e+02
1.643895999696252090e+02 2.064860242854304602e+02
1.653675068043297358e+02 2.067200868243621983e+02
1.663494518217645748e+02 2.069491720129710188e+02
1.673388983242790289e+02 2.071711737615540017e+02
1.683377618597494916e+02 2.073775360776886600e+02
1.693464020051337684e+02 2.075553825310695402e+02
1.703664390985455839e+02 2.076965576441878056e+02
1.714013208980807406e+02 2.077968552636804134e+02
1.724519682979765776e+02 2.078607605532906746e+02
1.735157638853665389e+02 2.078994433871398826e+02
1.745889149908838647e+02 2.079283264992292857e+02
1.756643005548749841e+02 2.079662723199275547e+02
1.767320510098239765e+02 2.080304071086641784e+02
1.777840698635773151e+02 2.081374504238008285e+02
1.788166793543948074e+02 2.083000895402845458e+02
1.798298573814196857e+02 2.085239355216110084e+02
1.808231067250148385e+02 2.088085015067809991e+02
1.817969167028360573e+02 2.091482580071896109e+02
1.827537272148751697e+02 2.095344390378933781e+02
1.836973691231599446e+02 2.099567883412841240e+02
1.846321482600411059e+02 2.104038218050423836e+02
1.855622995978199583e+02 2.108630848222048826e+02
1.864941460904398127e+02 2.113241738569097947e+02
1.874374620957478328e+02 2.117800664886572974e+02
1.884009476130937628e+02 2.122254637480838824e+02
1.893909043262742671e+02 2.126518118078400335e+02
1.904087795972752701e+02 2.130506862884660109e+02
1.914525260968650571e+02 2.134166653329904477e+02
1.925142337210760388e+02 2.137505157270554719e+02
1.935810187013649966e+02 2.140601138783529223e+02
1.946375997446285737e+02 2.143580273041430360e+02
1.956683445051650097e+02 2.146548847470542398e+02
1.966605933835962219e+02 2.149590732547545997e+02
1.976078233715575720e+02 2.152782176500535911e+02
1.985119659925161955e+02 2.156220813636031153e+02
1.993801478341372047e+02 2.159939025551045688e+02
2.002203171992350690e+02 2.163910709287183920e+02
2.010420104792220855e+02 2.168026062886890770e+02
2.018560050419947061e+02 2.172106559070954575e+02
2.026699230744402485e+02 2.175951951937281592e+02
2.034897675548201050e+02 2.179347049743466869e+02
2.043218943248799064e+02 2.182111753316634406e+02
2.051728646334225630e+02 2.184106833826384104e+02
2.060487394646810912e+02 2.185251140854277878e+02
2.069528869981871821e+02 2.185490758292664850e+02
2.078860547376295358e+02 2.184853436803222735e+02
2.088452627797865375e+02 2.183429097418969889e+02
2.098238909750602943e+02 2.181356617445575807e+02
2.108119641176774621e+02 2.178763236735986766e+02
2.117991444001150967e+02 2.175765528334952137e+02
2.127791888355098990e+02 2.172515768552849522e+02
2.137509891659448726e+02 2.169187151825326225e+02
2.147168175463179409e+02 2.165990857112773256e+02
2.156831722852936650e+02 2.163142535090473473e+02
2.166567965075252573e+02 2.160808049650190981e+02
2.176430396450136868e+02 2.159047870563934453e+02
2.186424899723578221e+02 2.157834435946795679e+02
2.196521886864326518e+02 2.157045258785150565e+02
2.206677629763028108e+02 2.156499315695558323e+02
2.216835067968337398e+02 2.155960390749275462e+02
2.226936218237361800e+02 2.155188447892459749e+02
2.236939796801714806e+02 2.154012582698990741e+02
2.246832114412751196e+02 2.152376125119710935e+02
2.256623882966237602e+02 2.150323419711096449e+02
2.266344462730625082e+02 2.147976010606022896e+02
2.276026508316705588e+02 2.145469079686760097e+02
2.285699445738893019e+02 2.142924443257946336e+02
2.295384346578207442e+02 2.140429332369519670e+02
2.305100634070464025e+02 2.138064154336511535e+02
2.314861389314153257e+02 2.135883061619273917e+02
2.324673731657800317e+02 2.133915526531537239e+02
2.334554518727010759e+02 2.132179420431921244e+02
2.344553006575275163e+02 2.130717667734161296e+02
2.354715814673481873e+02 2.129661891783960925e+02
2.365049817830533243e+02 2.129148172859106580e+02
2.375519369899437265e+02 2.129259346849794952e+02
2.386064588441603860e+02 2.130019909421938564e+02
2.396612879364266178e+02 2.131371154884199939e+02
2.407115705859519608e+02 2.133224585809055043e+02
2.417573203626782004e+02 2.135487879166951473e+02
2.428004826076999620e+02 2.138104475882556130e+02
2.438444623688491504e+02 2.141065255680310599e+02
2.448901019137631181e+02 2.144378553896002870e+02
2.459381954990631129e+02 2.148079507930532372e+02
2.469881372437995424e+02 2.152228467697134420e+02
2.480346460335899508e+02 2.156888486465255710e+02
2.490698575703279687e+02 2.162085865488277818e+02
2.500837333674212744e+02 2.167785689680727614e+02
2.510688214989587834e+02 2.173895347453041893e+02
2.520207978536870712e+02 2.180317685922160535e+02
2.529343372625159247e+02 2.186978206116842216e+02
2.538052645721495821e+02 2.193871438677370520e+02
2.546333517944825644e+02 2.201035473862898471e+02
2.554199422144325808e+02 2.208523237238733259e+02
2.561686359510629813e+02 2.216369713576889069e+02
2.568827447057338986e+02 2.224577931443053842e+02
2.575673421007188608e+02 2.233121859842190986e+02
2.582262416372955727e+02 2.241922577938011614e+02
2.588652697111589305e+02 2.250870655495568258e+02
2.594966808516745687e+02 2.259852080473381193e+02
2.601349157804905872e+02 2.268780994620661886e+02
2.607915342703113311e+02 2.277612705263485111e+02
2.614722869593720134e+02 2.286319864919541942e+02
2.621799627224792744e+02 2.294910561229484074e+02
2.629134924095633323e+02 2.303426264046371443e+02
2.636707156206304035e+02 2.311884732654726236e+02
2.644489495197341284e+02 2.320292447728007232e+02
2.652428925897544332e+02 2.328662215640504769e+02
2.660443369079625313e+02 2.337013863496089812e+02
2.668432937706681400e+02 2.345371520063044386e+02
2.676298882030961295e+02 2.353759039385450080e+02
2.684007686043975696e+02 2.362184517608989154e+02
2.691546207737754912e+02 2.370651129324429007e+02
2.698917713173451602e+02 2.379158085580217517e+02
2.706139767150177704e+02 2.387701143413696059e+02
2.713235309859359177e+02 2.396274761379442850e+02
2.720274361980880826e+02 2.404874565853278341e+02
2.727315616372686691e+02 2.413525266163933622e+02
2.734392574959174453e+02 2.422246134640320179e+02
2.741533929265004303e+02 2.431043130931140865e+02
2.748786363634081340e+02 2.439876686981929765e+02
2.756162003439882824e+02 2.448690954257182000e+02
2.763645984724436744e+02 2.457402850094124744e+02
2.771200295839615251e+02 2.465928906290989175e+02
2.778781847472050686e+02 2.474163867800991738e+02
2.786337195465360992e+02 2.482007439640464952e+02
2.793860471402290386e+02 2.489392739870301057e+02
2.801408458745993357e+02 2.496255868829216240e+02
2.809020084673844622e+02 2.502549719114801974e+02
2.816710685074920093e+02 2.508255411939856003e+02
2.824468872346840840e+02 2.513405275010948685e+02
2.832302216232251340e+02 2.518090737063147913e+02
2.840235137399165524e+02 2.522428949263643858e+02
2.848334738642774937e+02 2.526546895623544629e+02
2.856666549890954911e+02 2.530545500910141641e+02
2.865276735241532151e+02 2.534504504831684812e+02
2.874225594639142400e+02 2.538504203455183585e+02
2.883568909911232936e+02 2.542605635331786402e+02
2.893346151638937727e+02 2.546859808576779756e+02
2.903573790686248799e+02 2.551277116285919533e+02
2.914185114194526705e+02 2.555848582146360286e+02
2.925057192228396161e+02 2.560528708958311768e+02
2.936007696023489757e+02 2.565264682205927897e+02
2.946866739927501158e+02 2.569982884023576162e+02
2.957503471677731568e+02 2.574622992973551732e+02
2.967821546962651382e+02 2.579119036927376669e+02
2.977745162262660870e+02 2.583389526812063650e+02
2.987204928899306537e+02 2.587386854549491773e+02
2.996154434255711863e+02 2.591104866092638304e+02
3.004559129489918519e+02 2.594617737567173208e+02
3.012429926564382185e+02 2.598059565846941723e+02
3.019849277047908913e+02 2.601580416250394592e+02
3.026939064671436768e+02 2.605309697634772874e+02
3.033860198015225365e+02 2.609336333664524545e+02
3.040786592925110199e+02 2.613710891434359951e+02
3.047875462013196284e+02 2.618390898887641356e+02
3.055198040323194846e+02 2.623305035559931184e+02
3.062753991906903366e+02 2.628364775321534808e+02
3.070511002820883846e+02 2.633484471195508831e+02
3.078427966177783333e+02 2.638604169173545415e+02
3.086464898481676187e+02 2.643670567449356668e+02
3.094589425528007496e+02 2.648651302905363991e+02
3.102776251097145632e+02 2.653527044823206325e+02
3.111033687822803131e+02 2.658325135781782365e+02
3.119417193131030217e+02 2.663085510482740119e+02
3.127981984046660955e+02 2.667839911026966320e+02
3.136754517282131474e+02 2.672607830171243677e+02
3.145729239876201291e+02 2.677402820698365531e+02
3.154881698826189336e+02 2.682237959961270235e+02
3.164184435413324650e+02 2.687134324723548389e+02
3.173622135122950567e+02 2.692118164833595984e+02
3.183190626527606923e+02 2.697213820268672180e+02
3.192877730874240569e+02 2.702423811142679142e+02
3.202633806910010890e+02 2.707708814169685638e+02
3.212348803843105998e+02 2.712990407530523953e+02
3.221863385520177872e+02 2.718187497246155999e+02
3.231010063188494428e+02 2.723198356780179665e+02
3.239630228535263541e+02 2.727926933024299387e+02
3.247629161142712633e+02 2.732308312135948540e+02
3.254966409567510937e+02 2.736312637671391030e+02
3.261657778272228825e+02 2.739983445816299081e+02
3.267824467272671995e+02 2.743423295293210344e+02
3.273648804319338979e+02 2.746821959964125881e+02
3.279353083215414131e+02 2.750373509483461021e+02
3.285108812883827909e+02 2.754270331115232580e+02
3.291012975279992361e+02 2.758608293099876505e+02
3.297116428088006046e+02 2.763383587226770146e+02
3.303457763640220151e+02 2.768519867258391400e+02
3.310046379765825009e+02 2.773914219251533950e+02
3.316883207342528976e+02 2.779472842140281728e+02
3.323944582601264983e+02 2.785151094252025814e+02
3.331211174367433046e+02 2.790948120783476725e+02
3.338690823082375800e+02 2.796862521599076103e+02
3.346378877231480828e+02 2.802906428075985446e+02
3.354275542371984784e+02 2.809074430709030139e+02
3.362350092057350253e+02 2.815363005766780589e+02
3.370570964173465427e+02 2.821748986560808135e+02
3.378882769604924761e+02 2.828225301125710303e+02
3.387244072772722916e+02 2.834787617719060790e+02
3.395605842787705342e+02 2.841470773103177407e+02
3.403940453071085699e+02 2.848327601326216154e+02
3.412202690212841958e+02 2.855445070260716989e+02
3.420358606702914699e+02 2.862899206572795947e+02
3.428404177217354345e+02 2.870749323721863675e+02
3.436358496660079140e+02 2.879008287800735388e+02
3.444239610934123448e+02 2.887611711361228686e+02
3.452048488662607042e+02 2.896427833184961855e+02
3.459772108940486532e+02 2.905290104297059770e+02
3.467404652077064497e+02 2.914042324148227294e+02
3.474993433823996725e+02 2.922573818437267619e+02
3.482586341764668987e+02 2.930846209871972405e+02
3.490195509858186824e+02 2.938867482532529039e+02
3.497802101206279985e+02 2.946686824659032595e+02
3.505376614784444769e+02 2.954347266333439848e+02
3.512885571363920008e+02 2.961891594963261696e+02
3.520327776119577265e+02 2.969359922552848730e+02
3.527702827260874301e+02 2.976792066664459071e+02
3.535003780869580510e+02 2.984225803937696355e+02
3.542190003130099853e+02 2.991703561658946455e+02
3.549213452188037650e+02 2.999273044108167028e+02
3.556035350034314320e+02 3.006983339028347473e+02
3.562601719962681841e+02 3.014887308444446603e+02
3.568868283357653013e+02 3.023030348469849287e+02
3.574790040351155085e+02 3.031446692485537255e+02
3.580345052269502162e+02 3.040147390790008330e+02
3.585534035941857951e+02 3.049115820319286172e+02
3.590401198067855262e+02 3.058301602548109486e+02
3.594976501056607958e+02 3.067639086626976450e+02
3.599281611517238844e+02 3.077057239132424229e+02
3.603282791401453551e+02 3.086508553815417599e+02
3.606952002900828234e+02 3.095973806685766476e+02
3.610274462119210170e+02 3.105471393411834811e+02
3.613181553572549092e+02 3.115056775996370675e+02
3.615582259741007078e+02 3.124764481292434652e+02
3.617404095451930175e+02 3.134612018858715032e+02
3.618613923793213303e+02 3.144607393266161353e+02
3.619222787162084387e+02 3.154747937107146640e+02
3.619278510025414448e+02 3.165022097876810676e+02
3.618851351579654079e+02 3.175412903724516127e+02
3.618011191924871355e+02 3.185903474374360940e+02
3.616835176808880306e+02 3.196487715066784858e+02
3.615371510756342559e+02 3.207192868698150505e+02
3.613624417786326717e+02 3.218045279984492595e+02
3.611602963895321068e+02 3.229055649328031450e+02
3.609304764746587466e+02 3.240196261732134531e+02
3.606717032276897612e+02 3.251417286764947221e+02
3.603820693586378638e+02 3.262636658478047025e+02
3.600593391397193272e+02 3.273779667801518372e+02
3.596999629005474048e+02 3.284778112821791751e+02
3.592979368178890809e+02 3.295535575275769133e+02
3.588451737154390457e+02 3.305950947657593701e+02
3.583336511702332814e+02 3.315961832675829442e+02
3.577568182352509893e+02 3.325533912968789423e+02
3.571123533196958419e+02 3.334667755649739433e+02
3.564026022820251569e+02 3.343372528799715155e+02
3.556333616774448956e+02 3.351702766360205601e+02
3.548161456628519659e+02 3.359762819739419797e+02
3.539646945607446469e+02 3.367639235361110650e+02
3.530942151264996482e+02 3.375365513292311448e+02
3.522160955726608904e+02 3.382929976752405423e+02
3.513355008283981533e+02 3.390296703820967537e+02
3.504551428004618856e+02 3.397410802068848739e+02
3.495763958868095074e+02 3.404212050659744477e+02
3.486967776830578032e+02 3.410651047263265809e+02
3.478124021962434540e+02 3.416680206059373859e+02
3.469181923704962855e+02 3.422250332963369033e+02
3.460119324838355510e+02 3.427321617628477952e+02
3.450935373013168146e+02 3.431890531542204599e+02
3.441633893235584765e+02 3.435972909268885473e+02
3.432221882754482749e+02 3.439597717660404896e+02
3.422697857589563455e+02 3.442758813411263077e+02
3.413062834455178063e+02 3.445460405463360303e+02
3.403313448566881902e+02 3.447688564454700781e+02
3.393449303100829297e+02 3.449441647634288302e+02
3.383477979975352810e+02 3.450751042238611035e+02
3.373423784063990638e+02 3.451717364336078049e+02
3.363306286530974489e+02 3.452421633628188147e+02
3.353132611420967919e+02 3.452893341869510095e+02
3.342909746590569284e+02 3.453161417030248685e+02
3.332640347707055071e+02 3.453236852905532714e+02
3.322318718352378255e+02 3.453096067756209777e+02
3.311934827571098481e+02 3.452697535947631309e+02
3.301483598835673092e+02 3.452020241931550117e+02
3.290960809485669643e+02 3.451098619929881579e+02
3.280351208218694410e+02 3.450030516652715278e+02
3.269661340566918284e+02 3.448904398506151665e+02
3.258922083162001400e+02 3.447792381663949755e+02
3.248158519944518616e+02 3.446728888624931528e+02
3.237398635451253313e+02 3.445670658948729397e+02
3.226665608393049069e+02 3.444525194036629046e+02
3.215994597830137423e+02 3.443156578370079615e+02
3.205421884557645740e+02 3.441427833316787428e+02
3.194996365405218057e+02 3.439206380945892079e+02
3.184771588270261873e+02 3.436427107382659187e+02
3.174832224799135929e+02 3.433105277917884450e+02
3.165271178327912480e+02 3.429321707624087026e+02
3.156137593828319723e+02 3.425161619583552124e+02
3.147448638280439468e+02 3.420689649966452635e+02
3.139183766224280134e+02 3.415960605270341830e+02
3.131320926825708852e+02 3.411031322226422162e+02
3.123825005534163211e+02 3.405935518659932768e+02
3.116627592953173007e+02 3.400710685754833662e+02
3.109661242410842874e+02 3.395406221531834490e+02
3.102854607136189315e+02 3.390065429388843086e+02
3.096102416785057585e+02 3.384694922429636676e+02
3.089302703393606180e+02 3.379281638248234003e+02
3.082359904061136149e+02 3.373804959257244604e+02
3.075220527179104124e+02 3.368196761039491207e+02
3.067867659260406299e+02 3.362369394507962852e+02
3.060286811933937088e+02 3.356227022211196527e+02
3.052482358780651452e+02 3.349704362045293351e+02
3.044454738492424895e+02 3.342781339766818860e+02
3.036232950466724105e+02 3.335502028304500755e+02
3.027878887097369898e+02 3.327942285729675973e+02
3.019462025535344765e+02 3.320177002095699663e+02
3.011021940618109625e+02 3.312261151930672440e+02
3.002602087353466231e+02 3.304213815129694467e+02
2.994223875302017746e+02 3.296052329302600015e+02
2.985916347344045789e+02 3.287773248639608710e+02
2.977689152270920090e+02 3.279386577231139768e+02
2.969567917794644814e+02 3.270905650337871293e+02
2.961558569084814962e+02 3.262382295687568217e+02
2.953672681631906016e+02 3.253869373129077758e+02
2.945924402764024421e+02 3.245389462044753373e+02
2.938298373354608657e+02 3.236931448131592788e+02
2.930797790460462693e+02 3.228455671898577748e+02
2.923411082287736917e+02 3.219952388024415768e+02
2.916139308362221527e+02 3.211421340569465883e+02
2.908994522004835517e+02 3.202859617926813485e+02
2.901976519086757094e+02 3.194267269405929710e+02
2.895109134078060151e+02 3.185638537538944774e+02
2.888390189604642728e+02 3.176973948293559715e+02
2.881793936273672898e+02 3.168279721707452836e+02
2.875281589608968034e+02 3.159565226580297121e+02
2.868808630086491576e+02 3.150841217073123062e+02
2.862380034561330149e+02 3.142106490974040867e+02
2.855999253782620144e+02 3.133360214718168208e+02
2.849660358294102025e+02 3.124603820628262270e+02
2.843344441878689395e+02 3.115841875700654668e+02
2.837001872071375033e+02 3.107086369181243981e+02
2.830602136473478367e+02 3.098344671662053997e+02
2.824148967726316073e+02 3.089615881484169222e+02
2.817658939146151056e+02 3.080895995188078587e+02
2.811149430844114363e+02 3.072180814424456230e+02
2.804673526034347901e+02 3.063457516382520112e+02
2.798268347001197753e+02 3.054717133782582437e+02
2.791968235988861124e+02 3.045951370893002377e+02
2.785810150034541266e+02 3.037151300351284817e+02
2.779806832608983882e+02 3.028313843837536297e+02
2.773921579405908346e+02 3.019447867664430305e+02
2.768116714077023062e+02 3.010562472951648942e+02
2.762391021569817440e+02 3.001657953207956098e+02
2.756772457812484731e+02 2.992727555383760887e+02
2.751292721094957869e+02 2.983763622422488311e+02
2.745962620524383055e+02 2.974763543270194077e+02
2.740761927906542041e+02 2.965732204260743288e+02
2.735665992256070922e+02 2.956675560099893119e+02
2.730649423835679954e+02 2.947599743946728950e+02
2.725685880306911031e+02 2.938511119071203552e+02
2.720747415461989362e+02 2.929416436174836917e+02
2.715797898499418466e+02 2.920324423034165875e+02
2.710792848776841311e+02 2.911245824417940753e+02
2.705701365078774074e+02 2.902188104840988103e+02
2.700541741235836071e+02 2.893146845235391424e+02
2.695325457064161014e+02 2.884119272530371063e+02
2.690020245995515324e+02 2.875100640445863291e+02
2.684540324361148578e+02 2.866072783724486612e+02
2.678785177660523686e+02 2.857032617632556821e+02
2.672695436723158764e+02 2.847981593030585827e+02
2.666252295369982903e+02 2.838952543708010126e+02
2.659460979177389390e+02 2.829997126895219139e+02
2.652361916808201840e+02 2.821192249830638730e+02
2.645044482610334171e+02 2.812608973513662249e+02
2.637589301665625499e+02 2.804330945219668365e+02
2.630092319339646565e+02 2.796421846718621396e+02
2.622638659959771985e+02 2.788940936983589154e+02
2.615268553873673909e+02 2.781930615038452288e+02
2.607989125092923928e+02 2.775441709172176843e+02
2.600834523196938335e+02 2.769517253985093248e+02
2.593866894176124447e+02 2.764173511825631522e+02
2.587131418629435302e+02 2.759392244056832624e+02
2.580644931016931878e+02 2.755108903212019982e+02
2.574392571948685031e+02 2.751214233816588148e+02
2.568284230616762898e+02 2.747558745057128817e+02
2.562208248709437726e+02 2.743943266688066842e+02
2.556055643757807729e+02 2.740168249563897120e+02
2.549734787980479211e+02 2.736055691959411433e+02
2.543208349855766812e+02 2.731496705271034102e+02
2.536464057803759431e+02 2.726460675032798235e+02
2.529509724395508954e+02 2.720947874436142229e+02
2.522349272427162248e+02 2.714989278376875745e+02
2.515000844247546183e+02 2.708658926915635448e+02
2.507467764670709869e+02 2.702095537627413364e+02
2.499721750082126448e+02 2.695447603262029475e+02
2.491738669372727486e+02 2.688846225307175928e+02
2.483498258852412164e+02 2.682449162434765526e+02
2.475008020876476280e+02 2.676435849682249000e+02
2.466286535907830171e+02 2.670988014974277007e+02
2.457366813752706776e+02 2.666257770117401833e+02
2.448269160698301903e+02 2.662341954487397970e+02
2.439004157940016171e+02 2.659263545960665738e+02
2.429550795518744621e+02 2.656956521964411309e+02
2.419875306455164718e+02 2.655261207016460503e+02
2.409937390250165663e+02 2.653989813800491788e+02
2.399725951355008817e+02 2.652965791626621694e+02
2.389268761338733214e+02 2.652094318503450268e+02
2.378640804179661359e+02 2.651320019495356064e+02
2.367928623462031794e+02 2.650625918957221074e+02
2.357204890600827412e+02 2.650001581375437354e+02
2.346545510774886054e+02 2.649433135880325381e+02
2.335981658518491884e+02 2.648880604776700238e+02
2.325488359511324461e+02 2.648293963627289713e+02
2.315021637379016965e+02 2.647604445816664906e+02
2.304536972125458192e+02 2.646788733018422590e+02
2.294019985687060625e+02 2.645839218637563590e+02
2.283483219106194042e+02 2.644807819437819489e+02
2.272941446439887727e+02 2.643755696302431488e+02
2.262398901258520709e+02 2.642700375148831995e+02
2.251851880655555078e+02 2.641626526874530327e+02
2.241287298836359128e+02 2.640479979578333314e+02
2.230674804646902771e+02 2.639135087110084896e+02
2.219966236821495045e+02 2.637392473933204542e+02
2.209117693493594743e+02 2.635070397353163685e+02
2.198110955987345960e+02 2.632093436630440806e+02
2.186963301402497564e+02 2.628533114616099056e+02
2.175711087256378846e+02 2.624539942294899788e+02
2.164407229656621325e+02 2.620332979054117004e+02
2.153089080871869498e+02 2.616118768873878935e+02
2.141761909384277374e+02 2.612080105215491130e+02
2.130418918161341821e+02 2.608302134595317057e+02
2.119053487746662938e+02 2.604810817099971700e+02
2.107690090452074969e+02 2.601590344492565237e+02
2.096379902153596504e+02 2.598633498510584445e+02
2.085208539081631329e+02 2.595935903529341431e+02
2.074267744036957879e+02 2.593493802661123482e+02
2.063657410591932830e+02 2.591293826410732777e+02
2.053456884492114796e+02 2.589304874335057320e+02
2.043742218938285191e+02 2.587459431013999733e+02
2.034580916758832814e+02 2.585660206272518735e+02
2.026013085841923953e+02 2.583794326786012903e+02
2.018026045440375924e+02 2.581704615734781783e+02
2.010562706117923994e+02 2.579255713742470562e+02
2.003513619001844290e+02 2.576349033879118338e+02
1.996727287208654786e+02 2.573010719593142994e+02
1.990066138645980232e+02 2.569364081287185400e+02
1.983421327688683959e+02 2.565576053840730992e+02
1.976703462355022793e+02 2.561797515366506559e+02
1.969820024765951985e+02 2.558098219893478245e+02
1.962652580486816305e+02 2.554429475323848351e+02
1.955064673688906396e+02 2.550715215793978246e+02
1.946969218553588234e+02 2.546890915657083951e+02
1.938341262909260649e+02 2.542922357199443013e+02
1.929197413112114248e+02 2.538800776099400309e+02
1.919615497349220163e+02 2.534502290051848377e+02
1.909713530826469139e+02 2.530005757174694736e+02
1.899593723476202740e+02 2.525282866337073528e+02
1.889356296140507538e+02 2.520311126169278566e+02
1.879102644415396810e+02 2.515053616048220420e+02
1.868926965522105661e+02 2.509481604532732320e+02
1.858904033859858487e+02 2.503566659155095522e+02
1.849098406866884829e+02 2.497299676873552983e+02
1.839570937750812050e+02 2.490675895795462225e+02
1.830347691890092960e+02 2.483706076429457994e+02
1.821417356709751232e+02 2.476367407283975695e+02
1.812729399022778694e+02 2.468644256880812691e+02
1.804233141952227584e+02 2.460531429236636427e+02
1.795876017053895453e+02 2.452062702149985682e+02
1.787593789586228752e+02 2.443324875128217855e+02
1.779310310524469969e+02 2.434444434808290225e+02
1.770950843410622042e+02 2.425636123600652354e+02
1.762438096784941877e+02 2.417180637785740771e+02
1.753730255107222433e+02 2.409462095105657227e+02
1.744848698251637700e+02 2.402866651561882918e+02
1.735848416482743914e+02 2.397724547923106684e+02
1.726777847236843968e+02 2.394252571682428083e+02
1.717643640443469337e+02 2.392512663115413147e+02
1.708388047069520042e+02 2.392409064918027752e+02
1.698946592158487476e+02 2.393722012073757810e+02
1.689296374576809399e+02 2.396140990581821484e+02
1.679458105512189263e+02 2.399283184547036853e+02
1.669483777362266892e+02 2.402765423102573550e+02
1.659501470470166282e+02 2.406214631670625295e+02
1.649645492260899857e+02 2.409283514227479372e+02
1.639985206154660204e+02 2.411660811574173238e+02
1.630566496998624757e+02 2.413067920439369232e+02
1.621387307477452282e+02 2.413280614991475090e+02
1.612391131154128345e+02 2.412164032857028246e+02
1.603497892957966542e+02 2.409690975816334912e+02
1.594689522966968127e+02 2.405934334694736663e+02
1.585986117492742551e+02 2.401046892235891619e+02
1.577446558123293130e+02 2.395206093641465372e+02
1.569153642944449700e+02 2.388620251337355285e+02
1.561180901518584392e+02 2.381517909708653349e+02
1.553538675383298937e+02 2.374096304813675715e+02
1.546147871040429891e+02 2.366510874078251163e+02
1.538878020476095401e+02 2.358866340141067610e+02
1.531571742019307578e+02 2.351218188587072291e+02
1.524102871441233162e+02 2.343587811748136289e+02
1.516391574925873158e+02 2.336004246990240745e+02
1.508440922560861850e+02 2.328530031859402811e+02
1.500319186139913370e+02 2.321265644836320234e+02
1.492164592515173069e+02 2.314356576923276521e+02
1.484121964795861004e+02 2.307949349070432845e+02
1.476262852408083006e+02 2.302134882958503965e+02
1.468579538108252223e+02 2.296896051820385765e+02
1.461016079307057964e+02 2.292129542952594079e+02
1.453501665700896979e+02 2.287689659725780302e+02
1.445987292967633664e+02 2.283437546575734700e+02
1.438486231697766868e+02 2.279279209593995006e+02
1.431070179825036348e+02 2.275141241276876940e+02
1.423791182823802046e+02 2.270946473516986259e+02
1.416668158235532360e+02 2.266595968233056055e+02
1.409701952038261084e+02 2.262012991455938504e+02
1.402867195935306199e+02 2.257168374337122430e+02
1.396089441250743732e+02 2.252078269543664248e+02
1.389265764854191900e+02 2.246785326541359211e+02
1.382328864594838933e+02 2.241327489180775672e+02
1.375238571053964165e+02 2.235728451973931215e+02
1.367977524343492632e+02 2.230004804968625081e+02
1.360530340391064215e+02 2.224195499452610818e+02
1.352844896703013262e+02 2.218333135587760410e+02
1.344855026646715999e+02 2.212415682997964268e+02
1.336532055962981360e+02 2.206422518003632263e+02
1.327937167678701940e+02 2.200276353612196090e+02
1.319209184493710154e+02 2.193843937822502710e+02
1.310562906701204611e+02 2.186954725932958468e+02
1.302261891208401039e+02 2.179475282343143192e+02
1.294610354971340485e+02 2.171343776110510078e+02
1.287925315292973778e+02 2.162617974404199117e+02
1.282520291405219552e+02 2.153428554175952456e+02
1.278638586673824022e+02 2.143925643365597580e+02
1.276437881514469552e+02 2.134287141211497669e+02
1.276023582884738232e+02 2.124707164537480821e+02
1.277440905446884187e+02 2.115409431329229051e+02
1.280688738730065950e+02 2.106611484392769569e+02
1.285705020910370990e+02 2.098532113193142550e+02
1.292369377150707237e+02 2.091348146358956512e+02
