1.312038101976666553e+02 2.074527228832482137e+02
1.321700402349855779e+02 2.070721322881139486e+02
1.331868205961332023e+02 2.067825978017577881e+02
1.342323664116586031e+02 2.065722174761036172e+02
1.352885732601512245e+02 2.064255964490737938e+02
1.363411194389325374e+02 2.063255594193206264e+02
1.373825249743558743e+02 2.062545164123060886e+02
1.384095341441421283e+02 2.061966138720429171e+02
1.394235975506207126e+02 2.061383524162162928e+02
1.404291221291607599e+02 2.060682881548996193e+02
1.414292862338860175e+02 2.059762442538570610e+02
1.424241849033730603e+02 2.058561116135093414e+02
1.434130929380593784e+02 2.057040216189112698e+02
1.443961730288021101e+02 2.055208421529379166e+02
1.453749328758096055e+02 2.053146161211018352e+02
1.463525573875263888e+02 2.051023335838560229e+02
1.473324477793803169e+02 2.049021385025544646e+02
1.483171991824278280e+02 2.047278747393677918e+02
1.493086323339851447e+02 2.045892551126112835e+02
1.503081114051805685e+02 2.044935568644227715e+02
1.513161226261069316e+02 2.044433738146296378e+02
1.523328183697414033e+02 2.044395188048374621e+02
1.533585312034647359e+02 2.044837659331093107e+02
1.543937473573697048e+02 2.045787090192725373e+02
1.554385029440361734e+02 2.047245407077705863e+02
1.564927609296450441e+02 2.049210634397608715e+02
1.575563475684677712e+02 2.051673503595795864e+02
1.586285549802403239e+02 2.054596252429838330e+02
1.597079171047699333e+02 2.057900673152990407e+02
1.607921547960737314e+02 2.061465183532343985e+02
1.618782347816929814e+02 2.065127972064231585e+02
1.629625572270107057e+02 2.068697003690726319e+02
1.640421758245562955e+02 2.072015106100880075e+02
1.651151185695234744e+02 2.074977081668272376e+02
1.661801301812670886e+02 2.077515966791221445e+02
1.672368957802005980e+02 2.079614964053718325e+02
1.682855389966356370e+02 2.081280668579309463e+02
1.693267520497684586e+02 2.082550007162582233e+02
1.703616955168460549e+02 2.083484891402977155e+02
1.713918188757542111e+02 2.084162644455408895e+02
1.724177627562893349e+02 2.084617441050986599e+02
1.734399577456917427e+02 2.084872251090947088e+02
1.744602403932759671e+02 2.084958885379454046e+02
1.754841520652406075e+02 2.084967792565836078e+02
1.765170729664602902e+02 2.085041611745893420e+02
1.775628852350024260e+02 2.085319431383929611e+02
1.786217828804253998e+02 2.085960856489043920e+02
1.796911912348506632e+02 2.087107729195425350e+02
1.807630254246395509e+02 2.088852183053014357e+02
1.818247424849681124e+02 2.091219063565277452e+02
1.828626352117153147e+02 2.094165573261278155e+02
1.838650236139756657e+02 2.097594884567749602e+02
1.848246335057579870e+02 2.101390760009166456e+02
1.857395317753971540e+02 2.105446006130368914e+02
1.866128043657588194e+02 2.109678836956624650e+02
1.874517214215742342e+02 2.114053902198560877e+02
1.882657563090010626e+02 2.118552975340763851e+02
1.890652487754662161e+02 2.123162798645301166e+02
1.898601180999790188e+02 2.127821578128701674e+02
1.906597229576365180e+02 2.132437397000099963e+02
1.914752625639887356e+02 2.136950579281027842e+02
1.923199381475906762e+02 2.141295356014034610e+02
1.932040581640648043e+02 2.145419784827516310e+02
1.941328779309747006e+02 2.149318348454884813e+02
1.951064810863845764e+02 2.153042564790773667e+02
1.961206759843377085e+02 2.156711953044171537e+02
1.971678483316479458e+02 2.160500358653406465e+02
1.982367085524617778e+02 2.164541064243396704e+02
1.993135103291914447e+02 2.168876188183975557e+02
2.003846244366743861e+02 2.173442072188590828e+02
2.014400755748688425e+02 2.178106908968340178e+02
2.024743248557076924e+02 2.182671289892773814e+02
2.034841475792993037e+02 2.186902349705657684e+02
2.044699901597963958e+02 2.190546341707623128e+02
2.054338918253371844e+02 2.193377228868385487e+02
2.063792580544794077e+02 2.195199468947036507e+02
2.073090793305041757e+02 2.195915979980912880e+02
2.082272225932825620e+02 2.195523491220352525e+02
2.091402249662813233e+02 2.194160631507151606e+02
2.100551756519519699e+02 2.192022509433280106e+02
2.109781831609999756e+02 2.189311728813844979e+02
2.119130509246315626e+02 2.186200846107161055e+02
2.128613102361737219e+02 2.182858334225812200e+02
2.138224063185018622e+02 2.179464044421765720e+02
2.147935302047865207e+02 2.176176302727420477e+02
2.157709149851770292e+02 2.173141302450139278e+02
2.167510275361240133e+02 2.170464193480071913e+02
2.177327394475704239e+02 2.168221932399615639e+02
2.187182961646806802e+02 2.166456093788760313e+02
2.197108550706401786e+02 2.165129951477789234e+02
2.207097532083445799e+02 2.164141978795390173e+02
2.217117732417266325e+02 2.163320545268560409e+02
2.227130697337769050e+02 2.162460514051461473e+02
2.237097858241187964e+02 2.161356138912770462e+02
2.247000639258647539e+02 2.159908325909707969e+02
2.256838515283758113e+02 2.158114273834806625e+02
2.266628741128264437e+02 2.156066029382583338e+02
2.276398261198676209e+02 2.153907328896939362e+02
2.286178944846703018e+02 2.151808181099183912e+02
2.295993848849086021e+02 2.149891583569157376e+02
2.305850028056244128e+02 2.148195170774911560e+02
2.315740565803650952e+02 2.146682045408253998e+02
2.325649596508397678e+02 2.145267571688459611e+02
2.335561387246032155e+02 2.143867821508268889e+02
2.345473793371506588e+02 2.142471354146654505e+02
2.355402638090723144e+02 2.141162579321984651e+02
2.365385255546809447e+02 2.140140657970833615e+02
2.375458012581648291e+02 2.139599590910754046e+02
2.385650783142665148e+02 2.139698742274678693e+02
2.395978986932956332e+02 2.140520369274184986e+02
2.406444927050725653e+02 2.142076757906938269e+02
2.417057408367854805e+02 2.144348717343589215e+02
2.427842543609735912e+02 2.147270388856753698e+02
2.438810304102574378e+02 2.150750594263440121e+02
2.449956983136844997e+02 2.154701553709442123e+02
2.461242729709359196e+02 2.159059935404599457e+02
2.472619712860099241e+02 2.163783610853047890e+02
2.484034635220655787e+02 2.168840368513057797e+02
2.495403651942476415e+02 2.174193467609306936e+02
2.506588630622811706e+02 2.179787398403814507e+02
2.517432853935644914e+02 2.185537903220811415e+02
2.527777281125420075e+02 2.191364720892400726e+02
2.537509116699466176e+02 2.197249428339761721e+02
2.546546407956908809e+02 2.203241471699439558e+02
2.554853457110079660e+02 2.209441603107667902e+02
2.562469644528122785e+02 2.215989396345029832e+02
2.569482974132810682e+02 2.223048040708823123e+02
2.576019160947176374e+02 2.230718013668580397e+02
2.582202641802919061e+02 2.239006948691191212e+02
2.588157949044701809e+02 2.247811399947196094e+02
2.593972496679337496e+02 2.256942966127647026e+02
2.599713638891364553e+02 2.266169085874565781e+02
2.605471168758743374e+02 2.275273940143494826e+02
2.611344691790465049e+02 2.284123634535824863e+02
2.617431542763350762e+02 2.292635988379126957e+02
2.623786092028991561e+02 2.300743915525293630e+02
2.630426001402207703e+02 2.308412514299618579e+02
2.637317800184255816e+02 2.315632136426312968e+02
2.644408638893756915e+02 2.322443191122367239e+02
2.651627589234726656e+02 2.328933256121418367e+02
2.658905277363594450e+02 2.335183004544318237e+02
2.666147419186592060e+02 2.341287200410940272e+02
2.673292179046315482e+02 2.347352075516776040e+02
2.680288071013097806e+02 2.353496684267650210e+02
2.687139043430519223e+02 2.359833270830818606e+02
2.693903996788958466e+02 2.366464968579799688e+02
2.700642792958531118e+02 2.373494720496414629e+02
2.707411238345732158e+02 2.380978217814211746e+02
2.714255892580289355e+02 2.388921607254234232e+02
2.721197328704516849e+02 2.397258298234339406e+02
2.728222849693592593e+02 2.405873393084575014e+02
2.735287974032273723e+02 2.414598586002005618e+02
2.742330463511501648e+02 2.423247808719768273e+02
2.749313586704143972e+02 2.431664193316474893e+02
2.756236646409281548e+02 2.439758103662629765e+02
2.763129276860964865e+02 2.447499291864548923e+02
2.770027293232840293e+02 2.454889559903519967e+02
2.776938799109580600e+02 2.461933656001891109e+02
2.783815262395482364e+02 2.468624572115230080e+02
2.790604227653860789e+02 2.474966230189750718e+02
2.797304726680529257e+02 2.481004971994739208e+02
2.803959425152737026e+02 2.486804761546524389e+02
2.810623348875736269e+02 2.492417234469982361e+02
2.817328833786767746e+02 2.497885551864065121e+02
2.824113152490144785e+02 2.503263090145547949e+02
2.831008234122678573e+02 2.508596322061524688e+02
2.838067020043436628e+02 2.513925492276239595e+02
2.845336774261423898e+02 2.519247153478745815e+02
2.852865464649708542e+02 2.524516185220760178e+02
2.860695076246846611e+02 2.529677803944188668e+02
2.868877272500238860e+02 2.534657810465728573e+02
2.877413546033378680e+02 2.539399580351827410e+02
2.886267665885696374e+02 2.543854588317363437e+02
2.895392462681595589e+02 2.548010666909612780e+02
2.904723974786085705e+02 2.551927156846884372e+02
2.914203782409695691e+02 2.555671252225630496e+02
2.923782993293846175e+02 2.559329492918460005e+02
2.933453545182881612e+02 2.562996891003203928e+02
2.943235677242504948e+02 2.566748034416362998e+02
2.953145878824118427e+02 2.570616774572832810e+02
2.963172851872556635e+02 2.574586803926829361e+02
2.973286463044463517e+02 2.578621446584114665e+02
2.983464840303369670e+02 2.582692438535406154e+02
2.993634325760335742e+02 2.586805061513087480e+02
3.003692761575520080e+02 2.590972890282676531e+02
3.013540224195526775e+02 2.595236886821379585e+02
3.023101002256759671e+02 2.599658950514673847e+02
3.032362599563773529e+02 2.604303384643964137e+02
3.041348269038341527e+02 2.609244191847237744e+02
3.050078597980555060e+02 2.614500720201269814e+02
3.058536992701381791e+02 2.620066567449873673e+02
3.066709227049713036e+02 2.625919412591175046e+02
3.074619321510254508e+02 2.632021910547661037e+02
3.082304247696836228e+02 2.638323198599479156e+02
3.089817127629574998e+02 2.644758215263564125e+02
3.097199423777067295e+02 2.651252618417951794e+02
3.104487561709314605e+02 2.657724301041932904e+02
3.111741790150344968e+02 2.664101768434631481e+02
3.119038877692802885e+02 2.670322465187143166e+02
3.126422344399131248e+02 2.676319172014548258e+02
3.133914949094279905e+02 2.682007541610507815e+02
3.141549009048553103e+02 2.687347432355219894e+02
3.149376289146467798e+02 2.692322120363645581e+02
3.157416378492625313e+02 2.696920445318541510e+02
3.165668959186880898e+02 2.701179572061349745e+02
3.174152438897003776e+02 2.705195797642218736e+02
3.182866074029061565e+02 2.709095034714874259e+02
3.191776050182206745e+02 2.713023578104908893e+02
3.200860057772731579e+02 2.717105675448013926e+02
3.210084427164150043e+02 2.721462993255927927e+02
3.219425543065250963e+02 2.726183234079476279e+02
3.228834311046815628e+02 2.731324884767774961e+02
3.238277092700693629e+02 2.736893304882106008e+02
3.247730443359068317e+02 2.742875939102840448e+02
3.257150997933645726e+02 2.749231958353119580e+02
3.266444915462665790e+02 2.755887416660123677e+02
3.275447998561257918e+02 2.762738072404039826e+02
3.283991036032619490e+02 2.769648432722041207e+02
3.291986788155561499e+02 2.776514256722215350e+02
3.299476216234470485e+02 2.783243928897451269e+02
3.306589362938705108e+02 2.789731647824573884e+02
3.313494225562318434e+02 2.795891611414500630e+02
3.320333514276368305e+02 2.801659596104759657e+02
3.327189864785377722e+02 2.807018076404258409e+02
3.334122561684649781e+02 2.811991853860520223e+02
3.341172892143772515e+02 2.816690130968149788e+02
3.348371148905269479e+02 2.821261154364376580e+02
3.355719512914204756e+02 2.825833737525510401e+02
3.363224294497567257e+02 2.830534515808276410e+02
3.370894260097289816e+02 2.835486184582172200e+02
3.378737673209386116e+02 2.840763002640168793e+02
3.386709677374958005e+02 2.846409863270129676e+02
3.394764619487246478e+02 2.852439729895336313e+02
3.402863153358410955e+02 2.858837065978128749e+02
3.410934520817427256e+02 2.865571549440194872e+02
3.418902236868954105e+02 2.872606840331234253e+02
3.426692123415348874e+02 2.879916136956710488e+02
3.434195719649129614e+02 2.887490571163460231e+02
3.441337112841375188e+02 2.895300003719783035e+02
3.448088485310846636e+02 2.903313327412518561e+02
3.454474897498476480e+02 2.911494294338273789e+02
3.460537711681499786e+02 2.919829412602379080e+02
3.466312796158958918e+02 2.928313331950270140e+02
3.471793769464011348e+02 2.936964982236169135e+02
3.476946864969463036e+02 2.945800490995165433e+02
3.481746094490876544e+02 2.954845078266306473e+02
3.486188429225737195e+02 2.964121501715451359e+02
3.490299022180137172e+02 2.973598186385996769e+02
3.494118560826279349e+02 2.983209736103696628e+02
3.497684286716360020e+02 2.992884095592619360e+02
3.501015118879067245e+02 3.002562676010365976e+02
3.504119218123835822e+02 3.012218237392006586e+02
3.507012754059709323e+02 3.021862409627626676e+02
3.509670383996191845e+02 3.031538401801208238e+02
3.512050664906951738e+02 3.041266385034888344e+02
3.514072440405802240e+02 3.051061572674165632e+02
3.515657433944409718e+02 3.060938638218317465e+02
3.516711603582236876e+02 3.070915210502237755e+02
3.517186680091649578e+02 3.081000337938151006e+02
3.517082378437502825e+02 3.091194073957934734e+02
3.516456826131956745e+02 3.101485522143366325e+02
3.515383714690010493e+02 3.111873270822693485e+02
3.513915466871998774e+02 3.122385951389504157e+02
3.512062016015544259e+02 3.133048765097809678e+02
3.509785952573031977e+02 3.143881472887542827e+02
3.507025369788806870e+02 3.154867700617371042e+02
3.503750670403360914e+02 3.165960660503315012e+02
3.499954469779652300e+02 3.177076019348851901e+02
3.495639861638401271e+02 3.188121568513431612e+02
3.490813931849635878e+02 3.198993993680302310e+02
3.485480929395084218e+02 3.209606597712520397e+02
3.479634274090107624e+02 3.219881672619696360e+02
3.473256051397535202e+02 3.229771034194275217e+02
3.466327040998317557e+02 3.239251120351549389e+02
3.458855304595122675e+02 3.248359020721473485e+02
3.450887573013092151e+02 3.257135228500777657e+02
3.442503973416967824e+02 3.265586068716771706e+02
3.433785594438947442e+02 3.273685871489667534e+02
3.424822600626276881e+02 3.281371574557216491e+02
3.415689503612904900e+02 3.288551866034067075e+02
3.406460768280169873e+02 3.295166718240377577e+02
3.397189153885074120e+02 3.301218389051388726e+02
3.387912199120207788e+02 3.306757875115603724e+02
3.378632131184811556e+02 3.311865063762328418e+02
3.369336063951591882e+02 3.316615584015906961e+02
3.359997659912771724e+02 3.321074095490351397e+02
3.350613894051723491e+02 3.325290621954755466e+02
3.341184333385983791e+02 3.329262853641557740e+02
3.331699712090858725e+02 3.332941361524947297e+02
3.322152536806030980e+02 3.336286171882915141e+02
3.312545132739446672e+02 3.339309688658705682e+02
3.302881293554469266e+02 3.342032149347676295e+02
3.293170259281092171e+02 3.344502845372463753e+02
3.283405935333402113e+02 3.346755425724472843e+02
3.273555763995991015e+02 3.348821367995216747e+02
3.263600760204349172e+02 3.350677605231591656e+02
3.253558923893411361e+02 3.352283006820394462e+02
3.243469602901939197e+02 3.353553849651407290e+02
3.233374259991801409e+02 3.354364177912622154e+02
3.223307217936271059e+02 3.354588916395725278e+02
3.213293645060815606e+02 3.354152880720071153e+02
3.203344885412019494e+02 3.353029801024466678e+02
3.193469117725143178e+02 3.351293646765374206e+02
3.183663020438573312e+02 3.349049956777962507e+02
3.173911841849615598e+02 3.346403105949380574e+02
3.164179335115427421e+02 3.343435991905553237e+02
3.154392401163669888e+02 3.340173376928753441e+02
3.144480018244519783e+02 3.336571212505362496e+02
3.134390973331388750e+02 3.332596357137109067e+02
3.124111739700991279e+02 3.328217792046499994e+02
3.113656414574795122e+02 3.323441247961838485e+02
3.103093320205335317e+02 3.318317648475970145e+02
3.092522386454325556e+02 3.312935619009842867e+02
3.082031239929766571e+02 3.307402278444005219e+02
3.071702279141013605e+02 3.301805865696494493e+02
3.061594145624664520e+02 3.296168566005315483e+02
3.051768652628240943e+02 3.290465494376375659e+02
3.042283330296734221e+02 3.284662648884478813e+02
3.033215290139268063e+02 3.278723781323312210e+02
3.024629385422445580e+02 3.272597401088773381e+02
3.016530134988554437e+02 3.266251711224021506e+02
3.008871656883028436e+02 3.259663121511907775e+02
3.001568707263487568e+02 3.252830468020931676e+02
2.994514723563766552e+02 3.245758048249447825e+02
2.987610770496363557e+02 3.238460399696797367e+02
2.980749879139353311e+02 3.230934387487891399e+02
2.973794241814051702e+02 3.223159938740625421e+02
2.966619377897033019e+02 3.215133691180247979e+02
2.959162657333448578e+02 3.206845887208198178e+02
2.951421809873051529e+02 3.198292068790850067e+02
2.943468739223442299e+02 3.189520392269773197e+02
2.935407565510899985e+02 3.180615675838200787e+02
2.927350017843593832e+02 3.171669786426460291e+02
2.919367302720942803e+02 3.162760160109739331e+02
2.911508475846037527e+02 3.153917982381370280e+02
2.903810907451300523e+02 3.145123499671332752e+02
2.896266246635609605e+02 3.136351214086568007e+02
2.888877396943320832e+02 3.127562122921654009e+02
2.881648107959926506e+02 3.118743120959744033e+02
2.874574595598146516e+02 3.109894917555083680e+02
2.867646549448737687e+02 3.101019445467686637e+02
2.860823504349786504e+02 3.092124290181797619e+02
2.854034751927521825e+02 3.083222706488201652e+02
2.847192471870623649e+02 3.074331156932861404e+02
2.840208873354166599e+02 3.065466098534303683e+02
2.833018014971473235e+02 3.056639892481210836e+02
2.825574861169498035e+02 3.047860981010359183e+02
2.817850171273795468e+02 3.039134845495475474e+02
2.809858000465694090e+02 3.030458851192213388e+02
2.801661095792478591e+02 3.021821235717424088e+02
2.793335286431745317e+02 3.013207784348993528e+02
2.784971891746950519e+02 3.004601378618588114e+02
2.776720663306452366e+02 2.995973946522818778e+02
2.768715380881641863e+02 2.987300410085960038e+02
2.761046577532124502e+02 2.978563798237964875e+02
2.753774444817667018e+02 2.969752827640111832e+02
2.746950171118949697e+02 2.960857902664043309e+02
2.740565392128759186e+02 2.951880591259016455e+02
2.734588380486721348e+02 2.942826840945834306e+02
2.728939670359930005e+02 2.933711548163680618e+02
2.723539982662642842e+02 2.924549574344646885e+02
2.718288842404946308e+02 2.915347351914570595e+02
2.713102610563634016e+02 2.906082101191780112e+02
2.707888723095178420e+02 2.896744110639548353e+02
2.702560176620424954e+02 2.887336941411592761e+02
2.697059231935351704e+02 2.877899396140799695e+02
2.691347402214797739e+02 2.868491025460156152e+02
2.685393798755873718e+02 2.859203337177709727e+02
2.679220125895550382e+02 2.850123891360595962e+02
2.672859359944990842e+02 2.841348492382942368e+02
2.666364504671593068e+02 2.832953104944061806e+02
2.659836855574200172e+02 2.825010084300943163e+02
2.653378074329971241e+02 2.817590374075550699e+02
2.647071918584600212e+02 2.810744904028218230e+02
2.640929030662836112e+02 2.804496687323090214e+02
2.634888855622479014e+02 2.798820550097224782e+02
2.628854624314940338e+02 2.793623886428127889e+02
2.622677748500693156e+02 2.788789873349414847e+02
2.616227354674869616e+02 2.784179443158784011e+02
2.609425290860868927e+02 2.779661989179709281e+02
2.602262563442861847e+02 2.775112030204934399e+02
2.594754555039352226e+02 2.770439194844917097e+02
2.586958310762157680e+02 2.765573514789559795e+02
2.578936938383548636e+02 2.760499995864030893e+02
2.570791810587913915e+02 2.755251675983823816e+02
2.562636570694205602e+02 2.749889113379241508e+02
2.554589969001526981e+02 2.744479376791607592e+02
2.546737902182296125e+02 2.739072160722304261e+02
2.539133146005144965e+02 2.733656676647552786e+02
2.531778664331262121e+02 2.728176278694363646e+02
2.524647559064991924e+02 2.722570517881354135e+02
2.517679562545872614e+02 2.716834097718880230e+02
2.510794991602507480e+02 2.711008652446407723e+02
2.503884343001741399e+02 2.705188411017177259e+02
2.496824838758463443e+02 2.699493287971057498e+02
2.489481280375354686e+02 2.694074797288997161e+02
2.481728074688069228e+02 2.689034742131407256e+02
2.473465940474279421e+02 2.684434281911242692e+02
2.464666002331607899e+02 2.680314225515250541e+02
2.455361889785682195e+02 2.676720564153526993e+02
2.445630845033197716e+02 2.673709905246518019e+02
2.435567509655401182e+02 2.671307005118655979e+02
2.425262578940899232e+02 2.669508404127713561e+02
2.414797944842543416e+02 2.668292717749887970e+02
2.404260158807117023e+02 2.667577609449791680e+02
2.393720030929135305e+02 2.667252021286624881e+02
2.383238049047555478e+02 2.667181364317905263e+02
2.372837277192373904e+02 2.667209485679362047e+02
2.362512932323584209e+02 2.667161614526377207e+02
2.352220661939865352e+02 2.666869156342648921e+02
2.341909728034320892e+02 2.666205817323674978e+02
2.331532400080575087e+02 2.665122134908340854e+02
2.321081621718903136e+02 2.663646627455425460e+02
2.310571491595271141e+02 2.661854504928244296e+02
2.300022588352753417e+02 2.659855545173148244e+02
2.289451573524997343e+02 2.657738630011654664e+02
2.278868201193517393e+02 2.655555793101082145e+02
2.268275356679743027e+02 2.653322426339305480e+02
2.257674062559277672e+02 2.651043984709290839e+02
2.247060191680139098e+02 2.648698451703218097e+02
2.236430692897826589e+02 2.646269550831380002e+02
2.225784202778203280e+02 2.643750008783156886e+02
2.215117331160712979e+02 2.641121740569983558e+02
2.204430199648940061e+02 2.638385394892537761e+02
2.193719957928548183e+02 2.635525766600106863e+02
2.182982792068910385e+02 2.632522510080555662e+02
2.172219883098786113e+02 2.629381925593486358e+02
2.161430049989416489e+02 2.626097712879295614e+02
2.150617106671427052e+02 2.622690217550120906e+02
2.139783903459155852e+02 2.619174644756672592e+02
2.128930318749017090e+02 2.615550345798274066e+02
2.118057496720199140e+02 2.611823424358567536e+02
2.107159836237868831e+02 2.607964000891226419e+02
2.096235487453549524e+02 2.603962207282925192e+02
2.085286270736061169e+02 2.599827754386220704e+02
2.074318470779783183e+02 2.595594168231543790e+02
2.063343404088051898e+02 2.591321817297028929e+02
2.052355040561701855e+02 2.587044694582016291e+02
2.041322771827645965e+02 2.582804676546443829e+02
2.030222837450112081e+02 2.578619382648073497e+02
2.019047183597954813e+02 2.574513855522628774e+02
2.007823392209610063e+02 2.570485976993498980e+02
1.996604093568580538e+02 2.566537316920057492e+02
1.985481974336022120e+02 2.562638891780369477e+02
1.974585117329305604e+02 2.558780009540280673e+02
1.964039311250919297e+02 2.554943276110959118e+02
1.953925680430670013e+02 2.551101366703047120e+02
1.944254304755816634e+02 2.547241403650885161e+02
1.935013684983817370e+02 2.543384324113328603e+02
1.926173229940428939e+02 2.539542353754303861e+02
1.917668390509757614e+02 2.535705809839828646e+02
1.909437123912696279e+02 2.531864702592093010e+02
1.901410710696007982e+02 2.527976953022911744e+02
1.893530664051131396e+02 2.523962801705102947e+02
1.885740920928191713e+02 2.519748525989916175e+02
1.877997744546750880e+02 2.515264665103983361e+02
1.870255874153922093e+02 2.510469178502016518e+02
1.862488299326797119e+02 2.505314315292355900e+02
1.854676027533455454e+02 2.499734797232597998e+02
1.846790820670810547e+02 2.493675727285172741e+02
1.838820410458948515e+02 2.487067534791695778e+02
1.830777118967136232e+02 2.479882382864607564e+02
1.822724867757017932e+02 2.472123784231758350e+02
1.814777185728530071e+02 2.463871008547992574e+02
1.807042375639848615e+02 2.455211376203665168e+02
1.799565305725116673e+02 2.446201387620585876e+02
1.792319838552134570e+02 2.436925006030815553e+02
1.785236251112253285e+02 2.427513362741694323e+02
1.778206685720747373e+02 2.418183007675517047e+02
1.771123644737141660e+02 2.409223077109136284e+02
1.763903614374470976e+02 2.401013472258511001e+02
1.756520245374693445e+02 2.393962131906058346e+02
1.748987810434268795e+02 2.388465849516235835e+02
1.741311023373506828e+02 2.384798566505952522e+02
1.733453030540669317e+02 2.383084937186620209e+02
1.725378700065766111e+02 2.383303303744153254e+02
1.717082678117597538e+02 2.385296420535713935e+02
1.708579544675275770e+02 2.388775059594623826e+02
1.699884012706764906e+02 2.393383347468130466e+02
1.691051171866113236e+02 2.398713716368968392e+02
1.682143370563372002e+02 2.404367523904052462e+02
1.673265411587090057e+02 2.409965110542208322e+02
1.664523437834179731e+02 2.415148511254088248e+02
1.655999082183487303e+02 2.419580817418266747e+02
1.647757582852808298e+02 2.422948491206820449e+02
1.639851174182579712e+02 2.424979236799217688e+02
1.632257831224874849e+02 2.425465519207157854e+02
1.624896468740097930e+02 2.424276823776982326e+02
1.617674269022175508e+02 2.421417282716228669e+02
1.610518314278478442e+02 2.417058570063464913e+02
1.603397554461967047e+02 2.411509625834032136e+02
1.596312433490431033e+02 2.405146770920968322e+02
1.589253943760571417e+02 2.398330913775937461e+02
1.582222400752628744e+02 2.391350524941929052e+02
1.575216426894650112e+02 2.384406344948969263e+02
1.568199891008959526e+02 2.377591820717820212e+02
1.561130844869844054e+02 2.370888607045852154e+02
1.553980617145773522e+02 2.364260283031809990e+02
1.546778533585168702e+02 2.357708931121267710e+02
1.539594552922045239e+02 2.351270649576439951e+02
1.532485050188217315e+02 2.344991408434177060e+02
1.525473626578026938e+02 2.338871789180157066e+02
1.518543122768261355e+02 2.332902209328959771e+02
1.511675314143055004e+02 2.327031093751146500e+02
1.504829242305532659e+02 2.321205594171197788e+02
1.497968522901351491e+02 2.315343150890960828e+02
1.491043642113958754e+02 2.309379252273731140e+02
1.484039745200699656e+02 2.303251100157746976e+02
1.476984755706263286e+02 2.296970013471934067e+02
1.469949652858547609e+02 2.290598158748342144e+02
1.462979203878638828e+02 2.284213370259732017e+02
1.456061705277976728e+02 2.277918047446314063e+02
1.449183970514242503e+02 2.271803259013479988e+02
1.442308250063489652e+02 2.265954687124728650e+02
1.435388106350716839e+02 2.260415303487357619e+02
1.428389557394336578e+02 2.255194876444485601e+02
1.421295556585721442e+02 2.250276609233499130e+02
1.414101807308719856e+02 2.245621678839449942e+02
1.406816411875031463e+02 2.241176535649406105e+02
1.399461439823674880e+02 2.236902491041688279e+02
1.392090745844354842e+02 2.232798311283427495e+02
1.384777762929090841e+02 2.228860282928367269e+02
1.377544363899454254e+02 2.225053172756721267e+02
1.370373153817570824e+02 2.221301391648661934e+02
1.363234570535651358e+02 2.217511282947094173e+02
1.356101959842252143e+02 2.213622178991668648e+02
1.348986172131146759e+02 2.209587157298915656e+02
1.341901670044489947e+02 2.205354629963451316e+02
1.334824176686962858e+02 2.200864073782669266e+02
1.327731903048430127e+02 2.196025523106250716e+02
1.320614412673741356e+02 2.190724958799819433e+02
1.313510970982083848e+02 2.184836643649487655e+02
1.306513342752108144e+02 2.178297693604820893e+02
1.299778840030123206e+02 2.171071629732360577e+02
1.293515953407317056e+02 2.163171918638429645e+02
1.287997557047105772e+02 2.154658601764049308e+02
1.283522846448701102e+02 2.145665483740125410e+02
1.280357993777649313e+02 2.136357425363356697e+02
1.278699257274291767e+02 2.126893713494463896e+02
1.278672242901254208e+02 2.117486701025239029e+02
1.280350311530085321e+02 2.108376146076141140e+02
1.283735309636478519e+02 2.099816677735506971e+02
1.288766647155559610e+02 2.092023208942543988e+02
1.295304574846302046e+02 2.085163195062447130e+02
1.303147977471357422e+02 2.079324006951949855e+02
1.312038101976666553e+02 2.074527228832482137e+02
