1.300717355276919420e+02 2.082539490104714730e+02
1.308583101450365405e+02 2.076875891991366530e+02
1.317348701037522289e+02 2.072287658467695906e+02
1.326839174212323940e+02 2.068734107723641955e+02
1.336873772370143172e+02 2.066125102639074953e+02
1.347259696663039108e+02 2.064328348084709148e+02
1.357824347661645277e+02 2.063173309468797356e+02
1.368404154669694321e+02 2.062468122432162545e+02
1.378878906635905253e+02 2.062010165032878035e+02
1.389191203173032818e+02 2.061584897548877962e+02
1.399338560749551732e+02 2.060976625460364176e+02
1.409356379245249968e+02 2.060031421456858425e+02
1.419281909914270159e+02 2.058679559777232839e+02
1.429135578181331994e+02 2.056961787992273685e+02
1.438938628646038183e+02 2.054986279687425963e+02
1.448720018252658690e+02 2.052900478285663439e+02
1.458504531725022844e+02 2.050830583032486629e+02
1.468317499162656929e+02 2.048905570125923248e+02
1.478189675515221779e+02 2.047282038100997283e+02
1.488149146667569767e+02 2.046102995106679714e+02
1.498218261460556278e+02 2.045482237321343177e+02
1.508406349094715040e+02 2.045467267314575679e+02
1.518714777827095759e+02 2.046065051999082698e+02
1.529143036970207561e+02 2.047272991048290578e+02
1.539691664191257985e+02 2.049093822164516610e+02
1.550358861484855595e+02 2.051518390235711990e+02
1.561137203647601837e+02 2.054508887494759222e+02
1.572010437327442105e+02 2.057982554868758598e+02
1.582953257477443287e+02 2.061810543722872922e+02
1.593932721863787947e+02 2.065825118274303236e+02
1.604912186250132891e+02 2.069839692825733266e+02
1.615852657237678045e+02 2.073655720177611101e+02
1.626713908069157242e+02 2.077068373096395817e+02
1.637467856713963386e+02 2.079934663058223236e+02
1.648100770496409382e+02 2.082184665809658384e+02
1.658608367350066715e+02 2.083796577857698935e+02
1.668998392380685800e+02 2.084809835853278628e+02
1.679284853842486314e+02 2.085295767244926992e+02
1.689480160477925210e+02 2.085317555062095494e+02
1.699603252047969022e+02 2.084971637076712625e+02
1.709671333903239088e+02 2.084345619762911497e+02
1.719705309542637508e+02 2.083545939884234883e+02
1.729743451473333096e+02 2.082704219065787470e+02
1.739851696317226981e+02 2.081960047079015510e+02
1.750083778476621319e+02 2.081448999976778964e+02
1.760477664280786030e+02 2.081299376094381159e+02
1.771031643421649733e+02 2.081645166652976684e+02
1.781707003282417645e+02 2.082556180595408932e+02
1.792423909827644479e+02 2.084063098007800932e+02
1.803082447739648728e+02 2.086124497363231569e+02
1.813566871413068782e+02 2.088671177097126304e+02
1.823770780169543855e+02 2.091599478881578307e+02
1.833601091293330683e+02 2.094838063668867107e+02
1.842993475238307042e+02 2.098322256234247334e+02
1.851888050534331853e+02 2.102012209551058390e+02
1.860227763365407441e+02 2.105876091913720529e+02
1.867978214362393601e+02 2.109896496211538874e+02
1.875141190686312029e+02 2.114045576064938246e+02
1.881771472308862769e+02 2.118297194777483412e+02
1.887974509695156939e+02 2.122619096118645530e+02
1.893898445640049886e+02 2.126965024101436370e+02
1.899719693242535072e+02 2.131288724742202589e+02
1.905617216044997235e+02 2.135500161872118952e+02
1.911757296262892964e+02 2.139501496915851817e+02
1.918281327907712921e+02 2.143212110325436015e+02
1.925288556109778995e+02 2.146568149449339558e+02
1.932833591254001817e+02 2.149542614086454080e+02
1.940926803905487930e+02 2.152151362968739363e+02
1.949544997058802380e+02 2.154434029356707754e+02
1.958649615347837880e+02 2.156452972242047110e+02
1.968211803976401484e+02 2.158326326703106588e+02
1.978208693514105505e+02 2.160200524782670755e+02
1.988584521901584026e+02 2.162194257336473697e+02
1.999260748871984106e+02 2.164345726116866615e+02
2.010131784756074467e+02 2.166637441714145211e+02
2.021092337564105037e+02 2.169000605578222007e+02
2.032041436579893059e+02 2.171358273712749849e+02
2.042906548184918165e+02 2.173608044753557920e+02
2.053637496864702428e+02 2.175637134023729686e+02
2.064227955962552983e+02 2.177348308137974868e+02
2.074694585896086778e+02 2.178688369252495249e+02
2.085068492473233732e+02 2.179619555053894260e+02
2.095358156812804964e+02 2.180121794908804986e+02
2.105558202242730488e+02 2.180167711794061915e+02
2.115665466354815294e+02 2.179741203310017283e+02
2.125680856823806550e+02 2.178846891169184232e+02
2.135618721077501618e+02 2.177557829829438560e+02
2.145503348569220634e+02 2.175997696710132345e+02
2.155362541896792266e+02 2.174308057514929260e+02
2.165221677410685857e+02 2.172618123943133810e+02
2.175099719924461681e+02 2.171024461329863016e+02
2.185010498469936806e+02 2.169597484556209110e+02
2.194956123246364257e+02 2.168347938367822394e+02
2.204929961097736282e+02 2.167242047956912074e+02
2.214916573844859613e+02 2.166201204960542555e+02
2.224886482293238714e+02 2.165075306753848565e+02
2.234814855468102053e+02 2.163737918590054505e+02
2.244690032350563627e+02 2.162129664710315069e+02
2.254519440071144913e+02 2.160288362694301725e+02
2.264318485975076953e+02 2.158292463904098781e+02
2.274105121209429683e+02 2.156233372271892108e+02
2.283902594581315668e+02 2.154229466438354450e+02
2.293734391933927839e+02 2.152400331988192761e+02
2.303614897310393417e+02 2.150819209817792057e+02
2.313552775053946959e+02 2.149530217165918486e+02
2.323551052674201571e+02 2.148548769553501643e+02
2.333606145723110785e+02 2.147856615631764043e+02
2.343709873565214536e+02 2.147412101112769278e+02
2.353851983908251668e+02 2.147163023213992119e+02
2.364039007622956490e+02 2.147079380998323188e+02
2.374304908440082045e+02 2.147137964168622375e+02
2.384677448930576702e+02 2.147342104999536332e+02
2.395168837502965857e+02 2.147688947241550750e+02
2.405737405109728684e+02 2.148172274506747499e+02
2.416304268170569571e+02 2.148790193132080049e+02
2.426797573763375340e+02 2.149556111390507738e+02
2.437136918501952891e+02 2.150517840201167132e+02
2.447251205813416277e+02 2.151759059295916359e+02
2.457110458758226343e+02 2.153382745874154125e+02
2.466705784438912019e+02 2.155502768130186269e+02
2.476053289412208471e+02 2.158226667972728592e+02
2.485165083951823135e+02 2.161640341703043759e+02
2.494054195740571629e+02 2.165784593590277609e+02
2.502716076965922412e+02 2.170661641629287715e+02
2.511153638632723926e+02 2.176270740869889551e+02
2.519365079515542334e+02 2.182583883431283311e+02
2.527361345590602184e+02 2.189529100863404665e+02
2.535158934734530476e+02 2.197009609646134436e+02
2.542799842730274804e+02 2.204944815971307435e+02
2.550311627594800257e+02 2.213256839223229235e+02
2.557713655797641081e+02 2.221853591078764225e+02
2.565043494944562781e+02 2.230652738492318008e+02
2.572338290557074743e+02 2.239638762161977183e+02
2.579627477886256202e+02 2.248794141129038451e+02
2.586904041390043858e+02 2.258070959200314292e+02
2.594143111128412329e+02 2.267355140807065368e+02
2.601300521719665539e+02 2.276523977019056701e+02
2.608356417158092881e+02 2.285481138671766530e+02
2.615343908830921009e+02 2.294142722045755249e+02
2.622290022585636962e+02 2.302467781413924968e+02
2.629220391803032726e+02 2.310430075015869136e+02
2.636165925794774694e+02 2.318030380831253581e+02
2.643163209841051184e+02 2.325301595057022155e+02
2.650264423765911488e+02 2.332296032628540843e+02
2.657476372544111314e+02 2.339086119750450621e+02
2.664799120930409799e+02 2.345747012725258855e+02
2.672214147069111050e+02 2.352354032815313474e+02
2.679674565575490988e+02 2.358987888259966894e+02
2.687163620853413022e+02 2.365723553439497095e+02
2.694668209211365593e+02 2.372638770854949826e+02
2.702209638577597843e+02 2.379803118423754427e+02
2.709789789628933931e+02 2.387278789511751711e+02
2.717410364019272606e+02 2.395105531236749243e+02
2.725088007570324748e+02 2.403299345699219600e+02
2.732844810977992438e+02 2.411860786121192746e+02
2.740683840146564307e+02 2.420742208595074771e+02
2.748580911800016793e+02 2.429856592357476757e+02
2.756481192357134660e+02 2.439073713505173941e+02
2.764331126226483093e+02 2.448260722636488538e+02
2.772114698318080173e+02 2.457294457415892452e+02
2.779819410976089102e+02 2.466098361265623566e+02
2.787453690804554185e+02 2.474595732527001815e+02
2.795009346447566259e+02 2.482740659167961326e+02
2.802477640669210359e+02 2.490468207804881047e+02
2.809805733558230827e+02 2.497737128111962193e+02
2.816928599535951889e+02 2.504520557790010287e+02
2.823797709107056448e+02 2.510815747532882085e+02
2.830366093214718148e+02 2.516628049172113606e+02
2.836639157726119720e+02 2.521976426399329227e+02
2.842684345415520966e+02 2.526867098748271587e+02
2.848599970461260682e+02 2.531314031649037872e+02
2.854533130060306121e+02 2.535371087298428279e+02
2.860656192961878901e+02 2.539112509807940796e+02
2.867127723542324702e+02 2.542642403277176300e+02
2.874059221526473493e+02 2.546062731624081437e+02
2.881513523445398164e+02 2.549472807055170165e+02
2.889522612846421907e+02 2.552932324919513292e+02
2.898042691589940318e+02 2.556480633221725611e+02
2.906988678020047132e+02 2.560113233925758891e+02
2.916205364886828306e+02 2.563818825528431944e+02
2.925511689066385657e+02 2.567574736136047022e+02
2.934749621174923959e+02 2.571379838824547619e+02
2.943774963143464447e+02 2.575230422771560370e+02
2.952483361887918818e+02 2.579092307391352961e+02
2.960806888136960993e+02 2.582935572645535558e+02
2.968742021675770388e+02 2.586728543177949859e+02
2.976354678159191280e+02 2.590478951171106132e+02
2.983763063334906747e+02 2.594234847629307978e+02
2.991111080416168306e+02 2.598066263344469462e+02
2.998535059152282543e+02 2.602042494844310454e+02
3.006128091098046298e+02 2.606222161038112404e+02
3.013958831804144438e+02 2.610651385735997678e+02
3.022057090573629807e+02 2.615381751213521966e+02
3.030431704785867169e+02 2.620418247944206769e+02
3.039076144713945382e+02 2.625694469518974756e+02
3.047960674737436761e+02 2.631083344440716019e+02
3.057050155415801100e+02 2.636466505758729113e+02
3.066312103878818789e+02 2.641704346429701786e+02
3.075699335017230851e+02 2.646677410436773243e+02
3.085170512039207438e+02 2.651310861096150688e+02
3.094656682109556414e+02 2.655561731054889947e+02
3.104066692344900957e+02 2.659438923478270453e+02
3.113354822807135065e+02 2.662990785409217551e+02
3.122513774856027453e+02 2.666334061731777183e+02
3.131593567232508803e+02 2.669595631530339688e+02
3.140652344633849680e+02 2.672928701419249933e+02
3.149746909752346937e+02 2.676454425825368162e+02
3.158860321231290982e+02 2.680284921142825283e+02
3.167921158510577584e+02 2.684509067010428680e+02
3.176853275675772466e+02 2.689203565434767711e+02
3.185553487050313493e+02 2.694420558956558693e+02
3.193903438122323450e+02 2.700158822986790597e+02
3.201819275892532346e+02 2.706367238822294325e+02
3.209310116043855601e+02 2.712966075221858659e+02
3.216500509710498363e+02 2.719835809234264161e+02
3.223551989354411376e+02 2.726846893243800878e+02
3.230634603267096736e+02 2.733828402936642306e+02
3.237861385968176933e+02 2.740637253086878218e+02
3.245298385850036311e+02 2.747158714802055783e+02
3.252965289743805215e+02 2.753361538423295656e+02
3.260841568015007965e+02 2.759245180067955516e+02
3.268845877575230361e+02 2.764810063489612162e+02
3.276869046127620777e+02 2.770060049905702613e+02
3.284841335435111205e+02 2.775047388117081368e+02
3.292742827925441134e+02 2.779880559942110949e+02
3.300591151373448611e+02 2.784637906777601302e+02
3.308378257290729039e+02 2.789380983492852693e+02
3.316081878963778422e+02 2.794132833090485519e+02
3.323636322472822826e+02 2.798909424935060883e+02
3.330991631513569473e+02 2.803712264437365889e+02
3.338127758409797252e+02 2.808569207174544999e+02
3.345049334225993789e+02 2.813519037687869968e+02
3.351783609669327575e+02 2.818592215384079509e+02
3.358375799657791276e+02 2.823793241162067034e+02
3.364875166415433796e+02 2.829090040357661451e+02
3.371323314446418635e+02 2.834407395341721667e+02
3.377752636905738086e+02 2.839650791916851631e+02
3.384193065674842842e+02 2.844733628523176208e+02
3.390613843937245520e+02 2.849601573954748233e+02
3.396971977822857980e+02 2.854210842915691728e+02
3.403240841940010455e+02 2.858563841547805282e+02
3.409401743622877916e+02 2.862729728514640328e+02
3.415474282019824841e+02 2.866804251582141205e+02
3.421484675795597923e+02 2.870926515568769446e+02
3.427453006119104657e+02 2.875250038229703478e+02
3.433408269492980480e+02 2.879939121369665145e+02
3.439388800111535147e+02 2.885125129914135869e+02
3.445401868740625559e+02 2.890905071067301719e+02
3.451473323961255915e+02 2.897293547207734150e+02
3.457592656170534724e+02 2.904261641630105260e+02
3.463725001150577327e+02 2.911765399170768092e+02
3.469822079388596876e+02 2.919762245847700228e+02
3.475804331391231017e+02 2.928216178889958314e+02
3.481582513774615109e+02 2.937065652943236955e+02
3.487062473608585833e+02 2.946243116193779770e+02
3.492172778946600147e+02 2.955660442557406782e+02
3.496856706159409214e+02 2.965236991796735992e+02
3.501102925515616562e+02 2.974889129590545167e+02
3.504947525145499867e+02 2.984557345814880591e+02
3.508442236020549103e+02 2.994203455512116534e+02
3.511633393813091857e+02 3.003831128010514249e+02
3.514541687378485904e+02 3.013463408284882235e+02
3.517153686940572470e+02 3.023141455941783988e+02
3.519428144488355770e+02 3.032885794689191812e+02
3.521314564623552315e+02 3.042706341500032750e+02
3.522771793498432658e+02 3.052611178726515391e+02
3.523793619766881875e+02 3.062601526237248208e+02
3.524426378304667651e+02 3.072668284159288987e+02
3.524716227361600431e+02 3.082802387307900176e+02
3.524675481691831465e+02 3.093001417144212724e+02
3.524296016501385793e+02 3.103266969325743503e+02
3.523516542583563478e+02 3.113611080660287485e+02
3.522226864966979747e+02 3.124055392734703105e+02
3.520329123059506742e+02 3.134619124742735039e+02
3.517745497464722462e+02 3.145329982778306999e+02
3.514446161630227152e+02 3.156232346669854110e+02
3.510475540977341780e+02 3.167344599682604667e+02
3.505891563765876526e+02 3.178680557297560654e+02
3.500751504706606738e+02 3.190227045023999608e+02
3.495106712761379413e+02 3.201910151848418877e+02
3.488994776645508296e+02 3.213634679502551421e+02
3.482436731154739391e+02 3.225302505039192624e+02
3.475439631535307967e+02 3.236812768232285293e+02
3.468006900180695879e+02 3.248058045931051652e+02
3.460156228721244247e+02 3.258921947026226462e+02
3.451934496874295633e+02 3.269268315010064043e+02
3.443412105050305172e+02 3.278935462072547580e+02
3.434656294203178959e+02 3.287798437902681599e+02
3.425737386091180952e+02 3.295778127652209832e+02
3.416701133109983175e+02 3.302840567634787021e+02
3.407587606870242780e+02 3.309047095311392468e+02
3.398406155756899807e+02 3.314510330150587265e+02
3.389154179638864548e+02 3.319355062383631889e+02
3.379819572209976286e+02 3.323715796285000010e+02
3.370417525125508860e+02 3.327733139890414122e+02
3.360967787537923641e+02 3.331507652244106907e+02
3.351479686720631435e+02 3.335086826103113253e+02
3.341956259818857689e+02 3.338486126051128622e+02
3.332400002456377024e+02 3.341718259344424951e+02
3.322808956676622643e+02 3.344773256429047024e+02
3.313178902081087926e+02 3.347629627813692537e+02
3.303497811497592238e+02 3.350226133354423723e+02
3.293751339425460287e+02 3.352489728405919323e+02
3.283930166299771827e+02 3.354372959461355777e+02
3.274022145466745428e+02 3.355813977998504924e+02
3.264020591738061512e+02 3.356778744270640686e+02
3.253917418907267916e+02 3.357226084804929656e+02
3.243709871189039404e+02 3.357141967650430843e+02
3.233409896743528975e+02 3.356587230636400818e+02
3.223038106147002964e+02 3.355666819018312594e+02
3.212615462639163297e+02 3.354487473748856132e+02
3.202154507933926766e+02 3.353113054923647383e+02
3.191639563109550863e+02 3.351526983290199837e+02
3.181018906000472839e+02 3.349662046468778840e+02
3.170244627896025804e+02 3.347412331754566139e+02
3.159291315743593600e+02 3.344713459783189933e+02
3.148177729104937157e+02 3.341518250990828847e+02
3.136955800657925693e+02 3.337824210548948827e+02
3.125722005141701629e+02 3.333685389767497895e+02
3.114580988959944534e+02 3.329167299991274263e+02
3.103647322173225120e+02 3.324333157127457525e+02
3.093026898626658863e+02 3.319284038802487089e+02
3.082834037779327900e+02 3.314136162719728418e+02
3.073162020609984211e+02 3.308968727035743314e+02
3.064049218514762742e+02 3.303833426106691036e+02
3.055499002727593734e+02 3.298757959473754795e+02
3.047483356021658665e+02 3.293787513402562581e+02
3.039976082084963878e+02 3.288951742102561298e+02
3.032940741584379793e+02 3.284264986699967608e+02
3.026294357527087300e+02 3.279694962716116038e+02
3.019928889627808530e+02 3.275180983282107832e+02
3.013710256954128113e+02 3.270643200717557875e+02
3.007502840448148049e+02 3.265960673465775699e+02
3.001176530552360759e+02 3.261008341013227323e+02
2.994636677791731358e+02 3.255670718751088089e+02
2.987828209323621991e+02 3.249887662507537698e+02
2.980752513583543077e+02 3.243644499680666513e+02
2.973449357999634231e+02 3.236960803493486196e+02
2.966000370667692891e+02 3.229874962798243132e+02
2.958484466703104090e+02 3.222430648278047443e+02
2.950968348046616256e+02 3.214665022247154411e+02
2.943486193383993168e+02 3.206634220298008700e+02
2.936090948264355802e+02 3.198380134426607242e+02
2.928826303799098696e+02 3.189945689432133236e+02
2.921700184916116996e+02 3.181358628113974873e+02
2.914689745138205694e+02 3.172645735342473472e+02
2.907747022163713382e+02 3.163819966893190667e+02
2.900819690316948822e+02 3.154903818235967492e+02
2.893862756638315545e+02 3.145925468270478973e+02
2.886856485430736825e+02 3.136941551911403963e+02
2.879801597812486307e+02 3.128007060995304300e+02
2.872699539041353205e+02 3.119147464409670647e+02
2.865522411997712311e+02 3.110353555699344952e+02
2.858280055063284522e+02 3.101584880584640587e+02
2.851003265880006552e+02 3.092822967743158529e+02
2.843725063689080912e+02 3.084061332407331406e+02
2.836459146814645464e+02 3.075297284314002582e+02
2.829169856438709871e+02 3.066537826626719720e+02
2.821827421275150982e+02 3.057788806235467973e+02
2.814429643312072358e+02 3.049050654815711709e+02
2.806991682944024546e+02 3.040320394963024455e+02
2.799519810392440604e+02 3.031596795246061902e+02
2.792047044898524177e+02 3.022873370897256109e+02
2.784634518668127043e+02 3.014138115942776039e+02
2.777354265653602852e+02 3.005376883375573698e+02
2.770265887302517740e+02 2.996577967852944084e+02
2.763392982805094675e+02 2.987736734645019965e+02
2.756705879000738264e+02 2.978859011370561234e+02
2.750181506577096116e+02 2.969949328694813175e+02
2.743835438055948543e+02 2.961004628274201878e+02
2.737716353513254717e+02 2.952015349653479461e+02
2.731876681420262685e+02 2.942971196216566341e+02
2.726325341387744743e+02 2.933870416209014138e+02
2.721070939024776294e+02 2.924711319544296657e+02
2.716090797521127911e+02 2.915498359802757022e+02
2.711310386573694586e+02 2.906233751396042635e+02
2.706605514901318088e+02 2.896903362612134742e+02
2.701829176652505566e+02 2.887508956325523286e+02
2.696842886468706411e+02 2.878064960816335542e+02
2.691547960311820589e+02 2.868618782323865162e+02
2.685905788225417723e+02 2.859230426242573913e+02
2.679944345993229149e+02 2.849992680578285444e+02
2.673740839651878787e+02 2.841020685039218847e+02
2.667372788924245697e+02 2.832428478242801475e+02
2.660893228977274703e+02 2.824292033763171048e+02
2.654326212059890508e+02 2.816619142474584123e+02
2.647704377346680076e+02 2.809387944654207558e+02
2.641058950892587518e+02 2.802559370303418405e+02
2.634363262542098596e+02 2.796075819393529400e+02
2.627555851646175142e+02 2.789889092665002863e+02
2.620601351434710864e+02 2.783945203770747980e+02
2.613496151237407048e+02 2.778213677278693012e+02
2.606264075359972594e+02 2.772686043185444760e+02
2.598940964100607971e+02 2.767351604106979721e+02
2.591503474644658809e+02 2.762177849082004855e+02
2.583907826824211043e+02 2.757076306716854788e+02
2.576113500331114778e+02 2.751942568669776392e+02
2.568125843396489358e+02 2.746670352030930076e+02
2.559986745800932226e+02 2.741215261958483325e+02
2.551774483566202321e+02 2.735596595418980996e+02
2.543568705491360333e+02 2.729862485349254371e+02
2.535457241687542478e+02 2.724087829749796583e+02
2.527490213608404304e+02 2.718330912107834365e+02
2.519661024241423206e+02 2.712608579542582561e+02
2.511934898528616884e+02 2.706903743310891173e+02
2.504247336881133208e+02 2.701221641459900411e+02
2.496524611472114827e+02 2.695602251613938165e+02
2.488675281101286885e+02 2.690108739637934150e+02
2.480616272929967181e+02 2.684807652080809248e+02
2.472273107528294247e+02 2.679803531662671503e+02
2.463605417325155997e+02 2.675222624147023112e+02
2.454584472941735669e+02 2.671205134128985037e+02
2.445188975420036286e+02 2.667836579179197543e+02
2.435452383443529527e+02 2.665136996999632402e+02
2.425449540028736806e+02 2.663116351187933333e+02
2.415254982305208955e+02 2.661725812231320560e+02
2.404923764390434258e+02 2.660868718636696713e+02
2.394493716597153536e+02 2.660424897433982778e+02
2.384016769222839116e+02 2.660264812911482863e+02
2.373544557746350279e+02 2.660272113301599575e+02
2.363134888808046696e+02 2.660341372374056732e+02
2.352805330860144863e+02 2.660356090727625542e+02
2.342520632889125238e+02 2.660201795914327363e+02
2.332229585023299023e+02 2.659755766325872628e+02
2.321879636434383656e+02 2.658946570184691609e+02
2.311449746945547190e+02 2.657730329715555513e+02
2.300945073536883001e+02 2.656133303310577389e+02
2.290371655810635616e+02 2.654186243511192060e+02
2.279731145310878446e+02 2.651897559675412595e+02
2.269029637526412841e+02 2.649298288908712493e+02
2.258277629494070595e+02 2.646441880187862807e+02
2.247489688333626532e+02 2.643402506601793789e+02
2.236687918141365401e+02 2.640292718134634242e+02
2.225884500407052542e+02 2.637237795614154834e+02
2.215064935338249370e+02 2.634360056123870208e+02
2.204222964977387278e+02 2.631702409989659373e+02
2.193385607618529605e+02 2.629271301246429289e+02
2.182605473174697295e+02 2.627053880460267692e+02
2.171938489158799541e+02 2.625003026441674479e+02
2.161433248602223500e+02 2.623071529792215415e+02
2.151113920159926920e+02 2.621182206118276099e+02
2.140978855782244921e+02 2.619243690410513636e+02
2.131008876118756632e+02 2.617187331928091680e+02
2.121164659170402729e+02 2.614930754384433271e+02
2.111400530793432608e+02 2.612416421242516549e+02
2.101666319471413544e+02 2.609589737808103109e+02
2.091921654875765739e+02 2.606445496320617394e+02
2.082134415377641972e+02 2.603002224304458423e+02
2.072265083441298543e+02 2.599286454623562008e+02
2.062247544977237226e+02 2.595339726921281454e+02
2.052025741905353584e+02 2.591215139589822911e+02
2.041561085160075208e+02 2.586981937182896445e+02
2.030874280961403429e+02 2.582714676909765217e+02
2.020047601561102510e+02 2.578487096081809113e+02
2.009200431679113876e+02 2.574360721092914446e+02
1.998440270954691300e+02 2.570331061268288408e+02
1.987837415802577539e+02 2.566374344017107205e+02
1.977450726504818022e+02 2.562462428754846542e+02
1.967323423795851056e+02 2.558583331683497590e+02
1.957491064863132237e+02 2.554698864672441800e+02
1.947964034141355683e+02 2.550782458481642720e+02
1.938732156865845013e+02 2.546795174011679137e+02
1.929771985646385417e+02 2.542729550003133170e+02
1.921099224552743863e+02 2.538573442453668463e+02
1.912736339843746407e+02 2.534367249082457931e+02
1.904714386116747278e+02 2.530168218393264965e+02
1.897045554437488306e+02 2.526025400446396532e+02
1.889694411927861211e+02 2.521990329587185329e+02
1.882597764522523676e+02 2.518070117391090150e+02
1.875668893387443177e+02 2.514215502247051859e+02
1.868841365854848391e+02 2.510349024589148996e+02
1.862060904151395562e+02 2.506356055730654191e+02
1.855309585293312011e+02 2.502099774989093248e+02
1.848589680874390808e+02 2.497476032340646839e+02
1.841941571434714717e+02 2.492446966257576264e+02
1.835406118118727363e+02 2.487006895809084313e+02
1.828978935422951508e+02 2.481156478459423624e+02
1.822596554142215268e+02 2.474909208447921571e+02
1.816165116912488315e+02 2.468234999277324846e+02
1.809573557243725190e+02 2.461091847480048216e+02
1.802742169542414388e+02 2.453427075883967632e+02
1.795630715471303347e+02 2.445265259562125948e+02
1.788222692388970927e+02 2.436745812039068824e+02
1.780509129400496704e+02 2.428097765248692497e+02
1.772491173852224620e+02 2.419654548104704475e+02
1.764197664204824605e+02 2.411783121652975410e+02
1.755666872337866664e+02 2.404893913776249406e+02
1.746941098361247668e+02 2.399334059666062728e+02
1.738042541331066388e+02 2.395367335698363718e+02
1.728983224416809890e+02 2.393116607947377190e+02
1.719746619862845307e+02 2.392566890610029020e+02
1.710301508071563035e+02 2.393565498040546515e+02
1.700653570697451755e+02 2.395871631619120308e+02
1.690865864029869385e+02 2.399167482395635602e+02
1.680997681844796716e+02 2.403086920746422095e+02
1.671101138625070064e+02 2.407234266673022489e+02
1.661223599396246868e+02 2.411183741260794022e+02
1.651395715077882187e+02 2.414481592256706790e+02
1.641628955144980750e+02 2.416693620422457229e+02
1.631914499498697637e+02 2.417431761352493709e+02
1.622240810566020173e+02 2.416425864592237076e+02
1.612620192613263157e+02 2.413589498830633602e+02
1.603108090611231376e+02 2.409030989671825296e+02
1.593795695450270387e+02 2.403012497630606958e+02
1.584778114579315798e+02 2.395937446387068235e+02
1.576165752734485181e+02 2.388267432071005487e+02
1.568045169704506634e+02 2.380429865227767721e+02
1.560435420022139681e+02 2.372760517755197895e+02
1.553300880785563436e+02 2.365453849716717514e+02
1.546558316632987271e+02 2.358631155207185088e+02
1.540125238578273184e+02 2.352353495439051017e+02
1.533912034438772025e+02 2.346594393476670746e+02
1.527807362133320339e+02 2.341269189379920590e+02
1.521717607112692008e+02 2.336245043787639872e+02
1.515575676035428501e+02 2.331384520204923660e+02
1.509307239968833585e+02 2.326522161281785657e+02
1.502863723735259214e+02 2.321476791980717849e+02
1.496225866650836451e+02 2.316102600881874878e+02
1.489383764661918690e+02 2.310298461024355561e+02
1.482325682672696985e+02 2.304003737319090419e+02
1.475068364407087245e+02 2.297225434343828283e+02
1.467622453475233897e+02 2.290035234610823522e+02
1.459978127838174089e+02 2.282576263793700377e+02
1.452116828580866468e+02 2.275009689458900652e+02
1.443983503380397622e+02 2.267514169755529565e+02
1.435553999401040812e+02 2.260253886773434147e+02
1.426827853325529816e+02 2.253375356190399543e+02
1.417809589085440223e+02 2.246966320902680820e+02
1.408513858481287571e+02 2.241057900658696838e+02
1.398956158222328270e+02 2.235614063647471141e+02
1.389143281355450199e+02 2.230567121977074123e+02
1.379111508118155598e+02 2.225814073253034167e+02
1.368937944031208929e+02 2.221254872993405911e+02
1.358756720627266077e+02 2.216772804590770818e+02
1.348703550594043463e+02 2.212221633423739604e+02
1.338866735800722836e+02 2.207435187802789756e+02
1.329332651390173226e+02 2.202241325424885190e+02
1.320208777765557784e+02 2.196504329530059465e+02
1.311647448002662770e+02 2.190084342071273511e+02
1.303811761060304093e+02 2.182862126833671539e+02
1.296862476176277426e+02 2.174785148788335789e+02
1.290977520104307530e+02 2.165888079169866671e+02
1.286307228655059589e+02 2.156298609971090627e+02
1.282959738903996367e+02 2.146205520460493403e+02
1.281032054391232862e+02 2.135819618392451389e+02
1.280600921706274562e+02 2.125422920066138488e+02
1.281703013160608577e+02 2.115320517125605875e+02
1.284331137309851840e+02 2.105786462487144490e+02
1.288440397513409721e+02 2.097053460249909449e+02
1.293945261038120407e+02 2.089274695018080479e+02
1.300717355276919420e+02 2.082539490104714730e+02
