1.298804057034584218e+02 2.091825853876534893e+02
1.307420505831860851e+02 2.087162493107314276e+02
1.316822006873597388e+02 2.083338688882209624e+02
1.326799832424072747e+02 2.080294382825112507e+02
1.337120696532902855e+02 2.077929987857777405e+02
1.347587085550610766e+02 2.076108789301877948e+02
1.358060300340573576e+02 2.074673630914138585e+02
1.368435848488663567e+02 2.073476088606589940e+02
1.378667812677546465e+02 2.072389873298275234e+02
1.388770553320302668e+02 2.071307785995094264e+02
1.398786201795340958e+02 2.070129972223670052e+02
1.408748968553396992e+02 2.068785156408519299e+02
1.418657736743509190e+02 2.067216800092429025e+02
1.428509655808584284e+02 2.065413102685404567e+02
1.438321148150857312e+02 2.063442048805593174e+02
1.448121790061227614e+02 2.061426076864519814e+02
1.457934348427322959e+02 2.059459436055432207e+02
1.467770789014340949e+02 2.057591661639136760e+02
1.477653522633658838e+02 2.055863613767780294e+02
1.487628111824510313e+02 2.054302926634286734e+02
1.497732648697607090e+02 2.052954007481326641e+02
1.507989672624582909e+02 2.051856800670533971e+02
1.518381189618992835e+02 2.051053933077841975e+02
1.528857625188621512e+02 2.050559252292269719e+02
1.539335239211070530e+02 2.050384900554161618e+02
1.549726975633467703e+02 2.050554036709739876e+02
1.559925250123496028e+02 2.051100107415636558e+02
1.569805825944410174e+02 2.052029358962186620e+02
1.579262422301864603e+02 2.053345541676470702e+02
1.588230913232597175e+02 2.055052304809880752e+02
1.596698130679665155e+02 2.057143601249357516e+02
1.604699091531765305e+02 2.059596765090860799e+02
1.612303115131961704e+02 2.062355968842263110e+02
1.619599260547703636e+02 2.065322830239893506e+02
1.626699879490169565e+02 2.068402167215087104e+02
1.633730032366390219e+02 2.071504050465093201e+02
1.640812641611237837e+02 2.074508831818153567e+02
1.648064608088167802e+02 2.077292803511684838e+02
1.655593920794125040e+02 2.079742722936484540e+02
1.663494076649035094e+02 2.081778579422862663e+02
1.671830534768728285e+02 2.083328565108054704e+02
1.680645654457084390e+02 2.084400409841658757e+02
1.689942316716250730e+02 2.085054505581970261e+02
1.699670465218966342e+02 2.085352746337592293e+02
1.709739177897367881e+02 2.085362463703453386e+02
1.720034681015047227e+02 2.085133218161832929e+02
1.730456382792426382e+02 2.084727403780407542e+02
1.740929613246377130e+02 2.084219454621404566e+02
1.751394256187713268e+02 2.083719310071750783e+02
1.761826399182272667e+02 2.083347052191689386e+02
1.772233132676420837e+02 2.083249151105035537e+02
1.782661953678817213e+02 2.083568869518620374e+02
1.793164443962861014e+02 2.084406458488562066e+02
1.803788140794734147e+02 2.085797727081086350e+02
1.814564005139429810e+02 2.087767015960660615e+02
1.825527676591965474e+02 2.090300880824885894e+02
1.836695648883927845e+02 2.093406232029639398e+02
1.848039178948968697e+02 2.097071700800276233e+02
1.859493159404631228e+02 2.101258160916054010e+02
1.870980724221338392e+02 2.105919800244332691e+02
1.882423446700209979e+02 2.110973767570258133e+02
1.893756221220357077e+02 2.116314889719357950e+02
1.904935081441563227e+02 2.121829255570454507e+02
1.915934619177981517e+02 2.127387874834409445e+02
1.926741129611562542e+02 2.132837295282622279e+02
1.937365201064623648e+02 2.138077700023084162e+02
1.947830502006648317e+02 2.143042211778993646e+02
1.958158269721245119e+02 2.147654314656675467e+02
1.968374850442801289e+02 2.151873633569335880e+02
1.978522591623319045e+02 2.155740471838286680e+02
1.988654743684317623e+02 2.159325830950189129e+02
1.998826121311745396e+02 2.162692197018735669e+02
2.009087769124307670e+02 2.165886023145020260e+02
2.019470821057640819e+02 2.168892546112869582e+02
2.029984531723071086e+02 2.171653359961378840e+02
2.040615047787682101e+02 2.174087308588700580e+02
2.051325580961534456e+02 2.176110196197888627e+02
2.062060150224122594e+02 2.177654623166963290e+02
2.072752710250169912e+02 2.178688994056233241e+02
2.083336893231488318e+02 2.179210956731307078e+02
2.093756401744612106e+02 2.179217855987640178e+02
2.103991117184647237e+02 2.178734026153600780e+02
2.114068104294742056e+02 2.177810138916334495e+02
2.124036558078564667e+02 2.176488865958654912e+02
2.133921692943184496e+02 2.174822673614302744e+02
2.143733117191424640e+02 2.172851337842308794e+02
2.153483780429851890e+02 2.170628466759500270e+02
2.163192152577822185e+02 2.168230521190349691e+02
2.172874066671977857e+02 2.165723045927561259e+02
2.182545041107566988e+02 2.163170283227547657e+02
2.192215466094754106e+02 2.160615245949231564e+02
2.201894114023409372e+02 2.158094249582090356e+02
2.211581949950340800e+02 2.155611289218783497e+02
2.221273169446277507e+02 2.153142335980834332e+02
2.230958143075764895e+02 2.150647526425431124e+02
2.240625053002021900e+02 2.148077937678231706e+02
2.250277494120362007e+02 2.145448451702403077e+02
2.259927544903346757e+02 2.142809070338917650e+02
2.269597850138959245e+02 2.140253537319176758e+02
2.279318432251416766e+02 2.137906137934523088e+02
2.289119074161787069e+02 2.135890165993450012e+02
2.299019680460253880e+02 2.134288021497107763e+02
2.309020272279448136e+02 2.133099791929277558e+02
2.319108414240153593e+02 2.132273997945131896e+02
2.329284983002919489e+02 2.131762353724121226e+02
2.339578177128636867e+02 2.131520610952562720e+02
2.350012669507432292e+02 2.131537624672279208e+02
2.360598756673470859e+02 2.131802656974526826e+02
2.371292267524499948e+02 2.132301883029260239e+02
2.381999532901019734e+02 2.133027550265381365e+02
2.392609361039164071e+02 2.133991570313689863e+02
2.403027457851717372e+02 2.135240330997116303e+02
2.413186184946096660e+02 2.136803740455837328e+02
2.423063682219368786e+02 2.138679929331751737e+02
2.432701053016962192e+02 2.140849452628214067e+02
2.442165335592675319e+02 2.143309048087157294e+02
2.451540071984780695e+02 2.146089747025685028e+02
2.460887946395478423e+02 2.149259953184883898e+02
2.470264050870116534e+02 2.152900634260406605e+02
2.479697421847102987e+02 2.157082293419874190e+02
2.489164305453536485e+02 2.161838959620400828e+02
2.498615883212436586e+02 2.167155924568232308e+02
2.507990755188583307e+02 2.172994802201378377e+02
2.517252054301082751e+02 2.179275201600287915e+02
2.526382533440424254e+02 2.185910860795857502e+02
2.535335924356800774e+02 2.192832383722927148e+02
2.544052600931918562e+02 2.200028403208704617e+02
2.552488231016013174e+02 2.207527271422370063e+02
2.560597251367546505e+02 2.215379457960915772e+02
2.568340500862042859e+02 2.223581316177958911e+02
2.575665474196255218e+02 2.232063608956062808e+02
2.582555881506890501e+02 2.240739565327422724e+02
2.589086678481000945e+02 2.249521709524659059e+02
2.595397059474100843e+02 2.258305669710607333e+02
2.601655200739087945e+02 2.266991595300587221e+02
2.608010788829756734e+02 2.275473619005915680e+02
2.614564908239009355e+02 2.283677417549654365e+02
2.621359844354364554e+02 2.291590142819006815e+02
2.628421287006993907e+02 2.299255113772574077e+02
2.635751541684409176e+02 2.306750484085429207e+02
2.643298722024759400e+02 2.314141048571821671e+02
2.650994917634973831e+02 2.321479310966981586e+02
2.658749881675288407e+02 2.328819683107052469e+02
2.666455373729655207e+02 2.336224410870082693e+02
2.674053690131069629e+02 2.343747153691534209e+02
2.681502897773781910e+02 2.351437864337518135e+02
2.688799203592002982e+02 2.359332159209481006e+02
2.695975657464543929e+02 2.367457958558326254e+02
2.703068984414401825e+02 2.375851029055493200e+02
2.710144999786933795e+02 2.384493846865339606e+02
2.717253398202257131e+02 2.393308710978661225e+02
2.724451875957878428e+02 2.402167615101651279e+02
2.731741229713701387e+02 2.410938767542109815e+02
2.739076780302785892e+02 2.419518891880455840e+02
2.746460519017356887e+02 2.427854350960209331e+02
2.753939647559694208e+02 2.435971004475914015e+02
2.761567790399668070e+02 2.443927901931641031e+02
2.769369994354890423e+02 2.451767787191599268e+02
2.777325413908910150e+02 2.459502104898373602e+02
2.785387942533023420e+02 2.467128906716537813e+02
2.793509685704667618e+02 2.474612778507553230e+02
2.801605063545691792e+02 2.481917872803504679e+02
2.809593805822134982e+02 2.488993058083394772e+02
2.817378619864100529e+02 2.495811067008067710e+02
2.824880013258342046e+02 2.502351031524518135e+02
2.832056262175244683e+02 2.508610705894056423e+02
2.838936691546300608e+02 2.514577718532589188e+02
2.845591461214304445e+02 2.520246057330756742e+02
2.852095044194365983e+02 2.525587064282339043e+02
2.858539498045937535e+02 2.530555910295798867e+02
2.865008498173046974e+02 2.535136394866197236e+02
2.871588103400395653e+02 2.539311196504244208e+02
2.878368018704721294e+02 2.543079663635927545e+02
2.885418509113458185e+02 2.546499974075053956e+02
2.892813924007201081e+02 2.549659266282164936e+02
2.900647630186308561e+02 2.552670937435314329e+02
2.909011413235712666e+02 2.555677314820708261e+02
2.918001217976967610e+02 2.558760433455971111e+02
2.927658685321098346e+02 2.561970746327428401e+02
2.937969630907712713e+02 2.565314097408063390e+02
2.948826373857996259e+02 2.568786694912291750e+02
2.960078012836884227e+02 2.572365147558068088e+02
2.971550070503975576e+02 2.576045667960216861e+02
2.983047353488082649e+02 2.579830614835452707e+02
2.994372477668621286e+02 2.583713277748541941e+02
3.005348638767727039e+02 2.587680236377993879e+02
3.015837632295735489e+02 2.591708746215972496e+02
3.025751059482174128e+02 2.595765770265355741e+02
3.035041234330806788e+02 2.599818035279188280e+02
3.043675043570683556e+02 2.603827605888920971e+02
3.051648913047642964e+02 2.607748042986873998e+02
3.058995525710461152e+02 2.611580535631267139e+02
3.065812706462316442e+02 2.615318695237146471e+02
3.072228961143691208e+02 2.618965984543650620e+02
3.078389995138671793e+02 2.622524242313401714e+02
3.084470537208187011e+02 2.626011073199313159e+02
3.090624326197240634e+02 2.629452032724025798e+02
3.096969363214698774e+02 2.632910032276062680e+02
3.103591639592141291e+02 2.636478626076029741e+02
3.110544051414870523e+02 2.640250176004915375e+02
3.117862325388258000e+02 2.644340172049833200e+02
3.125559207542718809e+02 2.648838771983650417e+02
3.133627017852635390e+02 2.653768056460944536e+02
3.142073701701462483e+02 2.659132638829933626e+02
3.150942593879103697e+02 2.664907278090560681e+02
3.160265104744365772e+02 2.671031508366005482e+02
3.170027270430174440e+02 2.677424652910445957e+02
3.180166972789759257e+02 2.683992287591154309e+02
3.190576308188474286e+02 2.690619948764422702e+02
3.201113986558789293e+02 2.697165179519514027e+02
3.211639802124883545e+02 2.703496783159341135e+02
3.222033737537649927e+02 2.709502872456691307e+02
3.232211563528413762e+02 2.715122655412103541e+02
3.242120177809177903e+02 2.720337829102051046e+02
3.251728441271079646e+02 2.725189710342713170e+02
3.260991497789981395e+02 2.729767001609405384e+02
3.269822884044239686e+02 2.734212816257937106e+02
3.278133437689482435e+02 2.738682091978189419e+02
3.285887166201353580e+02 2.743345069660346098e+02
3.293144683791714442e+02 2.748361410467877022e+02
3.300063272748446366e+02 2.753823424214014608e+02
3.306826713801717688e+02 2.759777330090859095e+02
3.313651708107198601e+02 2.766230336685737825e+02
3.320728974036885006e+02 2.773158152856574361e+02
3.328168038014522949e+02 2.780515227514453045e+02
3.336038169890924223e+02 2.788242504521941783e+02
3.344363354384568652e+02 2.796295539524173819e+02
3.353129022465319622e+02 2.804620323446349062e+02
3.362265341215399985e+02 2.813154973426584320e+02
3.371665682911800559e+02 2.821777999794595644e+02
3.381203170015330102e+02 2.830367897241655442e+02
3.390768465118586050e+02 2.838811464065292967e+02
3.400257588292645892e+02 2.847012907302919871e+02
3.409561316702701106e+02 2.854895827259796306e+02
3.418568108104270209e+02 2.862388787620957942e+02
3.427183832665627392e+02 2.869446226923744803e+02
3.435339592449216184e+02 2.876032321324138366e+02
3.443022625555210539e+02 2.882138446280827111e+02
3.450295577975504102e+02 2.887789961070212144e+02
3.457243419021671116e+02 2.893049145521217724e+02
3.463948152049522378e+02 2.898009015199399983e+02
3.470488949595822419e+02 2.902785789087381545e+02
3.476934744855918211e+02 2.907509599423596001e+02
3.483284652792381166e+02 2.912332484712077303e+02
3.489511393882449397e+02 2.917407818389044110e+02
3.495566657353336382e+02 2.922882614376397896e+02
3.501421303277477932e+02 2.928876736073145821e+02
3.507114031766793687e+02 2.935463640121857907e+02
3.512726511675303982e+02 2.942664090625761446e+02
3.518343681045564040e+02 2.950445862591034825e+02
3.524030429308277235e+02 2.958728273812184852e+02
3.529829304497276325e+02 2.967393859637010110e+02
3.535791682972554213e+02 2.976304463969250378e+02
3.541979922537942116e+02 2.985329359897745576e+02
3.548425881924957821e+02 2.994368201292893445e+02
3.555129433332495523e+02 3.003334345817660278e+02
3.562050552080218608e+02 3.012184542332591946e+02
3.569130154620971780e+02 3.020904772133913525e+02
3.576293740499681348e+02 3.029525921982440195e+02
3.583482030230931628e+02 3.038089676536128536e+02
3.590601417130607729e+02 3.046657534685935502e+02
3.597533063836557403e+02 3.055270743461531424e+02
3.604109983251956919e+02 3.063969640359054551e+02
3.610167472578706338e+02 3.072794011078171934e+02
3.615529514449715407e+02 3.081786374472137595e+02
3.620062715540011595e+02 3.090978953106848621e+02
3.623700034112193862e+02 3.100387941621739856e+02
3.626414622365959417e+02 3.110019825386410730e+02
3.628240287922400285e+02 3.119866437813074072e+02
3.629274604358437273e+02 3.129904208974130597e+02
3.629656359832193857e+02 3.140099613124783673e+02
3.629527316950346290e+02 3.150418406010787749e+02
3.629017991793518263e+02 3.160829060094995384e+02
3.628201287512425779e+02 3.171313964851703417e+02
3.627115244604839859e+02 3.181876471807340749e+02
3.625775961047845612e+02 3.192551579533787844e+02
3.624152142445482809e+02 3.203374212595202835e+02
3.622196738809026328e+02 3.214368626802455537e+02
3.619851142891906193e+02 3.225520688396335345e+02
3.617081453878446382e+02 3.236785666953230702e+02
3.613852857014703659e+02 3.248072758525497647e+02
3.610117220733823160e+02 3.259262052276376380e+02
3.605817773002066247e+02 3.270249314512729484e+02
3.600902703277967021e+02 3.280986199050706773e+02
3.595328928869275842e+02 3.291458957634833951e+02
3.589087361311304107e+02 3.301695977963321411e+02
3.582222619441471920e+02 3.311743814797977734e+02
3.574828346740195002e+02 3.321634474836158120e+02
3.567009046106188066e+02 3.331368176161939232e+02
3.558882510572422575e+02 3.340902627774116809e+02
3.550549819593852021e+02 3.350169320118710630e+02
3.542095367401275325e+02 3.359086418916790535e+02
3.533559499676957785e+02 3.367571208145591299e+02
3.524960483264152913e+02 3.375532149392203110e+02
3.516315370573196901e+02 3.382922717892235482e+02
3.507615175293038305e+02 3.389759075548845999e+02
3.498844612117783299e+02 3.396091229559754083e+02
3.489980476831630085e+02 3.401984103572185063e+02
3.481025891537400412e+02 3.407502537282112485e+02
3.471983321708691506e+02 3.412656737130636770e+02
3.462844708768942610e+02 3.417413342635989579e+02
3.453603851465036882e+02 3.421746682168699181e+02
3.444259439573860391e+02 3.425651331734351288e+02
3.434820433330892229e+02 3.429164384456031485e+02
3.425295389103552566e+02 3.432321261544568074e+02
3.415697965615576663e+02 3.435178506683657247e+02
3.406032426962254362e+02 3.437753772156191872e+02
3.396295234601954576e+02 3.440032409289088946e+02
3.386473849840377284e+02 3.441962511039037622e+02
3.376549351928707665e+02 3.443465750260907043e+02
3.366507102997982201e+02 3.444481529855821123e+02
3.356334890735643626e+02 3.444959293918862500e+02
3.346024539161626308e+02 3.444865195947259053e+02
3.335578628804963159e+02 3.444209918682694251e+02
3.325011494633575353e+02 3.443052805289853495e+02
3.314330330303826599e+02 3.441475550673155794e+02
3.303525386041550860e+02 3.439598776486973861e+02
3.292598519800609438e+02 3.437543458716146461e+02
3.281565230944887048e+02 3.435427123804587382e+02
3.270481588247799323e+02 3.433312849950966665e+02
3.259444562255399092e+02 3.431222056637036530e+02
3.248563156330224615e+02 3.429133772800468023e+02
3.237919965643881142e+02 3.427005095022661862e+02
3.227543363573707893e+02 3.424804551137211774e+02
3.217446886257313849e+02 3.422509005950608980e+02
3.207634405709046064e+02 3.420107359967149705e+02
3.198076568421177512e+02 3.417576262765336423e+02
3.188727953757618820e+02 3.414830023690385588e+02
3.179540779210893788e+02 3.411790507917286845e+02
3.170494476282828487e+02 3.408405402508990392e+02
3.161580572555088793e+02 3.404651899174731398e+02
3.152809786137934793e+02 3.400538210844101741e+02
3.144189891996612687e+02 3.396109257781074007e+02
3.135744631223886358e+02 3.391442326177263453e+02
3.127488608218467334e+02 3.386602218566094962e+02
3.119403620471911722e+02 3.381656847729033188e+02
3.111466335988215519e+02 3.376670736099870851e+02
3.103641809458478065e+02 3.371667612492020112e+02
3.095926796142712192e+02 3.366641625190995910e+02
3.088343555484140097e+02 3.361554219614871499e+02
3.080911584387342259e+02 3.356369884942596400e+02
3.073655004138096274e+02 3.351044997702592809e+02
3.066576174161122026e+02 3.345547929622460970e+02
3.059602949892798733e+02 3.339853393779896464e+02
3.052631588811891561e+02 3.333942429544940751e+02
3.045561501186781470e+02 3.327777825741957258e+02
3.038272478575927380e+02 3.321327778997184055e+02
3.030678743497730920e+02 3.314549576294448912e+02
3.022763773923581425e+02 3.307413959112418524e+02
3.014535285866527943e+02 3.299903467532918739e+02
3.006022135719141488e+02 3.292023764188537598e+02
2.997313408301425852e+02 3.283840537865569331e+02
2.988547628874058546e+02 3.275450814512368538e+02
2.979868850109398295e+02 3.266951334210010032e+02
2.971362559311347127e+02 3.258420660416739452e+02
2.963079891600409610e+02 3.249899360427893953e+02
2.955058224825668844e+02 3.241406696187767693e+02
2.947320269043929102e+02 3.232924291453003889e+02
2.939875185254593362e+02 3.224422568215049978e+02
2.932710695605673550e+02 3.215865605110477645e+02
2.925805682850786411e+02 3.207245962622824891e+02
2.919169575797424159e+02 3.198561363124101717e+02
2.912786014978566413e+02 3.189815758416276026e+02
2.906613776092587500e+02 3.181019106664614355e+02
2.900597744357544912e+02 3.172184721426548322e+02
2.894674212140132568e+02 3.163327991953470928e+02
2.888783447458862952e+02 3.154463347136107814e+02
2.882866797298878510e+02 3.145604955229404140e+02
2.876846362213532302e+02 3.136771633667090100e+02
2.870677681001308770e+02 3.127974122521774234e+02
2.864358226352981092e+02 3.119213032291680747e+02
2.857904940960777935e+02 3.110484270290636459e+02
2.851382387854973217e+02 3.101772240637079676e+02
2.844837798556811208e+02 3.093065534058425783e+02
2.838286278599121033e+02 3.084360501653747519e+02
2.831714656812673638e+02 3.075660325058023545e+02
2.825105640570118339e+02 3.066969181487949641e+02
2.818442957888214551e+02 3.058291001612863056e+02
2.811731031558106793e+02 3.049624717060870012e+02
2.805013486825183691e+02 3.040959789693391713e+02
2.798306547070584429e+02 3.032292300581441395e+02
2.791603164989741117e+02 3.023623952075836314e+02
2.784886543696727017e+02 3.014958801641698756e+02
2.778187224751483200e+02 3.006289471642795093e+02
2.771562587793833927e+02 2.997602101421361454e+02
2.765062974879454600e+02 2.988884530322383739e+02
2.758697727332057070e+02 2.980134501850501465e+02
2.752417202966212812e+02 2.971364007599682964e+02
2.746176989182505395e+02 2.962583775902186289e+02
2.739990772332428719e+02 2.953790500675319208e+02
2.733867388277850523e+02 2.944982047523367328e+02
2.727824557344604841e+02 2.936154135914549101e+02
2.721895163713874695e+02 2.927298822327738321e+02
2.716112985845493313e+02 2.918407947219359357e+02
2.710498028364016250e+02 2.909476678261158895e+02
2.705040143150864651e+02 2.900507466838315622e+02
2.699692798555039985e+02 2.891511553162367818e+02
2.694389463527472799e+02 2.882492467900332258e+02
2.689080572684688377e+02 2.873423296885657692e+02
2.683704765378295178e+02 2.864291497358323682e+02
2.678227809444177865e+02 2.855092448069579518e+02
2.672614801687587942e+02 2.845862871212937080e+02
2.666851312995485728e+02 2.836659171816514800e+02
2.660913510333441536e+02 2.827573780210126984e+02
2.654812849161883150e+02 2.818696579523038963e+02
2.648586844499526478e+02 2.810121630721494057e+02
2.642267131412588697e+02 2.801928150407196654e+02
2.635872229909948601e+02 2.794191486529494455e+02
2.629396771848611820e+02 2.786965052909079645e+02
2.622839521678865822e+02 2.780301697175196978e+02
2.616259318847170903e+02 2.774238489830139542e+02
2.609752982082414405e+02 2.768783317656314580e+02
2.603373478040047075e+02 2.763916061212616455e+02
2.597154292259753561e+02 2.759568150788298908e+02
2.591072293274102094e+02 2.755632329116406254e+02
2.585049025058857524e+02 2.751956290047486959e+02
2.578996469363962092e+02 2.748335152829499748e+02
2.572822110112158498e+02 2.744565390686199180e+02
2.566429498193683685e+02 2.740470166535144472e+02
2.559753137535900578e+02 2.735934854607117472e+02
2.552799617706412505e+02 2.730897937728915394e+02
2.545623365283160524e+02 2.725385032342790055e+02
2.538309941091341670e+02 2.719487101305950318e+02
2.530922085209750207e+02 2.713299354690409473e+02
2.523496821953627602e+02 2.706910159491030186e+02
2.516034486668150976e+02 2.700422136024238853e+02
2.508516531010787958e+02 2.693921355961852555e+02
2.500902484883225156e+02 2.687505863073395176e+02
2.493157113206177655e+02 2.681274802707158642e+02
2.485250515293206490e+02 2.675352810310548648e+02
2.477169584930965129e+02 2.669865947750806754e+02
2.468905252055817527e+02 2.664953961780828422e+02
2.460457824496708099e+02 2.660746700409616210e+02
2.451810272265476556e+02 2.657329621631547525e+02
2.442934953609739352e+02 2.654717848740747286e+02
2.433783644304206746e+02 2.652855225096509457e+02
2.424322080469587490e+02 2.651634147735232432e+02
2.414537390055404273e+02 2.650935190180301788e+02
2.404465944180133476e+02 2.650639890274297841e+02
2.394162611666232010e+02 2.650623825839042524e+02
2.383695008296996320e+02 2.650787704190771592e+02
2.373158178016488762e+02 2.651032366051064173e+02
2.362632555694821122e+02 2.651280071290835281e+02
2.352150924774967962e+02 2.651447461596961261e+02
2.341711031834957453e+02 2.651408090911024829e+02
2.331272405291850305e+02 2.651047780023120595e+02
2.320779178144325954e+02 2.650248538110456025e+02
2.310180373203515387e+02 2.648960315691365395e+02
2.299463101082270384e+02 2.647181668917190791e+02
2.288634199360703576e+02 2.644940903651249755e+02
2.277699716667376038e+02 2.642263059695708876e+02
2.266666424836438409e+02 2.639176170742124441e+02
2.255556534262905757e+02 2.635772182244180613e+02
2.244410863797286311e+02 2.632220073984819919e+02
2.233265878968134075e+02 2.628670804088127397e+02
2.222155734803031635e+02 2.625265765784813539e+02
2.211105630790223415e+02 2.622109278623344153e+02
2.200123491666275584e+02 2.619234149021543203e+02
2.189210860113239505e+02 2.616646763295412370e+02
2.178365892896092078e+02 2.614339490915177180e+02
2.167579524116201526e+02 2.612274801338848533e+02
2.156835375984664438e+02 2.610384894636259219e+02
2.146114760211606267e+02 2.608592405983868048e+02
2.135403611857165345e+02 2.606839110065302521e+02
2.124693416819182517e+02 2.605089760637295058e+02
2.113956598532074054e+02 2.603282112623491003e+02
2.103140209776161669e+02 2.601357961109763437e+02
2.092208065904054308e+02 2.599228880297314390e+02
2.081171689236032591e+02 2.596834949399805055e+02
2.070076378835243531e+02 2.594133293174054415e+02
2.058970358141858412e+02 2.591103065605619804e+02
2.047874443367873027e+02 2.587749608240920907e+02
2.036803186815477602e+02 2.584082100742313628e+02
2.025777360669839027e+02 2.580171756642383798e+02
2.014843054659086761e+02 2.576116192924596930e+02
2.004062254963142777e+02 2.572049575817560481e+02
1.993508294839766677e+02 2.568060245985787446e+02
1.983238676296131757e+02 2.564167727406097015e+02
1.973308440044543204e+02 2.560337233572643072e+02
1.963759450391509631e+02 2.556532027356514618e+02
1.954630016164579729e+02 2.552715345756857630e+02
1.945935111025424931e+02 2.548882738430298218e+02
1.937672076426190984e+02 2.545022049776344772e+02
1.929819059888165498e+02 2.541156356076631937e+02
1.922348625603348182e+02 2.537299588951288456e+02
1.915220197614507356e+02 2.533464049843104249e+02
1.908400739015883687e+02 2.529670167187109939e+02
1.901849795898797311e+02 2.525930449559267004e+02
1.895529381301180649e+02 2.522221409913936156e+02
1.889404203600055325e+02 2.518546902735193385e+02
1.883461279320686117e+02 2.514923705704160284e+02
1.877689568469335200e+02 2.511382221074672714e+02
1.872026573578369550e+02 2.507930539899782048e+02
1.866373186080651294e+02 2.504530938898613499e+02
1.860617241241992019e+02 2.501135340998624486e+02
1.854707776839849771e+02 2.497665607896956033e+02
1.848617356878376938e+02 2.494054327038161603e+02
1.842325956848869168e+02 2.490223499627691695e+02
1.835832127285392232e+02 2.486078839971783054e+02
1.829138294538761329e+02 2.481535208001010346e+02
1.822286660486333290e+02 2.476483586516970945e+02
1.815342435596051587e+02 2.470848668203482248e+02
1.808371820180173870e+02 2.464568825788521735e+02
1.801406879947264201e+02 2.457617055034750138e+02
1.794446047408341371e+02 2.449992829275010990e+02
1.787459054231638902e+02 2.441789876162599739e+02
1.780412579768448040e+02 2.433176422914308716e+02
1.773272114833580986e+02 2.424424929975225211e+02
1.766018990888301232e+02 2.415853247294950847e+02
1.758644668876155777e+02 2.407838236188845826e+02
1.751160317510326081e+02 2.400756616494383024e+02
1.743572711651743816e+02 2.394963341198956073e+02
1.735884545863141284e+02 2.390741533146100153e+02
1.728058713739031873e+02 2.388263338027518330e+02
1.720019963182862739e+02 2.387578506491088888e+02
1.711701435287164657e+02 2.388619921005627873e+02
1.703078762123001866e+02 2.391192797562194414e+02
1.694152703574827399e+02 2.395019114816507795e+02
1.684996325942716453e+02 2.399726454214796831e+02
1.675706749187662012e+02 2.404867958066428741e+02
1.666350655587072538e+02 2.409956962768923745e+02
1.656992910556119796e+02 2.414480927866985667e+02
1.647664949345306695e+02 2.417986486929098078e+02
1.638387673243909717e+02 2.420108688887573294e+02
1.629145928337837006e+02 2.420633271650133054e+02
1.619937338982437325e+02 2.419485411102933199e+02
1.610784325366273606e+02 2.416748977677263497e+02
1.601744658497779028e+02 2.412638257340431664e+02
1.592916601518781192e+02 2.407443172876395465e+02
1.584375502975319137e+02 2.401506865455972388e+02
1.576158890973642883e+02 2.395142694105426813e+02
1.568255133404897492e+02 2.388607223148357264e+02
1.560626553671877446e+02 2.382088167444119335e+02
1.553210211969591796e+02 2.375709841277683267e+02
1.545939510200529696e+02 2.369493342194118952e+02
1.538747489459532289e+02 2.363413982392391404e+02
1.531587844691887028e+02 2.357392971812162159e+02
1.524432788180565410e+02 2.351366254323496037e+02
1.517280822437544998e+02 2.345264472451456186e+02
1.510132992783601367e+02 2.339041614348606117e+02
1.503004330884129729e+02 2.332660038081740481e+02
1.495912450562750280e+02 2.326112083643189976e+02
1.488876782794613689e+02 2.319447015849048626e+02
1.481929590824120453e+02 2.312724548542440175e+02
1.475084389041030875e+02 2.306043130890804491e+02
1.468330431429592124e+02 2.299542811614754783e+02
1.461657961175756100e+02 2.293371610004519141e+02
1.455013657585804197e+02 2.287656907460706748e+02
1.448268066618494458e+02 2.282462267816636370e+02
1.441281704702654736e+02 2.277739762814743472e+02
1.433915753275377938e+02 2.273406058167411743e+02
1.426095907162093113e+02 2.269334634009277352e+02
1.417795358624993298e+02 2.265390110023477632e+02
1.409007846998195816e+02 2.261430856578357407e+02
1.399750738469878968e+02 2.257345934330093087e+02
1.390111200628012682e+02 2.253031430526302188e+02
1.380185760355693958e+02 2.248403907220943836e+02
1.370063236940913498e+02 2.243415223087896493e+02
1.359861394900158018e+02 2.238042517043268731e+02
1.349717354407631262e+02 2.232285391184476566e+02
1.339786692318299401e+02 2.226152393973291055e+02
1.330185176039848329e+02 2.219644252745786730e+02
1.321001511337595673e+02 2.212721299735459866e+02
1.312308360108308705e+02 2.205360581692908113e+02
1.304195017249764987e+02 2.197572440693887756e+02
1.296749955971225745e+02 2.189393969652049350e+02
1.290075850768168664e+02 2.180861300039522916e+02
1.284287847993477669e+02 2.172034298434778066e+02
1.279529817450682003e+02 2.162985141102836906e+02
1.275951643358989429e+02 2.153822656812103560e+02
1.273686970310677111e+02 2.144666510465766294e+02
1.272845761781462102e+02 2.135641140929571122e+02
1.273511870269432222e+02 2.126897345025316781e+02
1.275722910701793751e+02 2.118568437723097304e+02
1.279462869308226800e+02 2.110786203600387694e+02
1.284653118028708434e+02 2.103677769281767667e+02
1.291154358827079704e+02 2.097341029872947615e+02
1.298804057034584218e+02 2.091825853876534893e+02
