1.439658564751131280e+02 2.041505878237796878e+02
1.449493638207758295e+02 2.039235632446070099e+02
1.459331606378006541e+02 2.036997285581175845e+02
1.469187410972866132e+02 2.034955491079678893e+02
1.479077336676927530e+02 2.033289701568051555e+02
1.489014887333752597e+02 2.032148725589761682e+02
1.499007879483494889e+02 2.031618699210426655e+02
1.509055678693134155e+02 2.031692631157291089e+02
1.519146632000625061e+02 2.032242109078629539e+02
1.529263992000998087e+02 2.033082581300034235e+02
1.539394241294429833e+02 2.034065089891867331e+02
1.549528749061350084e+02 2.035094525659233682e+02
1.559667160127717693e+02 2.036166974684479669e+02
1.569814638525263604e+02 2.037339343139294670e+02
1.579981567446242821e+02 2.038726050870814106e+02
1.590175232025373475e+02 2.040407378006790964e+02
1.600398368819897712e+02 2.042413480635408689e+02
1.610648104806211904e+02 2.044712698847706633e+02
1.620915458509458063e+02 2.047206059326525462e+02
1.631193199019962776e+02 2.049813879488792452e+02
1.641479517028744226e+02 2.052516221260352154e+02
1.651777364185720103e+02 2.055345610989951410e+02
1.662089130007848325e+02 2.058328380479819657e+02
1.672410462031563156e+02 2.061416566810312645e+02
1.682732589355929349e+02 2.064513517129445006e+02
1.693043482154841968e+02 2.067486666149966368e+02
1.703332146300545560e+02 2.070214861688012888e+02
1.713586897199717782e+02 2.072569342824129421e+02
1.723797770096695388e+02 2.074440300764294420e+02
1.733960878863295250e+02 2.075784911473109844e+02
1.744098863106375461e+02 2.076680264359713988e+02
1.754272150708737854e+02 2.077290349329223602e+02
1.764526754256466461e+02 2.077830870695971726e+02
1.774884041303673428e+02 2.078480086834603640e+02
1.785294057003751504e+02 2.079366679007549408e+02
1.795647398026416681e+02 2.080585633250743740e+02
1.805818032667674800e+02 2.082224297132489994e+02
1.815694053899278799e+02 2.084279029357843456e+02
1.825206397220740371e+02 2.086711856240226268e+02
1.834340527678373576e+02 2.089502468266564108e+02
1.843132927477839473e+02 2.092673802216710328e+02
1.851656390906421734e+02 2.096276827880138285e+02
1.859997840501658288e+02 2.100316710764372772e+02
1.868245095558334583e+02 2.104762136047630179e+02
1.876480364357313420e+02 2.109556914211692060e+02
1.884786625299826710e+02 2.114652567697534664e+02
1.893244115586372516e+02 2.119971186237821712e+02
1.901929559163897068e+02 2.125359187410170421e+02
1.910906921493632353e+02 2.130568756222764648e+02
1.920221816559345598e+02 2.135351343194242304e+02
1.929915235126204607e+02 2.139607175490770885e+02
1.940020983360922457e+02 2.143346740795227277e+02
1.950491986985784649e+02 2.146655553390498312e+02
1.961184040560353310e+02 2.149618422911933919e+02
1.971896942205652294e+02 2.152303812785202695e+02
1.982442903147603488e+02 2.154798579870311528e+02
1.992713359500641843e+02 2.157263945385936381e+02
2.002692696861940647e+02 2.159843970010001897e+02
2.012414871742213336e+02 2.162666648701315921e+02
2.021949116077616395e+02 2.165759075492725856e+02
2.031344934838258496e+02 2.169070599093678879e+02
2.040638265002614560e+02 2.172479503611301652e+02
2.049863040758544628e+02 2.175831269917669601e+02
2.059045383078784823e+02 2.178931973751064106e+02
2.068206973101703738e+02 2.181587451119100365e+02
2.077374520141769665e+02 2.183610261119836196e+02
2.086582745553737368e+02 2.184854558982285084e+02
2.095875048585944853e+02 2.185280860920615567e+02
2.105296364211764057e+02 2.184960437587049000e+02
2.114880643295441871e+02 2.184033835815477005e+02
2.124638747126339524e+02 2.182665557189458241e+02
2.134553280719493671e+02 2.181037357563363912e+02
2.144581417235125969e+02 2.179355692272543763e+02
2.154658229867646924e+02 2.177760853184247196e+02
2.164715229472688520e+02 2.176296227559317344e+02
2.174712537827140579e+02 2.174967070901694228e+02
2.184659999665396981e+02 2.173762920677998522e+02
2.194597393973344026e+02 2.172620221779214660e+02
2.204531974905236495e+02 2.171446520270618521e+02
2.214451230935824810e+02 2.170103942676385600e+02
2.224342281809557846e+02 2.168450552216867777e+02
2.234194149666192573e+02 2.166365375971604976e+02
2.244009625288015286e+02 2.163879167573460336e+02
2.253801443426707749e+02 2.161132260390523356e+02
2.263588751849206062e+02 2.158335657408369173e+02
2.273389999723123651e+02 2.155692663245279164e+02
2.283222110684823747e+02 2.153389771595869888e+02
2.293099074795766796e+02 2.151581148987574466e+02
2.303028955320058913e+02 2.150355650314303375e+02
2.313009989943755613e+02 2.149693855373957376e+02
2.323028563661953854e+02 2.149445730656475178e+02
2.333067084966492928e+02 2.149417422708597201e+02
2.343112677216824693e+02 2.149467034586986642e+02
2.353162386051778583e+02 2.149562010065664026e+02
2.363218996831136565e+02 2.149733043023023242e+02
2.373281423246508268e+02 2.149968162647308532e+02
2.383349379712660436e+02 2.150264221869872756e+02
2.393423638032725194e+02 2.150629725743327185e+02
2.403507426404346461e+02 2.151100248094285803e+02
2.413620908157354847e+02 2.151725590458169108e+02
2.423815076920572835e+02 2.152565779924856315e+02
2.434125609082867641e+02 2.153722618833601246e+02
2.444567457375596007e+02 2.155303676023408457e+02
2.455104966747178139e+02 2.157422819794067834e+02
2.465669984177239655e+02 2.160127583997873444e+02
2.476135906915439762e+02 2.163380406656631578e+02
2.486355962616299848e+02 2.167065418170347186e+02
2.496224474206554760e+02 2.171037505279853690e+02
2.505670226577076676e+02 2.175216184702216538e+02
2.514669256648423641e+02 2.179579492220544239e+02
2.523196912186973293e+02 2.184157067071963070e+02
2.531239382691149160e+02 2.189017357485421940e+02
2.538827838632093972e+02 2.194245042952704807e+02
2.545995014746108893e+02 2.199925996479111632e+02
2.552774576525632142e+02 2.206117730897287288e+02
2.559217294329511674e+02 2.212827577834780186e+02
2.565426199951770059e+02 2.220014377350864265e+02
2.571576269871469549e+02 2.227645381923881303e+02
2.577840426864285064e+02 2.235695641544748469e+02
2.584363414133333663e+02 2.244170255904724911e+02
2.591259609090170102e+02 2.253052509734548039e+02
2.598554849556745125e+02 2.262276146805403130e+02
2.606198781968330422e+02 2.271753227959804917e+02
2.614119487550162830e+02 2.281354021976235344e+02
2.622213886180927602e+02 2.290964688872308272e+02
2.630395384504416825e+02 2.300520620138053118e+02
2.638643321231838286e+02 2.309977702518711169e+02
2.646939251313203840e+02 2.319342801080263996e+02
2.655284946820454479e+02 2.328642193203878890e+02
2.663624981757745900e+02 2.337926454985537248e+02
2.671874080353824752e+02 2.347218968915205153e+02
2.679952354698634167e+02 2.356542628553699785e+02
2.687798253963359798e+02 2.365948565803707311e+02
2.695383938067395206e+02 2.375450101224968478e+02
2.702701027266214737e+02 2.385023274085405944e+02
2.709804997050748625e+02 2.394636200307396336e+02
2.716798629560709628e+02 2.404212659036468267e+02
2.723794143831568704e+02 2.413640559772231313e+02
2.730896102888112296e+02 2.422804108772421046e+02
2.738160530874105234e+02 2.431632101467554037e+02
2.745594641843240424e+02 2.440129124657094621e+02
2.753198465201944600e+02 2.448326152435626000e+02
2.760948705241397079e+02 2.456273415709475501e+02
2.768795170810383866e+02 2.463998623900145901e+02
2.776647961551158801e+02 2.471519675001295013e+02
2.784443775562866108e+02 2.478821046405283255e+02
2.792171142357689746e+02 2.485889088903001607e+02
2.799820268139524728e+02 2.492704729559232533e+02
2.807406892592165946e+02 2.499267694779282465e+02
2.814971803022867221e+02 2.505583300159724445e+02
2.822541273719838273e+02 2.511680168289173878e+02
2.830158243370080982e+02 2.517556451017615018e+02
2.837898233044319340e+02 2.523185504089064182e+02
2.845834611506894021e+02 2.528553590581780384e+02
2.854047318479529167e+02 2.533642149984167702e+02
2.862598369825778946e+02 2.538452533135873068e+02
2.871552449118367463e+02 2.542999665331512915e+02
2.880967501666979160e+02 2.547347039585552579e+02
2.890824172525874474e+02 2.551585767951396235e+02
2.901044973974033496e+02 2.555799937488636999e+02
2.911530902738500686e+02 2.560066359954475388e+02
2.922188164037196429e+02 2.564462037166126152e+02
2.932926447311187417e+02 2.568966045322659397e+02
2.943636974372764712e+02 2.573507866688160561e+02
2.954269977180966862e+02 2.578045959053986849e+02
2.964874548119695419e+02 2.582561749688977670e+02
2.975490002148958979e+02 2.587078852132037809e+02
2.986120349457430052e+02 2.591583808891317631e+02
2.996707650112372789e+02 2.596063974544933899e+02
3.007175109253477672e+02 2.600528858347845471e+02
3.017462121456401860e+02 2.604989000652996651e+02
3.027535497788242083e+02 2.609452112467640745e+02
3.037411907691432020e+02 2.613974306915811781e+02
3.047162843329270459e+02 2.618607917045260365e+02
3.056859618258559976e+02 2.623423667306611833e+02
3.066556995700445896e+02 2.628449874347085711e+02
3.076242138910038193e+02 2.633695786132980174e+02
3.085835287410785099e+02 2.639101495872691885e+02
3.095236341916183846e+02 2.644606813737831317e+02
3.104372351403097809e+02 2.650155833904699989e+02
3.113220567847791926e+02 2.655692512886467398e+02
3.121809167826244220e+02 2.661149257618651518e+02
3.130202865360666351e+02 2.666436432760959860e+02
3.138486186944095380e+02 2.671500379643313181e+02
3.146755398699541502e+02 2.676321979971834821e+02
3.155116205087165895e+02 2.680938322472597974e+02
3.163611569236357468e+02 2.685420525379644232e+02
3.172235872185948438e+02 2.689871537795329459e+02
3.180985854484488868e+02 2.694387778859226046e+02
3.189871107824481555e+02 2.699085015462692922e+02
3.198945336934492616e+02 2.704104602489372837e+02
3.208252760936111940e+02 2.709560931747041650e+02
3.217775641899817174e+02 2.715550430903699635e+02
3.227418921953754989e+02 2.722117151087582556e+02
3.237051204663320050e+02 2.729284121501300433e+02
3.246497163247926210e+02 2.737061197646312394e+02
3.255596433132823222e+02 2.745394843402419838e+02
3.264224411605921432e+02 2.754207572660292840e+02
3.272309984671255734e+02 2.763420680275384029e+02
3.279906276667346674e+02 2.772917728645704756e+02
3.287088088375165285e+02 2.782585574640813775e+02
3.293911439758093138e+02 2.792311584532624238e+02
3.300370884027461216e+02 2.802023786050134504e+02
3.306423381846213942e+02 2.811680096666497661e+02
3.312022672459509067e+02 2.821289905623514755e+02
3.317123222318792273e+02 2.830883783118368910e+02
3.321702420590225415e+02 2.840509327388351721e+02
3.325770548855961124e+02 2.850181249435077007e+02
3.329315875322114380e+02 2.859900613876916395e+02
3.332313044176099197e+02 2.869669721663254904e+02
3.334770142189252056e+02 2.879487838948491572e+02
3.336697536761769243e+02 2.889354024928105105e+02
3.338077869220697949e+02 2.899269854839637333e+02
3.338896629189393366e+02 2.909236645447915066e+02
3.339189589676029186e+02 2.919251150480280330e+02
3.338985034462124304e+02 2.929310803284630538e+02
3.338339421560856408e+02 2.939410480498017932e+02
3.337285596011469124e+02 2.949547201550500972e+02
3.335861860427947931e+02 2.959717490616733357e+02
3.334061263373849329e+02 2.969921978514730085e+02
3.331890248372639007e+02 2.980160080517763959e+02
3.329363369450929326e+02 2.990446119918379395e+02
3.326516684703378246e+02 3.000822370958256897e+02
3.323367611913465680e+02 3.011313691226151832e+02
3.319923510002299167e+02 3.021924604169876147e+02
3.316219235727278374e+02 3.032590314451916242e+02
3.312244405420073576e+02 3.043193741379449193e+02
3.307948991991301000e+02 3.053621110566833750e+02
3.303271769534117084e+02 3.063811947837505727e+02
3.298143402025713158e+02 3.073733364854003298e+02
3.292501687180405270e+02 3.083383505557134185e+02
3.286302338849414468e+02 3.092754791297525117e+02
3.279537905806952267e+02 3.101859274802426967e+02
3.272224070566430214e+02 3.110719952871034479e+02
3.264355723097406781e+02 3.119332409250536102e+02
3.255949367882986394e+02 3.127630441433144028e+02
3.247071253162800986e+02 3.135537890572058473e+02
3.237800122038927952e+02 3.142984060952592813e+02
3.228248681430299598e+02 3.149980965839286569e+02
3.218533080342319863e+02 3.156636529906535316e+02
3.208769607271070186e+02 3.163047047629152075e+02
3.199033248496270971e+02 3.169240285743595109e+02
3.189365711488210877e+02 3.175169071895438151e+02
3.179752244148197065e+02 3.180728048160991648e+02
3.170155747583697234e+02 3.185799736612232209e+02
3.160523452295684024e+02 3.190304540571009966e+02
3.150833881804501289e+02 3.194178187961571211e+02
3.141086127840655990e+02 3.197410669910527758e+02
3.131286954978438075e+02 3.200076530116705271e+02
3.121442291822705215e+02 3.202241100131779490e+02
3.111557208415110836e+02 3.203960250383327661e+02
3.101613371521073645e+02 3.205204346468879635e+02
3.091560055925741040e+02 3.205916319144720319e+02
3.081381697056283997e+02 3.206043599939570186e+02
3.071118977473969380e+02 3.205589796928910005e+02
3.060845509686114951e+02 3.204567980865074333e+02
3.050624730484095153e+02 3.202993722361411528e+02
3.040475787084031367e+02 3.200901863567893884e+02
3.030411873966266398e+02 3.198355369698637105e+02
3.020438722511850074e+02 3.195429902402256630e+02
3.010582598159809322e+02 3.192141593954254972e+02
3.000875348837323600e+02 3.188466959993149317e+02
2.991375581837006621e+02 3.184384285016350873e+02
2.982143356509182581e+02 3.179911976482630962e+02
2.973254971441010071e+02 3.175142386826162806e+02
2.964769148768488662e+02 3.170217389604537175e+02
2.956722683611714046e+02 3.165218141565700307e+02
2.949110334934867979e+02 3.160194661053722598e+02
2.941927780037416369e+02 3.155167030916013573e+02
2.935180633955715166e+02 3.150180087171205514e+02
2.928865419536035688e+02 3.145293548447899070e+02
2.922929048457039016e+02 3.140535286664531327e+02
2.917249563990355341e+02 3.135880652800735788e+02
2.911688976661527590e+02 3.131281129121203435e+02
2.906110914725319390e+02 3.126728376105519374e+02
2.900425165604727908e+02 3.122217044833156478e+02
2.894565982878090153e+02 3.117743180959872689e+02
2.888439458926299039e+02 3.113275101741570552e+02
2.881972980510093976e+02 3.108767594586150835e+02
2.875161126461522940e+02 3.104152621004963066e+02
2.868069452477424193e+02 3.099370512220477281e+02
2.860768021276987270e+02 3.094332593434243677e+02
2.853323990094476699e+02 3.088895267678726100e+02
2.845788104594244032e+02 3.082977627722173679e+02
2.838268432139430502e+02 3.076561141130212604e+02
2.830882205238003735e+02 3.069693307383634533e+02
2.823713824846305442e+02 3.062442016559538160e+02
2.816806469270437674e+02 3.054885847977609501e+02
2.810155889072404420e+02 3.047078997461272820e+02
2.803720402122576161e+02 3.039068695311922284e+02
2.797429317785544640e+02 3.030862561382930380e+02
2.791193424913836338e+02 3.022443377678872025e+02
2.784931112773489303e+02 3.013805536829390803e+02
2.778595993155499855e+02 3.004985239311905616e+02
2.772204947647209110e+02 2.996087298368464644e+02
2.765840890762208915e+02 2.987285270823008432e+02
2.759581401845219943e+02 2.978724018239011002e+02
2.753421528151848179e+02 2.970462378999549742e+02
2.747308226168807437e+02 2.962497404851220608e+02
2.741187110923689261e+02 2.954762679049326266e+02
2.735030249641187083e+02 2.947189504899888561e+02
2.728849639771724469e+02 2.939712691357636913e+02
2.722672499806147925e+02 2.932277213375947440e+02
2.716496764768178878e+02 2.924854119100425009e+02
2.710353520298081094e+02 2.917430998379204539e+02
2.704274690375595469e+02 2.909989962877609742e+02
2.698279732653494989e+02 2.902482304786731788e+02
2.692336327087058976e+02 2.894793857841810905e+02
2.686381337321370779e+02 2.886752804885416026e+02
2.680334881464009982e+02 2.878271787762441818e+02
2.674142956618136395e+02 2.869346027431895436e+02
2.667742854049156449e+02 2.860020756300365861e+02
2.661058662391386065e+02 2.850435385360819964e+02
2.654039030600532669e+02 2.840792394054064971e+02
2.646619152513131894e+02 2.831292380128038531e+02
2.638721782901525330e+02 2.822115712732552311e+02
2.630280640258014273e+02 2.813365182704440031e+02
2.621262074260951067e+02 2.805080041820133374e+02
2.611686187253286562e+02 2.797261618766150946e+02
2.601641008683748169e+02 2.789894745805131606e+02
2.591287577278961294e+02 2.782973334133632193e+02
2.580847782638510353e+02 2.776502601816025617e+02
2.570557963790021745e+02 2.770454575221500590e+02
2.560606402808062967e+02 2.764793642613276461e+02
2.551168003349593221e+02 2.759455825246585050e+02
2.542347345832403107e+02 2.754374649635622063e+02
2.534223860527256704e+02 2.749468181974262393e+02
2.526828324034795230e+02 2.744692280186739026e+02
2.520144589308664251e+02 2.740024471600891616e+02
2.514078706994209540e+02 2.735416790611751026e+02
2.508500668099487143e+02 2.730799782569266654e+02
2.503236672051901053e+02 2.726117355172136172e+02
2.498076087442088067e+02 2.721341409262197431e+02
2.492795266266969065e+02 2.716473573709951097e+02
2.487189355699414648e+02 2.711549427701963850e+02
2.481099308897664741e+02 2.706675460885273310e+02
2.474429811607759291e+02 2.701992152160403293e+02
2.467151683994221685e+02 2.697663258784601226e+02
2.459290594507064611e+02 2.693836204256245992e+02
2.450892775974367623e+02 2.690579299823368729e+02
2.441997418816529546e+02 2.687874399391375277e+02
2.432639412265027090e+02 2.685685502522395609e+02
2.422887445590241384e+02 2.683963349839306147e+02
2.412825219870812248e+02 2.682691881129325111e+02
2.402564817533909718e+02 2.681876227934094459e+02
2.392211810990025072e+02 2.681507763838181972e+02
2.381868664963913318e+02 2.681530449259321358e+02
2.371597402334676872e+02 2.681829197919145145e+02
2.361430107434720469e+02 2.682250793200690850e+02
2.351346517997087915e+02 2.682629156681705922e+02
2.341300114431529096e+02 2.682742997005099141e+02
2.331227551547853523e+02 2.682396176361971243e+02
2.321101726114295900e+02 2.681462417456945673e+02
2.310923907900645986e+02 2.679955712794610463e+02
2.300704715978103536e+02 2.677993081541461038e+02
2.290454207284906829e+02 2.675685348317473995e+02
2.280182185709086582e+02 2.673140549200787746e+02
2.269894688305589057e+02 2.670425210832438552e+02
2.259595211686028051e+02 2.667577864885206509e+02
2.249282077585279183e+02 2.664580017351246397e+02
2.238952916368900787e+02 2.661405555528044147e+02
2.228611022208341979e+02 2.658090780254907486e+02
2.218265220229581871e+02 2.654732941928501759e+02
2.207928982644906739e+02 2.651480500524563695e+02
2.197610066346921087e+02 2.648418934809562870e+02
2.187311144630314743e+02 2.645577703736223043e+02
2.177026532902931137e+02 2.642894164703925526e+02
2.166744765279127023e+02 2.640241966890093295e+02
2.156455575150492905e+02 2.637507975168651342e+02
2.146151239966951891e+02 2.634607089218094416e+02
2.135829821183166075e+02 2.631517946816113636e+02
2.125490449390923686e+02 2.628230967329673149e+02
2.115138037379248601e+02 2.624800288306778953e+02
2.104763618386233475e+02 2.621299491229345904e+02
2.094331921334684807e+02 2.617841807087450547e+02
2.083837352733691830e+02 2.614484545917381411e+02
2.073319128357071008e+02 2.611215152211025838e+02
2.062844864325976175e+02 2.607980618238192392e+02
2.052484068558498791e+02 2.604691134698011865e+02
2.042292609017600853e+02 2.601283955750665200e+02
2.032300876623891952e+02 2.597720537083414456e+02
2.022510738513437332e+02 2.593976640767245385e+02
2.012884966188813110e+02 2.590047883392579706e+02
2.003340141615863104e+02 2.585941162094887886e+02
1.993803344674954019e+02 2.581661547786568462e+02
1.984220990679241652e+02 2.577204665283534268e+02
1.974611437730320631e+02 2.572575084170649120e+02
1.965059463564554392e+02 2.567839756635458457e+02
1.955661828473759556e+02 2.563070321118254924e+02
1.946470773056431653e+02 2.558313768667854902e+02
1.937461356609326231e+02 2.553592023018466364e+02
1.928581088844408953e+02 2.548901814604037952e+02
1.919768133843747364e+02 2.544231935987155282e+02
1.911021672979880179e+02 2.539600364719071877e+02
1.902395003921338912e+02 2.535045270215935034e+02
1.893946024911075483e+02 2.530551507945294816e+02
1.885742910689852465e+02 2.526037924513988173e+02
1.877820724240533821e+02 2.521390434240912555e+02
1.870180759832784361e+02 2.516493617837531644e+02
1.862753667704066345e+02 2.511281904464778449e+02
1.855463535362790992e+02 2.505767002633268135e+02
1.848281082401991000e+02 2.500000911352296953e+02
1.841180889021387657e+02 2.494062681429917347e+02
1.834154339872712853e+02 2.487974552487848996e+02
1.827200154608464118e+02 2.481720755708435036e+02
1.820367865446341398e+02 2.475278159956602053e+02
1.813735565506157741e+02 2.468637399233323322e+02
1.807357374464618260e+02 2.461803322310956332e+02
1.801213579984172952e+02 2.454787086350802952e+02
1.795201306461932518e+02 2.447649387122321514e+02
1.789191128108489011e+02 2.440465730475856674e+02
1.783043053899497181e+02 2.433332291679032835e+02
1.776670417370131645e+02 2.426373863898629111e+02
1.770023441348794222e+02 2.419751404419624237e+02
1.763062961785062726e+02 2.413639477045982176e+02
1.755742049004181240e+02 2.408181289083477452e+02
1.748012004778072708e+02 2.403561748317729325e+02
1.739868733485391772e+02 2.399992762057921141e+02
1.731337024583696973e+02 2.397727696781303734e+02
1.722466973119654199e+02 2.396941711931810914e+02
1.713271937933927518e+02 2.397677896532129864e+02
1.703749943294344007e+02 2.399786235246436377e+02
1.693927930043017227e+02 2.402974176112976750e+02
1.683895825615352635e+02 2.406887632941591733e+02
1.673805200061047458e+02 2.411130476537908294e+02
1.663797364052012995e+02 2.415311364488042614e+02
1.654038548933270079e+02 2.419023338266181327e+02
1.644663239256273073e+02 2.421901410218532646e+02
1.635724783366590884e+02 2.423652800872242494e+02
1.627220370695183647e+02 2.424060757236093195e+02
1.619073195757646886e+02 2.423026677111501499e+02
1.611168909410607171e+02 2.420543576229740665e+02
1.603418352792317592e+02 2.416702253898474169e+02
1.595750486102079435e+02 2.411643134991625459e+02
1.588082623922593939e+02 2.405545947693590847e+02
1.580348074830712051e+02 2.398590736022816543e+02
1.572481544113097698e+02 2.390964747247134312e+02
1.564448028864952960e+02 2.382836173030593159e+02
1.556234288442179832e+02 2.374400128447300347e+02
1.547862808315468328e+02 2.365813664053472394e+02
1.539378889951092901e+02 2.357216487437139847e+02
1.530873485502572748e+02 2.348693134729455778e+02
1.522465975543336754e+02 2.340343766780493695e+02
1.514322221779339657e+02 2.332256825749307723e+02
1.506617620555078929e+02 2.324529999938353910e+02
1.499460774776383971e+02 2.317220367928951532e+02
1.492860899838886439e+02 2.310340628846400080e+02
1.486763033518285511e+02 2.303900660327052776e+02
1.481037354938273438e+02 2.297938862081515481e+02
1.475517063118867895e+02 2.292447948948365024e+02
1.469987576964728078e+02 2.287369354042569114e+02
1.464197229652411352e+02 2.282568892661280415e+02
1.457929450788225836e+02 2.277888400128365447e+02
1.451054058249281411e+02 2.273197980100998166e+02
1.443509510218136711e+02 2.268419956559674233e+02
1.435316983854133923e+02 2.263498567427476189e+02
1.426537737619184156e+02 2.258432792290636257e+02
1.417287765286990862e+02 2.253248955929536521e+02
1.407747381899365848e+02 2.248011757119254241e+02
1.398122794947689158e+02 2.242785081274386414e+02
1.388589254760669860e+02 2.237623292602716276e+02
1.379332867858659597e+02 2.232541162159802184e+02
1.370501532884107974e+02 2.227575795437981583e+02
1.362228596168620527e+02 2.222733727997483584e+02
1.354583995691519931e+02 2.218048506467766856e+02
1.347617228419372282e+02 2.213541535147486456e+02
1.341304451392813348e+02 2.209220721203569155e+02
1.335533894744726240e+02 2.205040338726460334e+02
1.330135681282718849e+02 2.200924570119225336e+02
1.324916623917511345e+02 2.196761807959459816e+02
1.319678246357711942e+02 2.192452311397181575e+02
1.314237265279984683e+02 2.187889709384698165e+02
1.308435363331192320e+02 2.182968668820396942e+02
1.302200952680257444e+02 2.177629384725875639e+02
1.295589375979304236e+02 2.171804760933911211e+02
1.288786914780262123e+02 2.165367431026595852e+02
1.282077693734464390e+02 2.158205549523448212e+02
1.275787004060323397e+02 2.150252395169799797e+02
1.270236867329001598e+02 2.141544745744344596e+02
1.265749654448693775e+02 2.132209978204378444e+02
1.262605027089406065e+02 2.122475890299735681e+02
1.261035614567094001e+02 2.112620405457024617e+02
1.261198879196199414e+02 2.102958853400233465e+02
1.263186239866388689e+02 2.093786058621242319e+02
1.266998033033984257e+02 2.085367858572825241e+02
1.272559912599211884e+02 2.077894771929783815e+02
1.279699630432993729e+02 2.071491797148225089e+02
1.288171124357045301e+02 2.066195722661357195e+02
1.297656943520683512e+02 2.061989267395702257e+02
1.307825818770788260e+02 2.058809211115648168e+02
1.318363375066305707e+02 2.056602679114927810e+02
1.329028221819781095e+02 2.055244053030281464e+02
1.339641164667439455e+02 2.054512463724908002e+02
1.350084762310771112e+02 2.054128180249850288e+02
1.360337510349403374e+02 2.053801560794651948e+02
1.370424545535671257e+02 2.053288775824223080e+02
1.380403552793519566e+02 2.052432247218098382e+02
1.390331182074717162e+02 2.051181940481530432e+02
1.400227706966684593e+02 2.049588872157455057e+02
1.410103067823814627e+02 2.047762582144788439e+02
1.419965592709179418e+02 2.045794843347295568e+02
1.429816906566610157e+02 2.043703562187219234e+02
1.439658564751131280e+02 2.041505878237796878e+02
