1.470000000000000000e+02 2.034425099999999986e+02
1.480000000000000000e+02 2.032247859999999946e+02
1.490000000000000000e+02 2.030481540000000109e+02
1.500000000000000000e+02 2.029293399999999963e+02
1.510000000000000000e+02 2.028791940000000125e+02
1.520000000000000000e+02 2.028981620000000134e+02
1.530000000000000000e+02 2.029781340000000114e+02
1.540000000000000000e+02 2.031027300000000082e+02
1.550000000000000000e+02 2.032382240000000024e+02
1.560049510000000055e+02 2.033667880000000139e+02
1.570239190000000065e+02 2.034910669999999868e+02
1.580487939999999867e+02 2.036178810000000112e+02
1.590644800000000032e+02 2.037581340000000125e+02
1.600612779999999873e+02 2.039350729999999885e+02
1.610218659999999886e+02 2.041807499999999891e+02
1.619279270000000110e+02 2.045177860000000010e+02
1.627702629999999999e+02 2.049627820000000042e+02
1.635525379999999984e+02 2.055195349999999905e+02
1.642889319999999884e+02 2.061858949999999879e+02
1.650000000000000000e+02 2.069404719999999998e+02
1.657110680000000116e+02 2.077329049999999881e+02
1.664474620000000016e+02 2.085073940000000050e+02
1.672297370000000001e+02 2.092126619999999946e+02
1.680720729999999890e+02 2.098088380000000086e+02
1.689781340000000114e+02 2.102721899999999948e+02
1.699387220000000127e+02 2.105935460000000035e+02
1.709355199999999968e+02 2.107943759999999997e+02
1.719512060000000133e+02 2.109238929999999925e+02
1.729760809999999935e+02 2.110241129999999998e+02
1.739950489999999945e+02 2.111180319999999995e+02
1.750000000000000000e+02 2.112150489999999934e+02
1.760000000000000000e+02 2.113208410000000015e+02
1.770000000000000000e+02 2.114395020000000045e+02
1.780000000000000000e+02 2.115604979999999955e+02
1.790049510000000055e+02 2.116791589999999985e+02
1.800239190000000065e+02 2.117849510000000066e+02
1.810537449999999922e+02 2.118819680000000005e+02
1.820834480000000042e+02 2.119808390000000031e+02
1.830861519999999985e+02 2.121000260000000139e+02
1.840326000000000022e+02 2.122593699999999899e+02
1.849057569999999942e+02 2.124849509999999952e+02
1.857059759999999926e+02 2.127949940000000026e+02
1.864478650000000073e+02 2.131939360000000079e+02
1.871534379999999942e+02 2.136584410000000105e+02
1.878465620000000058e+02 2.141719589999999869e+02
1.885521349999999927e+02 2.147197189999999978e+02
1.892940240000000074e+02 2.152753299999999967e+02
1.900942430000000058e+02 2.158041220000000067e+02
1.909673999999999978e+02 2.162977160000000083e+02
1.919138480000000015e+02 2.167704549999999983e+02
1.929165519999999958e+02 2.172213930000000062e+02
1.939462550000000078e+02 2.176254260000000045e+02
1.949760809999999935e+02 2.179583839999999952e+02
1.959950489999999945e+02 2.181996690000000001e+02
1.970000000000000000e+02 2.183404999999999916e+02
1.980000000000000000e+02 2.183795550000000105e+02
1.990000000000000000e+02 2.183420729999999992e+02
2.000000000000000000e+02 2.182592300000000023e+02
2.010000000000000000e+02 2.181779339999999934e+02
2.020000000000000000e+02 2.181413110000000017e+02
2.030000000000000000e+02 2.181856510000000071e+02
2.040000000000000000e+02 2.183293789999999888e+02
2.050000000000000000e+02 2.185702709999999911e+02
2.060000000000000000e+02 2.188861670000000004e+02
2.070000000000000000e+02 2.192156709999999862e+02
2.080000000000000000e+02 2.194755140000000040e+02
2.090000000000000000e+02 2.196117329999999868e+02
2.100000000000000000e+02 2.196117329999999868e+02
2.110000000000000000e+02 2.194804650000000095e+02
2.120000000000000000e+02 2.192395899999999926e+02
2.130000000000000000e+02 2.189349609999999871e+02
2.140000000000000000e+02 2.186297999999999888e+02
2.150000000000000000e+02 2.183716890000000035e+02
2.160000000000000000e+02 2.181826419999999871e+02
2.170000000000000000e+02 2.180585039999999992e+02
2.180000000000000000e+02 2.179703670000000102e+02
2.190000000000000000e+02 2.178711030000000051e+02
2.200000000000000000e+02 2.177117590000000007e+02
2.210000000000000000e+02 2.174613040000000126e+02
2.220000000000000000e+02 2.171215579999999932e+02
2.230000000000000000e+02 2.167149609999999882e+02
2.240000000000000000e+02 2.162850390000000118e+02
2.250000000000000000e+02 2.158734900000000039e+02
2.260000000000000000e+02 2.155147770000000094e+02
2.270000000000000000e+02 2.152344950000000097e+02
2.280000000000000000e+02 2.150454489999999907e+02
2.290000000000000000e+02 2.149434809999999914e+02
2.300000000000000000e+02 2.149088959999999986e+02
2.310000000000000000e+02 2.149165519999999958e+02
2.320000000000000000e+02 2.149462550000000078e+02
2.330000000000000000e+02 2.149760809999999935e+02
2.340000000000000000e+02 2.149950489999999945e+02
2.350000000000000000e+02 2.149950489999999945e+02
2.360000000000000000e+02 2.149760809999999935e+02
2.370000000000000000e+02 2.149512060000000133e+02
2.380000000000000000e+02 2.149404719999999998e+02
2.390000000000000000e+02 2.149626419999999882e+02
2.400000000000000000e+02 2.150269279999999981e+02
2.410000000000000000e+02 2.151266500000000121e+02
2.420000000000000000e+02 2.152431760000000054e+02
2.430000000000000000e+02 2.153717399999999884e+02
2.440000000000000000e+02 2.155199379999999962e+02
2.450000000000000000e+02 2.156955460000000073e+02
2.460000000000000000e+02 2.158953270000000089e+02
2.470000000000000000e+02 2.160997220000000141e+02
2.480000000000000000e+02 2.162755830000000117e+02
2.490000000000000000e+02 2.164073480000000131e+02
2.500049510000000055e+02 2.165149869999999908e+02
2.510239190000000065e+02 2.166360180000000071e+02
2.520537449999999922e+02 2.168091750000000104e+02
2.530834480000000042e+02 2.170481540000000109e+02
2.540861519999999985e+02 2.173449510000000089e+02
2.550326000000000022e+02 2.176856860000000040e+02
2.559057569999999942e+02 2.180653719999999964e+02
2.567109280000000240e+02 2.184931210000000021e+02
2.574717850000000112e+02 2.189838379999999916e+02
2.582071839999999838e+02 2.195404090000000110e+02
2.589349609999999871e+02 2.201478459999999870e+02
2.596622070000000235e+02 2.207958250000000078e+02
2.603754180000000247e+02 2.214859059999999999e+02
2.610644800000000032e+02 2.222295440000000042e+02
2.617346539999999777e+02 2.230504009999999937e+02
2.623885300000000029e+02 2.239673999999999978e+02
2.630218370000000050e+02 2.249626419999999882e+02
2.636168250000000057e+02 2.260000000000000000e+02
2.641642009999999914e+02 2.270373580000000118e+02
2.646691079999999943e+02 2.280326000000000022e+02
2.651507629999999835e+02 2.289545510000000093e+02
2.656330189999999902e+02 2.297894239999999968e+02
2.661268140000000244e+02 2.305340170000000057e+02
2.666315129999999840e+02 2.311909899999999993e+02
2.671448369999999954e+02 2.317762380000000064e+02
2.676691749999999956e+02 2.323069050000000004e+02
2.682188100000000190e+02 2.328063689999999895e+02
2.688139620000000036e+02 2.333089589999999873e+02
2.694899019999999723e+02 2.338407789999999977e+02
2.702643209999999954e+02 2.344178290000000118e+02
2.711239459999999895e+02 2.350345839999999953e+02
2.720345839999999953e+02 2.356764839999999879e+02
2.729654160000000047e+02 2.363185650000000066e+02
2.738760540000000105e+02 2.369414960000000008e+02
2.747356790000000046e+02 2.375333770000000015e+02
2.755150489999999763e+02 2.380996930000000020e+02
2.762050060000000258e+02 2.386536830000000009e+02
2.768011129999999866e+02 2.392205600000000061e+02
2.773225909999999885e+02 2.398246959999999888e+02
2.778031669999999735e+02 2.404908570000000054e+02
2.782695469999999887e+02 2.412295440000000042e+02
2.787468400000000202e+02 2.420454489999999907e+02
2.792601649999999722e+02 2.429434809999999914e+02
2.798168590000000222e+02 2.439088959999999986e+02
2.804178289999999834e+02 2.449165519999999958e+02
2.810585040000000276e+02 2.459462550000000078e+02
2.817302290000000085e+02 2.469760809999999935e+02
2.824069640000000163e+02 2.479950489999999945e+02
2.830565189999999802e+02 2.490000000000000000e+02
2.836436419999999998e+02 2.500000000000000000e+02
2.841426430000000209e+02 2.510000000000000000e+02
2.845342110000000275e+02 2.520000000000000000e+02
2.848160480000000234e+02 2.530000000000000000e+02
2.849991079999999783e+02 2.540000000000000000e+02
2.851102650000000267e+02 2.550000000000000000e+02
2.851638169999999946e+02 2.560000000000000000e+02
2.851718470000000138e+02 2.570000000000000000e+02
2.851448490000000220e+02 2.580000000000000000e+02
2.850804390000000126e+02 2.590000000000000000e+02
2.849644539999999893e+02 2.600000000000000000e+02
2.847943759999999997e+02 2.610000000000000000e+02
2.845628879999999867e+02 2.620000000000000000e+02
2.842637030000000209e+02 2.630000000000000000e+02
2.838895120000000247e+02 2.640000000000000000e+02
2.834326629999999909e+02 2.650049510000000055e+02
2.828895120000000247e+02 2.660239189999999780e+02
2.822637030000000209e+02 2.670537449999999922e+02
2.815628879999999867e+02 2.680834479999999758e+02
2.807943759999999997e+02 2.690911039999999730e+02
2.799595019999999863e+02 2.700565189999999802e+02
2.790565189999999802e+02 2.709595019999999863e+02
2.780911039999999730e+02 2.717894239999999968e+02
2.770834479999999758e+02 2.725389690000000087e+02
2.760537449999999922e+02 2.732149089999999774e+02
2.750239189999999780e+02 2.738299840000000245e+02
2.740049510000000055e+02 2.743953040000000101e+02
2.730000000000000000e+02 2.749164400000000228e+02
2.720000000000000000e+02 2.753953040000000101e+02
2.710000000000000000e+02 2.758299840000000245e+02
2.700000000000000000e+02 2.762149089999999774e+02
2.690000000000000000e+02 2.765439200000000142e+02
2.680000000000000000e+02 2.768133439999999723e+02
2.670000000000000000e+02 2.770082959999999730e+02
2.660000000000000000e+02 2.771209989999999834e+02
2.650000000000000000e+02 2.771523809999999912e+02
2.640000000000000000e+02 2.771053130000000237e+02
2.630000000000000000e+02 2.769816730000000007e+02
2.620000000000000000e+02 2.767991339999999809e+02
2.610000000000000000e+02 2.765814090000000078e+02
2.600000000000000000e+02 2.763377259999999751e+02
2.590000000000000000e+02 2.760644800000000032e+02
2.580000000000000000e+02 2.757723449999999730e+02
2.570000000000000000e+02 2.754742790000000241e+02
2.560000000000000000e+02 2.751815839999999866e+02
2.550000000000000000e+02 2.748960809999999810e+02
2.540000000000000000e+02 2.746141200000000140e+02
2.530000000000000000e+02 2.743187580000000025e+02
2.520000000000000000e+02 2.739920399999999745e+02
2.510000000000000000e+02 2.736168250000000057e+02
2.500000000000000000e+02 2.731890470000000164e+02
2.490000000000000000e+02 2.727100090000000137e+02
2.480000000000000000e+02 2.721985829999999851e+02
2.470000000000000000e+02 2.716930950000000280e+02
2.460000000000000000e+02 2.712237620000000220e+02
2.450000000000000000e+02 2.708090100000000007e+02
2.440000000000000000e+02 2.704659829999999943e+02
2.430000000000000000e+02 2.702105760000000032e+02
2.420000000000000000e+02 2.700404980000000137e+02
2.410000000000000000e+02 2.699434810000000198e+02
2.400000000000000000e+02 2.699088960000000270e+02
2.390000000000000000e+02 2.699165520000000242e+02
2.380000000000000000e+02 2.699512060000000133e+02
2.370000000000000000e+02 2.700000000000000000e+02
2.360000000000000000e+02 2.700438429999999812e+02
2.350000000000000000e+02 2.700644800000000032e+02
2.340000000000000000e+02 2.700612780000000157e+02
2.330000000000000000e+02 2.700218659999999886e+02
2.320000000000000000e+02 2.699328790000000140e+02
2.310000000000000000e+02 2.697941819999999780e+02
2.300000000000000000e+02 2.696062840000000165e+02
2.290000000000000000e+02 2.693723800000000210e+02
2.280000000000000000e+02 2.690861520000000269e+02
2.270000000000000000e+02 2.687436680000000138e+02
2.260000000000000000e+02 2.683581699999999728e+02
2.250000000000000000e+02 2.679596329999999966e+02
2.240000000000000000e+02 2.675687320000000113e+02
2.230000000000000000e+02 2.671960520000000088e+02
2.220000000000000000e+02 2.668465620000000058e+02
2.210000000000000000e+02 2.665095210000000066e+02
2.200000000000000000e+02 2.661781080000000088e+02
2.190000000000000000e+02 2.658645060000000058e+02
2.180000000000000000e+02 2.655637810000000059e+02
2.170000000000000000e+02 2.652623080000000186e+02
2.160000000000000000e+02 2.649588620000000105e+02
2.150000000000000000e+02 2.646543130000000019e+02
2.140000000000000000e+02 2.643456869999999981e+02
2.130000000000000000e+02 2.640411379999999895e+02
2.120000000000000000e+02 2.637426429999999868e+02
2.110000000000000000e+02 2.634551870000000235e+02
2.100000000000000000e+02 2.631603690000000029e+02
2.090000000000000000e+02 2.628375780000000077e+02
2.080000000000000000e+02 2.624872770000000060e+02
2.070000000000000000e+02 2.621140260000000239e+02
2.060000000000000000e+02 2.617149610000000166e+02
2.050000000000000000e+02 2.612975230000000124e+02
2.040000000000000000e+02 2.608763880000000199e+02
2.030000000000000000e+02 2.604616720000000214e+02
2.020000000000000000e+02 2.600585040000000276e+02
2.010000000000000000e+02 2.596863870000000247e+02
2.000000000000000000e+02 2.593424840000000131e+02
1.990000000000000000e+02 2.589952420000000188e+02
1.980000000000000000e+02 2.586168250000000057e+02
1.970000000000000000e+02 2.581907959999999775e+02
1.960000000000000000e+02 2.577102019999999811e+02
1.949950489999999945e+02 2.571800620000000208e+02
1.939760809999999935e+02 2.566141200000000140e+02
1.929462550000000078e+02 2.560298260000000141e+02
1.919165519999999958e+02 2.554395020000000045e+02
1.909088959999999986e+02 2.548515130000000113e+02
1.899434809999999914e+02 2.542850390000000118e+02
1.890404980000000137e+02 2.537418889999999863e+02
1.882105760000000032e+02 2.532207530000000020e+02
1.874610309999999913e+02 2.527197189999999978e+02
1.867900419999999997e+02 2.522314869999999871e+02
1.861939360000000079e+02 2.517445930000000089e+02
1.856584410000000105e+02 2.512504549999999881e+02
1.851670070000000123e+02 2.507495450000000119e+02
1.846957989999999938e+02 2.502504549999999881e+02
1.842265360000000101e+02 2.497495450000000119e+02
1.837445930000000089e+02 2.492554069999999911e+02
1.832554069999999911e+02 2.487734639999999899e+02
1.827685130000000129e+02 2.483042010000000062e+02
1.822802810000000022e+02 2.478329929999999877e+02
1.817841990000000010e+02 2.473415589999999895e+02
1.812820309999999893e+02 2.468060639999999921e+02
1.807687060000000088e+02 2.462050059999999974e+02
1.802368859999999984e+02 2.455100979999999993e+02
1.796705699999999979e+02 2.447117590000000007e+02
1.790565190000000086e+02 2.438223089999999900e+02
1.783800359999999898e+02 2.428770159999999976e+02
1.776359860000000026e+02 2.419146100000000104e+02
1.768240079999999921e+02 2.409897609999999872e+02
1.759518459999999891e+02 2.401725769999999898e+02
1.750268169999999941e+02 2.395448939999999993e+02
1.740612779999999873e+02 2.391670990000000074e+02
1.730644800000000032e+02 2.390802750000000003e+02
1.720487939999999867e+02 2.392722190000000069e+02
1.710239190000000065e+02 2.396907679999999914e+02
1.700049510000000055e+02 2.402479339999999866e+02
1.690000000000000000e+02 2.408483119999999928e+02
1.680000000000000000e+02 2.413974650000000111e+02
1.670000000000000000e+02 2.418092069999999865e+02
1.660000000000000000e+02 2.420319179999999903e+02
1.650000000000000000e+02 2.420394440000000031e+02
1.639950489999999945e+02 2.418153849999999920e+02
1.629760809999999935e+02 2.413795580000000029e+02
1.619512060000000133e+02 2.407855930000000058e+02
1.609404719999999998e+02 2.401125120000000095e+02
1.599626419999999882e+02 2.394201490000000092e+02
1.590269279999999981e+02 2.387351810000000114e+02
1.581316009999999892e+02 2.380741899999999873e+02
1.572670950000000119e+02 2.374395020000000045e+02
1.564155820000000006e+02 2.368121010000000126e+02
1.555555469999999900e+02 2.361878989999999874e+02
1.546791589999999985e+02 2.355604979999999955e+02
1.537849510000000066e+02 2.349307619999999872e+02
1.528869190000000060e+02 2.342936899999999980e+02
1.520047580000000096e+02 2.336624669999999924e+02
1.511537720000000036e+02 2.330486009999999908e+02
1.503428179999999941e+02 2.324427039999999920e+02
1.495760539999999992e+02 2.318515130000000113e+02
1.488515130000000113e+02 2.312818369999999959e+02
1.481534379999999942e+02 2.307181630000000041e+02
1.474478650000000073e+02 2.301534379999999942e+02
1.467059759999999926e+02 2.295762640000000090e+02
1.459057569999999942e+02 2.289762739999999894e+02
1.450326000000000022e+02 2.283482669999999928e+02
1.440861519999999985e+02 2.276841389999999876e+02
1.430834480000000042e+02 2.270000000000000000e+02
1.420487939999999867e+02 2.263158610000000124e+02
1.410000000000000000e+02 2.256467810000000043e+02
1.399512060000000133e+02 2.250047580000000096e+02
1.389165519999999958e+02 2.243939100000000053e+02
1.379088959999999986e+02 2.238119079999999883e+02
1.369434809999999914e+02 2.232552129999999977e+02
1.360404980000000137e+02 2.227229210000000137e+02
1.352105760000000032e+02 2.222158009999999990e+02
1.344610309999999913e+02 2.217197189999999978e+02
1.337900419999999997e+02 2.212314869999999871e+02
1.331939360000000079e+02 2.207445930000000089e+02
1.326584410000000105e+02 2.202504549999999881e+02
1.321670070000000123e+02 2.197495450000000119e+02
1.316957989999999938e+02 2.192554069999999911e+02
1.312314869999999871e+02 2.187734639999999899e+02
1.307635610000000099e+02 2.183042010000000062e+02
1.302753299999999967e+02 2.178329929999999877e+02
1.297553279999999916e+02 2.173415589999999895e+02
1.292043659999999932e+02 2.168060639999999921e+02
1.286265610000000095e+02 2.162099580000000003e+02
1.280334640000000093e+02 2.155389690000000087e+02
1.274452820000000060e+02 2.147844729999999913e+02
1.269033040000000057e+02 2.139355830000000083e+02
1.264565580000000011e+02 2.130027739999999881e+02
1.261599700000000013e+02 2.120027039999999943e+02
1.260590600000000023e+02 2.109684249999999963e+02
1.261868979999999993e+02 2.099434809999999914e+02
1.265508010000000070e+02 2.089809689999999875e+02
1.271377999999999986e+02 2.081244240000000048e+02
1.279112650000000002e+02 2.074045120000000111e+02
1.288235060000000090e+02 2.068305400000000134e+02
1.298204969999999889e+02 2.064094629999999881e+02
1.308628070000000037e+02 2.061433920000000057e+02
1.319223350000000039e+02 2.060058439999999962e+02
1.329711289999999906e+02 2.059492630000000020e+02
1.339950489999999945e+02 2.059223350000000039e+02
1.350000000000000000e+02 2.058896239999999977e+02
1.360000000000000000e+02 2.058385729999999967e+02
1.370000000000000000e+02 2.057577789999999993e+02
1.380000000000000000e+02 2.056389949999999942e+02
1.390000000000000000e+02 2.054818109999999933e+02
1.400000000000000000e+02 2.052889610000000005e+02
1.410000000000000000e+02 2.050595280000000002e+02
1.420000000000000000e+02 2.047971909999999980e+02
1.430000000000000000e+02 2.045151799999999866e+02
1.440000000000000000e+02 2.042294039999999882e+02
1.450000000000000000e+02 2.039512060000000133e+02
1.460000000000000000e+02 2.036871480000000076e+02
1.470000000000000000e+02 2.034425099999999986e+02
