1.465225561726706189e+02 2.038880410762448605e+02
1.475129751727419034e+02 2.036623723243389463e+02
1.485052846473553814e+02 2.034765537560085704e+02
1.495005271414515278e+02 2.033525616562229175e+02
1.504990943971795332e+02 2.032986537381696337e+02
1.515005343023046009e+02 2.033052997198210221e+02
1.525037686300380813e+02 2.033497711620975110e+02
1.535100647574168136e+02 2.034161130855742670e+02
1.545244120008732978e+02 2.034944009163796181e+02
1.555487669982692864e+02 2.035764137016928998e+02
1.565821166861493339e+02 2.036561597159333701e+02
1.576153489760438902e+02 2.037354147416678529e+02
1.586335134014982771e+02 2.038217617438695015e+02
1.596215356379791785e+02 2.039280865136613556e+02
1.605683634987368862e+02 2.040599440129739151e+02
1.614696525791142960e+02 2.042236752300720468e+02
1.623278978895887121e+02 2.044289497982330772e+02
1.631507901657558932e+02 2.046860047822216586e+02
1.639489109288699069e+02 2.050023451942263932e+02
1.647334687381802780e+02 2.053786456604765931e+02
1.655148418122271323e+02 2.058036067027128979e+02
1.663027278897520205e+02 2.062500652675668675e+02
1.671065609234421458e+02 2.066868172619624033e+02
1.679364019196711411e+02 2.070903475165242185e+02
1.688016990626926486e+02 2.074442709108283793e+02
1.697092604243778737e+02 2.077402184344556133e+02
1.706613911858766528e+02 2.079838582208611228e+02
1.716537975510495357e+02 2.081825980585618936e+02
1.726753660627223894e+02 2.083407013619922168e+02
1.737102778161768981e+02 2.084553585736217940e+02
1.747430841732861495e+02 2.085236514683014661e+02
1.757670866012921351e+02 2.085555616773553993e+02
1.767878010272870881e+02 2.085676284011364316e+02
1.778090602334231676e+02 2.085843835766446261e+02
1.788311012055849574e+02 2.086261858440774404e+02
1.798472373719536677e+02 2.087100641846818689e+02
1.808486306256890543e+02 2.088420081316185986e+02
1.818291786012713942e+02 2.090233153108210900e+02
1.827864591306952207e+02 2.092492491789132316e+02
1.837220061950690138e+02 2.095200473131636727e+02
1.846401589440720272e+02 2.098379946643512426e+02
1.855468172076959945e+02 2.102076537870310631e+02
1.864480061389343462e+02 2.106296658920925609e+02
1.873489860382949814e+02 2.110991221992832720e+02
1.882539506587436904e+02 2.116007237961887597e+02
1.891675191174061297e+02 2.121160461027330655e+02
1.900951326738729392e+02 2.126334221718403796e+02
1.910421060800766213e+02 2.131450814281848807e+02
1.920123912926274841e+02 2.136451470015151699e+02
1.930072249438998142e+02 2.141275885181802892e+02
1.940239495931446356e+02 2.145827100122837692e+02
1.950559746542830339e+02 2.150015176837313220e+02
1.960939928018028695e+02 2.153801101891885992e+02
1.971283302502015147e+02 2.157152182605345843e+02
1.981531528881733664e+02 2.160143217570109471e+02
1.991695689657877040e+02 2.162939867724778651e+02
2.001838218766485795e+02 2.165707240033562471e+02
2.011986837482399153e+02 2.168602977979426214e+02
2.022142755576642514e+02 2.171652582883003220e+02
2.032302292085124122e+02 2.174778462006854340e+02
2.042458392616439369e+02 2.177831912585497491e+02
2.052604892219142414e+02 2.180682980767994650e+02
2.062736956547756506e+02 2.183229761159474833e+02
2.072852093085401748e+02 2.185419712848644451e+02
2.082947646306489560e+02 2.187196858788565237e+02
2.093021157812242734e+02 2.188509377259124733e+02
2.103068369474014219e+02 2.189267509205401439e+02
2.113086406367866630e+02 2.189410652781611759e+02
2.123075498317124641e+02 2.188943652539462335e+02
2.133039121103406899e+02 2.187939776080539218e+02
2.142983462423560184e+02 2.186529456716567950e+02
2.152917673510661132e+02 2.184905597504375692e+02
2.162853065937035808e+02 2.183306640286832589e+02
2.172795971453739412e+02 2.181866054960652264e+02
2.182744908766519529e+02 2.180552616642050054e+02
2.192694440302905434e+02 2.179251704236520482e+02
2.202638222465279796e+02 2.177829598128190582e+02
2.212569125044233260e+02 2.176135997348953310e+02
2.222483483187000672e+02 2.174093648779427781e+02
2.232381687356301825e+02 2.171710783163131566e+02
2.242268220291620651e+02 2.169081894230263003e+02
2.252150958061979225e+02 2.166373005267251415e+02
2.262036532847272952e+02 2.163723919048710229e+02
2.271930236270314936e+02 2.161246180129092807e+02
2.281836398012993072e+02 2.159031055867047826e+02
2.291758339377742573e+02 2.157148557526312516e+02
2.301697857725120002e+02 2.155636572497863881e+02
2.311654725127250174e+02 2.154490296185061027e+02
2.321626627713425819e+02 2.153660953441544734e+02
2.331608821645912428e+02 2.153048546726827794e+02
2.341594752458268260e+02 2.152514911423985779e+02
2.351581502578929417e+02 2.151998546698259531e+02
2.361569310834608189e+02 2.151504486887917267e+02
2.371556550929119851e+02 2.150998450546654226e+02
2.381544457274341084e+02 2.150506458410957862e+02
2.391539030865284587e+02 2.150155008218589501e+02
2.401548401287423644e+02 2.150115467246006062e+02
2.411576165631182391e+02 2.150463660218992459e+02
2.421620654952749589e+02 2.151164406702268366e+02
2.431679107107468667e+02 2.152159482176454617e+02
2.441747352578985044e+02 2.153360995485947456e+02
2.451822555300088879e+02 2.154709163863809067e+02
2.461926031819735385e+02 2.156226622626264771e+02
2.472113633175772520e+02 2.157939714794615327e+02
2.482409502311081440e+02 2.159862702346601964e+02
2.492807099047456347e+02 2.162011352909472635e+02
2.503235955641623889e+02 2.164412075352153124e+02
2.513620108508284829e+02 2.167113443870555614e+02
2.523864543574212007e+02 2.170199505240279905e+02
2.533823627081825407e+02 2.173796242023028640e+02
2.543355813463194579e+02 2.178059046093748350e+02
2.552305452968179793e+02 2.183138912732766812e+02
2.560555018592450551e+02 2.189140408570292777e+02
2.568083902045970035e+02 2.196091281326624767e+02
2.574927541133207569e+02 2.203952447832566293e+02
2.581178118878699479e+02 2.212607829482046782e+02
2.586920038232382240e+02 2.221831583032435447e+02
2.592247800710343313e+02 2.231334075048582122e+02
2.597318807092794941e+02 2.240918285573149547e+02
2.602303016329690308e+02 2.250509256683738215e+02
2.607380607279271771e+02 2.260060908615342896e+02
2.612688172216539328e+02 2.269525945641836415e+02
2.618313938859624841e+02 2.278803043158341382e+02
2.624263823396498765e+02 2.287809678115836221e+02
2.630484422236063438e+02 2.296433294669702150e+02
2.636860961818052829e+02 2.304617027628793267e+02
2.643291486047158401e+02 2.312351347605455203e+02
2.649678913208240942e+02 2.319637886771867556e+02
2.655932070843749671e+02 2.326479598767120081e+02
2.661984684179812461e+02 2.332918261035465832e+02
2.667811872853899899e+02 2.338990964230179657e+02
2.673447328310805915e+02 2.344742311945821598e+02
2.678949594704734523e+02 2.350196116744386075e+02
2.684335710006665181e+02 2.355380843236267197e+02
2.689637289930394104e+02 2.360309157499827393e+02
2.694843890347490287e+02 2.365019627769163151e+02
2.699976588757814966e+02 2.369549687311558444e+02
2.705069575966327307e+02 2.373957631439485851e+02
2.710136255035421868e+02 2.378332895500088284e+02
2.715229242243934209e+02 2.382740839628015692e+02
2.720361940654259456e+02 2.387270899170410985e+02
2.725569498747517514e+02 2.392001556736652503e+02
2.730875579891368830e+02 2.397024754292300770e+02
2.736249703822619495e+02 2.402383204164097208e+02
2.741667016751318329e+02 2.408050614544857808e+02
2.747139418753124573e+02 2.414015098180934729e+02
2.752763831536807970e+02 2.420230920939897885e+02
2.758631333897845934e+02 2.426670996511287512e+02
2.764834715170334221e+02 2.433273178143152791e+02
2.771395963399162952e+02 2.439991742540752284e+02
2.778305779897527827e+02 2.446734717015620504e+02
2.785474659470163488e+02 2.453419490081143977e+02
2.792808061245805789e+02 2.459923353829832422e+02
2.800154681291904808e+02 2.466164766387199450e+02
2.807369337277190198e+02 2.472065028992853399e+02
2.814336145649993455e+02 2.477624703565267339e+02
2.821018971764358980e+02 2.482869661452719754e+02
2.827437239646772582e+02 2.487914961475798918e+02
2.833673480605720556e+02 2.492903653481479296e+02
2.839824554506197387e+02 2.497933467429616030e+02
2.845997038450081504e+02 2.502949901805962440e+02
2.852275767853225830e+02 2.507830138609324990e+02
2.858774053179632233e+02 2.512445093473309043e+02
2.865664133558140634e+02 2.516744237869371830e+02
2.873100014270966085e+02 2.520749989247182157e+02
2.881204149932123073e+02 2.524515254374802282e+02
2.889988723100387915e+02 2.528100153503075944e+02
2.899370796920391626e+02 2.531543860705335476e+02
2.909219175062253271e+02 2.534879530128014835e+02
2.919398998002830581e+02 2.538181275514897948e+02
2.929790815752544404e+02 2.541470921670447751e+02
2.940263146864037935e+02 2.544788063487019372e+02
2.950721407954683286e+02 2.548215485913914904e+02
2.961097832771461071e+02 2.551836543777338306e+02
2.971387970869899391e+02 2.555711055164387346e+02
2.981639498944587103e+02 2.559922654807039919e+02
2.991962836799228853e+02 2.564496999146005010e+02
3.002401720487658281e+02 2.569434656331831661e+02
3.012945115719486466e+02 2.574656660531176158e+02
3.023497120337143542e+02 2.580079982916672066e+02
3.033900034697581987e+02 2.585607707411832052e+02
3.043995962126795689e+02 2.591217901510225374e+02
3.053670568059415018e+02 2.596885745216656005e+02
3.062874876577754435e+02 2.602558039554754714e+02
3.071627200394204920e+02 2.608191568206248121e+02
3.079997966794698527e+02 2.613752105438185254e+02
3.088087565739731986e+02 2.619200339985873143e+02
3.096028905606004855e+02 2.624555245133235530e+02
3.103986446816651323e+02 2.629832134920312683e+02
3.112096049308758552e+02 2.635083710656338098e+02
3.120461022312327373e+02 2.640341272064896430e+02
3.129124120472776553e+02 2.645661937327814144e+02
3.138090203703611110e+02 2.651068591860549759e+02
3.147299267335937429e+02 2.656589360653966878e+02
3.156648840244867529e+02 2.662174313340909748e+02
3.165970630832295001e+02 2.667745947566535278e+02
3.175070648588734343e+02 2.673247652219475867e+02
3.183727977570867438e+02 2.678621440538419165e+02
3.191791245134604651e+02 2.683861348806298111e+02
3.199199740604162798e+02 2.689036121098828289e+02
3.205950333587472301e+02 2.694236778002391475e+02
3.212110437684938802e+02 2.699588205330757660e+02
3.217821597569860614e+02 2.705213554155218389e+02
3.223212619031442046e+02 2.711249174021675117e+02
3.228379753828373850e+02 2.717804667042557867e+02
3.233388860526130770e+02 2.724965808784045862e+02
3.238256112880557680e+02 2.732755508567864808e+02
3.242926608300660405e+02 2.741168682310799340e+02
3.247261043622091279e+02 2.750181764595330378e+02
3.251160047920501484e+02 2.759686933113961800e+02
3.254625392110490338e+02 2.769545728409950129e+02
3.257712904057633523e+02 2.779635016686451650e+02
3.260512133630434164e+02 2.789817189927526329e+02
3.263011325997501899e+02 2.799994295114134388e+02
3.265154505541351000e+02 2.810097267136075629e+02
3.266887637670631648e+02 2.820121381182476625e+02
3.268170969075737275e+02 2.830091989493380993e+02
3.268979864814421035e+02 2.840064862076145005e+02
3.269297692819067720e+02 2.850061030688346477e+02
3.269112017075502195e+02 2.860081085288828717e+02
3.268410341636950420e+02 2.870125618679610966e+02
3.267189849671286765e+02 2.880194764489924069e+02
3.265457563281294142e+02 2.890288189594413666e+02
3.263154169172054822e+02 2.900408707788751599e+02
3.260220124307025458e+02 2.910559143767447381e+02
3.256703644461645695e+02 2.920737210196093656e+02
3.252718991134830731e+02 2.930937486561271044e+02
3.248388386872321121e+02 2.941154174681128097e+02
3.243812927978907510e+02 2.951382478593052952e+02
3.239036923850817402e+02 2.961640539019359721e+02
3.234023822947481221e+02 2.971984691285397275e+02
3.228644552410092388e+02 2.982444524909905113e+02
3.222736969228492967e+02 2.993020443696113944e+02
3.216230574118842469e+02 3.003644071529933512e+02
3.209149291351801025e+02 3.014236005531861906e+02
3.201531256742444498e+02 3.024695435342269434e+02
3.193423503151982459e+02 3.034868519430787046e+02
3.184843752770632932e+02 3.044625732505776341e+02
3.175830165890928924e+02 3.053857072722371413e+02
3.166467955207841101e+02 3.062439233652858093e+02
3.156837207294339578e+02 3.070304824590682529e+02
3.147031251114446491e+02 3.077446124352330799e+02
3.137120277121538265e+02 3.083889756783405005e+02
3.127174086587175452e+02 3.089678832692162587e+02
3.117235489262662895e+02 3.094860236152585458e+02
3.107349472497963916e+02 3.099504384486714912e+02
3.097517851856445645e+02 3.103717500988743723e+02
3.087688871894060298e+02 3.107559575545417374e+02
3.077842911541966942e+02 3.111043712646708741e+02
3.067979705437149960e+02 3.114164318583431168e+02
3.058096546876869297e+02 3.116864337521874972e+02
3.048189746841370606e+02 3.119066006915571734e+02
3.038253994753339384e+02 3.120657382659412633e+02
3.028285495447815947e+02 3.121558464723253792e+02
3.018281683433091303e+02 3.121715173925776980e+02
3.008240807313275127e+02 3.121090591786344817e+02
2.998162597934452265e+02 3.119679044685638587e+02
2.988048916628620191e+02 3.117519768498101485e+02
2.977883882049981707e+02 3.114704699058180495e+02
2.967618917898166728e+02 3.111360840886434289e+02
2.957235067181764521e+02 3.107583249064667257e+02
2.946745729712888533e+02 3.103500753348119474e+02
2.936226613680472042e+02 3.099197410635545680e+02
2.925778447042499693e+02 3.094719960311628597e+02
2.915537281176516444e+02 3.090125139147227742e+02
2.905627676679429783e+02 3.085498851183566558e+02
2.896191675408667834e+02 3.080918382409271885e+02
2.887363619193552040e+02 3.076416884109311809e+02
2.879227629071899059e+02 3.071980144137601201e+02
2.871791342102173417e+02 3.067539123046445866e+02
2.864962986604652428e+02 3.062963433079514175e+02
2.858550453005794907e+02 3.058083747374632821e+02
2.852341892907298870e+02 3.052763941717067837e+02
2.846132071254918401e+02 3.046980074531920195e+02
2.839769848090234063e+02 3.040746914365804514e+02
2.833147591815163651e+02 3.034174605208089019e+02
2.826243855471821007e+02 3.027408276382129770e+02
2.819090945715213934e+02 3.020594391527927201e+02
2.811714714642121749e+02 3.013820804302729357e+02
2.804175747366755331e+02 3.007135567785899752e+02
2.796555439879912228e+02 3.000532658159556263e+02
2.788977275367205948e+02 2.993997397529738009e+02
2.781548506203093325e+02 2.987473480356993605e+02
2.774367135081955666e+02 2.980868318651312734e+02
2.767516580945757596e+02 2.974104152148925664e+02
2.761062981063689676e+02 2.967144746147902197e+02
2.755021488600451107e+02 2.959940426794963173e+02
2.749255400297813594e+02 2.952438442686429880e+02
2.743564329888900488e+02 2.944575037755556082e+02
2.737786398599816948e+02 2.936349221718345461e+02
2.731865786195155579e+02 2.927799032416735372e+02
2.725856361691425604e+02 2.918966644577284910e+02
2.719852798295437992e+02 2.909942313380522592e+02
2.713966485488463718e+02 2.900821727989690544e+02
2.708250256990399407e+02 2.891717671508763488e+02
2.702722487103575304e+02 2.882750298224862604e+02
2.697406301770171240e+02 2.874024490106401686e+02
2.692271959249899282e+02 2.865613088329816946e+02
2.687241658565843636e+02 2.857495336274698161e+02
2.682176058189962760e+02 2.849662687212824039e+02
2.676999316694784170e+02 2.842100448480081241e+02
2.671671560519727109e+02 2.834844099391101508e+02
2.666143546265477653e+02 2.827963531919844513e+02
2.660376048135138376e+02 2.821502604098158713e+02
2.654303641209184548e+02 2.815482600077551751e+02
2.647837483078948253e+02 2.809854294469024012e+02
2.640841877611786117e+02 2.804505551434926360e+02
2.633245105285285490e+02 2.799260181570625718e+02
2.625043618051334988e+02 2.794002242760155355e+02
2.616371940321334364e+02 2.788653722760005280e+02
2.607402704853955697e+02 2.783205100455053298e+02
2.598325581804809872e+02 2.777686491918596516e+02
2.589365823112091221e+02 2.772201279440892563e+02
2.580743481951822105e+02 2.766854893963429163e+02
2.572572100626034626e+02 2.761668538961140484e+02
2.564869926545716794e+02 2.756626321904577708e+02
2.557547648373647746e+02 2.751705219059388128e+02
2.550471610911629057e+02 2.746796231399451358e+02
2.543491302561527903e+02 2.741770576436333613e+02
2.536507131181190857e+02 2.736547212429424007e+02
2.529447742864608415e+02 2.731179240224261093e+02
2.522211421110408196e+02 2.725732243458658672e+02
2.514644564600244792e+02 2.720228195407350995e+02
2.506567863994439165e+02 2.714715677442321180e+02
2.497883970860695513e+02 2.709262028186435600e+02
2.488588787993789708e+02 2.703999720605651191e+02
2.478760101984881885e+02 2.699074982951806305e+02
2.468544806012853883e+02 2.694598779160023696e+02
2.458123506432304737e+02 2.690687671913776740e+02
2.447653999067595976e+02 2.687430053156216445e+02
2.437238913960885327e+02 2.684912757180376843e+02
2.426952336795822873e+02 2.683185639348839686e+02
2.416799162026065346e+02 2.682198241048629370e+02
2.406747615152772539e+02 2.681775431219042503e+02
2.396733699441296892e+02 2.681719159944262856e+02
2.386729119769282761e+02 2.681859687345208272e+02
2.376727028823247849e+02 2.682052675747315789e+02
2.366721242697245486e+02 2.682167771748992209e+02
2.356707701337164735e+02 2.682119391599673008e+02
2.346684062914408173e+02 2.681858170815780795e+02
2.336647352520045899e+02 2.681321399921821467e+02
2.326593900562687054e+02 2.680431725910747787e+02
2.316519932253460183e+02 2.679109578269373060e+02
2.306424083342156734e+02 2.677326199339215691e+02
2.296308684284672950e+02 2.675130713873456898e+02
2.286177728320504059e+02 2.672607297206599810e+02
2.276038176016275258e+02 2.669902674328376406e+02
2.265897119198530731e+02 2.667166337116815384e+02
2.255761091009897825e+02 2.664536000694351401e+02
2.245633097160370824e+02 2.662075023806295917e+02
2.235513265592831260e+02 2.659786103419579035e+02
2.225398407212487939e+02 2.657602015136289992e+02
2.215284472390205508e+02 2.655437394958725008e+02
2.205165958160484365e+02 2.653176243342616090e+02
2.195039377369005820e+02 2.650745052955982146e+02
2.184905126164840681e+02 2.648152174407539405e+02
2.174760943276020839e+02 2.645349941303999799e+02
2.164604104940754610e+02 2.642280938216063078e+02
2.154435374077706626e+02 2.638961247057642368e+02
2.144257195343641911e+02 2.635442399874624471e+02
2.134071420119444156e+02 2.631763422777356709e+02
2.123879073843616823e+02 2.627945931456341100e+02
2.113682671778440749e+02 2.624042946283659603e+02
2.103486016670676690e+02 2.620134627109716803e+02
2.093293833877420411e+02 2.616320581913111027e+02
2.083112095961932937e+02 2.612726709105620557e+02
2.072941412311420777e+02 2.609365854240841145e+02
2.062778845925956261e+02 2.606176106944592448e+02
2.052619240233545952e+02 2.603048769460846188e+02
2.042458470260912691e+02 2.599896889578041055e+02
2.032272899902042127e+02 2.596648936968396129e+02
2.022005242315637190e+02 2.593248302648399886e+02
2.011650600802401527e+02 2.589659719036111483e+02
2.001271678379931132e+02 2.585900334133879142e+02
1.990966350173311525e+02 2.582026813662285463e+02
1.980805632241582543e+02 2.578039923296557276e+02
1.970796441527699585e+02 2.573936902167239964e+02
1.960934343589192963e+02 2.569656351432977317e+02
1.951209964110899193e+02 2.565167380606312690e+02
1.941652457188818062e+02 2.560464742289179867e+02
1.932303436384697193e+02 2.555547103072938171e+02
1.923237181906685009e+02 2.550432543407735011e+02
1.914523399875140797e+02 2.545209439459952989e+02
1.906253986597104131e+02 2.539933779502939615e+02
1.898510433863827700e+02 2.534683439428719112e+02
1.891318706640932419e+02 2.529481755069402027e+02
1.884611532051617928e+02 2.524305147747182616e+02
1.878227930440247064e+02 2.519181076531069152e+02
1.872021273639194305e+02 2.514136269605789664e+02
1.865874646938511603e+02 2.509200200230370115e+02
1.859676892881155936e+02 2.504330818502980378e+02
1.853358211706716361e+02 2.499418148430119970e+02
1.846864746070544925e+02 2.494322975721833870e+02
1.840164259986365778e+02 2.488921218532195212e+02
1.833203492151118326e+02 2.483131809647137231e+02
1.825972863597854143e+02 2.476935160973537791e+02
1.818584303238195901e+02 2.470394860051394801e+02
1.811211140709858114e+02 2.463655145470515322e+02
1.804006393287369008e+02 2.456807929566285509e+02
1.797049469749721311e+02 2.449865443193902763e+02
1.790327134072044259e+02 2.442859949802432595e+02
1.783787929431080386e+02 2.435835997781746869e+02
1.777325142798862032e+02 2.428858096329346097e+02
1.770806801224550213e+02 2.422038415155699056e+02
1.764066679485794111e+02 2.415604056168227771e+02
1.756948343159373280e+02 2.409803431263852360e+02
1.749320991906593008e+02 2.404923260670316836e+02
1.741140267692291843e+02 2.401209012097140203e+02
1.732430161265525044e+02 2.398852804531306049e+02
1.723246486403013762e+02 2.397945615367414121e+02
1.713633615271841109e+02 2.398423339962197076e+02
1.703618513594181536e+02 2.400171291676818441e+02
1.693322694658795058e+02 2.402982169578441756e+02
1.682893608490141162e+02 2.406572017578231453e+02
1.672483138958493782e+02 2.410554294243801792e+02
1.662240305435165624e+02 2.414482076049844750e+02
1.652284257135910366e+02 2.417901547163246789e+02
1.642692499874862619e+02 2.420402013516878128e+02
1.633533582133601385e+02 2.421662316078056278e+02
1.624912493905660540e+02 2.421523591303582350e+02
1.616915532679433340e+02 2.420017505451473312e+02
1.609538876726528827e+02 2.417260180065346731e+02
1.602671168345535762e+02 2.413432625308830097e+02
1.596170924071452077e+02 2.408776376884524950e+02
1.589877974053942467e+02 2.403596377201327243e+02
1.583664716329630551e+02 2.398146948533413934e+02
1.577414468629050930e+02 2.392604488173826667e+02
1.571054170791509250e+02 2.387073075087872098e+02
1.564526056147532245e+02 2.381630964530313292e+02
1.557817997706687834e+02 2.376260991871731960e+02
1.550942149905092151e+02 2.370949245531243434e+02
1.543969180082320918e+02 2.365662339343790848e+02
1.537002029304918267e+02 2.360399754735460647e+02
1.530180997206905431e+02 2.355185170031643906e+02
1.523614644959631050e+02 2.350043048406204207e+02
1.517376020293157808e+02 2.344997145086621515e+02
1.511508189687871777e+02 2.340060503966764713e+02
1.506004287506559649e+02 2.335233590906780137e+02
1.500801896006108507e+02 2.330497252133029065e+02
1.495806288330901452e+02 2.325816447033005261e+02
1.490936006962628539e+02 2.321163614612333390e+02
1.486100749385728363e+02 2.316533878490886309e+02
1.481230468017455735e+02 2.311881046070214438e+02
1.476234860342248396e+02 2.307200240970190634e+02
1.471052656138703583e+02 2.302462944520277404e+02
1.465644594925641968e+02 2.297651717537077047e+02
1.459973270379877590e+02 2.292780608347383691e+02
1.454002883085173323e+02 2.287820300418370607e+02
1.447649972278934172e+02 2.282779298196354603e+02
1.440885577402119111e+02 2.277676425159229154e+02
1.433726653251823961e+02 2.272537126466759219e+02
1.426230786998792723e+02 2.267326634221888071e+02
1.418446255039538642e+02 2.261953828426593134e+02
1.410432383599723209e+02 2.256341040583728557e+02
1.402233242654957337e+02 2.250464856079276501e+02
1.393900896799460725e+02 2.244289317373989547e+02
1.385460402551799461e+02 2.237853430951655014e+02
1.376931733059197427e+02 2.231228540504284865e+02
1.368280888872512833e+02 2.224509583787582869e+02
1.359410224538587499e+02 2.217754472909757055e+02
1.350185617593023437e+02 2.210985328280939370e+02
1.340532674307417267e+02 2.204164582939924912e+02
1.330475444736975703e+02 2.197248828481484395e+02
1.320175906274445481e+02 2.190193018801025460e+02
1.309844055897525266e+02 2.182998864850759162e+02
1.299700819429664307e+02 2.175634662168332625e+02
1.289982107207306683e+02 2.167988676329063935e+02
1.280966720561831664e+02 2.159985951780649884e+02
1.273032123846723778e+02 2.151559176286102684e+02
1.266585831427024402e+02 2.142727270521556591e+02
1.261969302090515157e+02 2.133514190946401072e+02
1.259394917287579005e+02 2.123953341123816472e+02
1.258931948388488706e+02 2.114194206469013579e+02
1.260571681218131914e+02 2.104479802908326747e+02
1.264210548464563431e+02 2.095088460773549173e+02
1.269646710306199680e+02 2.086277573642927905e+02
1.276610515842707798e+02 2.078231836741227028e+02
1.284796647061803867e+02 2.071079662197835205e+02
1.293900879430563293e+02 2.064936425681621870e+02
1.303652823957729936e+02 2.059906477136083822e+02
1.313832848938410223e+02 2.056048800344628944e+02
1.324262822224030458e+02 2.053313970800735717e+02
1.334778498239542159e+02 2.051549390063793226e+02
1.345220731450973801e+02 2.050562032607207925e+02
1.355502051450857266e+02 2.050173953429595599e+02
1.365628617223896981e+02 2.050173953427247966e+02
1.375667502016668209e+02 2.050329853429708464e+02
1.385683441594986505e+02 2.050428786725806845e+02
1.395688676618872535e+02 2.050302073788800499e+02
1.405677094261757816e+02 2.049820859532056261e+02
1.415644261065862111e+02 2.048891689057081180e+02
1.425590041506502814e+02 2.047511705576683880e+02
1.435516501624287571e+02 2.045724460112393785e+02
1.445427166008674931e+02 2.043604249108735473e+02
1.455327647561269941e+02 2.041269389503785305e+02
1.465225561726706189e+02 2.038880410762448605e+02
