1.294007555819775064e+02 2.071755870498907370e+02
1.303229746215280045e+02 2.067212468683565589e+02
1.313043209483521423e+02 2.063802769972200508e+02
1.323277726359056317e+02 2.061457275690202664e+02
1.333760492952092420e+02 2.060007367004482717e+02
1.344299642670220294e+02 2.059221683893176760e+02
1.354746155415244289e+02 2.058841446758683560e+02
1.365030025782422456e+02 2.058617699379537953e+02
1.375159021516550979e+02 2.058345564670049157e+02
1.385189425292314240e+02 2.057889049070699912e+02
1.395175833868251232e+02 2.057190333331606666e+02
1.405134557766956505e+02 2.056254760041342706e+02
1.415068499311283290e+02 2.055107160158851229e+02
1.424980221832776124e+02 2.053769464387071366e+02
1.434872296789482107e+02 2.052263672955627669e+02
1.444741871778501263e+02 2.050565381998069938e+02
1.454590792677169020e+02 2.048690384004285931e+02
1.464427821017713143e+02 2.046713638673135165e+02
1.474264427940979090e+02 2.044733287886745643e+02
1.484117915934888288e+02 2.042897363889955500e+02
1.494008573397112798e+02 2.041379445018163494e+02
1.503953147891444644e+02 2.040322815836857728e+02
1.513956832253932134e+02 2.039771903897780021e+02
1.524008793854758892e+02 2.039634030129768973e+02
1.534107286124656753e+02 2.039760048827235437e+02
1.544285325842196812e+02 2.040041715062664025e+02
1.554567632386777518e+02 2.040463715548291361e+02
1.564963484156814104e+02 2.041060898760738951e+02
1.575416182596501926e+02 2.041876891992723131e+02
1.585810680908606400e+02 2.042939871882543628e+02
1.596016779090953435e+02 2.044285071964425811e+02
1.605923974990379293e+02 2.045924250258876214e+02
1.615468125532510157e+02 2.047871538878609954e+02
1.624638361853616857e+02 2.050142827059016781e+02
1.633469716503543054e+02 2.052742728968652273e+02
1.642029055061904046e+02 2.055658525988775125e+02
1.650399609481821983e+02 2.058860665656214337e+02
1.658666437595706498e+02 2.062299125122732448e+02
1.666908581820527502e+02 2.065901186430990890e+02
1.675199024394074172e+02 2.069541680511857180e+02
1.683602063933223008e+02 2.073021748136559950e+02
1.692185815670495117e+02 2.076146413250932312e+02
1.701021901106672090e+02 2.078786789623645745e+02
1.710163728330763320e+02 2.080815022445529507e+02
1.719635575045047631e+02 2.082143712283678099e+02
1.729431767543703700e+02 2.082833195789989986e+02
1.739505054271361928e+02 2.083042121258231987e+02
1.749769516910354810e+02 2.082992574863545769e+02
1.760114147939070790e+02 2.082883992305458492e+02
1.770440492559562244e+02 2.082886503848358757e+02
1.780710042814739040e+02 2.083199367303237182e+02
1.790947588277272189e+02 2.083990137723693863e+02
1.801197982320657047e+02 2.085415759150347697e+02
1.811514387326853353e+02 2.087540343307902901e+02
1.821912008613912803e+02 2.090359777155767063e+02
1.832384632889072407e+02 2.093820902577033962e+02
1.842921650420909714e+02 2.097832947518189712e+02
1.853509520131921136e+02 2.102280060657187164e+02
1.864134415356034822e+02 2.107043947305619156e+02
1.874786018915972079e+02 2.112036338370633644e+02
1.885454496580977377e+02 2.117173096630945111e+02
1.896127730572674466e+02 2.122350547866773809e+02
1.906796897829589454e+02 2.127493205962931029e+02
1.917455227812970975e+02 2.132543145258392769e+02
1.928092232688957210e+02 2.137410636599920792e+02
1.938696192877866338e+02 2.141995412575301430e+02
1.949261912060862869e+02 2.146253015835641236e+02
1.959792422584863516e+02 2.150209389766845902e+02
1.970293751993969522e+02 2.153916103304447915e+02
1.980770126070255515e+02 2.157409310324669889e+02
1.991234694658103592e+02 2.160801514936293302e+02
2.001704345793732500e+02 2.164237203523218511e+02
2.012190065349604993e+02 2.167810366231238675e+02
2.022690659890564859e+02 2.171510792570036301e+02
2.033190658874875112e+02 2.175206123596058774e+02
2.043669718180264567e+02 2.178722304219495527e+02
2.054110584077835711e+02 2.181911719355618970e+02
2.064498113407870790e+02 2.184644810993044644e+02
2.074819501121940846e+02 2.186812024940913943e+02
2.085060705782083232e+02 2.188293229019857904e+02
2.095219604048897963e+02 2.189070256900313893e+02
2.105301351608701736e+02 2.189187218297748814e+02
2.115311474484207110e+02 2.188691391357991165e+02
2.125259395937252975e+02 2.187663397238539460e+02
2.135152109404986618e+02 2.186163068618062653e+02
2.144997850518736016e+02 2.184260865825660289e+02
2.154806156311396705e+02 2.182038383392420826e+02
2.164588669741326328e+02 2.179595233193241768e+02
2.174362980045943630e+02 2.177081900771704284e+02
2.184144478823803581e+02 2.174630069669278498e+02
2.193940088695375721e+02 2.172298966689236011e+02
2.203751736803033907e+02 2.170105079588315675e+02
2.213576797125060978e+02 2.168025941314865008e+02
2.223404102684047530e+02 2.165966012271253476e+02
2.233222007038847892e+02 2.163825650785431662e+02
2.243023283405558459e+02 2.161543027769630783e+02
2.252812253923371486e+02 2.159155121487909241e+02
2.262599023319532705e+02 2.156748383406924745e+02
2.272395517819110466e+02 2.154424848903168197e+02
2.282207158961193727e+02 2.152230902207946883e+02
2.292040344626280728e+02 2.150221280687154604e+02
2.301904055762207690e+02 2.148472821260147043e+02
2.311805587647698417e+02 2.147047939025325149e+02
2.321746293926131273e+02 2.145958215141939149e+02
2.331720261985390437e+02 2.145153063980430090e+02
2.341716601149201438e+02 2.144539309850457585e+02
2.351725602567155988e+02 2.144033888228164528e+02
2.361738901744791690e+02 2.143565236289874463e+02
2.371750887911568384e+02 2.143085350825758724e+02
2.381763254863103612e+02 2.142608723183456618e+02
2.391798332539589751e+02 2.142192195360389633e+02
2.401911006141831422e+02 2.141914618738491640e+02
2.412141101059213781e+02 2.141889920205107956e+02
2.422504662746115400e+02 2.142210844100733595e+02
2.432964558414639953e+02 2.142954210710208827e+02
2.443451993283283059e+02 2.144153100297102696e+02
2.453845682758788200e+02 2.145826682763304234e+02
2.463990961694446185e+02 2.147954807384418814e+02
2.473744445806958936e+02 2.150495053224541948e+02
2.483027424950290936e+02 2.153414877934171159e+02
2.491859213741897747e+02 2.156721810128887569e+02
2.500308707976036828e+02 2.160484415109197016e+02
2.508468419169299750e+02 2.164742884706333541e+02
2.516384776180887570e+02 2.169463581413948532e+02
2.524068527901002312e+02 2.174537852692451452e+02
2.531548710152758304e+02 2.179819690433930077e+02
2.538865640406505690e+02 2.185224290651540855e+02
2.546091027116390251e+02 2.190730666596989806e+02
2.553296907157501892e+02 2.196379731943143554e+02
2.560567498253609529e+02 2.202258729513791877e+02
2.567958725542653724e+02 2.208477459224448012e+02
2.575495069651828999e+02 2.215121930613490235e+02
2.583117055987920594e+02 2.222230195552906480e+02
2.590706626690598569e+02 2.229805703044655445e+02
2.598153315975451960e+02 2.237801087111769220e+02
2.605372011566203696e+02 2.246188208418305692e+02
2.612350799627601532e+02 2.254920696535869240e+02
2.619108010942037481e+02 2.263895244868267582e+02
2.625672360404789742e+02 2.273001775512227027e+02
2.632137643887558625e+02 2.282126600715760105e+02
2.638582581456661842e+02 2.291199929736938827e+02
2.645072612035930888e+02 2.300172633386394523e+02
2.651645028629366152e+02 2.309035932851426196e+02
2.658305094755865525e+02 2.317793944910972641e+02
2.665067285251199110e+02 2.326437426641827528e+02
2.671955605913925638e+02 2.334975452499099617e+02
2.679011258336508945e+02 2.343415973028599524e+02
2.686220333830138429e+02 2.351777467883345594e+02
2.693542632549455789e+02 2.360011889097376070e+02
2.700879476256194494e+02 2.368067975907992491e+02
2.708148739091832340e+02 2.375875779577092715e+02
2.715276412663546353e+02 2.383360033025606413e+02
2.722188036851222819e+02 2.390468134874154487e+02
2.728882462077434070e+02 2.397193695375343907e+02
2.735382710711754157e+02 2.403596465812000247e+02
2.741746478815963997e+02 2.409724734589097466e+02
2.747989293287780583e+02 2.415596520983737321e+02
2.754111830045907823e+02 2.421217263298404134e+02
2.760126265165328618e+02 2.426624894465992384e+02
2.766078192558227329e+02 2.431939453013949617e+02
2.772073001284949214e+02 2.437326120920588437e+02
2.778193117511959258e+02 2.442978095422644458e+02
2.784507687282264214e+02 2.449000107306595737e+02
2.791002440732698346e+02 2.455437952860558539e+02
2.797618995565860587e+02 2.462258576344482606e+02
2.804292735551889564e+02 2.469367490354771348e+02
2.810933905590295581e+02 2.476607250238177187e+02
2.817493855297477694e+02 2.483806515415807894e+02
2.823990499579018092e+02 2.490806049393861201e+02
2.830473412626799927e+02 2.497503253222542696e+02
2.837023667189121170e+02 2.503802639277087110e+02
2.843725222605789895e+02 2.509681567388343240e+02
2.850675582250839852e+02 2.515147911345226817e+02
2.857954074656698822e+02 2.520223740894970490e+02
2.865637750486414461e+02 2.524933516393743673e+02
2.873770115002412240e+02 2.529301279751646803e+02
2.882375792003920196e+02 2.533336224483328181e+02
2.891436124477004910e+02 2.537050488608853129e+02
2.900930693124724371e+02 2.540503927383733185e+02
2.910848061011434993e+02 2.543787161298494084e+02
2.921139184621411005e+02 2.547028864002983823e+02
2.931719888172279980e+02 2.550302454139671795e+02
2.942451077528066889e+02 2.553586796644398760e+02
2.953202495274180137e+02 2.556824294026383200e+02
2.963914689255007033e+02 2.559993754971536362e+02
2.974588889539915044e+02 2.563109493463557556e+02
2.985261026853738713e+02 2.566207582109962004e+02
2.995968350736818024e+02 2.569335376706007992e+02
3.006716537617131166e+02 2.572545232264495780e+02
3.017454085381824598e+02 2.575883974434076436e+02
3.028077273763707353e+02 2.579386842679475080e+02
3.038480741069565738e+02 2.583064782757988951e+02
3.048551416913031176e+02 2.586907924602409139e+02
3.058200232961899019e+02 2.590884775472334240e+02
3.067334207266521844e+02 2.594961541410609698e+02
3.075867289780023270e+02 2.599120321176151265e+02
3.083747999151983095e+02 2.603363326342822575e+02
3.090978706257377553e+02 2.607708170767436968e+02
3.097621002066912297e+02 2.612165918989178408e+02
3.103790181038978631e+02 2.616678986774401210e+02
3.109648930967632054e+02 2.621184129586066547e+02
3.115395140661935898e+02 2.625636389949296472e+02
3.121237390304704604e+02 2.630000363793176348e+02
3.127373594245443087e+02 2.634231312155266096e+02
3.133973431393494593e+02 2.638325803312429798e+02
3.141178639319390982e+02 2.642318285463461507e+02
3.149107938270673230e+02 2.646317873826930054e+02
3.157804781797960914e+02 2.650466865918410804e+02
3.167233512267749234e+02 2.654858320566997918e+02
3.177274235757519136e+02 2.659579295259122205e+02
3.187772263008529308e+02 2.664689713502939981e+02
3.198535656382445040e+02 2.670200602459937045e+02
3.209340746848326944e+02 2.676068232837884580e+02
3.219941023465291892e+02 2.682187653165972279e+02
3.230100448410063336e+02 2.688449194218881075e+02
3.239681868739257879e+02 2.694764430580457883e+02
3.248620836309423794e+02 2.701122057786745927e+02
3.256945969411134456e+02 2.707499118225834991e+02
3.264712060615789824e+02 2.713863241994735631e+02
3.272007443635672530e+02 2.720157116649127715e+02
3.278891808480933605e+02 2.726345222429884529e+02
3.285446452355278666e+02 2.732410999334907729e+02
3.291790629781880284e+02 2.738385613493294954e+02
3.298031734216073119e+02 2.744335798514653106e+02
3.304225307948040040e+02 2.750375486702133685e+02
3.310412286731128120e+02 2.756625865128470423e+02
3.316613878413755856e+02 2.763224965030582325e+02
3.322791104081184130e+02 2.770305478802772541e+02
3.328879709599963803e+02 2.777907204998215889e+02
3.334814387220164349e+02 2.785986590895998916e+02
3.340537270863878803e+02 2.794455820557774359e+02
3.346014141393483214e+02 2.803214648760613272e+02
3.351232591833941115e+02 2.812188108969511404e+02
3.356184492202784782e+02 2.821343081071471488e+02
3.360898828159167806e+02 2.830651308979298051e+02
3.365369086123469629e+02 2.840114691713934008e+02
3.369577059261754357e+02 2.849727856631892564e+02
3.373502335749922736e+02 2.859477161155084559e+02
3.377084050063049858e+02 2.869307528933089770e+02
3.380218656319801198e+02 2.879158441706194935e+02
3.382845758141705232e+02 2.888996495198215371e+02
3.384936975227376479e+02 2.898835829773124146e+02
3.386466087895460078e+02 2.908725178868206172e+02
3.387396983033059996e+02 2.918684449564537431e+02
3.387690745561318408e+02 2.928718190382492139e+02
3.387323170261457790e+02 2.938829230506387944e+02
3.386306156129004421e+02 2.949016179143113732e+02
3.384704333183896097e+02 2.959271482126747514e+02
3.382640406092848480e+02 2.969580797338677485e+02
3.380243932867244894e+02 2.979928981619186175e+02
3.377615210716450633e+02 2.990304311905804866e+02
3.374840194487944700e+02 3.000696741517745068e+02
3.371938442078781577e+02 3.011119670528244683e+02
3.368854860368546724e+02 3.021625207195602343e+02
3.365522094382696991e+02 3.032232047369743100e+02
3.361853585717280453e+02 3.042925520672172297e+02
3.357750124304276937e+02 3.053690301059573926e+02
3.353115855799512133e+02 3.064486194766232074e+02
3.347887285305919249e+02 3.075264141370758466e+02
3.342046652164282250e+02 3.085946095041848594e+02
3.335618084319955301e+02 3.096468182809843483e+02
3.328612431284761328e+02 3.106788250089070402e+02
3.321053531288480372e+02 3.116846233301540110e+02
3.312985919836704056e+02 3.126531655182886880e+02
3.304441512891526713e+02 3.135746578298165446e+02
3.295481952366029645e+02 3.144422050226450551e+02
3.286213719212776709e+02 3.152511564825765618e+02
3.276739033650725332e+02 3.159977299308852707e+02
3.267159406698909265e+02 3.166765112885037752e+02
3.257548223452657794e+02 3.172881197935417390e+02
3.247963059501115595e+02 3.178423633517564895e+02
3.238411164594051570e+02 3.183498978499850409e+02
3.228873994334169879e+02 3.188175376518285589e+02
3.219308154397305657e+02 3.192472286923587035e+02
3.209697464284927264e+02 3.196385479554142535e+02
3.200043361227311607e+02 3.199927250700820309e+02
3.190346447746683225e+02 3.203102755270696775e+02
3.180607849944308896e+02 3.205921627675842842e+02
3.170827276426974777e+02 3.208381374887979973e+02
3.161004327835055392e+02 3.210478580167157929e+02
3.151131476703999397e+02 3.212148841938259807e+02
3.141201542687067558e+02 3.213330728408860750e+02
3.131207411610483291e+02 3.213963373932397189e+02
3.121141554848765054e+02 3.213982367001369767e+02
3.110983721685811929e+02 3.213348654517344016e+02
3.100689255867483212e+02 3.212070899330086604e+02
3.090238638976932748e+02 3.210208911805788716e+02
3.079636957952939724e+02 3.207850746782215197e+02
3.068936462041748996e+02 3.205048913541087359e+02
3.058215903314109028e+02 3.201855521872778922e+02
3.047592097317922821e+02 3.198347369599316607e+02
3.037182631491191387e+02 3.194618108894858892e+02
3.027105224580565164e+02 3.190717379090456234e+02
3.017448069577675938e+02 3.186669183909294816e+02
3.008284755126726964e+02 3.182475513689174704e+02
2.999662123647919998e+02 3.178209806921839231e+02
2.991614406788315250e+02 3.173948727932365159e+02
2.984138612065186180e+02 3.169714222516412292e+02
2.977216436155021029e+02 3.165470805622925923e+02
2.970795186339944394e+02 3.161190082507974921e+02
2.964810370231305683e+02 3.156852790030428650e+02
2.959168067598287166e+02 3.152481021047574927e+02
2.953767553750740831e+02 3.148075433430507246e+02
2.948495749923719131e+02 3.143676045411544351e+02
2.943276694670619804e+02 3.139326289249781894e+02
2.938061667590572483e+02 3.135069483946120954e+02
2.932794712469773231e+02 3.130890573819355041e+02
2.927439750237816156e+02 3.126713110477228383e+02
2.921970486508538443e+02 3.122429881580168285e+02
2.916383104009792646e+02 3.117939404094453835e+02
2.910661067894289431e+02 3.113171966232522436e+02
2.904791349967255201e+02 3.108100950497479857e+02
2.898781018217378005e+02 3.102736867414331527e+02
2.892650398821427302e+02 3.097121741412139500e+02
2.886431346748675537e+02 3.091330078135204076e+02
2.880176476299606065e+02 3.085472638360809583e+02
2.873950025111658420e+02 3.079636191256499842e+02
2.867760427721501628e+02 3.073888505862337297e+02
2.861608183975175166e+02 3.068246951595525616e+02
2.855465846181559186e+02 3.062709873749981284e+02
2.849326668055009009e+02 3.057241433190252451e+02
2.843173696688440941e+02 3.051799523318975957e+02
2.837015534163006691e+02 3.046315612106416211e+02
2.830842392813538595e+02 3.040701137002865835e+02
2.824653688288893818e+02 3.034808971027340476e+02
2.818421824283620936e+02 3.028505947489840082e+02
2.812129007110366956e+02 3.021661710692789029e+02
2.805743404248647153e+02 3.014237091317333466e+02
2.799284951288342995e+02 3.006281539345839064e+02
2.792802431344061915e+02 2.997951509293835102e+02
2.786339245990254767e+02 2.989453629694286292e+02
2.779906632903773129e+02 2.980983448155510018e+02
2.773511883631686032e+02 2.972680441271389782e+02
2.767173349099632560e+02 2.964614611964209985e+02
2.760917264865054790e+02 2.956822380734044486e+02
2.754759613937357585e+02 2.949287854604132235e+02
2.748700952395731747e+02 2.941966175704752118e+02
2.742718478185348658e+02 2.934767262091011730e+02
2.736776406204601244e+02 2.927581174791645253e+02
2.730835856315711112e+02 2.920279247519745809e+02
2.724893010085051515e+02 2.912755335857822274e+02
2.718997356957960960e+02 2.904916969178645445e+02
2.713189237108767315e+02 2.896691080219127912e+02
2.707461404406245720e+02 2.888028336636103859e+02
2.701779726790800851e+02 2.878899785148105366e+02
2.696065114631531401e+02 2.869353965710673720e+02
2.690226041284368534e+02 2.859508217322976407e+02
2.684150072317546574e+02 2.849556141892684877e+02
2.677719273339887422e+02 2.839702515388790971e+02
2.670783480275920851e+02 2.830134526499356866e+02
2.663239491673521115e+02 2.820965673617231460e+02
2.655027331038044167e+02 2.812288374484164137e+02
2.646188318121805878e+02 2.804137518076475430e+02
2.636828833663288378e+02 2.796574016208122657e+02
2.627155905179901652e+02 2.789657628524649908e+02
2.617382459763105089e+02 2.783415207264746414e+02
2.607640908725309146e+02 2.777815277591704444e+02
2.598051024732662881e+02 2.772737873581014014e+02
2.588727821028658127e+02 2.768021017776461576e+02
2.579783335524280119e+02 2.763476329608449191e+02
2.571342935522279163e+02 2.758947810011591741e+02
2.563487433204281274e+02 2.754315949181684573e+02
2.556233313344813496e+02 2.749448640092765004e+02
2.549492350176915068e+02 2.744225813264347380e+02
2.543108854869384459e+02 2.738593407524236909e+02
2.536875308201871064e+02 2.732614682119860845e+02
2.530595332773141592e+02 2.726407391288020108e+02
2.524086992355096584e+02 2.720116194672380061e+02
2.517195148679369936e+02 2.713898386292496525e+02
2.509815574811898102e+02 2.707904947035623309e+02
2.501904035930762689e+02 2.702274509636097264e+02
2.493480763029011769e+02 2.697153716965618742e+02
2.484609031469492493e+02 2.692677525731898527e+02
2.475370606328141037e+02 2.688983775611582132e+02
2.465826237552213058e+02 2.686120438333929314e+02
2.456011326089338240e+02 2.684063753440045730e+02
2.445974452894783724e+02 2.682725967669105671e+02
2.435758249934147557e+02 2.681953442906017244e+02
2.425423716465886343e+02 2.681537697893427321e+02
2.415041215928582403e+02 2.681322286099218672e+02
2.404703668341877858e+02 2.681223927054796263e+02
2.394464772420676013e+02 2.681173328188279470e+02
2.384311288676331628e+02 2.681101751730280398e+02
2.374203050406293016e+02 2.680892350672681346e+02
2.364082923690008329e+02 2.680447034606560237e+02
2.353929183431368131e+02 2.679714136306339469e+02
2.343741359454069766e+02 2.678689633156668606e+02
2.333521160645809402e+02 2.677388145626173923e+02
2.323265836765451411e+02 2.675786143898161527e+02
2.312976296820513085e+02 2.673891405028971349e+02
2.302658737850750583e+02 2.671756948082140184e+02
2.292324120188186782e+02 2.669476544691022468e+02
2.281974983945782185e+02 2.667071926910885509e+02
2.271608643894433612e+02 2.664520121138514810e+02
2.261224298993033131e+02 2.661814274029242142e+02
2.250818815893829026e+02 2.658927578079791374e+02
2.240389940072428487e+02 2.655840744601256347e+02
2.229941793988212169e+02 2.652589043487719209e+02
2.219480861430434402e+02 2.649227947101460359e+02
2.209016029311670763e+02 2.645833487838764313e+02
2.198556032462780934e+02 2.642480396953669697e+02
2.188109105354162978e+02 2.639239124842888486e+02
2.177683635698862759e+02 2.636181432977768964e+02
2.167279144033145144e+02 2.633303219283893668e+02
2.156892635159825602e+02 2.630578858211632678e+02
2.146521563161297195e+02 2.627986568043800162e+02
2.136167946893336591e+02 2.625543621195438391e+02
2.125830357252170870e+02 2.623237790902362576e+02
2.115501090312019130e+02 2.621003165867152802e+02
2.105166528374053883e+02 2.618723239230447462e+02
2.094811602578022018e+02 2.616269088653409653e+02
2.084427543265190366e+02 2.613565684910496429e+02
2.073991024418163249e+02 2.610547664019176750e+02
2.063455343064723309e+02 2.607206178036969959e+02
2.052810117929456339e+02 2.603545007720516651e+02
2.042103252132593525e+02 2.599627802229842928e+02
2.031415960978576720e+02 2.595528090218032844e+02
2.020831496552224849e+02 2.591291948261276730e+02
2.010415213426081777e+02 2.586950408988331560e+02
2.000205145926293540e+02 2.582538161438309885e+02
1.990192113952925297e+02 2.578075981837173458e+02
1.980308831539573191e+02 2.573560760582823832e+02
1.970488729269224564e+02 2.568979669171119440e+02
1.960681391782996741e+02 2.564349121452573286e+02
1.950882197552966772e+02 2.559646460757535920e+02
1.941119990608417822e+02 2.554871678440131575e+02
1.931464564263195314e+02 2.550036501283482551e+02
1.921981459869363960e+02 2.545164429299706512e+02
1.912755021686377859e+02 2.540296498186642111e+02
1.903856022852461933e+02 2.535454368142945896e+02
1.895300468565939127e+02 2.530641544782208712e+02
1.887077700469644128e+02 2.525803104087619886e+02
1.879163487672819031e+02 2.520920121130300799e+02
1.871575063634800813e+02 2.515989554663917147e+02
1.864352465662985026e+02 2.510991391317524517e+02
1.857503132980673968e+02 2.505899349744950371e+02
1.851016298228576034e+02 2.500625616195142129e+02
1.844849104582084465e+02 2.495104320652276044e+02
1.838895110289815875e+02 2.489277216406036928e+02
1.832988854086078447e+02 2.483083038082391738e+02
1.826978243435072784e+02 2.476455423831953340e+02
1.820732635372187929e+02 2.469396444378687647e+02
1.814152623255824608e+02 2.461977210958036153e+02
1.807187375740570587e+02 2.454321179493807961e+02
1.799832712218295967e+02 2.446618350037360017e+02
1.792112015998367269e+02 2.439099186265099490e+02
1.784039953755127499e+02 2.431986763837876424e+02
1.775624330310334358e+02 2.425551917961964534e+02
1.766897819111681542e+02 2.420073843296008249e+02
1.757886806794333552e+02 2.415826529156377944e+02
1.748619996546476045e+02 2.412963551733571421e+02
1.739116448231145569e+02 2.411532812203159040e+02
1.729397166249814290e+02 2.411447676313144655e+02
1.719466599518983116e+02 2.412560579799081779e+02
1.709376650003549116e+02 2.414628967136934534e+02
1.699181203556887567e+02 2.417339050842239772e+02
1.688938042227351843e+02 2.420307098165042134e+02
1.678726224390028392e+02 2.423148450061345329e+02
1.668642599003234750e+02 2.425538488099643359e+02
1.658789872948154880e+02 2.427231567778558485e+02
1.649245346976351811e+02 2.428024128625483797e+02
1.640032889363807271e+02 2.427780562770803385e+02
1.631201529830578920e+02 2.426426948378426971e+02
1.622797244743729834e+02 2.424029314381948552e+02
1.614860682205683133e+02 2.420719221390478140e+02
1.607406882446064174e+02 2.416672894913783693e+02
1.600446404000741722e+02 2.412101778888926731e+02
1.593959604643562216e+02 2.407260243600044305e+02
1.587909880986636040e+02 2.402367631556684557e+02
1.582218817007827170e+02 2.397578682598812634e+02
1.576790404872087947e+02 2.392934409871995456e+02
1.571506100160072776e+02 2.388428069946670860e+02
1.566260878095968394e+02 2.383988645259762222e+02
1.560966298279612374e+02 2.379576233308602582e+02
1.555584745352315394e+02 2.375168429477804182e+02
1.550111670670689534e+02 2.370776880584242008e+02
1.544582909886391917e+02 2.366386282884246270e+02
1.539035641333233571e+02 2.362019092074086757e+02
1.533515763978724635e+02 2.357704496973225048e+02
1.528046239434273161e+02 2.353477438156950257e+02
1.522616601802859009e+02 2.349317542888589685e+02
1.517185627039384315e+02 2.345148964137180485e+02
1.511700898588876782e+02 2.340867542806793153e+02
1.506113516090130702e+02 2.336377065321078703e+02
1.500391479974627771e+02 2.331609627459147305e+02
1.494521762047593256e+02 2.326538611724104442e+02
1.488511430297716061e+02 2.321174528640956396e+02
1.482396285555379052e+02 2.315557593911162257e+02
1.476253246014145475e+02 2.309757046043508808e+02
1.470143764762090939e+02 2.303866926645627586e+02
1.464102388569925495e+02 2.297931796385529140e+02
1.458107940697918536e+02 2.291996416391376101e+02
1.452109579210855941e+02 2.286078891469812788e+02
1.446029487242082041e+02 2.280229606290771471e+02
1.439790253862128111e+02 2.274493632472798765e+02
1.433313435178764621e+02 2.268959575917347422e+02
1.426539836904729270e+02 2.263719138718479371e+02
1.419394774488703206e+02 2.258845455735149983e+02
1.411782579982874211e+02 2.254323099019948131e+02
1.403613663014212136e+02 2.250034192343462678e+02
1.394831334418563529e+02 2.245812955972711222e+02
1.385453895691740342e+02 2.241510438074703302e+02
1.375587165790865640e+02 2.237008142590377702e+02
1.365354200109476608e+02 2.232271298551651455e+02
1.354911077545190494e+02 2.227308464172045319e+02
1.344420696802686166e+02 2.222130038380060739e+02
1.334040819734602508e+02 2.216714530832473713e+02
1.323956292380229627e+02 2.210999630891678009e+02
1.314328977758962935e+02 2.204923479136789126e+02
1.305263375374620693e+02 2.198416845809021254e+02
1.296803028274686937e+02 2.191422609635489778e+02
1.288991064666557236e+02 2.183868213129146341e+02
1.281892684972559664e+02 2.175744263472086573e+02
1.275636602309824639e+02 2.167063705511884564e+02
1.270384118727164093e+02 2.157896667405146900e+02
1.266294911236219889e+02 2.148347094624372176e+02
1.263513471912703210e+02 2.138534762541641214e+02
1.262158218653383983e+02 2.128623481303844187e+02
1.262309331742817164e+02 2.118787319537875646e+02
1.264008398739735810e+02 2.109222123464936089e+02
1.267256408906927447e+02 2.100123792842705370e+02
1.272012390153464025e+02 2.091693846841152720e+02
1.278177913477306333e+02 2.084081360361108182e+02
1.285584448140315601e+02 2.077403470667362058e+02
1.294007555819775064e+02 2.071755870498907370e+02
