1.277061841905582469e+02 2.089832744296255385e+02
1.283620616647458235e+02 2.084234378969757131e+02
1.291573311555444548e+02 2.079742918246063539e+02
1.300636764148712814e+02 2.076286192955505783e+02
1.310509328764046018e+02 2.073724248772454075e+02
1.320895331425914776e+02 2.071886317688503709e+02
1.331543716878879877e+02 2.070551596009807724e+02
1.342248283804076152e+02 2.069503495890450608e+02
1.352852221182696439e+02 2.068557581193027772e+02
1.363277128112224545e+02 2.067564371836309078e+02
1.373492343517129655e+02 2.066408820771452781e+02
1.383515531545113220e+02 2.064997405635431846e+02
1.393406124155034433e+02 2.063301892010135248e+02
1.403225792477373659e+02 2.061364684633096545e+02
1.413006919577195504e+02 2.059267926280608947e+02
1.422777757433867123e+02 2.057128573047261852e+02
1.432569605821736900e+02 2.055076198132931040e+02
1.442416767696802253e+02 2.053252807154792094e+02
1.452350728330949039e+02 2.051788741225907984e+02
1.462388722558664824e+02 2.050755348229780850e+02
1.472521489591500199e+02 2.050114290829552885e+02
1.482721448998134974e+02 2.049751392970781012e+02
1.492965322011661158e+02 2.049570286408637685e+02
1.503230306523399236e+02 2.049476576143574107e+02
1.513497702503123605e+02 2.049392848749948826e+02
1.523756253302804851e+02 2.049272504533822996e+02
1.534016706039262203e+02 2.049160033857974668e+02
1.544299279944071657e+02 2.049139139259847582e+02
1.554621594935215967e+02 2.049282762771838406e+02
1.564995320921060511e+02 2.049639214881823079e+02
1.575434229332704490e+02 2.050265505853662376e+02
1.585949450022392000e+02 2.051207710478608988e+02
1.596537315304636309e+02 2.052450645460474448e+02
1.607183450294324416e+02 2.053934802387432228e+02
1.617877676107600564e+02 2.055618043238368671e+02
1.628620739430754156e+02 2.057503459106874288e+02
1.639422527986949660e+02 2.059631982681971181e+02
1.650292694692342081e+02 2.062043574610672181e+02
1.661230067859954715e+02 2.064733384403350556e+02
1.672216689449711282e+02 2.067627070287114179e+02
1.683218373909118668e+02 2.070583112665791532e+02
1.694190829592000398e+02 2.073418155255118336e+02
1.705109149001207243e+02 2.075977172301474241e+02
1.715992429577946723e+02 2.078178239142885673e+02
1.726853243776749878e+02 2.080012033033670207e+02
1.737679439994549568e+02 2.081535869687579634e+02
1.748440878308724109e+02 2.082855379379934675e+02
1.759102241790002381e+02 2.084096752811688020e+02
1.769650021663788380e+02 2.085393967685122050e+02
1.780115343852975798e+02 2.086879241963932827e+02
1.790529336534262939e+02 2.088688167407145215e+02
1.800891595779897898e+02 2.090902885366966473e+02
1.811183466945173279e+02 2.093579854556903399e+02
1.821375184812785051e+02 2.096724598484793205e+02
1.831450194253760912e+02 2.100345539893936859e+02
1.841405398819926518e+02 2.104429775090726480e+02
1.851246330376574747e+02 2.108918861209332931e+02
1.860987728048184238e+02 2.113715003248300945e+02
1.870667247241799203e+02 2.118727925527514913e+02
1.880324189818524587e+02 2.123812245078874241e+02
1.889990325012605581e+02 2.128769760963543263e+02
1.899700589622843552e+02 2.133437019952463629e+02
1.909487588357511072e+02 2.137702837741893518e+02
1.919378223344171488e+02 2.141519771106474082e+02
1.929398940708442183e+02 2.144915956962166206e+02
1.939578070572281945e+02 2.148008589717923655e+02
1.949940026933712716e+02 2.150975694006874619e+02
1.960488239242343411e+02 2.153960210915748235e+02
1.971204496638714545e+02 2.157020436317450276e+02
1.982069502623101016e+02 2.160160301064097439e+02
1.993071840690174668e+02 2.163339272623002216e+02
2.004183214152969299e+02 2.166443574286501246e+02
2.015322640094677809e+02 2.169327857765009355e+02
2.026389518193215622e+02 2.171848056919560008e+02
2.037297561473882297e+02 2.173877367340147941e+02
2.047995067440953108e+02 2.175309373984434274e+02
2.058473562796709757e+02 2.176047629981418936e+02
2.068756528829225090e+02 2.176028358693447444e+02
2.078860325373245246e+02 2.175267370750079863e+02
2.088801372482934653e+02 2.173832641049044696e+02
2.098609690234441132e+02 2.171848445161263896e+02
2.108324094574481933e+02 2.169475471351338740e+02
2.117991645523874809e+02 2.166908536278825750e+02
2.127654512073430624e+02 2.164322208968222014e+02
2.137342507669128508e+02 2.161839909593481366e+02
2.147079617846974884e+02 2.159560932245881304e+02
2.156880144701910922e+02 2.157544484004223193e+02
2.166736144712808709e+02 2.155757680687324296e+02
2.176635316340448298e+02 2.154149597014303765e+02
2.186568483326903447e+02 2.152682245583427516e+02
2.196522937916827800e+02 2.151303019481138108e+02
2.206486519455206121e+02 2.149961576651760424e+02
2.216448675715037382e+02 2.148614233527384556e+02
2.226409906835251888e+02 2.147263060557491201e+02
2.236374920696387107e+02 2.145927547184371633e+02
2.246339934557522611e+02 2.144592033811252350e+02
2.256298303380292793e+02 2.143229011649262361e+02
2.266242997042837715e+02 2.141809377760635300e+02
2.276165116359502463e+02 2.140296291753209061e+02
2.286074531099294518e+02 2.138678697015399166e+02
2.296011818848638484e+02 2.136963591288266855e+02
2.306014548098615364e+02 2.135193214160800608e+02
2.316104678247545223e+02 2.133405109050871431e+02
2.326250961970970934e+02 2.131638952320639646e+02
2.336366976253702035e+02 2.129916988615423179e+02
2.346351687083097204e+02 2.128293180103354985e+02
2.356134387566434611e+02 2.126859644689978950e+02
2.365701288189726768e+02 2.125708228070915311e+02
2.375071219443940720e+02 2.124944140173024323e+02
2.384283830550646144e+02 2.124649579177118142e+02
2.393353797531528073e+02 2.124886748122411575e+02
2.402276913333665789e+02 2.125704881347589321e+02
2.411062889101467874e+02 2.127147289486152886e+02
2.419719827916890154e+02 2.129256673716806745e+02
2.428257163356245769e+02 2.132029242979283197e+02
2.436675427389441495e+02 2.135425888973848600e+02
2.444986939440712206e+02 2.139388627902882831e+02
2.453203149110681807e+02 2.143841991375349494e+02
2.461338867981534122e+02 2.148661100155451322e+02
2.469391346834451042e+02 2.153691902810557508e+02
2.477353992145362440e+02 2.158784918358464893e+02
2.485201643388299999e+02 2.163838245717564064e+02
2.492910641549345030e+02 2.168811521717013875e+02
2.500444752850138741e+02 2.173730679335931200e+02
2.507777266270698533e+02 2.178659071736126975e+02
2.514869655872999772e+02 2.183669274135129683e+02
2.521701163566101513e+02 2.188819343843938441e+02
2.528326692020572466e+02 2.194157054999536456e+02
2.534846611086341284e+02 2.199707933716499042e+02
2.541373088578214947e+02 2.205494985390310489e+02
2.547992553212105804e+02 2.211531209388868433e+02
2.554746461330500438e+02 2.217838441970269514e+02
2.561632072521888404e+02 2.224437364820729783e+02
2.568667986345993768e+02 2.231362855746633045e+02
2.575896091595346320e+02 2.238664392257620079e+02
2.583324958454493299e+02 2.246368040779162811e+02
2.590908019925450958e+02 2.254472416862383568e+02
2.598592268161124821e+02 2.262915657557575742e+02
2.606303613178988599e+02 2.271624048815269248e+02
2.613995146371719329e+02 2.280492239704955182e+02
2.621640556912301463e+02 2.289401344383987578e+02
2.629218331678188179e+02 2.298247994307546094e+02
2.636709143433142799e+02 2.306942767589945333e+02
2.644100444033741724e+02 2.315443172643823004e+02
2.651386142362369469e+02 2.323738345985105695e+02
2.658568112939589128e+02 2.331850272105433532e+02
2.665653077384090466e+02 2.339795618717372179e+02
2.672655865013491621e+02 2.347594166830477036e+02
2.679605683588226839e+02 2.355273561148225383e+02
2.686545527312921990e+02 2.362863239348321258e+02
2.693507606406456034e+02 2.370395141217860555e+02
2.700496369282951719e+02 2.377904291458295347e+02
2.707531715676683461e+02 2.385431035448243051e+02
2.714616177692349765e+02 2.393049737714500509e+02
2.721768136071572144e+02 2.400823074635692365e+02
2.729009277378875140e+02 2.408798490501455944e+02
2.736343652441743188e+02 2.416981426267284974e+02
2.743759774037859529e+02 2.425345110744870851e+02
2.751234791014614984e+02 2.433814110580023566e+02
2.758745366748162269e+02 2.442285003908094154e+02
2.766272893342119232e+02 2.450619431754699917e+02
2.773803994753586721e+02 2.458675353745030066e+02
2.781309346355408820e+02 2.466314252849294064e+02
2.788720751333086127e+02 2.473444819320519628e+02
2.795995888410948851e+02 2.480011270931915419e+02
2.803119904867687637e+02 2.486019623393723634e+02
2.810082082053356771e+02 2.491507443821128618e+02
2.816859218577313868e+02 2.496513092540930359e+02
2.823400256773010142e+02 2.501068552428027090e+02
2.829673009366908900e+02 2.505215187741414411e+02
2.835688163686049847e+02 2.509033952328689452e+02
2.841536695405304158e+02 2.512611990853380632e+02
2.847338552080038880e+02 2.516056855738341369e+02
2.853240948763119604e+02 2.519458021381639981e+02
2.859361021741071340e+02 2.522899903454684249e+02
2.865792979994217831e+02 2.526426346843451540e+02
2.872565088445419974e+02 2.530061561610637000e+02
2.879663877629866988e+02 2.533787392907913727e+02
2.887002161228234627e+02 2.537582722264166932e+02
2.894463403657694585e+02 2.541404376001819685e+02
2.901952033731296297e+02 2.545216626019546879e+02
2.909401017345201126e+02 2.549027393865358135e+02
2.916784311369696070e+02 2.552828609012960897e+02
2.924099167548846481e+02 2.556606892729628839e+02
2.931369446666503791e+02 2.560333982163523956e+02
2.938626535784293310e+02 2.564003231612085187e+02
2.945919549613095683e+02 2.567617117842363541e+02
2.953303669383174110e+02 2.571223460866140158e+02
2.960857828086394647e+02 2.574903971123353585e+02
2.968662342099225953e+02 2.578742380748045093e+02
2.976812377919502524e+02 2.582791438735368956e+02
2.985418834775981054e+02 2.587108292907340115e+02
2.994616553065419566e+02 2.591694052814458473e+02
3.004493807341544880e+02 2.596519956856207045e+02
3.015075408067049239e+02 2.601522833204679728e+02
3.026255366831583729e+02 2.606650191146680413e+02
3.037835841386861944e+02 2.611854753658272443e+02
3.049614110087741210e+02 2.617129093553489838e+02
3.061409329259822130e+02 2.622526967112240754e+02
3.073076473021589550e+02 2.628087933420595164e+02
3.084464486184363636e+02 2.633855168407873748e+02
3.095431533729789066e+02 2.639811979232247268e+02
3.105863964530545331e+02 2.645909629400625818e+02
3.115730425401092702e+02 2.652088339549877105e+02
3.125082189063267606e+02 2.658287886774097046e+02
3.134003278393723804e+02 2.664459992130684896e+02
3.142551116745384547e+02 2.670570065133388198e+02
3.150771528178349286e+02 2.676571739668331702e+02
3.158727350940555425e+02 2.682436658050557980e+02
3.166520684491357542e+02 2.688154960964712359e+02
3.174291845383899044e+02 2.693688504678485742e+02
3.182164905240895791e+02 2.698996629543129302e+02
3.190226491935319473e+02 2.704055426271234523e+02
3.198524914222244320e+02 2.708870508576654856e+02
3.207093960990032429e+02 2.713484823298891797e+02
3.215975082378924412e+02 2.717987725852298126e+02
3.225172783048098495e+02 2.722511702562756568e+02
3.234651244377170656e+02 2.727187468421884091e+02
3.244382613855266868e+02 2.732161766022468328e+02
3.254351940881226710e+02 2.737595226802668549e+02
3.264546662594317468e+02 2.743572764631376799e+02
3.274906806804694384e+02 2.750121314445854068e+02
3.285350004323934741e+02 2.757190169448740562e+02
3.295740334971861785e+02 2.764685635141154307e+02
3.305931268753492418e+02 2.772458979545798456e+02
3.315818786788395300e+02 2.780341593038648398e+02
3.325348962706597149e+02 2.788192897631309393e+02
3.334532204429096396e+02 2.795859860994580686e+02
3.343385698617813091e+02 2.803224540130568130e+02
3.351938819386298292e+02 2.810160503005938608e+02
3.360224139564342067e+02 2.816573979672630230e+02
3.368291782090145148e+02 2.822431885946108423e+02
3.376213521805227629e+02 2.827738004342024851e+02
3.384015192673271031e+02 2.832557161281078493e+02
3.391699795051505930e+02 2.836979245362970232e+02
3.399305271688801895e+02 2.841114057167883402e+02
3.406897664762203135e+02 2.845098116344773871e+02
3.414581321630084858e+02 2.849076435668251861e+02
3.422448661616675736e+02 2.853200396759094701e+02
3.430545780881950577e+02 2.857614958679921529e+02
3.438868118817560458e+02 2.862440292021775576e+02
3.447351130919480511e+02 2.867764937713047289e+02
3.455921031035278475e+02 2.873627552010785848e+02
3.464495716081322598e+02 2.880024141650878846e+02
3.472949676108454469e+02 2.886928936775700549e+02
3.481183114608172673e+02 2.894297703617706929e+02
3.489140853107022622e+02 2.902085018514924286e+02
3.496836743364093536e+02 2.910241498323770770e+02
3.504366099200398139e+02 2.918681920026672287e+02
3.511806206441249856e+02 2.927325600635921887e+02
3.519172239364723964e+02 2.936090771024186097e+02
3.526385486226459420e+02 2.944921252620817995e+02
3.533314109138497088e+02 2.953769636425637373e+02
3.539832989246034458e+02 2.962625314650310884e+02
3.545868325964245287e+02 2.971519004994606803e+02
3.551402589012024009e+02 2.980482307155427861e+02
3.556428693164528454e+02 2.989555819851830165e+02
3.560935114497460745e+02 2.998754867419649486e+02
3.564942576946464783e+02 3.008074443773444955e+02
3.568548313873756115e+02 3.017491061168070701e+02
3.571876270355975862e+02 3.026974779361761421e+02
3.575014766130111639e+02 3.036504263789648235e+02
3.578006434958701902e+02 3.046069215816299902e+02
3.580889312845583277e+02 3.055660447443438557e+02
3.583664226026462529e+02 3.065277759085107618e+02
3.586282912615564555e+02 3.074932808909321693e+02
3.588667968907668637e+02 3.084644294598236343e+02
3.590782039328346400e+02 3.094421239785222042e+02
3.592593629716489545e+02 3.104271252217380379e+02
3.594078409860596821e+02 3.114200209114158042e+02
3.595219543993064235e+02 3.124212177332956344e+02
3.595991681258281574e+02 3.134313280640578796e+02
3.596340426185394108e+02 3.144516658837269460e+02
3.596211363862706207e+02 3.154835456419414186e+02
3.595561758096993685e+02 3.165292537375916595e+02
3.594404576890071326e+02 3.175923656357230129e+02
3.592775844981623550e+02 3.186734935669338142e+02
3.590680107411388349e+02 3.197699280591097022e+02
3.588122385939928449e+02 3.208772362642713460e+02
3.585134729546435892e+02 3.219919527637819101e+02
3.581761181165069274e+02 3.231099088499874483e+02
3.578039820475341344e+02 3.242275037139391998e+02
3.573978299504478855e+02 3.253400773976125606e+02
3.569539951597344611e+02 3.264450569245190081e+02
3.564643621801292284e+02 3.275419542243665774e+02
3.559191532879751207e+02 3.286300778435523853e+02
3.553138255351267389e+02 3.297054801297172162e+02
3.546483788232109191e+02 3.307593662192469992e+02
3.539239527800168048e+02 3.317779109971149865e+02
3.531462815530989019e+02 3.327476218180348724e+02
3.523250501130967223e+02 3.336603651868346105e+02
3.514742885974631008e+02 3.345146202077076509e+02
3.506057015037835072e+02 3.353105285431792595e+02
3.497251607651328982e+02 3.360474248196975964e+02
3.488361956514613667e+02 3.367232034725832364e+02
3.479409392221736539e+02 3.373349830859385179e+02
3.470376935631047104e+02 3.378810710190784903e+02
3.461235992575361706e+02 3.383609584576649922e+02
3.451954046392886539e+02 3.387772826478105799e+02
3.442535602199728260e+02 3.391371000918563254e+02
3.433002154229523626e+02 3.394493088623577250e+02
3.423380684155718541e+02 3.397250786940467151e+02
3.413693176958599906e+02 3.399735108162587380e+02
3.403948994393631438e+02 3.401984807604860066e+02
3.394141881202083368e+02 3.403973990068149647e+02
3.384265908506968685e+02 3.405678111491715185e+02
3.374316903787731690e+02 3.407079898689046331e+02
3.364294240109657608e+02 3.408176756307978508e+02
3.354200495653708458e+02 3.408979357369775016e+02
3.344041571120029630e+02 3.409512129290137636e+02
3.333826999673202636e+02 3.409814536974654402e+02
3.323570047909254868e+02 3.409941500796865057e+02
3.313283465848795117e+02 3.409945802637889187e+02
3.302968937058081451e+02 3.409834412038935056e+02
3.292622589569529055e+02 3.409591300027265675e+02
3.282232927231958683e+02 3.409168875426092313e+02
3.271770483283362410e+02 3.408497068220881374e+02
3.261194255136628044e+02 3.407567121274533406e+02
3.250483129575889620e+02 3.406404915702091216e+02
3.239635732733340205e+02 3.405058127008662154e+02
3.228680925463817175e+02 3.403529114422515249e+02
3.217667796209025255e+02 3.401802018227671738e+02
3.206672439775138628e+02 3.399833046495955386e+02
3.195777314693786479e+02 3.397580007798597421e+02
3.185074439110231310e+02 3.394996930351398419e+02
3.174651856021657181e+02 3.392088718147280133e+02
3.164617017022139862e+02 3.388917837223664264e+02
3.155072241293010507e+02 3.385583043331933482e+02
3.146065159351880425e+02 3.382163588212083027e+02
3.137616563323431933e+02 3.378702276457922267e+02
3.129710833859812738e+02 3.375179548762902755e+02
3.122277115685756144e+02 3.371535507834373107e+02
3.115214357644706524e+02 3.367684866740984830e+02
3.108397666344781101e+02 3.363553642922873905e+02
3.101698938356323652e+02 3.359055203893004204e+02
3.094999835030548070e+02 3.354163868399390935e+02
3.088229112481230914e+02 3.348922812110830023e+02
3.081343928646201107e+02 3.343390447746044742e+02
3.074299586352634606e+02 3.337638248768934659e+02
3.067078174955822192e+02 3.331708122365113809e+02
3.059687809429183858e+02 3.325629999902850500e+02
3.052138290978522832e+02 3.319423076651477800e+02
3.044463325804581473e+02 3.313117223282758346e+02
3.036676853628797517e+02 3.306738248203582771e+02
3.028776996516097029e+02 3.300299032495423148e+02
3.020789673099552033e+02 3.293820546572191006e+02
3.012768524131508912e+02 3.287310120132904103e+02
3.004780748015949143e+02 3.280766005664331146e+02
2.996868659444844525e+02 3.274158568864671111e+02
2.989037243206907988e+02 3.267438984206979740e+02
2.981291360978708553e+02 3.260518735397835144e+02
2.973616388472372591e+02 3.253310834309287998e+02
2.966016863602088733e+02 3.245734836337823026e+02
2.958497697211442983e+02 3.237770101325608607e+02
2.951099949811412557e+02 3.229440659822750490e+02
2.943858350870542040e+02 3.220812985579063934e+02
2.936804241001452169e+02 3.211985007494268984e+02
2.929973900928123385e+02 3.203062030720508346e+02
2.923379145285110781e+02 3.194132997752182064e+02
2.916956098799295773e+02 3.185254169904455921e+02
2.910613353795560556e+02 3.176434737276871374e+02
2.904266249778545443e+02 3.167667785433420704e+02
2.897851904389245306e+02 3.158929617063581645e+02
2.891341385163518680e+02 3.150214680499248630e+02
2.884735226724471318e+02 3.141522846596567433e+02
2.878050274560128514e+02 3.132850046150064713e+02
2.871294353608668075e+02 3.124194388963315987e+02
2.864511594577323308e+02 3.115545214798095799e+02
2.857729272964883194e+02 3.106895934969721793e+02
2.850957031428081336e+02 3.098244220192659668e+02
2.844180717035260386e+02 3.089593489256967587e+02
2.837363615759717845e+02 3.080952610823388227e+02
2.830509333877309928e+02 3.072320713757917474e+02
2.823643212523224975e+02 3.063691676641819868e+02
2.816765659955108276e+02 3.055065400856152564e+02
2.809878153676812644e+02 3.046441529494261431e+02
2.802993427438665321e+02 3.037816986584323899e+02
2.796139038631636140e+02 3.029185115347623878e+02
2.789373095927056738e+02 3.020531879021141322e+02
2.782727336496539579e+02 3.011849611156021638e+02
2.776235227746474266e+02 3.003130227346931633e+02
2.769887272826426852e+02 2.994376021658353011e+02
2.763666208270307152e+02 2.985591164262771144e+02
2.757565443633291693e+02 2.976777247151711663e+02
2.751577494191905657e+02 2.967936078339144501e+02
2.745677028531380302e+02 2.959073776895734795e+02
2.739852848727765604e+02 2.950193047798230737e+02
2.734060882396346983e+02 2.941304537196435831e+02
2.728247424216097556e+02 2.932421218177618130e+02
2.722371716465555664e+02 2.923552936199679380e+02
2.716404384035192834e+02 2.914706787130444354e+02
2.710372789907577271e+02 2.905876161152597774e+02
2.704316768364261634e+02 2.897051435874896583e+02
2.698317883450267800e+02 2.888212908641185095e+02
2.692466126814841800e+02 2.879338841018536641e+02
2.686844875727626913e+02 2.870396551736982929e+02
2.681470002673232784e+02 2.861343319422104514e+02
2.676281031561497912e+02 2.852166387639500726e+02
2.671161359388415804e+02 2.842881032686394178e+02
2.665978256651394531e+02 2.833547607733720497e+02
2.660618544489644819e+02 2.824246371853678284e+02
2.654960709367194340e+02 2.815093351132453563e+02
2.648923318410038519e+02 2.806200866857126357e+02
2.642479566617119531e+02 2.797678517173749242e+02
2.635661069613815357e+02 2.789605523380166687e+02
2.628507217150949486e+02 2.782052192119235769e+02
2.621086448235313355e+02 2.775054108315426902e+02
2.613458236567175845e+02 2.768636914027477474e+02
2.605696992744584577e+02 2.762795031173432108e+02
2.597867248624540935e+02 2.757516780698024945e+02
2.590066658789136227e+02 2.752758357930312627e+02
2.582418717475471794e+02 2.748470282177058834e+02
2.575051304266439729e+02 2.744600614301971291e+02
2.568083976705271425e+02 2.741075825642223549e+02
2.561570102991840940e+02 2.737801268819922598e+02
2.555459962450511000e+02 2.734665317757406910e+02
2.549610830907100478e+02 2.731536571381224121e+02
2.543859733293983822e+02 2.728249921280223589e+02
2.538074505444327826e+02 2.724669131647787026e+02
2.532167069527731087e+02 2.720705298190475787e+02
2.526065840478956943e+02 2.716298185523048119e+02
2.519742162485155177e+02 2.711409614828212398e+02
2.513185268849799741e+02 2.706039306381239271e+02
2.506379698242336929e+02 2.700238966207479052e+02
2.499295189131997574e+02 2.694132247007489696e+02
2.491887789113815188e+02 2.687882331371328064e+02
2.484123352277710239e+02 2.681639848281680543e+02
2.475977931762930098e+02 2.675568517916472615e+02
2.467460996139510598e+02 2.669841477559618852e+02
2.458590823935740559e+02 2.664617442649258692e+02
2.449401179125853787e+02 2.660005268544671821e+02
2.439925924526820609e+02 2.656099867577127043e+02
2.430212235633657372e+02 2.652977628279597297e+02
2.420297763986299060e+02 2.650672488644666487e+02
2.410221231024268320e+02 2.649153439657171702e+02
2.400014212127557585e+02 2.648360613410198425e+02
2.389707790861590695e+02 2.648165199998613275e+02
2.379326061724818260e+02 2.648410223123426590e+02
2.368899511993729448e+02 2.648898563087823277e+02
2.358463511641799926e+02 2.649465365784557207e+02
2.348049415083576150e+02 2.649964246350720032e+02
2.337634665378253942e+02 2.650293775556691571e+02
2.327173654826350457e+02 2.650379881508691824e+02
2.316658187285918871e+02 2.650194298464962230e+02
2.306104459252227628e+02 2.649734657134266058e+02
2.295550296080670307e+02 2.648988981019225548e+02
2.285020277939602522e+02 2.647978193499671988e+02
2.274525801325008842e+02 2.646698409993352925e+02
2.264061957579442037e+02 2.645114531798268445e+02
2.253651394129620655e+02 2.643175215686403590e+02
2.243360589600691810e+02 2.640872242211398202e+02
2.233277190455288519e+02 2.638239920586124754e+02
2.223473092617063571e+02 2.635303999011727001e+02
2.213978936948521437e+02 2.632045841782020830e+02
2.204790130137390065e+02 2.628455334665330270e+02
2.195879366677382336e+02 2.624583063463285271e+02
2.187200101080264858e+02 2.620553240098521428e+02
2.178678031236355537e+02 2.616484281938840581e+02
2.170229782085952763e+02 2.612503978778512419e+02
2.161762339360963097e+02 2.608737140451809182e+02
2.153168799674463685e+02 2.605298352196281257e+02
2.144366374175406236e+02 2.602228949059310708e+02
2.135330060684001978e+02 2.599549146923411627e+02
2.126080839500106094e+02 2.597265307322834360e+02
2.116653717917191670e+02 2.595316352693745330e+02
2.107090074585585739e+02 2.593620819481735111e+02
2.097406323326170536e+02 2.592071321299007423e+02
2.087578864724110304e+02 2.590584046241159513e+02
2.077571714140377708e+02 2.589067989440443398e+02
2.067368802900178935e+02 2.587457652737415401e+02
2.057048811639309065e+02 2.585668672736277927e+02
2.046766355334400771e+02 2.583653700989315212e+02
2.036677686172129711e+02 2.581371783393445867e+02
2.026878230677281749e+02 2.578761629576120527e+02
2.017391391695277321e+02 2.575798574808954982e+02
2.008174616812722775e+02 2.572480563218798579e+02
1.999122703141954389e+02 2.568887099986155818e+02
1.990158922020958130e+02 2.565146190306724066e+02
1.981237273586654624e+02 2.561416799625165481e+02
1.972301599187065904e+02 2.557801954810829841e+02
1.963303901395444200e+02 2.554281914054639060e+02
1.954214815888382191e+02 2.550778002720840334e+02
1.945056390166786571e+02 2.547182605185085720e+02
1.935905192627373026e+02 2.543422289645515662e+02
1.926854592025617308e+02 2.539477032648360364e+02
1.917954826163030759e+02 2.535344420524347697e+02
1.909175948732357710e+02 2.531049073199995405e+02
1.900446462587534029e+02 2.526609609244118246e+02
1.891691637036680902e+02 2.522043483962249013e+02
1.882872682708861021e+02 2.517349100732225224e+02
1.874017269745585281e+02 2.512516606951914184e+02
1.865183557699264725e+02 2.507510030646623420e+02
1.856413148969081419e+02 2.502274344837675244e+02
1.847731900823075080e+02 2.496773623641790039e+02
1.839106077417828260e+02 2.490977149675144915e+02
1.830475942760757562e+02 2.484850486596614587e+02
1.821799382538830230e+02 2.478366093143741296e+02
1.813044261426031198e+02 2.471508523070316983e+02
1.804214393165280228e+02 2.464266989297732664e+02
1.795340077070970892e+02 2.456675827285024525e+02
1.786457542786648105e+02 2.448800438553035690e+02
1.777593475971322619e+02 2.440722973893018093e+02
1.768761555674705903e+02 2.432563858206461305e+02
1.759963784465323897e+02 2.424517321558544438e+02
1.751197591281373320e+02 2.416862830989437043e+02
1.742474725627507155e+02 2.409896208213758086e+02
1.733792744533006953e+02 2.403926538254267768e+02
1.725109897818591094e+02 2.399208741404841874e+02
1.716384835069096084e+02 2.395916729251252377e+02
1.707566449187634987e+02 2.394148121344552180e+02
1.698606338806724239e+02 2.393883036836524525e+02
1.689480279503901841e+02 2.395001304032264500e+02
1.680161951857866143e+02 2.397265350879201833e+02
1.670635872348175894e+02 2.400311556919173199e+02
1.660904254473647370e+02 2.403720094880288229e+02
1.651034665229688017e+02 2.407046122667381383e+02
1.641118009592709086e+02 2.409907213263933556e+02
1.631273719558586208e+02 2.412007604278046244e+02
1.621643732251015706e+02 2.413138140313622557e+02
1.612306184808507510e+02 2.413170599394052829e+02
1.603266185164271178e+02 2.412023617362496566e+02
1.594493667072368908e+02 2.409690867090448023e+02
1.585964741460581990e+02 2.406233116858518883e+02
1.577690804858041815e+02 2.401764110737428553e+02
1.569675589896775421e+02 2.396455130986789754e+02
1.561902821440298226e+02 2.390475678013482366e+02
1.554336001536241554e+02 2.384025671134914433e+02
1.546936149705454113e+02 2.377314641305231930e+02
1.539654463710360517e+02 2.370557753203941616e+02
1.532456919336117380e+02 2.363931181443302592e+02
1.525311100002860769e+02 2.357536795735937289e+02
1.518161933986206407e+02 2.351418155132264189e+02
1.510955585806608212e+02 2.345534799393257117e+02
1.503646879433838990e+02 2.339790722018653355e+02
1.496235334506551169e+02 2.334099695039944322e+02
1.488738232910520480e+02 2.328363504689642696e+02
1.481190688961697219e+02 2.322494217435377095e+02
1.473617148358764553e+02 2.316449808322467163e+02
1.466039593724543693e+02 2.310215533467642501e+02
1.458483514498282716e+02 2.303809607002417579e+02
1.450965506144963229e+02 2.297243832190834496e+02
1.443494732859774388e+02 2.290546436395974865e+02
1.436093770391093756e+02 2.283779915945611947e+02
1.428796521089523139e+02 2.277011664522117940e+02
1.421608684305518864e+02 2.270317616860656642e+02
1.414534594745584286e+02 2.263724533307255911e+02
1.407540694294997081e+02 2.257231477359754592e+02
1.400574363411122647e+02 2.250810688322325177e+02
1.393603243237868696e+02 2.244466577615649783e+02
1.386650253080887296e+02 2.238279119547030689e+02
1.379780276026916965e+02 2.232353715935973923e+02
1.373016182072137497e+02 2.226770136960960258e+02
1.366327213744261257e+02 2.221539423369177086e+02
1.359637387372816875e+02 2.216589007822091162e+02
1.352834353933550062e+02 2.211804677497090665e+02
1.345824588489356586e+02 2.207030431225783786e+02
1.338547415285630109e+02 2.202125006690112627e+02
1.330983662003341692e+02 2.196971898426329517e+02
1.323146304871496568e+02 2.191478747350524543e+02
1.315088257193310426e+02 2.185560521731896984e+02
1.306947634143955952e+02 2.179145135785531693e+02
1.298928217347701377e+02 2.172201305520141545e+02
1.291294293049872692e+02 2.164736174389456664e+02
1.284317482216243320e+02 2.156777582232784312e+02
1.278262479338276592e+02 2.148352079217514472e+02
1.273368154626807325e+02 2.139554261666917228e+02
1.269845347073694484e+02 2.130535165776362021e+02
1.267857015658374564e+02 2.121495138945934116e+02
1.267523836471948471e+02 2.112634567996399824e+02
1.268926214007984470e+02 2.104215057322244036e+02
1.272116140713315247e+02 2.096534846923588020e+02
1.277061841905582469e+02 2.089832744296255385e+02
