1.421704168013938556e+02 2.054386346057895594e+02
1.431575301315683646e+02 2.052734887986469232e+02
1.441463074029531981e+02 2.051215878811092921e+02
1.451366963875636884e+02 2.049825161210061708e+02
1.461294499661332509e+02 2.048622664116788883e+02
1.471259681976681577e+02 2.047719831534602690e+02
1.481276894084569449e+02 2.047231153523547391e+02
1.491354054944100653e+02 2.047219664605804610e+02
1.501487205698968523e+02 2.047653852481287799e+02
1.511656852472037826e+02 2.048378546853695354e+02
1.521837316296439440e+02 2.049189344418845735e+02
1.532025694845389125e+02 2.049938151953061549e+02
1.542260107486676475e+02 2.050564496273034365e+02
1.552560860743370768e+02 2.051143774217031819e+02
1.562907175554838943e+02 2.051833010531000241e+02
1.573247715024776312e+02 2.052802230360073281e+02
1.583523264264717909e+02 2.054200547746124244e+02
1.593681246950195884e+02 2.056101318391764607e+02
1.603682550886215381e+02 2.058463971179155863e+02
1.613506574339198494e+02 2.061157008531613712e+02
1.623157842640176227e+02 2.064047096483552082e+02
1.632658349592073819e+02 2.067001961913238404e+02
1.642038242344636387e+02 2.069886200974485178e+02
1.651336383658232876e+02 2.072626003806457788e+02
1.660594975519852312e+02 2.075207995657037259e+02
1.669853874794956710e+02 2.077635433806603089e+02
1.679152116136191353e+02 2.079869731678566041e+02
1.688523896687061665e+02 2.081799941332989761e+02
1.697997530008640297e+02 2.083276063648678473e+02
1.707596581729356444e+02 2.084178337157052283e+02
1.717338220341299007e+02 2.084474066828221055e+02
1.727228658631316591e+02 2.084245197339740798e+02
1.737275617079721428e+02 2.083698952502944906e+02
1.747495443268849158e+02 2.083093417441682220e+02
1.757869182170639988e+02 2.082686939766568628e+02
1.768352293126203847e+02 2.082662165912569492e+02
1.778860551695922823e+02 2.083163520769060710e+02
1.789296692531057715e+02 2.084273501784091991e+02
1.799572265403346591e+02 2.085994432321675731e+02
1.809584259816269309e+02 2.088272825399218959e+02
1.819257372394227161e+02 2.091033541495009445e+02
1.828569588384310123e+02 2.094202748906814975e+02
1.837547670939388524e+02 2.097718629504218200e+02
1.846257473569542071e+02 2.101560725149223572e+02
1.854783690587547653e+02 2.105712459488698016e+02
1.863214413268207181e+02 2.110150681464266427e+02
1.871628034407028736e+02 2.114801835816346340e+02
1.880097697475290204e+02 2.119550021348181303e+02
1.888692966370761042e+02 2.124251405211551003e+02
1.897497648177711085e+02 2.128848734403686649e+02
1.906599472415185801e+02 2.133349592662987675e+02
1.916068194110972343e+02 2.137764577739138758e+02
1.925941147910491225e+02 2.142116020058722938e+02
1.936204745341888724e+02 2.146397160699289088e+02
1.946791057271980776e+02 2.150591558743442420e+02
1.957585407787436225e+02 2.154677861914914843e+02
1.968452759876935829e+02 2.158651466554954652e+02
1.979282237819829220e+02 2.162572774304849759e+02
1.990017979890082813e+02 2.166489550809832281e+02
2.000660331732734107e+02 2.170363070963970813e+02
2.011224340429058088e+02 2.174101875863132420e+02
2.021739210441205330e+02 2.177574530116761480e+02
2.032206206462743125e+02 2.180666109776743440e+02
2.042613642637916485e+02 2.183283596010172118e+02
2.052956496853356896e+02 2.185387013043417710e+02
2.063232435677387002e+02 2.186957786875925080e+02
2.073442390238993482e+02 2.188003329248300588e+02
2.083585652531128858e+02 2.188518004459521080e+02
2.093663828034562471e+02 2.188514592056976653e+02
2.103683746275019928e+02 2.188047454727120282e+02
2.113654713556401532e+02 2.187190670187976309e+02
2.123584947995719574e+02 2.186009654243849241e+02
2.133478118016812459e+02 2.184533607366764727e+02
2.143339002667249247e+02 2.182800570538628619e+02
2.153174218322747322e+02 2.180863209782381205e+02
2.162995672714508828e+02 2.178816310048503055e+02
2.172813944814031117e+02 2.176744079426047733e+02
2.182633316318862740e+02 2.174680600015392429e+02
2.192454489003594915e+02 2.172631457907515653e+02
2.202271950883784939e+02 2.170552777979312395e+02
2.212079263831969342e+02 2.168393313055106262e+02
2.221871717357598754e+02 2.166115567863478475e+02
2.231654134135438028e+02 2.163757930656644248e+02
2.241435107476374355e+02 2.161388803763568944e+02
2.251216348812936303e+02 2.159021810102395307e+02
2.261002475148825965e+02 2.156693700793878747e+02
2.270804327218710625e+02 2.154490767548929853e+02
2.280633729238876413e+02 2.152507130543436915e+02
2.290497298831531623e+02 2.150795465722349604e+02
2.300400833427621592e+02 2.149401920348797432e+02
2.310349342675602884e+02 2.148366370976322912e+02
2.320342738074594138e+02 2.147688113142297652e+02
2.330370793410130830e+02 2.147285746686170569e+02
2.340420386868502760e+02 2.147054822620847858e+02
2.350486615999504352e+02 2.146956317685549038e+02
2.360573713887523581e+02 2.147023927022305543e+02
2.370694630330473842e+02 2.147360730380990788e+02
2.380858286466448988e+02 2.148037739578897458e+02
2.391070984555363736e+02 2.149105120292737183e+02
2.401332582497211945e+02 2.150561741413501977e+02
2.411639333339204541e+02 2.152377777382608315e+02
2.422005211000004010e+02 2.154539469054109304e+02
2.432473045337948463e+02 2.157023838516115575e+02
2.443068655611958775e+02 2.159825172864919409e+02
2.453796533297071107e+02 2.162937747596000975e+02
2.464612887193729875e+02 2.166380418301142186e+02
2.475445794801818238e+02 2.170159670639677074e+02
2.486187064381025777e+02 2.174273595730109605e+02
2.496722051397492521e+02 2.178659373976325071e+02
2.506922899738773935e+02 2.183191060270794424e+02
2.516686709879536465e+02 2.187729969327036486e+02
2.525931908689273655e+02 2.192211303802673683e+02
2.534619929962414346e+02 2.196632934334451761e+02
2.542729731086748757e+02 2.201028727998882175e+02
2.550275429688714723e+02 2.205466776098079720e+02
2.557273448400037807e+02 2.210089996195930837e+02
2.563762167814867325e+02 2.215049462429509504e+02
2.569834824283459511e+02 2.220438389964916155e+02
2.575596644128953017e+02 2.226281132369009015e+02
2.581172042187523061e+02 2.232594573117118841e+02
2.586728243585516793e+02 2.239407119293192068e+02
2.592420171840205398e+02 2.246731408377053754e+02
2.598383010652595431e+02 2.254576581128087014e+02
2.604680545513152765e+02 2.262917591402751896e+02
2.611320359238013111e+02 2.271699273768037131e+02
2.618222622246682363e+02 2.280816156323996324e+02
2.625278567285810709e+02 2.290154167153846743e+02
2.632428496986314599e+02 2.299614053398059639e+02
2.639633282801113410e+02 2.309092778804261457e+02
2.646850997655285482e+02 2.318522873339188664e+02
2.654086336879232704e+02 2.327873279513046043e+02
2.661347221266802308e+02 2.337193969746475659e+02
2.668658384482330348e+02 2.346534850233967404e+02
2.676007536187650544e+02 2.355948432498902037e+02
2.683380996152786224e+02 2.365405967553335529e+02
2.690732779201199492e+02 2.374840495178938227e+02
2.698039622077949389e+02 2.384146985983779246e+02
2.705269728102821318e+02 2.393222681974848456e+02
2.712427418398942791e+02 2.401955006529817638e+02
2.719503738761204090e+02 2.410259607913607454e+02
2.726498070727679419e+02 2.418063131112722886e+02
2.733372746484153026e+02 2.425332009598119498e+02
2.740096919171610921e+02 2.432029128944177216e+02
2.746619124495878168e+02 2.438120771159778997e+02
2.752860326018543446e+02 2.443604529295982957e+02
2.758807393078980681e+02 2.448541950088295778e+02
2.764519811828782849e+02 2.453079783157053271e+02
2.770092822086339197e+02 2.457401880827487730e+02
2.775623955817738988e+02 2.461710100131407160e+02
2.781169623470202623e+02 2.466175806051070936e+02
2.786775378188030459e+02 2.470929427658177815e+02
2.792458978669201883e+02 2.476030092489003778e+02
2.798256367217571778e+02 2.481475008591960147e+02
2.804226872657176841e+02 2.487188893544542054e+02
2.810411479290962689e+02 2.493068775600564777e+02
2.816862021300916012e+02 2.498994557018261560e+02
2.823661496591063838e+02 2.504892194710666047e+02
2.830870485531135046e+02 2.510720516279216667e+02
2.838524785104286821e+02 2.516372242981857994e+02
2.846621377716743382e+02 2.521709435151605589e+02
2.855144996928464138e+02 2.526593484716514126e+02
2.864067459002371834e+02 2.530967400272280940e+02
2.873374672975709245e+02 2.534878265455857900e+02
2.883043664710523331e+02 2.538457609787449769e+02
2.893059021177406862e+02 2.541886960237571884e+02
2.903386159783979110e+02 2.545359877095292802e+02
2.913985369833616232e+02 2.549043060377029519e+02
2.924782134307599790e+02 2.553023587692541696e+02
2.935685537417913338e+02 2.557284156672349127e+02
2.946602287952727579e+02 2.561775159084320990e+02
2.957508467189501857e+02 2.566434723836564444e+02
2.968432959876168979e+02 2.571240062742734835e+02
2.979406784753734314e+02 2.576185374095626912e+02
2.990427482198458620e+02 2.581254609320503732e+02
3.001433649601552247e+02 2.586413001044247721e+02
3.012310193400482490e+02 2.591603702222396919e+02
3.022941136562212705e+02 2.596753286631382593e+02
3.033189389461973064e+02 2.601787301709255189e+02
3.042914819461943807e+02 2.606634589901128720e+02
3.052010825644737224e+02 2.611242286621387620e+02
3.060454798673885080e+02 2.615652004646967157e+02
3.068324138518688642e+02 2.619949555392331604e+02
3.075725926161902066e+02 2.624278027269423887e+02
3.082754132934341555e+02 2.628735763826504126e+02
3.089493749833778793e+02 2.633334623495087499e+02
3.096034322308627793e+02 2.638020190115182118e+02
3.102488545646474449e+02 2.642732024948747380e+02
3.108988623199001609e+02 2.647405484803537092e+02
3.115682054339212073e+02 2.652004059262352484e+02
3.122728181410380444e+02 2.656529510181967453e+02
3.130293099127202368e+02 2.661009509820161156e+02
3.138476457256824688e+02 2.665484512427728987e+02
3.147289197489423032e+02 2.669963473981229640e+02
3.156607213742967133e+02 2.674397311390878258e+02
3.166230693310620268e+02 2.678743711128253153e+02
3.175988787022324686e+02 2.683016739095023127e+02
3.185745826154027895e+02 2.687283298061792038e+02
3.195390397466334207e+02 2.691623097253163905e+02
3.204820675204297800e+02 2.696091158280620448e+02
3.213950572962659749e+02 2.700743438154709111e+02
3.222768211946605561e+02 2.705638050794019591e+02
3.231279991181748414e+02 2.710875270617379442e+02
3.239507832722088096e+02 2.716515435643055980e+02
3.247422959378198470e+02 2.722596791202381041e+02
3.254994094282970991e+02 2.729054812694744783e+02
3.262214320310450262e+02 2.735773789896447852e+02
3.269150922857772912e+02 2.742637962916628567e+02
3.275900856574663749e+02 2.749531795361036757e+02
3.282541608564404783e+02 2.756385353105490026e+02
3.289117279588700740e+02 2.763160904756996956e+02
3.295681491737022384e+02 2.769869472330832991e+02
3.302282988771478358e+02 2.776536034773245092e+02
3.308918638513196129e+02 2.783206178037721088e+02
3.315500856169924191e+02 2.789917754708932307e+02
3.321945367276171623e+02 2.796728388942977972e+02
3.328219327956979896e+02 2.803731080012315715e+02
3.334317860285377719e+02 2.811006535393230479e+02
3.340192113782195520e+02 2.818635866855431118e+02
3.345813644809195466e+02 2.826647138750747104e+02
3.351165309228734372e+02 2.835038261786351086e+02
3.356286769045002529e+02 2.843798266576495166e+02
3.361280550916738434e+02 2.852912367951316810e+02
3.366200063705695698e+02 2.862353709083262743e+02
3.371039063901230861e+02 2.872026783353323935e+02
3.375687446817856880e+02 2.881810964435873075e+02
3.380017053415895703e+02 2.891603888899214780e+02
3.383909403893086392e+02 2.901358578760672344e+02
3.387254571818871227e+02 2.911094054597646164e+02
3.389961054254310966e+02 2.920848348790623277e+02
3.391981303472435911e+02 2.930673151257964264e+02
3.393303956092802309e+02 2.940585592034253750e+02
3.393879828717572877e+02 2.950591849976768231e+02
3.393665165287749232e+02 2.960697422112055506e+02
3.392596762606998482e+02 2.970910248589572120e+02
3.390659112575498852e+02 2.981232277675189835e+02
3.387876990449332197e+02 2.991660396880180315e+02
3.384390442703004283e+02 3.002192714782189000e+02
3.380413386386585444e+02 3.012848073761352339e+02
3.376148955294057714e+02 3.023611788837513359e+02
3.371758845442743109e+02 3.034438732790698054e+02
3.367380278892230763e+02 3.045284716373777201e+02
3.363070522147247061e+02 3.056091093983026212e+02
3.358770541455325542e+02 3.066808740995597873e+02
3.354334575015780615e+02 3.077375763777239968e+02
3.349625040106406004e+02 3.087732637654495420e+02
3.344525665325620594e+02 3.097807283603544874e+02
3.338963097259482424e+02 3.107540805727563793e+02
3.332906794219586573e+02 3.116872124656309211e+02
3.326332993464637298e+02 3.125766924763221368e+02
3.319233750234905642e+02 3.134196623436579330e+02
3.311601358134066686e+02 3.142179060406079429e+02
3.303453394312404043e+02 3.149760606345515157e+02
3.294815837357901955e+02 3.156972516812252252e+02
3.285758732707138847e+02 3.163861716676186120e+02
3.276385620187747350e+02 3.170513263159194821e+02
3.266847131449878248e+02 3.177037520904045209e+02
3.257274067844095953e+02 3.183491379323552337e+02
3.247735740471284203e+02 3.189847566149855993e+02
3.238265887578821776e+02 3.196007204789851244e+02
3.228842010878634596e+02 3.201832686408307609e+02
3.219421949611115110e+02 3.207199646372996540e+02
3.209951959640272889e+02 3.212044185486374772e+02
3.200412462822648081e+02 3.216335453542629352e+02
3.190802473183638313e+02 3.220065602232765514e+02
3.181115042780845670e+02 3.223179326279490624e+02
3.171344926378962441e+02 3.225634873869590820e+02
3.161488380764673138e+02 3.227402449210511008e+02
3.151542246082581187e+02 3.228456900009832111e+02
3.141505570013348461e+02 3.228790645852798207e+02
3.131381637061499532e+02 3.228429831232712104e+02
3.121162577376172180e+02 3.227436803372825693e+02
3.110813981147627487e+02 3.225901563354766495e+02
3.100321288672681135e+02 3.223919449588123030e+02
3.089689686234600003e+02 3.221573221054076157e+02
3.078972222723678556e+02 3.218917712920522263e+02
3.068245748020065662e+02 3.215985661229086645e+02
3.057619667946578943e+02 3.212788638897877718e+02
3.047200043698120453e+02 3.209321142570115057e+02
3.037095003169640677e+02 3.205552081719363855e+02
3.027398264231698022e+02 3.201547056114965244e+02
3.018216536312801850e+02 3.197446036165104033e+02
3.009636407458362442e+02 3.193394251407380580e+02
3.001668842865360034e+02 3.189430608476901625e+02
2.994276770252666324e+02 3.185473733758951198e+02
2.987378709679156259e+02 3.181396996045706373e+02
2.980881570650014964e+02 3.177064297543743123e+02
2.974678536988798783e+02 3.172401645719994008e+02
2.968672212938675443e+02 3.167393106599710677e+02
2.962759433997626957e+02 3.162062989136455826e+02
2.956855823636096829e+02 3.156466340107247674e+02
2.950885662366021052e+02 3.150675290437681042e+02
2.944809763941441929e+02 3.144766049021120580e+02
2.938614862489337156e+02 3.138808151755582116e+02
2.932333371666056223e+02 3.132861132619448199e+02
2.926018710020670710e+02 3.126981886769061134e+02
2.919748030946746553e+02 3.121228590827398079e+02
2.913569243591955455e+02 3.115666511987362810e+02
2.907512903104952215e+02 3.110354430006445341e+02
2.901599697107823772e+02 3.105334192565494504e+02
2.895836783914880925e+02 3.100616248881525507e+02
2.890212848437699336e+02 3.096189553223509847e+02
2.884716410941898630e+02 3.092029555057877133e+02
2.879330598170621442e+02 3.088062835015228984e+02
2.873983838355118223e+02 3.084193254659348895e+02
2.868623014795870745e+02 3.080300536885463885e+02
2.863207466978162756e+02 3.076295444016313354e+02
2.857700107762813104e+02 3.072096644618200116e+02
2.852057137871760801e+02 3.067591761792511988e+02
2.846206304065782433e+02 3.062693833616423262e+02
2.840135717291998390e+02 3.057348256187860898e+02
2.833856773209930111e+02 3.051563988923326747e+02
2.827378050938893921e+02 3.045368486565795365e+02
2.820702916220469092e+02 3.038808917449809996e+02
2.813834207020406097e+02 3.031913407180260265e+02
2.806780675370857807e+02 3.024710225301415676e+02
2.799563774512841974e+02 3.017213699428214682e+02
2.792225545719855404e+02 3.009453379616880966e+02
2.784819540695781939e+02 3.001460826841909579e+02
2.777411084599989977e+02 2.993291762960354845e+02
2.770069736147663662e+02 2.985000309640168439e+02
2.762856959942777166e+02 2.976647239343521960e+02
2.755797669423871525e+02 2.968258297423006411e+02
2.748872966902030726e+02 2.959833882568494801e+02
2.742083358209803805e+02 2.951321542648159379e+02
2.735416074319844029e+02 2.942657743802203640e+02
2.728896901982979557e+02 2.933772253986787746e+02
2.722557851086573919e+02 2.924649431203609424e+02
2.716411108514126340e+02 2.915306057251456195e+02
2.710436764545713686e+02 2.905760708740690461e+02
2.704567109737341184e+02 2.896073302895829329e+02
2.698764015905200040e+02 2.886316116053246787e+02
2.692970047349067499e+02 2.876583029715591806e+02
2.687135262757051350e+02 2.866942220743063672e+02
2.681264370007829143e+02 2.857471035536215140e+02
2.675386302221104415e+02 2.848286903452040519e+02
2.669524201681434761e+02 2.839479771330758808e+02
2.663621816830614080e+02 2.831120856310751606e+02
2.657573338136825214e+02 2.823245503115485917e+02
2.651276375264347394e+02 2.815878326585013838e+02
2.644663329609133484e+02 2.809017871476783057e+02
2.637723929196274639e+02 2.802661074290918464e+02
2.630500347883332779e+02 2.796783185065029897e+02
2.623080037740058970e+02 2.791350348936890100e+02
2.615570726863993514e+02 2.786298770142532248e+02
2.608080394385833074e+02 2.781553413973094848e+02
2.600687129139919307e+02 2.777016564626624699e+02
2.593427010724286106e+02 2.772596670793433304e+02
2.586296044240918945e+02 2.768206016325692076e+02
2.579288962013035302e+02 2.763796653887903858e+02
2.572452267182690093e+02 2.759340588568405792e+02
2.565832194039409160e+02 2.754860393352647066e+02
2.559522695263996752e+02 2.750386232374455631e+02
2.553603756609134621e+02 2.745975321714333859e+02
2.548078168480391525e+02 2.741663110018754423e+02
2.542875109290386888e+02 2.737415186765185808e+02
2.537841383925088792e+02 2.733191837856173834e+02
2.532783447963236654e+02 2.728909990541076809e+02
2.527504494102732338e+02 2.724505365355516915e+02
2.521875186446795283e+02 2.719970122764815414e+02
2.515825456785926519e+02 2.715338745646138818e+02
2.509308606682942298e+02 2.710644333062381861e+02
2.502280660211057750e+02 2.705907880319292644e+02
2.494699532587426631e+02 2.701187818962740153e+02
2.486559806946921469e+02 2.696553827632006914e+02
2.477870580316712505e+02 2.692122602517677024e+02
2.468674918316953040e+02 2.688035578595484481e+02
2.459026017221373195e+02 2.684411339846475926e+02
2.449003657706018089e+02 2.681300415764313811e+02
2.438696868341252468e+02 2.678731079521069205e+02
2.428220086760885579e+02 2.676722465799073234e+02
2.417677688903609692e+02 2.675255656685589543e+02
2.407166220541701023e+02 2.674239859733489766e+02
2.396746226202868115e+02 2.673578021186717137e+02
2.386452824000337500e+02 2.673182248115958828e+02
2.376269987428763102e+02 2.672966446755898460e+02
2.366159079559386669e+02 2.672834301993306099e+02
2.356061479982329274e+02 2.672683099732044525e+02
2.345948916277449712e+02 2.672412783754618317e+02
2.335811488810998071e+02 2.671944553466793195e+02
2.325642199780926376e+02 2.671222706710923944e+02
2.315430795549960692e+02 2.670165625042263855e+02
2.305168975732664762e+02 2.668707237803924954e+02
2.294852908614842022e+02 2.666817044740722622e+02
2.284492259489881292e+02 2.664571981109229455e+02
2.274102053563677828e+02 2.662091646804042853e+02
2.263692473423501781e+02 2.659457094715403400e+02
2.253272421510078516e+02 2.656739187830470996e+02
2.242847843586815770e+02 2.653985254131428633e+02
2.232423811626733823e+02 2.651235666272259550e+02
2.222003708607167880e+02 2.648517352584964328e+02
2.211593293317833968e+02 2.645876152750400365e+02
2.201195235743055036e+02 2.643333319711508693e+02
2.190803507850997960e+02 2.640840870633523991e+02
2.180413420341466235e+02 2.638361478919177330e+02
2.170029286074289985e+02 2.635929474719066548e+02
2.159656711767249249e+02 2.633589487228968551e+02
2.149297002496713844e+02 2.631351904792143159e+02
2.138947584258190489e+02 2.629196238460328914e+02
2.128585672932645707e+02 2.627066118620967927e+02
2.118158517837639465e+02 2.624905553917564021e+02
2.107644001298272372e+02 2.622624730833001081e+02
2.097077225806481238e+02 2.620180638424952235e+02
2.086529010917284950e+02 2.617558332546504971e+02
2.076076835109390117e+02 2.614754076429358634e+02
2.065783033487498983e+02 2.611772193778136852e+02
2.055681131472688321e+02 2.608608785267043118e+02
2.045771248453813769e+02 2.605232310023445734e+02
2.036010350443387438e+02 2.601594485636253467e+02
2.026313383376428305e+02 2.597689770803245892e+02
2.016607222692107655e+02 2.593522383332341406e+02
2.006838693249907237e+02 2.589094004571466598e+02
1.997028562132390164e+02 2.584426577054244945e+02
1.987268061397190309e+02 2.579617498399537681e+02
1.977662207928080420e+02 2.574781553565517243e+02
1.968271401261930578e+02 2.570016203915020014e+02
1.959077175145049523e+02 2.565389622943441736e+02
1.950029739950983299e+02 2.560922498229123789e+02
1.941062986244721742e+02 2.556574525921099621e+02
1.932148613849303160e+02 2.552264923580164009e+02
1.923301991530810824e+02 2.547957019496116118e+02
1.914619145058491370e+02 2.543663704679028115e+02
1.906228217145159931e+02 2.539392867775952425e+02
1.898208632940996949e+02 2.535157711480508453e+02
1.890588593910852637e+02 2.530921665287089581e+02
1.883306708969038255e+02 2.526592451859378343e+02
1.876211656726501076e+02 2.522079567427202846e+02
1.869176751695941903e+02 2.517292698863568603e+02
1.862105944000708746e+02 2.512186031387069818e+02
1.854976259418464792e+02 2.506716684282833398e+02
1.847818728918393560e+02 2.500830497164490680e+02
1.840671595333190851e+02 2.494484104886505520e+02
1.833587954373273874e+02 2.487605638601417581e+02
1.826614641137487638e+02 2.480158353780162201e+02
1.819734899323507307e+02 2.472113484734281030e+02
1.812863270778271385e+02 2.463493962590548563e+02
1.805900874297881273e+02 2.454364769608972665e+02
1.798747461177140963e+02 2.444843942283513343e+02
1.791367291688107457e+02 2.435125216508745041e+02
1.783784655515684108e+02 2.425541047452935004e+02
1.776034798075210119e+02 2.416471546337171219e+02
1.768132493528076452e+02 2.408291917839803773e+02
1.760057282996684762e+02 2.401335743785318186e+02
1.751794033238987822e+02 2.395883850717839607e+02
1.743322301963142706e+02 2.392182426801186068e+02
1.734630696254261579e+02 2.390355146705320522e+02
1.725713047976840357e+02 2.390420221311726152e+02
1.716580179745641885e+02 2.392242376572966691e+02
1.707215755192121662e+02 2.395557599737148280e+02
1.697612474064121102e+02 2.399981986661524331e+02
1.687816120211367945e+02 2.405071063929561319e+02
1.677907750994440335e+02 2.410339109610422668e+02
1.667958555231414550e+02 2.415323895105705958e+02
1.658074846882204270e+02 2.419602832662243372e+02
1.648349366920787418e+02 2.422849708015715748e+02
1.638889741452197484e+02 2.424832002223849940e+02
1.629756702514619917e+02 2.425438991543764757e+02
1.620975860348092965e+02 2.424653912944552303e+02
1.612582236632068202e+02 2.422575672383406982e+02
1.604627108871255246e+02 2.419411071030322660e+02
1.597141038672673972e+02 2.415447662068165187e+02
1.590165814547397076e+02 2.411005885746032504e+02
1.583717717036906834e+02 2.406369767858649880e+02
1.577736803573049542e+02 2.401711110096123036e+02
1.572113105378525688e+02 2.397092719812473547e+02
1.566694411394757935e+02 2.392515688496076223e+02
1.561324632081883692e+02 2.387887097891753285e+02
1.555858343950440599e+02 2.383100494668825036e+02
1.550199379507914728e+02 2.378048317135303193e+02
1.544305531759739551e+02 2.372715821366685418e+02
1.538202677538625949e+02 2.367144203128880804e+02
1.531947456954480344e+02 2.361388965153802246e+02
1.525617336819316563e+02 2.355511661336830400e+02
1.519259922784366381e+02 2.349574180351974917e+02
1.512902508749416484e+02 2.343636699367119718e+02
1.506572388614252418e+02 2.337759395550147588e+02
1.500301709540329114e+02 2.332006099608484249e+02
1.494122922185537448e+02 2.326444020768449263e+02
1.488066581698534492e+02 2.321131938787531794e+02
1.482153375701406048e+02 2.316111701346580958e+02
1.476390462508463202e+02 2.311393757662611677e+02
1.470764584997866109e+02 2.306951603514818316e+02
1.465243159536527457e+02 2.302717613002431278e+02
1.459776458333649316e+02 2.298595997585310045e+02
1.454311169054398647e+02 2.294483053804232497e+02
1.448805415474213305e+02 2.290303292747320540e+02
1.443248556496195647e+02 2.286036432638103690e+02
1.437663854024842180e+02 2.281717214852479287e+02
1.432081998405768104e+02 2.277376373565008407e+02
1.426495353900999703e+02 2.273041697289605452e+02
1.420928956771703611e+02 2.268698913968719637e+02
1.415420177512019393e+02 2.264370158031816800e+02
1.410008431840145136e+02 2.260069375107563019e+02
1.404671436114614380e+02 2.255791271546653434e+02
1.399325688977597792e+02 2.251513944900805768e+02
1.393857522518577809e+02 2.247211390966158433e+02
1.388161824442634895e+02 2.242859120907361614e+02
1.382165010620679197e+02 2.238442291155231487e+02
1.375838121244082686e+02 2.233954612474186092e+02
1.369193051459745334e+02 2.229400436080172767e+02
1.362277407738232284e+02 2.224804914031961687e+02
1.355176805102649098e+02 2.220226187944756759e+02
1.347997246844205108e+02 2.215701454703547029e+02
1.340774810207409189e+02 2.211255551015614742e+02
1.333502862084635012e+02 2.206862874012307714e+02
1.326160746757180675e+02 2.202473005191220068e+02
1.318758163198421585e+02 2.198000932565457788e+02
1.311305384014241611e+02 2.193362600100923601e+02
1.303852776781043588e+02 2.188447094497479952e+02
1.296499575508657358e+02 2.183126216481364850e+02
1.289416892695900003e+02 2.177284345289095313e+02
1.282807642694083370e+02 2.170826829627326333e+02
1.276891766136975548e+02 2.163677096889219627e+02
1.271867006228567902e+02 2.155824404776392100e+02
1.267917672020422231e+02 2.147322196133200123e+02
1.265213056348664509e+02 2.138319148307064381e+02
1.263947147284564210e+02 2.129029904884205564e+02
1.264303921446812069e+02 2.119740242141761541e+02
1.266403231404869700e+02 2.110743044803290047e+02
1.270265633515282957e+02 2.102292835589005620e+02
1.275809400409397085e+02 2.094618577452708337e+02
1.282880191758005992e+02 2.087880266610855244e+02
1.291238869713565407e+02 2.082193966580418305e+02
1.300598616485493153e+02 2.077612057467408135e+02
1.310632435255855910e+02 2.074092047743711760e+02
1.321034180794407575e+02 2.071475431942870387e+02
1.331549174744532138e+02 2.069555452977529058e+02
1.342021338062231450e+02 2.068077863056498700e+02
1.352356890131420073e+02 2.066753536930541486e+02
1.362502567587092699e+02 2.065359545179328222e+02
1.372475214071413063e+02 2.063777253011087964e+02
1.382344879757838498e+02 2.061989121948162733e+02
1.392180729877398164e+02 2.060056811494416706e+02
1.402011641398504480e+02 2.058085190041633155e+02
1.411850364680465759e+02 2.056175749818270617e+02
1.421704168013938556e+02 2.054386346057895594e+02
