1.505018800710844289e+02 2.030614195124816774e+02
1.515051652966407119e+02 2.029676325400095891e+02
1.525081746641154723e+02 2.028829874064290095e+02
1.535111345665504814e+02 2.027999815267060626e+02
1.545138851172531531e+02 2.027239134890721743e+02
1.555158717648691891e+02 2.026731609285436662e+02
1.565162613854178630e+02 2.026753332780816947e+02
1.575145804114666248e+02 2.027461243942831857e+02
1.585105743695151546e+02 2.028939674386097067e+02
1.595041587467334239e+02 2.031216631362499072e+02
1.604954207101731072e+02 2.034263228020520557e+02
1.614845226801020033e+02 2.038025638860019058e+02
1.624716801913824042e+02 2.042432436392782336e+02
1.634574242089899485e+02 2.047307660710820869e+02
1.644425988658928190e+02 2.052371569145145997e+02
1.654282641013760440e+02 2.057272901579503070e+02
1.664152434178668614e+02 2.061738752232943170e+02
1.674040206980682797e+02 2.065608764095476033e+02
1.683947770926076828e+02 2.068822904492290888e+02
1.693874638000006030e+02 2.071397346062055647e+02
1.703818102404473507e+02 2.073421757989874834e+02
1.713773464659084311e+02 2.075051879387675910e+02
1.723735223587861753e+02 2.076470017274420741e+02
1.733700047841024343e+02 2.077786571399242916e+02
1.743668522855414267e+02 2.078982140593009547e+02
1.753640126835185242e+02 2.080074016984829086e+02
1.763613482902858607e+02 2.081107829805556833e+02
1.773587809872745424e+02 2.082109467271602625e+02
1.783560455634512607e+02 2.083166819377908041e+02
1.793529303144781295e+02 2.084350044190490507e+02
1.803490159939815385e+02 2.085798078469237282e+02
1.813438822697698924e+02 2.087650218810247225e+02
1.823370918286655069e+02 2.090051389248167766e+02
1.833283057144994359e+02 2.093113918654049712e+02
1.843171381904464852e+02 2.096965638842439716e+02
1.853033465761955938e+02 2.101686973206865616e+02
1.862871516547292003e+02 2.107204755050754557e+02
1.872692825226364448e+02 2.113277364352757672e+02
1.882507100519691221e+02 2.119583057561509349e+02
1.892326281598821538e+02 2.125726174770292971e+02
1.902160748280087148e+02 2.131362732550709325e+02
1.912017776750191160e+02 2.136251600658478083e+02
1.921898051074439877e+02 2.140370109412201032e+02
1.931797487069275121e+02 2.143853607205089702e+02
1.941710718984347182e+02 2.146879913098897816e+02
1.951631421930119927e+02 2.149658631687497632e+02
1.961554749237545536e+02 2.152350379862588454e+02
1.971477720336361585e+02 2.155053932664544334e+02
1.981398162685827344e+02 2.157841287322248149e+02
1.991312750666867544e+02 2.160822653671275191e+02
2.001216315182826690e+02 2.164169333739751551e+02
2.011105428065156104e+02 2.167994935816372504e+02
2.020981022514057202e+02 2.172268533977750735e+02
2.030849617056599357e+02 2.176774106550888064e+02
2.040722799179963545e+02 2.181127648324177812e+02
2.050614511993041447e+02 2.184867089618768432e+02
2.060535023412593603e+02 2.187652155318341443e+02
2.070488755432205039e+02 2.189336302125292946e+02
2.080475443836175486e+02 2.189928286054129956e+02
2.090491703587058225e+02 2.189540286044149298e+02
2.100529885700655655e+02 2.188425786716265407e+02
2.110582130363118836e+02 2.186845259511190704e+02
2.120640064108386866e+02 2.185076198121584810e+02
2.130697855792473945e+02 2.183311844589094335e+02
2.140750014494349500e+02 2.181734166087369431e+02
2.150794595695042517e+02 2.180407603284827189e+02
2.160833441967283477e+02 2.179271093975269196e+02
2.170867737455866120e+02 2.178285396020615963e+02
2.180898770664753101e+02 2.177407808856964948e+02
2.190932042468305667e+02 2.176456035460804799e+02
2.200973365611928330e+02 2.175237443512960169e+02
2.211027004947220007e+02 2.173610697345459641e+02
2.221096400405756981e+02 2.171461798847043951e+02
2.231182396210992351e+02 2.168762770752178710e+02
2.241283207097253580e+02 2.165572776131495232e+02
2.251393143680118953e+02 2.162080359164974936e+02
2.261505103503757255e+02 2.158520892717496338e+02
2.271611670733212804e+02 2.155140134926853079e+02
2.281706680335480826e+02 2.152142392798231469e+02
2.291787367395808701e+02 2.149619294625004216e+02
2.301854865085868767e+02 2.147533287500200458e+02
2.311912386220317615e+02 2.145777899886675470e+02
2.321960696300806717e+02 2.144327763331436643e+02
2.332000396448216009e+02 2.143162956901933569e+02
2.342031977995165732e+02 2.142267198009543563e+02
2.352054979469029092e+02 2.141655779693304567e+02
2.362068367533060780e+02 2.141362946366120639e+02
2.372070989712157143e+02 2.141426890643785725e+02
2.382061363261590259e+02 2.141896750160227612e+02
2.392038384869679817e+02 2.142809088272832696e+02
2.402002697280327084e+02 2.144142604676901271e+02
2.411955682800100647e+02 2.145851490223472524e+02
2.421897761278605969e+02 2.147921831245657245e+02
2.431828830769602803e+02 2.150357006205673542e+02
2.441749669141003096e+02 2.153131236837065785e+02
2.451662824445586466e+02 2.156160081575262950e+02
2.461570495766310387e+02 2.159370663591752191e+02
2.471499454503271807e+02 2.162761019461763112e+02
2.481515231270513198e+02 2.166329464927815707e+02
2.491633255600670509e+02 2.170089841666926702e+02
2.501825867368076217e+02 2.174041405066410562e+02
2.511984496352594931e+02 2.178219326475400521e+02
2.521977638583697114e+02 2.182660876479279750e+02
2.531642048093539188e+02 2.187439714829493482e+02
2.540846651081465666e+02 2.192600738555806004e+02
2.549474597400097480e+02 2.198130917341352415e+02
2.557468752678290684e+02 2.203906861783695206e+02
2.564791796031448712e+02 2.209804039567056577e+02
2.571459121696693728e+02 2.215633228917152451e+02
2.577469849653912206e+02 2.221258151289212606e+02
2.582867230182509957e+02 2.226618113568046340e+02
2.587797934636646460e+02 2.231743133254686882e+02
2.592450264499220793e+02 2.236773593694437920e+02
2.597038730820255523e+02 2.241943121177596367e+02
2.601729064803210463e+02 2.247477307060157443e+02
2.606637458958511502e+02 2.253464686175497036e+02
2.611779047381724013e+02 2.259922923029026549e+02
2.617109868449902592e+02 2.266731056634440336e+02
2.622531508860312215e+02 2.273751446066339099e+02
2.627981452426204214e+02 2.280874605923894478e+02
2.633404708139657942e+02 2.287996960466473411e+02
2.638708357937616142e+02 2.294987077338630854e+02
2.643841909454783377e+02 2.301697066324507261e+02
2.648824413242110154e+02 2.308069175744399217e+02
2.653798896023004659e+02 2.314043672337969610e+02
2.658873303630165310e+02 2.319605745186835577e+02
2.664152005958695781e+02 2.324807035750077375e+02
2.669742898100191155e+02 2.329849920391456806e+02
2.675700879728227051e+02 2.335043245487740649e+02
2.681995120880813488e+02 2.340646809356751419e+02
2.688570981015447501e+02 2.346770874117165135e+02
2.695366709784701698e+02 2.353430434101002220e+02
2.702397325503893057e+02 2.360559462244835061e+02
2.709697008663300153e+02 2.368080544266489937e+02
2.717238316241947018e+02 2.375887934329644509e+02
2.724893107128150405e+02 2.383844465085790887e+02
2.732456595254340073e+02 2.391771528597172960e+02
2.739773955424988685e+02 2.399479969027429433e+02
2.746796543345157602e+02 2.406884650452473693e+02
2.753668494966967160e+02 2.413928534294077508e+02
2.760566822094359622e+02 2.420645064729092439e+02
2.767663827873896025e+02 2.427061270995113205e+02
2.774930562969558991e+02 2.433239688384927604e+02
2.782186850006180521e+02 2.439201051892578676e+02
2.789248062628040543e+02 2.445015064602453663e+02
2.796034522572577998e+02 2.450783909779695762e+02
2.802616531585369444e+02 2.456555669713861505e+02
2.809117749658111052e+02 2.462309664780842979e+02
2.815717149213592734e+02 2.468034257782472309e+02
2.822610334731697890e+02 2.473713020990671225e+02
2.829859741902655514e+02 2.479387156311772742e+02
2.837429710550448476e+02 2.485050495371075954e+02
2.845264931340101953e+02 2.490651786632363951e+02
2.853373008247914413e+02 2.496109452328785778e+02
2.861848597219615158e+02 2.501345151793774448e+02
2.870778250447833102e+02 2.506319337588081169e+02
2.880217381777341075e+02 2.511042996080870182e+02
2.890090607275602110e+02 2.515518104470953347e+02
2.900221651703027987e+02 2.519724937038861583e+02
2.910439337978374397e+02 2.523730771417252754e+02
2.920670796105002864e+02 2.527672431980016086e+02
2.930900250595905163e+02 2.531680492319464975e+02
2.941112712277234209e+02 2.535859467888845984e+02
2.951237034285110212e+02 2.540289079054189756e+02
2.961103093686543275e+02 2.545001669349175870e+02
2.970561725658535579e+02 2.549964314743369016e+02
2.979576681899382038e+02 2.555166797280833180e+02
2.988154394469783597e+02 2.560598536148974631e+02
2.996362661150953386e+02 2.566284167446561923e+02
3.004279468697767470e+02 2.572222322757068014e+02
3.011902991393729394e+02 2.578411506333433749e+02
3.019118137618243054e+02 2.584847715005827240e+02
3.025810738860876654e+02 2.591602117647541377e+02
3.031896475064089600e+02 2.598786501889360920e+02
3.037424607539760473e+02 2.606481470203034405e+02
3.042539080070223463e+02 2.614723880933981945e+02
3.047377410465118714e+02 2.623556661371099494e+02
3.051993227252858674e+02 2.632964091885247626e+02
3.056335462927302160e+02 2.642877020736631266e+02
3.060270510131496735e+02 2.653122929622545030e+02
3.063685792509277235e+02 2.663510686100342468e+02
3.066599014452193614e+02 2.673910445088021675e+02
3.069110113113515013e+02 2.684217713310218869e+02
3.071304214697794350e+02 2.694407376884348650e+02
3.073188507955554769e+02 2.704495499943316190e+02
3.074632637245132400e+02 2.714543628752531390e+02
3.075370358072013914e+02 2.724570441447385178e+02
3.075164858226470415e+02 2.734568792139328366e+02
3.073942481234860225e+02 2.744536458219348560e+02
3.071722428357309695e+02 2.754474019091966284e+02
3.068693463673708379e+02 2.764387170777156939e+02
3.065083743333780149e+02 2.774282797963930420e+02
3.061106440307173671e+02 2.784167333218768476e+02
3.056903410025277594e+02 2.794045057077308343e+02
3.052560063611346095e+02 2.803918546849090490e+02
3.048075065991534984e+02 2.813814474400901418e+02
3.043434148684560228e+02 2.823797888967492327e+02
3.038605458211874861e+02 2.833883676569296313e+02
3.033504987762630662e+02 2.844041619677764743e+02
3.027994962689838303e+02 2.854160051983537301e+02
3.021908485729004497e+02 2.864130270140274774e+02
3.015091284526918685e+02 2.873825363305514884e+02
3.007469032447882000e+02 2.883063737049205884e+02
2.999067586899197408e+02 2.891685398481232028e+02
2.989955040444871202e+02 2.899551708306921682e+02
2.980273885826818514e+02 2.906603057216589150e+02
2.970185383929224372e+02 2.912823281744259702e+02
2.959866317198941488e+02 2.918297522669142836e+02
2.949434063600098739e+02 2.923187423841839063e+02
2.938987065499445066e+02 2.927666133218817208e+02
2.928628478806572843e+02 2.931877907780204850e+02
2.918382595801821822e+02 2.935935101337313426e+02
2.908230661936710248e+02 2.939934062057802180e+02
2.898107214460819137e+02 2.943874225222821224e+02
2.887988357883526760e+02 2.947662247638038480e+02
2.877880388440840420e+02 2.951089474277366094e+02
2.867790682456006266e+02 2.953911456407005289e+02
2.857726481429876912e+02 2.955888213259466397e+02
2.847691869847625412e+02 2.956884386446088229e+02
2.837690382951514607e+02 2.956782819293300122e+02
2.827698141538192544e+02 2.955489628852452029e+02
2.817650236624392619e+02 2.952985898757847281e+02
2.807527872641844056e+02 2.949369336558394821e+02
2.797353079750165534e+02 2.944827261943041208e+02
2.787227846001425746e+02 2.939542634275675823e+02
2.777275294058075588e+02 2.933755936545284726e+02
2.767650598037993745e+02 2.927661007242731444e+02
2.758477863203552261e+02 2.921443884223173200e+02
2.749871091541332362e+02 2.915211984841145636e+02
2.741887702449690210e+02 2.909079252798504172e+02
2.734566956204720896e+02 2.903105949665265371e+02
2.727898475048211253e+02 2.897315052885466002e+02
2.721861425744229450e+02 2.891677510877729560e+02
2.716375502158660993e+02 2.886195962680459388e+02
2.711369234416772542e+02 2.880880267132619110e+02
2.706758667541070622e+02 2.875743247851247588e+02
2.702418141023088651e+02 2.870777721444954409e+02
2.698173786910895160e+02 2.865868271265931639e+02
2.693833260392912621e+02 2.860902744859639029e+02
2.689222693517211269e+02 2.855765725578266938e+02
2.684215620460346372e+02 2.850476717882865501e+02
2.678726917180835585e+02 2.845087287756035153e+02
2.672686611327864057e+02 2.839557666625744901e+02
2.666014901974277791e+02 2.833873751151058400e+02
2.658691389909706686e+02 2.827992106297543273e+02
2.650705907602357456e+02 2.821928742680341315e+02
2.642099475861477913e+02 2.815685578425767517e+02
2.632931004370555002e+02 2.809327169715490982e+02
2.623316075886129966e+02 2.802908547748751857e+02
2.613380668103300195e+02 2.796553698624927620e+02
2.603282933900508169e+02 2.790357745767209394e+02
2.593126051922059787e+02 2.784336878575194305e+02
2.582953302463694172e+02 2.778449633587850371e+02
2.572805115067520774e+02 2.772633641849561172e+02
2.562759907257238865e+02 2.766852371938549595e+02
2.552875612501392482e+02 2.761103930360005734e+02
2.543230638197586586e+02 2.755308025477372667e+02
2.533880533875360186e+02 2.749397212068672047e+02
2.524826290278268175e+02 2.743316775122915487e+02
2.516025249815740494e+02 2.737029521096756071e+02
2.507406672040700926e+02 2.730598054827444798e+02
2.498890106730068510e+02 2.724163403969384945e+02
2.490397527543734668e+02 2.717974588417863515e+02
2.481858649277543236e+02 2.712279380985910961e+02
2.473197934225794370e+02 2.707244329107965086e+02
2.464335531476590972e+02 2.702990599478579270e+02
2.455201392188564284e+02 2.699557877367349192e+02
2.445751576601120121e+02 2.696951459890371439e+02
2.435987370438355413e+02 2.695106856486215179e+02
2.425965010311275591e+02 2.693933852296999589e+02
2.415790381402481160e+02 2.693326782916674347e+02
2.405588419379490404e+02 2.693233302790685570e+02
2.395457268121543564e+02 2.693488326988563131e+02
2.385416928592605359e+02 2.693789091024377740e+02
2.375410252994792870e+02 2.693859475603987335e+02
2.365415175139108612e+02 2.693545515126678538e+02
2.355429687770433134e+02 2.692913729314541342e+02
2.345451319144858076e+02 2.692046030883205958e+02
2.335480752724457716e+02 2.690919770142177185e+02
2.325519631713723356e+02 2.689480491877939130e+02
2.315568755093694051e+02 2.687701718142509435e+02
2.305626805103645722e+02 2.685627119058474932e+02
2.295689894213715263e+02 2.683385525985417530e+02
2.285754904316700902e+02 2.681080271889069877e+02
2.275820270929912112e+02 2.678763203170407792e+02
2.265884536041140507e+02 2.676482637836429035e+02
2.255945374190284838e+02 2.674315640809344927e+02
2.246002814030873651e+02 2.672261262521371918e+02
2.236058326242992678e+02 2.670270765156595303e+02
2.226113134784758927e+02 2.668303587177489362e+02
2.216170230782998658e+02 2.666260603702917251e+02
2.206233227598542612e+02 2.664022069237666983e+02
2.196303202000854640e+02 2.661552300023983548e+02
2.186377700041376215e+02 2.658932619045927481e+02
2.176455947773204684e+02 2.656188674629101456e+02
2.166537884269888821e+02 2.653322485854474735e+02
2.156624843277805610e+02 2.650289852840593881e+02
2.146717767950487428e+02 2.647059519814209807e+02
2.136815573676453255e+02 2.643667430414786850e+02
2.126916916454377997e+02 2.640158124369090160e+02
2.117019242500776386e+02 2.636616233155248210e+02
2.107120251691299018e+02 2.633117982077640704e+02
2.097217652950079696e+02 2.629739296577138816e+02
2.087310352315537898e+02 2.626516430152167345e+02
2.077397890124743185e+02 2.623464615869061731e+02
2.067483764219562090e+02 2.620467936490096008e+02
2.057572116392227031e+02 2.617389134491041318e+02
2.047665703413856022e+02 2.614136851455685360e+02
2.037764488185669904e+02 2.610712316824420896e+02
2.027869615943984911e+02 2.607077577872262282e+02
2.017981416958426735e+02 2.603221689581076816e+02
2.008100337620817868e+02 2.599129858684341343e+02
1.998228487434134024e+02 2.594732177002298954e+02
1.988368818918340537e+02 2.589930799071457841e+02
1.978520885983231210e+02 2.584740508162887522e+02
1.968681250205310107e+02 2.579275252410595840e+02
1.958844116332906253e+02 2.573727084397638123e+02
1.949003682177178689e+02 2.568288286602427775e+02
1.939159221748183768e+02 2.562982918073959695e+02
1.929313107558134277e+02 2.557732354599769451e+02
1.919442450609321327e+02 2.552409898167701954e+02
1.909483907004400294e+02 2.546944766020188808e+02
1.899421986284283150e+02 2.541325135561183686e+02
1.889283983619160949e+02 2.535563845898297188e+02
1.879176352487407371e+02 2.529695873752964701e+02
1.869228235507134457e+02 2.523762202920603954e+02
1.859599330434431579e+02 2.517806760127706411e+02
1.850418291505631032e+02 2.511864831847227890e+02
1.841801308630477365e+02 2.505971328436852161e+02
1.833808005116139270e+02 2.500167156842716736e+02
1.826478304190891890e+02 2.494490608634965270e+02
1.819801572627689552e+02 2.488973127404083243e+02
1.813755758058338188e+02 2.483626063179013670e+02
1.808261049300737682e+02 2.478435652464133341e+02
1.803220921878877050e+02 2.473356823419775878e+02
1.798488288652416713e+02 2.468324600099263932e+02
1.793950135771582381e+02 2.463272753691198886e+02
1.789523266021669770e+02 2.458168439890666264e+02
1.785135591288120622e+02 2.453002220109871416e+02
1.780713111560486936e+02 2.447752422529472369e+02
1.776185385548095610e+02 2.442355033402753577e+02
1.771469663634528899e+02 2.436762375176480191e+02
1.766450831515519155e+02 2.430977827355500835e+02
1.760974301763264123e+02 2.425184970857030748e+02
1.754931956382250462e+02 2.419722938962017906e+02
1.748231499998543086e+02 2.414991689860339079e+02
1.740839533748027748e+02 2.411378592427714125e+02
1.732735661392243571e+02 2.409238632987057258e+02
1.723954301967327183e+02 2.408792510081978548e+02
1.714555808389784488e+02 2.410056951664214466e+02
1.704663469707413697e+02 2.412831605176524477e+02
1.694418480448976538e+02 2.416736176252597090e+02
1.683996014594069379e+02 2.421301715065935127e+02
1.673542149599754794e+02 2.426007990861067185e+02
1.663156484763215985e+02 2.430231894220233357e+02
1.652818658108841703e+02 2.433395628116140301e+02
1.642512073996545610e+02 2.434998824347630659e+02
1.632207272201176806e+02 2.434765198647264697e+02
1.621987155156070060e+02 2.432624969737845504e+02
1.611975795312761761e+02 2.428787144935200502e+02
1.602323363279713249e+02 2.423611377256075912e+02
1.593145203578166331e+02 2.417574032406540994e+02
1.584571582798093345e+02 2.411128755829356862e+02
1.576717858068286660e+02 2.404639432436049447e+02
1.569633590215764798e+02 2.398350138106880252e+02
1.563251816158126530e+02 2.392356776760410639e+02
1.557377810676738932e+02 2.386658904968870445e+02
1.551789298728482152e+02 2.381120386622038723e+02
1.546258300634388547e+02 2.375631345496019549e+02
1.540615827566185203e+02 2.370117911007226894e+02
1.534733724052054527e+02 2.364565401100531972e+02
1.528563971873547302e+02 2.358924294938935020e+02
1.522107215066695858e+02 2.353188169025134471e+02
1.515443614589040919e+02 2.347348917454736181e+02
1.508688711351373399e+02 2.341480198639573302e+02
1.502034684993511178e+02 2.335645928106235090e+02
1.495679160326679096e+02 2.329917889196024419e+02
1.489743544195736717e+02 2.324375599912695805e+02
1.484282316416077379e+02 2.318976123920650423e+02
1.479222579985887762e+02 2.313646979552366645e+02
1.474393865679775217e+02 2.308341473938002935e+02
1.469521996763314178e+02 2.303029833920191152e+02
1.464312349830898938e+02 2.297691813971785280e+02
1.458494498989481940e+02 2.292310599962732738e+02
1.451933599070715672e+02 2.286894938725207851e+02
1.444622441458462845e+02 2.281489102978276549e+02
1.436615161054230612e+02 2.276148120553432079e+02
1.427980241371456032e+02 2.270849036580013944e+02
1.418778133351877102e+02 2.265605330488393179e+02
1.409099647203926793e+02 2.260408087204581307e+02
1.399007374372744152e+02 2.255310918978999553e+02
1.388671906105102209e+02 2.250357801125459218e+02
1.378289578565125453e+02 2.245564752746823274e+02
1.368029148815346616e+02 2.240820032989571757e+02
1.358011311449019445e+02 2.235919419282818694e+02
1.348307024114286321e+02 2.230677067270797522e+02
1.338986393034175251e+02 2.225025860934610193e+02
1.330147846410894772e+02 2.218973312445039596e+02
1.321804572986865765e+02 2.212606859376809325e+02
1.313899639565671293e+02 2.205974486364395659e+02
1.306385992786620989e+02 2.199013595722957461e+02
1.299268918193742763e+02 2.191644180472646894e+02
1.292569923664647149e+02 2.183839116985374460e+02
1.286273139010935154e+02 2.175582589395051230e+02
1.280378724669526491e+02 2.166921333803995253e+02
1.274959365111396608e+02 2.157897741779518128e+02
1.270188621729085412e+02 2.148515379835224337e+02
1.266321028228184673e+02 2.138754756249326192e+02
1.263660312505695060e+02 2.128675559100059047e+02
1.262515782003029585e+02 2.118406206023230425e+02
1.263127674490298773e+02 2.108202039148368669e+02
1.265598390108191040e+02 2.098411065359439363e+02
1.269883575677184240e+02 2.089387808188899953e+02
1.275884766541648219e+02 2.081406452528732984e+02
1.283409089370090328e+02 2.074609085653524403e+02
1.292143595853593183e+02 2.069023090997051497e+02
1.301760103152010970e+02 2.064616425458123388e+02
1.311936688167803027e+02 2.061311063819215974e+02
1.322441999621993034e+02 2.058948726141562133e+02
1.333083215668055459e+02 2.057317690281770126e+02
1.343655622636991325e+02 2.056203794309924433e+02
1.354032732382902964e+02 2.055318611916116538e+02
1.364212400656629143e+02 2.054340982309471428e+02
1.374283325565795053e+02 2.053026629630757043e+02
1.384340413881145651e+02 2.051285585488486163e+02
1.394407146371170256e+02 2.049224936821224219e+02
1.404475630647480671e+02 2.047106234578320709e+02
1.414540181849897920e+02 2.045117873008001368e+02
1.424600215144811273e+02 2.043279233288498062e+02
1.434657951331536481e+02 2.041516718918872186e+02
1.444716003913546558e+02 2.039743719321827768e+02
1.454775581466538483e+02 2.037920182727805809e+02
1.464834845942023094e+02 2.036107021411248752e+02
1.474889819626923781e+02 2.034436055371392911e+02
1.484938641851543935e+02 2.032968946541457171e+02
1.494981414562124655e+02 2.031702316459222573e+02
1.505018800710844289e+02 2.030614195124816774e+02
