1.306013723108397642e+02 2.058101751063641700e+02
1.316582969569834063e+02 2.054652299108052773e+02
1.327174155918184226e+02 2.052475056651981049e+02
1.337629864637722221e+02 2.051345260631862857e+02
1.347912101087728445e+02 2.050976499728479325e+02
1.358043333458911093e+02 2.051074869097694773e+02
1.368089220518209572e+02 2.051378373101332500e+02
1.378114850111294913e+02 2.051681566681661479e+02
1.388133625282960679e+02 2.051840272755931665e+02
1.398140507452982320e+02 2.051748280770951567e+02
1.408131604788445088e+02 2.051323552988231143e+02
1.418105007623373695e+02 2.050525834679155537e+02
1.428063779005128140e+02 2.049419693229770587e+02
1.438012384140278357e+02 2.048099252785917770e+02
1.447953072454229186e+02 2.046611930021725243e+02
1.457891300473951617e+02 2.045072745582353946e+02
1.467835359845902587e+02 2.043656482902371181e+02
1.477793354093116704e+02 2.042533959876081440e+02
1.487773924572593671e+02 2.041887331647658073e+02
1.497780000228598283e+02 2.041778338782255560e+02
1.507807294026870295e+02 2.042116612910201638e+02
1.517848476735740348e+02 2.042747657781498276e+02
1.527893673060194430e+02 2.043463307504251247e+02
1.537935729571559875e+02 2.044112771660800263e+02
1.547974453881651868e+02 2.044691994811984443e+02
1.558011770346183198e+02 2.045241541338177171e+02
1.568052376838223267e+02 2.045860439869524612e+02
1.578102063957823304e+02 2.046670753131504341e+02
1.588169126194615615e+02 2.047847324491282279e+02
1.598258865596388887e+02 2.049501918256171678e+02
1.608370777025691041e+02 2.051623886401183654e+02
1.618500062624460156e+02 2.054112092666460967e+02
1.628639304074872598e+02 2.056810162913922113e+02
1.638780201674809121e+02 2.059543143899971369e+02
1.648918825682351894e+02 2.062228198784805784e+02
1.659055322521021765e+02 2.064868414097244909e+02
1.669190280728073787e+02 2.067476195885164998e+02
1.679320303183069143e+02 2.069979934682203009e+02
1.689436269453995010e+02 2.072187376701348853e+02
1.699530288308228023e+02 2.073932179015648103e+02
1.709596258291900881e+02 2.075085726268860640e+02
1.719634857028424335e+02 2.075662302396947325e+02
1.729656346010768857e+02 2.075878214136423026e+02
1.739675708771965219e+02 2.076049306281036593e+02
1.749707682910393487e+02 2.076486239454771408e+02
1.759765345610146596e+02 2.077464673644125526e+02
1.769855068900593551e+02 2.079118927790957230e+02
1.779976230600239830e+02 2.081435886644974858e+02
1.790124623757591564e+02 2.084326869938029745e+02
1.800291337387871806e+02 2.087604038917861260e+02
1.810468877355253312e+02 2.091109421243764075e+02
1.820650944131332949e+02 2.094710226255140810e+02
1.830836763424745470e+02 2.098390132307683871e+02
1.841028205570875684e+02 2.102188565062397458e+02
1.851226818678591712e+02 2.106138157819128196e+02
1.861433670360161727e+02 2.110261415268589076e+02
1.871646650505763319e+02 2.114513857433974238e+02
1.881863550916031613e+02 2.118848936663834195e+02
1.892086206386661615e+02 2.123305329461691429e+02
1.902318166147964007e+02 2.127957851687924631e+02
1.912561176383341603e+02 2.132843311946738538e+02
1.922812335632555687e+02 2.137900549021431402e+02
1.933063068879360458e+02 2.142948806195125826e+02
1.943305399595877532e+02 2.147819942562914264e+02
1.953531157444456881e+02 2.152341731814429409e+02
1.963736396571855209e+02 2.156430997491811468e+02
1.973920215691551334e+02 2.160068740961356184e+02
1.984084390366424486e+02 2.163292390130786202e+02
1.994231227833107312e+02 2.166150580303730635e+02
2.004365202775420869e+02 2.168737635401358830e+02
2.014491405898467065e+02 2.171160864741166847e+02
2.024610750809193860e+02 2.173439526664785433e+02
2.034722215386135531e+02 2.175552075403076913e+02
2.044823052648236228e+02 2.177440606077188079e+02
2.054909998630426173e+02 2.179036316064115795e+02
2.064977034330917149e+02 2.180212328052974726e+02
2.075021507541158314e+02 2.180912734918192655e+02
2.085045172500216495e+02 2.181174515073003590e+02
2.095050041702233443e+02 2.181040090808332081e+02
2.105039561075488734e+02 2.180582100433480548e+02
2.115018521370106725e+02 2.179901530376810967e+02
2.124991956427687114e+02 2.179104491303850750e+02
2.134963900239902443e+02 2.178276017583011708e+02
2.144938826542848176e+02 2.177510413157930316e+02
2.154922397519831350e+02 2.176927033798388038e+02
2.164916052765202039e+02 2.176556225376725706e+02
2.174915571585452767e+02 2.176309017950567295e+02
2.184914449269707859e+02 2.176048295723462331e+02
2.194904146341409898e+02 2.175594051136013150e+02
2.204877721662297745e+02 2.174799968737908671e+02
2.214830924211662477e+02 2.173576439305724080e+02
2.224763149814784811e+02 2.171910727162292005e+02
2.234675232943571359e+02 2.169820422525252752e+02
2.244570725671506466e+02 2.167380401187583061e+02
2.254456300930662564e+02 2.164731324957808738e+02
2.264338206598428087e+02 2.162004895720988316e+02
2.274222361691597882e+02 2.159325883158295767e+02
2.284113976328630997e+02 2.156804113756361971e+02
2.294015416031250822e+02 2.154489451437083858e+02
2.303924913292240149e+02 2.152344638101768624e+02
2.313839300340621321e+02 2.150302898846993571e+02
2.323756519191450138e+02 2.148320852460259118e+02
2.333675545827810538e+02 2.146376913217362699e+02
2.343600295301881147e+02 2.144553608306347598e+02
2.353538882509397467e+02 2.143021995351911926e+02
2.363498021608471049e+02 2.141923605185257884e+02
2.373481871690481171e+02 2.141346109209128485e+02
2.383492201210370069e+02 2.141326785499750258e+02
2.393531198465276191e+02 2.141911762180383789e+02
2.403598302875833213e+02 2.143089222540372134e+02
2.413689302751921844e+02 2.144770386423900561e+02
2.423795364348356998e+02 2.146769043247633988e+02
2.433906998568082258e+02 2.148885167964298830e+02
2.444039129554595888e+02 2.151006647431307215e+02
2.454245355129440043e+02 2.153112328085701392e+02
2.464552091354026970e+02 2.155264388017669717e+02
2.474953075259728621e+02 2.157484438282808696e+02
2.485377851897558514e+02 2.159799157446736046e+02
2.495728591452734122e+02 2.162222897420108154e+02
2.505852912454101045e+02 2.164781397904725679e+02
2.515598972755661862e+02 2.167537935212895377e+02
2.524885925007699825e+02 2.170622156037377408e+02
2.533675249681521109e+02 2.174221746513273388e+02
2.541975212773952819e+02 2.178444896482048989e+02
2.549773099733445463e+02 2.183269864014652342e+02
2.557059036381708665e+02 2.188612382349529071e+02
2.563876742046801382e+02 2.194356599648305348e+02
2.570280002751156871e+02 2.200439746680537496e+02
2.576348939453652633e+02 2.206844116923449803e+02
2.582229580902139787e+02 2.213559469117314222e+02
2.588056908419438287e+02 2.220575245142525489e+02
2.593956737023912638e+02 2.227888990339394581e+02
2.600062415998928032e+02 2.235580885857364137e+02
2.606446307312992303e+02 2.243764270053637233e+02
2.613121054742356364e+02 2.252444409703522012e+02
2.620012392456074508e+02 2.261517637530821503e+02
2.627026039945861839e+02 2.270823050383430370e+02
2.634068089862698798e+02 2.280224915702248154e+02
2.641090023576261387e+02 2.289562762336559842e+02
2.648031995710869069e+02 2.298726892904858516e+02
2.654871532936068093e+02 2.307601702468156759e+02
2.661559663695577456e+02 2.316104328520607112e+02
2.668067021879436993e+02 2.324103865558177517e+02
2.674324282449396719e+02 2.331490214954302189e+02
2.680302142508855923e+02 2.338196480114517612e+02
2.686024116148161625e+02 2.344255743958211440e+02
2.691532425301003855e+02 2.349748926648602492e+02
2.696872488748235241e+02 2.354730427069373491e+02
2.702078050992310523e+02 2.359280576435840260e+02
2.707168118797807779e+02 2.363538980916563332e+02
2.712188025741165802e+02 2.367695835981118933e+02
2.717196983991898946e+02 2.371978331002017057e+02
2.722260621181629858e+02 2.376630290033787674e+02
2.727469306750550686e+02 2.381811420215843782e+02
2.732831738009878109e+02 2.387595952803580985e+02
2.738348105859454336e+02 2.393948448940396929e+02
2.744014948680251678e+02 2.400798894007863566e+02
2.749812366735393994e+02 2.408045837014007873e+02
2.755686998971303296e+02 2.415564956881932517e+02
2.761547417242267102e+02 2.423203984996447957e+02
2.767331683802442512e+02 2.430792024376481208e+02
2.773017429900772299e+02 2.438221794478706670e+02
2.778646663896189466e+02 2.445385693809269867e+02
2.784284454755074307e+02 2.452218215405838180e+02
2.790030747442669394e+02 2.458639012993310189e+02
2.795977843240921175e+02 2.464628620892882793e+02
2.802227955890681415e+02 2.470168234454044409e+02
2.808861815965331061e+02 2.475315462873297463e+02
2.815969656435506181e+02 2.480213841590204140e+02
2.823618066115770375e+02 2.485049374159232514e+02
2.831872182922555226e+02 2.489971782129744327e+02
2.840748031295952387e+02 2.495054218340506509e+02
2.850217294872770708e+02 2.500335838583883117e+02
2.860166158406163959e+02 2.505789685855490063e+02
2.870450988334482645e+02 2.511304921900344596e+02
2.880946931213779862e+02 2.516789469619584452e+02
2.891517993951600829e+02 2.522187820860616512e+02
2.902061096810251115e+02 2.527403661991088200e+02
2.912503019852913440e+02 2.532405387124640868e+02
2.922835782359308610e+02 2.537178398038649334e+02
2.933081778245737610e+02 2.541700088174050336e+02
2.943295287695779052e+02 2.545963687791511347e+02
2.953496676216302035e+02 2.549971784753080328e+02
2.963682053869841866e+02 2.553642381275333548e+02
2.973848177541278801e+02 2.556907114240990211e+02
2.983997691857363748e+02 2.559821730955360408e+02
2.994135639663084021e+02 2.562492531870533981e+02
3.004270324925321916e+02 2.565094560129004435e+02
3.014408935190851366e+02 2.567779325339612910e+02
3.024558290762990964e+02 2.570690595817237636e+02
3.034719661593305773e+02 2.573855141455844660e+02
3.044892556760220259e+02 2.577262613893439038e+02
3.055099073264268554e+02 2.580952099944515794e+02
3.065393870852911959e+02 2.584924830871631798e+02
3.075801323240079910e+02 2.589199933181768074e+02
3.086313670999291503e+02 2.593767473406210229e+02
3.096859824679640383e+02 2.598640755152360384e+02
3.107338235593250602e+02 2.603755738492121736e+02
3.117609115956568075e+02 2.608976925231525001e+02
3.127547145097196903e+02 2.614202389348032511e+02
3.137031142324778443e+02 2.619367880964725828e+02
3.145981711258901328e+02 2.624447713523295533e+02
3.154341416663896780e+02 2.629523330154228233e+02
3.162097987539071369e+02 2.634720353453588473e+02
3.169250912332333314e+02 2.640162216321425035e+02
3.175858558321326655e+02 2.645999842492784069e+02
3.182028701671139288e+02 2.652330414029482881e+02
3.187876025565048508e+02 2.659160353740368237e+02
3.193478120747714115e+02 2.666483828337944715e+02
3.198843217618072572e+02 2.674328929371358754e+02
3.203990560142024151e+02 2.682703303531163783e+02
3.208960001985001327e+02 2.691608193697711044e+02
3.213762713373508291e+02 2.700995646687165390e+02
3.218333205461407829e+02 2.710781771530812421e+02
3.222608321801590137e+02 2.720814720396305688e+02
3.226561523590942215e+02 2.730942149721492456e+02
3.230216855736872503e+02 2.741064408164045290e+02
3.233626081456345105e+02 2.751107319532572433e+02
3.236832017237081232e+02 2.761061564445161025e+02
3.239913536359308068e+02 2.770946867550511570e+02
3.242904627950813392e+02 2.780816217756823221e+02
3.245825578424618811e+02 2.790688895425782903e+02
3.248613498507432382e+02 2.800567883995846614e+02
3.251183553606171586e+02 2.810457207981435204e+02
3.253389418281759049e+02 2.820363808994673605e+02
3.255111387157587615e+02 2.830293365804057544e+02
3.256203124805815605e+02 2.840252820495572337e+02
3.256494282804159184e+02 2.850250254320715158e+02
3.255863477663256162e+02 2.860291425656884030e+02
3.254291161367250425e+02 2.870377261853041659e+02
3.251792956346800452e+02 2.880507021788197903e+02
3.248417967377557716e+02 2.890678375954182684e+02
3.244221532225409419e+02 2.900888699152608297e+02
3.239327600721133535e+02 2.911152353999881370e+02
3.233978327884412920e+02 2.921512454109187047e+02
3.228421627660909508e+02 2.931960462177245290e+02
3.222810684291100074e+02 2.942447464429213824e+02
3.217180285452849944e+02 2.952931224961304792e+02
3.211521610357872305e+02 2.963344406113223499e+02
3.205778915483988953e+02 2.973620724901971926e+02
3.199845480983838115e+02 2.983671548815010510e+02
3.193609436174062353e+02 2.993418901389190410e+02
3.187000884560917484e+02 3.002775036186621946e+02
3.179998994017242921e+02 3.011697562744015499e+02
3.172576863837451242e+02 3.020163890407573035e+02
3.164713862679959675e+02 3.028120666885456558e+02
3.156375674157690696e+02 3.035546834647471997e+02
3.147559288253908676e+02 3.042469476751039679e+02
3.138287249182411074e+02 3.048937740120014723e+02
3.128649639352075837e+02 3.054993012580030154e+02
3.118757663188470133e+02 3.060662084665501652e+02
3.108713795098029777e+02 3.065950006171066207e+02
3.098650136864590081e+02 3.070840599114557676e+02
3.088657885190850720e+02 3.075317703872931361e+02
3.078744736479576432e+02 3.079389925408968338e+02
3.068885051330034912e+02 3.083011457220620741e+02
3.059021105051954237e+02 3.086116460704216706e+02
3.049131852619606775e+02 3.088688024106683088e+02
3.039216660004933601e+02 3.090712782458568313e+02
3.029273392931123681e+02 3.092145746355981828e+02
3.019299670238990529e+02 3.092936722247733314e+02
3.009296817795878383e+02 3.093113658702227440e+02
2.999266095128378424e+02 3.092703105860570076e+02
2.989207450585474248e+02 3.091703974947222946e+02
2.979120893644416697e+02 3.090116465737514773e+02
2.969007109984279396e+02 3.087955031976433702e+02
2.958864703132202294e+02 3.085190236769382182e+02
2.948695235886791011e+02 3.081855023067966499e+02
2.938501236778477619e+02 3.078002690929728260e+02
2.928264031989606337e+02 3.073666312388685355e+02
2.917932384481732129e+02 3.068916805042030091e+02
2.907485916623595585e+02 3.063819277649880632e+02
2.896932378364426768e+02 3.058383463905622079e+02
2.886340273287335663e+02 3.052541551503578034e+02
2.875805034410454937e+02 3.046228665352612666e+02
2.865458109063040411e+02 3.039404491369188577e+02
2.855421832109721549e+02 3.032108016358721443e+02
2.845819386783886102e+02 3.024445702724958664e+02
2.836738204752775800e+02 3.016612616538152452e+02
2.828268013404811541e+02 3.008781309791530703e+02
2.820468134360443742e+02 3.001093700881178847e+02
2.813317996022324223e+02 2.993638243983834855e+02
2.806754200382779345e+02 2.986379553542798817e+02
2.800662538104737109e+02 2.979292072801125641e+02
2.794945647712294203e+02 2.972377867675061225e+02
2.789500105177043565e+02 2.965688897410635718e+02
2.784175371843696780e+02 2.959244797528320987e+02
2.778819560515300964e+02 2.952985918385189734e+02
2.773292404089576166e+02 2.946815828386221483e+02
2.767517109388032281e+02 2.940568299738802125e+02
2.761470342621964278e+02 2.934000275102979458e+02
2.755202882310014729e+02 2.926897377452594924e+02
2.748791616422540187e+02 2.919162143868985595e+02
2.742328041708843784e+02 2.910813439856830769e+02
2.735866236961525146e+02 2.902012874369754059e+02
2.729486762377188711e+02 2.892975271286368866e+02
2.723227183574105652e+02 2.883925873541579676e+02
2.717132602663585885e+02 2.875024673644446693e+02
2.711205489930688373e+02 2.866419130186417874e+02
2.705451975890523499e+02 2.858179171219691739e+02
2.699837794540968048e+02 2.850366259526494446e+02
2.694348488092490470e+02 2.843006319329508642e+02
2.688956772882493738e+02 2.836178001852853754e+02
2.683698131778496645e+02 2.829943835938775578e+02
2.678609374979616859e+02 2.824335663059303556e+02
2.673659534697752633e+02 2.819295175160960980e+02
2.668787912336188697e+02 2.814613864293403367e+02
2.663894252220280237e+02 2.810077890978748201e+02
2.658894556409302368e+02 2.805537347163995605e+02
2.653683589157827782e+02 2.800889934659110168e+02
2.648127996367086325e+02 2.796132819431447274e+02
2.642126130468841438e+02 2.791345066997330946e+02
2.635591868569151757e+02 2.786627631806089198e+02
2.628479673207610290e+02 2.782044323388356020e+02
2.620756546601701871e+02 2.777552287244377567e+02
2.612421136128347143e+02 2.772988794667065235e+02
2.603485534142065490e+02 2.768224457295419825e+02
2.594006294020369410e+02 2.763159242904673079e+02
2.584058623672813155e+02 2.757730547346875483e+02
2.573759530008638876e+02 2.751914639444443083e+02
2.563229088042095327e+02 2.745702869575802083e+02
2.552600053436868848e+02 2.739082502641462611e+02
2.541972567983000602e+02 2.732087921922062037e+02
2.531422905661278833e+02 2.724815110903442701e+02
2.520968354325831342e+02 2.717474857169205507e+02
2.510595369916866275e+02 2.710276317479804788e+02
2.500259361317847038e+02 2.703430501881273358e+02
2.489949179174147389e+02 2.697129094029385215e+02
2.479673755794357533e+02 2.691560382170887920e+02
2.469438431609130191e+02 2.686836939703174494e+02
2.459243640202675465e+02 2.682967906347505505e+02
2.449088633346067070e+02 2.679937509841726637e+02
2.438969734813838670e+02 2.677668257336061970e+02
2.428878705084410967e+02 2.675986464160250193e+02
2.418807231661376420e+02 2.674716907374001948e+02
2.408747902387124213e+02 2.673703342693198692e+02
2.398695335604961656e+02 2.672832327697771007e+02
2.388647510291220613e+02 2.672061260298999059e+02
2.378601325963402928e+02 2.671324783998289831e+02
2.368553366546567531e+02 2.670550889778625105e+02
2.358504636629266997e+02 2.669760753824784842e+02
2.348455141897851775e+02 2.668954496001965708e+02
2.338401706051818962e+02 2.668065161608949438e+02
2.328341737063158234e+02 2.667038112093498512e+02
2.318273462686027813e+02 2.665835989469255196e+02
2.308194452479538654e+02 2.664407561353323786e+02
2.298103188188161141e+02 2.662720823738141007e+02
2.288000876265883790e+02 2.660801208022975857e+02
2.277892066266805386e+02 2.658744616354089203e+02
2.267781360817628524e+02 2.656648069619579360e+02
2.257671351946362677e+02 2.654566206371686121e+02
2.247563533741548554e+02 2.652530521190885793e+02
2.237457027662065343e+02 2.650522494904263908e+02
2.227351534700659670e+02 2.648535824600216984e+02
2.217246330795393874e+02 2.646555247443677672e+02
2.207140924076967963e+02 2.644570395095116737e+02
2.197033566466527645e+02 2.642544418995263413e+02
2.186921016744404938e+02 2.640408995981902649e+02
2.176800715105240727e+02 2.638110166738911175e+02
2.166669909355492223e+02 2.635589916511004276e+02
2.156527786347067206e+02 2.632831104575029713e+02
2.146373042484160010e+02 2.629806251834606314e+02
2.136202270695218317e+02 2.626443539059276304e+02
2.126014003901865976e+02 2.622712041028247540e+02
2.115811047844111101e+02 2.618670901227408194e+02
2.105598472850968221e+02 2.614426999457299416e+02
2.095385744800229872e+02 2.610179871315642117e+02
2.085183939280685195e+02 2.606162984239635989e+02
2.075002955754336540e+02 2.602585013548263078e+02
2.064824697094221904e+02 2.599491187604257902e+02
2.054591321566026636e+02 2.596813200578648662e+02
2.044272706555670993e+02 2.594410742250422004e+02
2.033870319543034100e+02 2.592161115247955649e+02
2.023471672001960258e+02 2.589970477311870241e+02
2.013227187890295227e+02 2.587782376999260805e+02
2.003292241985687099e+02 2.585565586601745736e+02
1.993775157907381583e+02 2.583218218612664714e+02
1.984716407162332530e+02 2.580614203617706153e+02
1.976066562433771310e+02 2.577567584895944037e+02
1.967693016016175704e+02 2.573952825206149555e+02
1.959488517089589550e+02 2.569732564794320524e+02
1.951406463704407201e+02 2.564975819481781514e+02
1.943440628469247429e+02 2.559845497365619167e+02
1.935559454213179720e+02 2.554496037312259205e+02
1.927668267781797908e+02 2.549083881268234109e+02
1.919656776167572900e+02 2.543672146509230743e+02
1.911415304181001602e+02 2.538271131700571459e+02
1.902899702286624688e+02 2.532849183365057115e+02
1.894130699681879832e+02 2.527393975377035531e+02
1.885228443442920820e+02 2.521911461104594991e+02
1.876374416458530447e+02 2.516460286634383010e+02
1.867795444584663187e+02 2.511061577270433531e+02
1.859669488494184009e+02 2.505750169256996287e+02
1.852089206303151059e+02 2.500511375374163663e+02
1.845023219881917385e+02 2.495344501734423659e+02
1.838410651903638495e+02 2.490218338025757703e+02
1.832151839597839853e+02 2.485156713662365746e+02
1.826222651966909325e+02 2.480211460347426282e+02
1.820651811730621148e+02 2.475454127394483521e+02
1.815449207802519425e+02 2.470897330376807872e+02
1.810564213280300407e+02 2.466429432905783017e+02
1.805856615459331351e+02 2.461844147400931035e+02
1.801101431197373870e+02 2.456889071431580476e+02
1.796042790854521627e+02 2.451375918187322611e+02
1.790514039872160197e+02 2.445180234998066453e+02
1.784435115715024267e+02 2.438341429996818590e+02
1.777779615614535373e+02 2.431068358931911462e+02
1.770536155595034415e+02 2.423718062332134195e+02
1.762694605531723369e+02 2.416729723586940111e+02
1.754284017716554445e+02 2.410581533196895805e+02
1.745345875827140674e+02 2.405763656037315457e+02
1.735957658536221118e+02 2.402617153819140867e+02
1.726206413682390917e+02 2.401329001711835645e+02
1.716208657253317824e+02 2.401865120175818902e+02
1.706076956385408039e+02 2.404058597574585860e+02
1.695928897929072150e+02 2.407576948407232180e+02
1.685819733412517678e+02 2.411934999487019695e+02
1.675738324639091843e+02 2.416537099480804329e+02
1.665638053767871725e+02 2.420741596627809997e+02
1.655474318769113609e+02 2.423949331379550358e+02
1.645242815491495776e+02 2.425708710391984368e+02
1.635010191383082088e+02 2.425774780321663968e+02
1.624907326085823911e+02 2.424095260542899553e+02
1.615062870104078740e+02 2.420842268139760165e+02
1.605609604282810210e+02 2.416324577990775708e+02
1.596644540841782032e+02 2.410939209045387770e+02
1.588248498236808075e+02 2.405097623840166534e+02
1.580457343926858016e+02 2.399171600390985475e+02
1.573288039601567903e+02 2.393384465823569371e+02
1.566715295326250157e+02 2.387855842912520927e+02
1.560691677242672597e+02 2.382609566145317217e+02
1.555124970006415310e+02 2.377618164401608567e+02
1.549904848678689291e+02 2.372777788907297918e+02
1.544895430156430223e+02 2.368032295583432756e+02
1.539994685795778082e+02 2.363346990211012439e+02
1.535144601713177508e+02 2.358693199640315470e+02
1.530309344136277332e+02 2.354063463518868673e+02
1.525439062768004703e+02 2.349410631098196518e+02
1.520443455092797080e+02 2.344729825998172998e+02
1.515241063592346222e+02 2.339993487224421926e+02
1.509737161411034378e+02 2.335166574164437350e+02
1.503869330805748064e+02 2.330229933044580264e+02
1.497630706139274821e+02 2.325184029724997856e+02
1.491084551177672779e+02 2.320040949949533058e+02
1.484359340544240240e+02 2.314842062258992144e+02
1.477568518044357120e+02 2.309645956794358881e+02
1.470789099113076759e+02 2.304448179078806334e+02
1.464028594025371035e+02 2.299242225923129297e+02
1.457266187148327958e+02 2.293989220028984164e+02
1.450453302944671918e+02 2.288695049823865020e+02
1.443556508532989824e+02 2.283356015410416546e+02
1.436532505110193938e+02 2.278034578723857067e+02
1.429348130697852071e+02 2.272784031051339468e+02
1.421935749265671802e+02 2.267616611159403988e+02
1.414215062522934545e+02 2.262520330615809314e+02
1.406066368591948788e+02 2.257494610994171467e+02
1.397363883813136454e+02 2.252502260931471767e+02
1.387985985533704536e+02 2.247500735876618023e+02
1.377977138248621145e+02 2.242428299471706055e+02
1.367518680941008142e+02 2.237244122876436734e+02
1.356823619904826899e+02 2.231892219627866325e+02
1.346108624966180685e+02 2.226273751524087174e+02
1.335517025033026641e+02 2.220307004951522742e+02
1.325155170640592246e+02 2.213898515362579644e+02
1.315066842039140624e+02 2.206982674473581483e+02
1.305249605147496368e+02 2.199507329039674346e+02
1.295705749696413136e+02 2.191464821957419247e+02
1.286555643854796074e+02 2.182856270685683455e+02
1.278036406982652977e+02 2.173713815131276021e+02
1.270455314135846834e+02 2.164130939697408849e+02
1.264130879458803918e+02 2.154217514616181290e+02
1.259346286417833483e+02 2.144074103853843951e+02
1.256317102623308415e+02 2.133772573200301110e+02
1.255172038736726563e+02 2.123420043875283341e+02
1.255957439640325788e+02 2.113155856297875062e+02
1.258647833952641406e+02 2.103177899762193022e+02
1.263155720773945063e+02 2.093656421857197643e+02
1.269340707966057664e+02 2.084685871340094536e+02
1.277009567390273617e+02 2.076430619215966829e+02
1.285902763525588171e+02 2.069106256086272424e+02
1.295690615490554762e+02 2.062934142960469899e+02
1.306013723108397642e+02 2.058101751063641700e+02
