1.285180163836215570e+02 2.077421335626389691e+02
1.293904424813692629e+02 2.072341995615151404e+02
1.303572756259697485e+02 2.068347384373216187e+02
1.313877857607157011e+02 2.065382906063043151e+02
1.324512048921395433e+02 2.063328177302068411e+02
1.335223702400032835e+02 2.062002107302370746e+02
1.345842118141998185e+02 2.061213239211698465e+02
1.356304571243782675e+02 2.060762173785118421e+02
1.366612694610844301e+02 2.060458875400128704e+02
1.376790780893266799e+02 2.060147426713396044e+02
1.386883448225222537e+02 2.059711331511665833e+02
1.396926613102488943e+02 2.059067340680640541e+02
1.406920641541884152e+02 2.058148152078961175e+02
1.416859272624370760e+02 2.056918700263626079e+02
1.426740987699177197e+02 2.055370479748181936e+02
1.436576281978985605e+02 2.053562270925708333e+02
1.446379148494805804e+02 2.051572444372209816e+02
1.456173326711130755e+02 2.049533957379421167e+02
1.465991263726622265e+02 2.047628535965811238e+02
1.475864360809839013e+02 2.046032048783598043e+02
1.485812520371299001e+02 2.044855962989179829e+02
1.495856313162333890e+02 2.044146136819435355e+02
1.506028085379082313e+02 2.043868677118782102e+02
1.516344227245177763e+02 2.043964046054967980e+02
1.526810273152626110e+02 2.044391953585734996e+02
1.537385001358796046e+02 2.045147336418233976e+02
1.547978106766444171e+02 2.046232076761754115e+02
1.558478922255054044e+02 2.047657188014348151e+02
1.568782186277593951e+02 2.049416566954213295e+02
1.578812899292560701e+02 2.051504172176345833e+02
1.588535841847117638e+02 2.053910496176242191e+02
1.597952175183804115e+02 2.056603810877759315e+02
1.607091237911080270e+02 2.059524674001720541e+02
1.616001316818139344e+02 2.062594260994913498e+02
1.624741041258128575e+02 2.065729147785573332e+02
1.633371508206610372e+02 2.068851879501180804e+02
1.641950799423623550e+02 2.071887571264417716e+02
1.650533710104423903e+02 2.074743955246781297e+02
1.659178409893932553e+02 2.077346638786604558e+02
1.667948980338325669e+02 2.079634882654887065e+02
1.676907019542085493e+02 2.081541889824566169e+02
1.686102076321319601e+02 2.082995903959181874e+02
1.695563476980604776e+02 2.083937413869366821e+02
1.705291437121142906e+02 2.084329395238569305e+02
1.715254289597052662e+02 2.084182235918912625e+02
1.725411786722822285e+02 2.083615176659769190e+02
1.735726894787432855e+02 2.082789182889874837e+02
1.746130707086209384e+02 2.081867172747725476e+02
1.756535697557752087e+02 2.081010360565735766e+02
1.766878786236818542e+02 2.080399051003259956e+02
1.777140618535840701e+02 2.080217443761003437e+02
1.787327118122611296e+02 2.080670417328467181e+02
1.797463920219022953e+02 2.081906041055613912e+02
1.807564266860841826e+02 2.084020098620013073e+02
1.817633390333612056e+02 2.087010091444471414e+02
1.827683311810020257e+02 2.090814143237024609e+02
1.837725210448623443e+02 2.095302966196956618e+02
1.847775454380583824e+02 2.100348001813144379e+02
1.857847653897383111e+02 2.105805814705831835e+02
1.867954339288034475e+02 2.111546946937613143e+02
1.878109340425839946e+02 2.117468505728350578e+02
1.888329397285689879e+02 2.123464610270337971e+02
1.898625759571119147e+02 2.129378604271424251e+02
1.909004110369261866e+02 2.135022085641598153e+02
1.919480520926946951e+02 2.140223813544826044e+02
1.930092227633624873e+02 2.144848080155613275e+02
1.940855354504510046e+02 2.148871405811837292e+02
1.951735950851250436e+02 2.152338382253320788e+02
1.962658335906812681e+02 2.155352482815765711e+02
1.973527039118375228e+02 2.158065928214069231e+02
1.984255682503070943e+02 2.160681863794414994e+02
1.994776621487534101e+02 2.163348771091661433e+02
2.005061565169852713e+02 2.166142940533577246e+02
2.015130109018103894e+02 2.169060334976267086e+02
2.025024906645903116e+02 2.171995586766983024e+02
2.034763801059313550e+02 2.174787378137222333e+02
2.044353173151436067e+02 2.177251215189245386e+02
2.053808222172431499e+02 2.179252561802272510e+02
2.063155691154528597e+02 2.180741561154029569e+02
2.072431954201119026e+02 2.181741583623256702e+02
2.081679489253815518e+02 2.182290898677893551e+02
2.090945617487375330e+02 2.182434875017718525e+02
2.100273116440185390e+02 2.182192864934830254e+02
2.109698108758188084e+02 2.181575281274672307e+02
2.119244139079878835e+02 2.180584787061481506e+02
2.128924062825518888e+02 2.179261578503659678e+02
2.138736397381935035e+02 2.177688323227023943e+02
2.148667557419362879e+02 2.176008482628874390e+02
2.158687534299462243e+02 2.174377023958733730e+02
2.168751118300101552e+02 2.172904626856667392e+02
2.178810776509061782e+02 2.171632863394501669e+02
2.188839552991002222e+02 2.170554529451893586e+02
2.198842892370568620e+02 2.169618136417844880e+02
2.208839024774053712e+02 2.168710731458858163e+02
2.218818102237218284e+02 2.167707807130575191e+02
2.228759979787269003e+02 2.166496537761400418e+02
2.238657090535812131e+02 2.165034543583754498e+02
2.248514777883711133e+02 2.163351751309238296e+02
2.258344326249894038e+02 2.161511361427481575e+02
2.268151214377942892e+02 2.159544058662187069e+02
2.277942009026286883e+02 2.157486621366822988e+02
2.287721874310628891e+02 2.155367972133059880e+02
2.297495584137792264e+02 2.153214848115078155e+02
2.307283614343435829e+02 2.151072575956853257e+02
2.317133821047782760e+02 2.148994128720947856e+02
2.327081102615038333e+02 2.147092978949747817e+02
2.337122414828725141e+02 2.145495844557323437e+02
2.347225112475738626e+02 2.144327678946834510e+02
2.357338735591060299e+02 2.143669756795335672e+02
2.367413592838038312e+02 2.143566808735080258e+02
2.377429713587044944e+02 2.144057182015673106e+02
2.387411957125864319e+02 2.145156022934049815e+02
2.397382987862674781e+02 2.146876482516859141e+02
2.407336821231268971e+02 2.149199607593724863e+02
2.417244461200356795e+02 2.152078890730086300e+02
2.427084338189862933e+02 2.155467829219405189e+02
2.436863627380085404e+02 2.159294928809551379e+02
2.446591100710872411e+02 2.163477896463326147e+02
2.456274375581941740e+02 2.167898787019653071e+02
2.465901631311032531e+02 2.172416298306322346e+02
2.475459504963054087e+02 2.176899378822138829e+02
2.484920744118240918e+02 2.181262700268062531e+02
2.494276249226386142e+02 2.185486077818456181e+02
2.503521152668273828e+02 2.189618144201837993e+02
2.512606542630572335e+02 2.193766765977978253e+02
2.521453622986466314e+02 2.198068488964091785e+02
2.529999390654378999e+02 2.202642604406344446e+02
2.538179296951080914e+02 2.207577615897280907e+02
2.545948486440731244e+02 2.212939535386392436e+02
2.553317102727849317e+02 2.218755248509012290e+02
2.560346969112273428e+02 2.225065381089405605e+02
2.567158430845059343e+02 2.231901460917669624e+02
2.573875252534305673e+02 2.239267628378083828e+02
2.580578702742545829e+02 2.247121346671946185e+02
2.587295728995730428e+02 2.255352403375069343e+02
2.594039231865627926e+02 2.263811567626878514e+02
2.600790560454049682e+02 2.272326565612483478e+02
2.607539484730641561e+02 2.280751463461658659e+02
2.614329795965719541e+02 2.288983737838310049e+02
2.621199831515483538e+02 2.296946188283762069e+02
2.628138663512431776e+02 2.304606512684896984e+02
2.635131470274271805e+02 2.311951449784836541e+02
2.642166484681753218e+02 2.319016307586988432e+02
2.649256176566149179e+02 2.325886514277614765e+02
2.656410881071331573e+02 2.332658697619295083e+02
2.663625061961716938e+02 2.339443513482617050e+02
2.670880020648194204e+02 2.346328135697170012e+02
2.678157141352456279e+02 2.353390814609905135e+02
2.685454251844502664e+02 2.360705462755056772e+02
2.692792623396792351e+02 2.368343025817961518e+02
2.700215159028449534e+02 2.376374193288290826e+02
2.707747069307462198e+02 2.384828310783464929e+02
2.715353608820320233e+02 2.393690788350090202e+02
2.722991774493680168e+02 2.402867448405997948e+02
2.730603472024434382e+02 2.412212248482207144e+02
2.738101340764786755e+02 2.421530157560371777e+02
2.745388565868171895e+02 2.430617969102249845e+02
2.752401714871685954e+02 2.439317835129552350e+02
2.759130590622996806e+02 2.447558193869772083e+02
2.765615748570677965e+02 2.455346350635434192e+02
2.771934222928315421e+02 2.462734731344147008e+02
2.778174435211542459e+02 2.469778777315999037e+02
2.784416301169824237e+02 2.476515477650564776e+02
2.790715458131720084e+02 2.482980681106134000e+02
2.797092193394439050e+02 2.489190837897656365e+02
2.803531521397838446e+02 2.495167781959435729e+02
2.809994604382373495e+02 2.500927254871240848e+02
2.816415303859100163e+02 2.506505902305123641e+02
2.822752728001829610e+02 2.511925541473347607e+02
2.829018560520076448e+02 2.517204615874279057e+02
2.835256671512304933e+02 2.522386347379244000e+02
2.841542732839578775e+02 2.527505404912985227e+02
2.847952960134972500e+02 2.532585734885987563e+02
2.854565815525539278e+02 2.537606745440193095e+02
2.861441787134067454e+02 2.542536670028705714e+02
2.868636476442634375e+02 2.547327752084535746e+02
2.876179168646860376e+02 2.551902670364692369e+02
2.884100210837142413e+02 2.556195057514970017e+02
2.892437568892811441e+02 2.560203802991957218e+02
2.901262945258757213e+02 2.563949991942010911e+02
2.910629059683007540e+02 2.567510139061549808e+02
2.920562911700006339e+02 2.570957631186175831e+02
2.931002063257262193e+02 2.574376806066633776e+02
2.941794284243115385e+02 2.577800319563116318e+02
2.952717045986530024e+02 2.581238729865145274e+02
2.963548431505019494e+02 2.584672397507748087e+02
2.974119017075871056e+02 2.588078588114261720e+02
2.984324768773265646e+02 2.591472524706014156e+02
2.994159283174267330e+02 2.594857656511141499e+02
3.003667299725611883e+02 2.598265916847759627e+02
3.012941067554368715e+02 2.601722127552116035e+02
3.022061780171765690e+02 2.605274416548897989e+02
3.031095214363689934e+02 2.608948969951568415e+02
3.040046277410906441e+02 2.612783228105950570e+02
3.048894479543247371e+02 2.616775536739265817e+02
3.057594784872615037e+02 2.620913295629955542e+02
3.066085670950789677e+02 2.625127524633303437e+02
3.074321801863861765e+02 2.629345286900528436e+02
3.082308765879185444e+02 2.633538939823796454e+02
3.090109743990751099e+02 2.637688100763476768e+02
3.097802258024130992e+02 2.641813506572273127e+02
3.105449144472900684e+02 2.645925615312874015e+02
3.113050351324226312e+02 2.650040008714794340e+02
3.120555646925980682e+02 2.654148610242599489e+02
3.127919103284057201e+02 2.658229044289989815e+02
3.135128484699931164e+02 2.662312913535356529e+02
3.142238848122337913e+02 2.666465415674947508e+02
3.149347142772060693e+02 2.670753796902626505e+02
3.156556820546380209e+02 2.675236777704167821e+02
3.163949518125504028e+02 2.679954158459525502e+02
3.171552065308962938e+02 2.684925863496972624e+02
3.179323300518045698e+02 2.690144776993440132e+02
3.187180387560563872e+02 2.695567168216442724e+02
3.194997733235150577e+02 2.701123469576756406e+02
3.202657137558229579e+02 2.706736251581403394e+02
3.210068081634586861e+02 2.712359376409576157e+02
3.217190958309120674e+02 2.717932079780937329e+02
3.224003159938632734e+02 2.723417064771097102e+02
3.230523119553280935e+02 2.728749166884359170e+02
3.236770249383649229e+02 2.733861025317554549e+02
3.242773826914946653e+02 2.738690750432940604e+02
3.248567725686079939e+02 2.743217554651002388e+02
3.254201679846498791e+02 2.747466811240713014e+02
3.259736064699650342e+02 2.751537600601918712e+02
3.265265737231313210e+02 2.755529144498104301e+02
3.270909087781515723e+02 2.759544914403057874e+02
3.276809894548241573e+02 2.763696759807544368e+02
3.283078378503356021e+02 2.768072778769212618e+02
3.289756913856445522e+02 2.772745136704722881e+02
3.296859026366074659e+02 2.777743447240251271e+02
3.304346767744241902e+02 2.783101405120758045e+02
3.312182096450347899e+02 2.788840064687570930e+02
3.320328182033660482e+02 2.794985556438175536e+02
3.328734104118215669e+02 2.801528677356122898e+02
3.337328034545054152e+02 2.808391428315261464e+02
3.346021905221995780e+02 2.815464649548096077e+02
3.354712867648226506e+02 2.822619380970954239e+02
3.363292006344378251e+02 2.829747584621741225e+02
3.371651841106012171e+02 2.836768718334146797e+02
3.379716974950645181e+02 2.843650847436849176e+02
3.387465874281099332e+02 2.850391478058844541e+02
3.394910185736567882e+02 2.857032911651592713e+02
3.402078997454652836e+02 2.863638613471342751e+02
3.408976901937890034e+02 2.870301096603226370e+02
3.415623158192732944e+02 2.877099152577691257e+02
3.422024812549780108e+02 2.884102000514387782e+02
3.428210474841368978e+02 2.891330658900265007e+02
3.434201925749927113e+02 2.898791224264910511e+02
3.440018727993001448e+02 2.906498762632422199e+02
3.445678738376440720e+02 2.914486776912896175e+02
3.451212814148261145e+02 2.922804347452142792e+02
3.456679232682672023e+02 2.931486292931288631e+02
3.462101979041835875e+02 2.940507191719916591e+02
3.467422230452226017e+02 2.949803625746356488e+02
3.472531187314000363e+02 2.959290849310573321e+02
3.477288206315172374e+02 2.968881340654737073e+02
3.481598967147136818e+02 2.978501299462559473e+02
3.485462852934124385e+02 2.988110518182955957e+02
3.488894548660213104e+02 2.997719102979524450e+02
3.491908820222009240e+02 3.007351438084821780e+02
3.494509417488608278e+02 3.017045251765198373e+02
3.496717659815224692e+02 3.026809120243206621e+02
3.498532119776470495e+02 3.036643298385005210e+02
3.499965506380461306e+02 3.046545517002926431e+02
3.501027831293545773e+02 3.056513988518456699e+02
3.501737651045778534e+02 3.066545399671522318e+02
3.502115648538828623e+02 3.076636057539354283e+02
3.502206329911888361e+02 3.086778015570868092e+02
3.502045685973382660e+02 3.096964847623445394e+02
3.501628879738813112e+02 3.107209800122301431e+02
3.500893497449425809e+02 3.117562414819707897e+02
3.499720008883521132e+02 3.128071054459594507e+02
3.497981862666184156e+02 3.138771042893777690e+02
3.495546646258849250e+02 3.149645704627342297e+02
3.492317397650217572e+02 3.160634093802637494e+02
3.488232579855917947e+02 3.171672951908341815e+02
3.483266877750734238e+02 3.182689678280303269e+02
3.477443954142550524e+02 3.193618814611768926e+02
3.470839871011871764e+02 3.204385363900653374e+02
3.463567355496277855e+02 3.214923741049922796e+02
3.455723206286950244e+02 3.225171032290929816e+02
3.447404427400031182e+02 3.235080834819312940e+02
3.438718927170957045e+02 3.244605520098006082e+02
3.429791451294469198e+02 3.253724399510726357e+02
3.420757224112329595e+02 3.262444351799722995e+02
3.411732202904233304e+02 3.270791501912570425e+02
3.402762704304717545e+02 3.278814638358829257e+02
3.393851245852158627e+02 3.286586460465184132e+02
3.384979039698548036e+02 3.294142381912143946e+02
3.376114887017528758e+02 3.301459002194711729e+02
3.367208660743513065e+02 3.308470629397895095e+02
3.358233056385461737e+02 3.315093691721611435e+02
3.349176402830963184e+02 3.321262822927365050e+02
3.340024192043596258e+02 3.326896768055433995e+02
3.330758532418956293e+02 3.331895321843523448e+02
3.321361730972475925e+02 3.336159391436708006e+02
3.311824355898552312e+02 3.339636152251289332e+02
3.302151731263375041e+02 3.342355422711422648e+02
3.292357707724443685e+02 3.344394776003757670e+02
3.282457770598075513e+02 3.345840940526056215e+02
3.272465114920546512e+02 3.346767817536210146e+02
3.262391538358499474e+02 3.347241482063250828e+02
3.252251522582891994e+02 3.347343041402205017e+02
3.242058491130694620e+02 3.347147676571654529e+02
3.231823900675205437e+02 3.346719552803906481e+02
3.221557291999281460e+02 3.346112105030068733e+02
3.211245455589358357e+02 3.345320702996216369e+02
3.200846007038005610e+02 3.344323018986239049e+02
3.190319660351968878e+02 3.343050358810905891e+02
3.179641295114304853e+02 3.341433317332420074e+02
3.168835633559780831e+02 3.339384549277252177e+02
3.157986913213344451e+02 3.336868189867545880e+02
3.147208687335057675e+02 3.333889390067237173e+02
3.136595793909166332e+02 3.330465226080352181e+02
3.126194150325575833e+02 3.326653913356768157e+02
3.116022039169519644e+02 3.322521435651888737e+02
3.106071843071009653e+02 3.318134591840512826e+02
3.096359172886986357e+02 3.313578879085434892e+02
3.086918335490191794e+02 3.308957402487800437e+02
3.077769537109347198e+02 3.304379177634206712e+02
3.068928906637438558e+02 3.299922305483105447e+02
3.060384839244234740e+02 3.295579024983323961e+02
3.052126615735168116e+02 3.291275135030641081e+02
3.044135392187662319e+02 3.286904982942260176e+02
3.036350234237696668e+02 3.282355092459512775e+02
3.028689515869153865e+02 3.277497254926322512e+02
3.021057312413466889e+02 3.272212387027065006e+02
3.013385839294915058e+02 3.266420274407697661e+02
3.005640661780118421e+02 3.260111878941361852e+02
2.997855834853884858e+02 3.253364488055946708e+02
2.990108204865786661e+02 3.246285912966811793e+02
2.982463492693960916e+02 3.238985545011260001e+02
2.974978571823794482e+02 3.231582278580916636e+02
2.967664425864811619e+02 3.224165677481093439e+02
2.960485310352040642e+02 3.216780755311111761e+02
2.953362731200234066e+02 3.209463001481803985e+02
2.946236347365883717e+02 3.202222021672129699e+02
2.939063643996149153e+02 3.195069063823589204e+02
2.931881264803650424e+02 3.187996863989225744e+02
2.924761967203529593e+02 3.180999247483450176e+02
2.917739733365891084e+02 3.174039194924652634e+02
2.910812391240392003e+02 3.167032913549437581e+02
2.903943261672000062e+02 3.159885005219530854e+02
2.897070047298873305e+02 3.152494670613470475e+02
2.890132552434845934e+02 3.144797913982434352e+02
2.883090619809960344e+02 3.136761953388262896e+02
2.875916931600309567e+02 3.128384840139868857e+02
2.868580175148036346e+02 3.119705686990388926e+02
2.861094568644346054e+02 3.110795876139557095e+02
2.853491653520447926e+02 3.101753947698582579e+02
2.845840711663199158e+02 3.092680164975578236e+02
2.838189450559026454e+02 3.083656650985215038e+02
2.830554592379808696e+02 3.074720737685220229e+02
2.822937596814832659e+02 3.065859436287843209e+02
2.815339724509099142e+02 3.057045501028752028e+02
2.807767709786883756e+02 3.048239331693595204e+02
2.800250439289408746e+02 3.039423387801793410e+02
2.792838827803647064e+02 3.030588578541089646e+02
2.785579537373343442e+02 3.021726572424610708e+02
2.778481516479039897e+02 3.012835771705191519e+02
2.771553290295815941e+02 3.003914654216664530e+02
2.764758680973300784e+02 2.994969679497903030e+02
2.758046271664556457e+02 2.986010028003744310e+02
2.751374578434489422e+02 2.977043106672095405e+02
2.744706734330816289e+02 2.968075498080664829e+02
2.738014870103357907e+02 2.959112178271505513e+02
2.731326855002292859e+02 2.950148171202563958e+02
2.724679555979905672e+02 2.941176894296132787e+02
2.718114456971288746e+02 2.932190940614304395e+02
2.711682974823381187e+02 2.923181129702240924e+02
2.705421287386553217e+02 2.914141002021069653e+02
2.699318726852286545e+02 2.905060079519379315e+02
2.693359700642914731e+02 2.895902748441094445e+02
2.687504871456515616e+02 2.886649011766999706e+02
2.681738333614198382e+02 2.877288981288004379e+02
2.676062220015936646e+02 2.867862593869755301e+02
2.670489028467261505e+02 2.858445876415760267e+02
2.664986587936845694e+02 2.849118818961292163e+02
2.659476759664310066e+02 2.839972493815133134e+02
2.653851229594056349e+02 2.831087473726148005e+02
2.647999657847620938e+02 2.822544875999647047e+02
2.641833672117852529e+02 2.814405937188672624e+02
2.635304149721554836e+02 2.806725058532142043e+02
2.628407450107330305e+02 2.799531972829881852e+02
2.621184924413848876e+02 2.792847658407152380e+02
2.613713454738976907e+02 2.786669186112591206e+02
2.606091667582727496e+02 2.780986321045371028e+02
2.598419343212448780e+02 2.775761439092902947e+02
2.590781321035805149e+02 2.770959827621937279e+02
2.583249729443219849e+02 2.766544309848119383e+02
2.575894392238097907e+02 2.762459795169000927e+02
2.568754766462063799e+02 2.758617262283950140e+02
2.561824902398183212e+02 2.754879673474551964e+02
2.555080584006534536e+02 2.751106111287272142e+02
2.548528060737423289e+02 2.747159533691803972e+02
2.542179723157463513e+02 2.742967047956279885e+02
2.536046130634667577e+02 2.738513207581187316e+02
2.530089265445735975e+02 2.733806740820368759e+02
2.524230553564282502e+02 2.728872790045977581e+02
2.518334404818260168e+02 2.723713237210267835e+02
2.512251519294031823e+02 2.718305350824336983e+02
2.505845325063059761e+02 2.712657689348075110e+02
2.499040771005653596e+02 2.706809038339787890e+02
2.491813037588333088e+02 2.700859112755013598e+02
2.484161497591725833e+02 2.694940486848401520e+02
2.476094927337896650e+02 2.689211889205187731e+02
2.467631506099322678e+02 2.683886076807988843e+02
2.458809950854795261e+02 2.679138587274577503e+02
2.449665361999356037e+02 2.675105530063729020e+02
2.440240972068242797e+02 2.671870192884000517e+02
2.430570067925934836e+02 2.669456121487730798e+02
2.420690718284763534e+02 2.667820965201471495e+02
2.410627757779392368e+02 2.666849220609598206e+02
2.400409254642285077e+02 2.666354116379122274e+02
2.390063553394267331e+02 2.666151452648373379e+02
2.379642480470937187e+02 2.666099564356475184e+02
2.369205149732552798e+02 2.666113701628941612e+02
2.358820636388405774e+02 2.666142432402219811e+02
2.348517181583964657e+02 2.666118119717459081e+02
2.338268942488548987e+02 2.665967312424209581e+02
2.328032929639952613e+02 2.665600574365693092e+02
2.317755736108766200e+02 2.664933844138809604e+02
2.307414012223669602e+02 2.663905699647785923e+02
2.297002572776588352e+02 2.662487100169192900e+02
2.286521684937565908e+02 2.660679542038611771e+02
2.275979659101102186e+02 2.658529569168031230e+02
2.265391723959657213e+02 2.656122472685513003e+02
2.254773043170877429e+02 2.653543179479535183e+02
2.244133953754656545e+02 2.650849583955007347e+02
2.233481816948762457e+02 2.648082914094884472e+02
2.222817808652924327e+02 2.645249755744580398e+02
2.212142879781572447e+02 2.642355434677442645e+02
2.201458529650803939e+02 2.639408348092483720e+02
2.190763715945910803e+02 2.636402658312077847e+02
2.180058807783400709e+02 2.633340432641961115e+02
2.169340354802781690e+02 2.630202346695662641e+02
2.158610682438047661e+02 2.627001424499316045e+02
2.147877201142501065e+02 2.623779169676641345e+02
2.137148970089841953e+02 2.620586319816976584e+02
2.126432534946127646e+02 2.617459535142031655e+02
2.115720972140305776e+02 2.614360038902797214e+02
2.105001963727228542e+02 2.611218842153581932e+02
2.094262748821939795e+02 2.607964475181814805e+02
2.083495535550747491e+02 2.604553298147849318e+02
2.072680697045958027e+02 2.600944739210901275e+02
2.061781334674514028e+02 2.597147194755816031e+02
2.050776050532170132e+02 2.593192156167032181e+02
2.039667388605330416e+02 2.589165157949477134e+02
2.028496206377505757e+02 2.585138575381674286e+02
2.017323738396352439e+02 2.581162708385822953e+02
2.006239503819128345e+02 2.577259605467173174e+02
1.995333825068627220e+02 2.573422759365104184e+02
1.984704223215872503e+02 2.569628063516065026e+02
1.974435590828073828e+02 2.565870630279246143e+02
1.964601917703498373e+02 2.562123423568534690e+02
1.955252273621808854e+02 2.558373049880882775e+02
1.946421306439922887e+02 2.554592305646470152e+02
1.938120936559058691e+02 2.550779397701954281e+02
1.930354391570453458e+02 2.546930783582824347e+02
1.923106361315120978e+02 2.543072509863363280e+02
1.916345840802371754e+02 2.539208944283526250e+02
1.910013181511380367e+02 2.535337470517023633e+02
1.904052575544967851e+02 2.531474422198251091e+02
1.898397651615534301e+02 2.527625727689730581e+02
1.892944510930766455e+02 2.523800653525661346e+02
1.887577763694014834e+02 2.519988200500203561e+02
1.882174495497735620e+02 2.516164014081581399e+02
1.876635051400984366e+02 2.512241939274318270e+02
1.870885675563100108e+02 2.508109001254367172e+02
1.864907072584634875e+02 2.503661740844949009e+02
1.858713616992251332e+02 2.498844464360754216e+02
1.852366051650540726e+02 2.493665860311513143e+02
1.845925014636245578e+02 2.488168564134938947e+02
1.839411039300546520e+02 2.482421266106829592e+02
1.832850687267647345e+02 2.476473224382040428e+02
1.826265022377137086e+02 2.470345636593970653e+02
1.819664433449816840e+02 2.463991322161843982e+02
1.813033116135394494e+02 2.457347196873595578e+02
1.806348519943919086e+02 2.450366669051824715e+02
1.799570429278036272e+02 2.443065045692627848e+02
1.792657420877749246e+02 2.435489898380287173e+02
1.785561789219200932e+02 2.427765009432981742e+02
1.778253310217782257e+02 2.420091644779296303e+02
1.770701093453033366e+02 2.412725027512277052e+02
1.762890928996351363e+02 2.405950253885019947e+02
1.754809109894343919e+02 2.400075490924684800e+02
1.746449894762635608e+02 2.395335807509273991e+02
1.737808142944533643e+02 2.391889247751771279e+02
1.728881447215298977e+02 2.389783090844947537e+02
1.719659132920709226e+02 2.389014671576383932e+02
1.710173318240545939e+02 2.389509393166474922e+02
1.700468705895580968e+02 2.391140992475881717e+02
1.690607168787339560e+02 2.393716601414302545e+02
1.680676219393523922e+02 2.396986063320729841e+02
1.670771522887234823e+02 2.400622107979201303e+02
1.660984655865675563e+02 2.404249476703815844e+02
1.651393811472788400e+02 2.407483892816722459e+02
1.642060326955460710e+02 2.409975935050473481e+02
1.633031021823983338e+02 2.411453944576653612e+02
1.624343695677014239e+02 2.411766764045652280e+02
1.616032175609229284e+02 2.410895280107010592e+02
1.608114013269419615e+02 2.408938590534794457e+02
1.600601354797785234e+02 2.406076174664243581e+02
1.593508906362928883e+02 2.402512886911969190e+02
1.586825101019354918e+02 2.398444000547703183e+02
1.580485732165871866e+02 2.394041234592126557e+02
1.574390649313106962e+02 2.389408865928480168e+02
1.568405458804676584e+02 2.384577950397176096e+02
1.562392037054730451e+02 2.379496811411330839e+02
1.556223562199218691e+02 2.374107091876269919e+02
1.549815071374665081e+02 2.368362992661761837e+02
1.543120866712676218e+02 2.362249685210078383e+02
1.536156653120735029e+02 2.355811092903159079e+02
1.528978751539530663e+02 2.349142875520638825e+02
1.521672361013912678e+02 2.342327826634470966e+02
1.514322389048415687e+02 2.335469067536703278e+02
1.507003998305218317e+02 2.328656161283973631e+02
1.499764884785615777e+02 2.321998873265455359e+02
1.492664061661806443e+02 2.315584672528857482e+02
1.485745524794570542e+02 2.309511419491275603e+02
1.479056306686151174e+02 2.303842209574356730e+02
1.472614666341553971e+02 2.298627590357035331e+02
1.466427930186060280e+02 2.293859325851660742e+02
1.460464450371856060e+02 2.289499894633304962e+02
1.454679649881801424e+02 2.285451082933365683e+02
1.449000048059524204e+02 2.281604813812401744e+02
1.443363131511073334e+02 2.277834727985526797e+02
1.437711207797059956e+02 2.274060810307692577e+02
1.432027192679851169e+02 2.270226178081840374e+02
1.426298254174672309e+02 2.266312897578109755e+02
1.420521714873776205e+02 2.262326454813977250e+02
1.414723458344332983e+02 2.258309351944100740e+02
1.408946919043436878e+02 2.254322909179968235e+02
1.403217980538258018e+02 2.250409628676237617e+02
1.397531822787611020e+02 2.246562996232806313e+02
1.391856969492016276e+02 2.242730009250011562e+02
1.386146449652424621e+02 2.238832100621832808e+02
1.380353538456014064e+02 2.234786961719520377e+02
1.374441055794152931e+02 2.230530012251016956e+02
1.368388618850447074e+02 2.226022989193757837e+02
1.362194394728483076e+02 2.221270760503240354e+02
1.355888697744851186e+02 2.216326647990289871e+02
1.349522976317260827e+02 2.211251170782586257e+02
1.343104781026326293e+02 2.206109658818384673e+02
1.336607470044062609e+02 2.200937800548221617e+02
1.329972921778149555e+02 2.195749041317242529e+02
1.323125778730042441e+02 2.190522989219869032e+02
1.316003966578967663e+02 2.185218636609247937e+02
1.308618187542462010e+02 2.179749140324221912e+02
1.301065804425968508e+02 2.174043196824089819e+02
1.293539106903312472e+02 2.168016525254919600e+02
1.286288015418967063e+02 2.161605232425095551e+02
1.279602885747349887e+02 2.154763550015200622e+02
1.273765548200608464e+02 2.147493939093053541e+02
1.269033728145303428e+02 2.139824009175693504e+02
1.265606237740397830e+02 2.131821103543769595e+02
1.263630564118486177e+02 2.123559017312424544e+02
1.263196163158265506e+02 2.115125838254740529e+02
1.264365216772956444e+02 2.106661657710093891e+02
1.267171519682735550e+02 2.098397451582396798e+02
1.271629103698208780e+02 2.090605583856036276e+02
1.277682330137857321e+02 2.083546153531623304e+02
1.285180163836215570e+02 2.077421335626389691e+02
