1.296774018388206287e+02 2.073526380560705320e+02
1.306639971768257169e+02 2.070116591204870247e+02
1.317076019637775062e+02 2.067577944625208488e+02
1.327812731474633381e+02 2.065778374003986073e+02
1.338623244541327608e+02 2.064541480298031217e+02
1.349344805297122036e+02 2.063699166156151250e+02
1.359898420282027018e+02 2.063080897965005533e+02
1.370265613497635115e+02 2.062506448683385543e+02
1.380482912072991724e+02 2.061823400550372298e+02
1.390590285659067717e+02 2.060919935177489606e+02
1.400616778379782659e+02 2.059743693858052893e+02
1.410568670654230061e+02 2.058280397837353917e+02
1.420449634779235737e+02 2.056544177728827378e+02
1.430266467019198444e+02 2.054561184845828166e+02
1.440042949268972166e+02 2.052422929428095415e+02
1.449819755988807515e+02 2.050285922537166527e+02
1.459638718663983639e+02 2.048311127345659770e+02
1.469531891918298356e+02 2.046621886687549932e+02
1.479537185713709846e+02 2.045325628975208190e+02
1.489705464371575374e+02 2.044492402484935383e+02
1.500062689928343502e+02 2.044159051597083021e+02
1.510592135619498890e+02 2.044321047962186810e+02
1.521252642314742047e+02 2.044979799483990348e+02
1.531990237555590397e+02 2.046134402655218025e+02
1.542753588852136204e+02 2.047787989692311896e+02
1.553495723368961592e+02 2.049915582500212849e+02
1.564172654951438517e+02 2.052437937117629758e+02
1.574741616345181114e+02 2.055210606740678259e+02
1.585171834694310462e+02 2.058073515166752827e+02
1.595448570727260460e+02 2.060881885169488328e+02
1.605570448280240328e+02 2.063513813738367446e+02
1.615543774082225639e+02 2.065865590288734097e+02
1.625384716412802959e+02 2.067873716606163157e+02
1.635114876213940818e+02 2.069507327146660600e+02
1.644764149802939528e+02 2.070777932227852034e+02
1.654368565720803304e+02 2.071710182195235461e+02
1.663971972813259583e+02 2.072347090752770100e+02
1.673619488453132647e+02 2.072734286607093850e+02
1.683349940581055932e+02 2.072904567929286372e+02
1.693191145809020952e+02 2.072876908074278504e+02
1.703176996189224894e+02 2.072701609481354126e+02
1.713351552527397530e+02 2.072442698078842511e+02
1.723745955360859625e+02 2.072208390308356343e+02
1.734366652632397745e+02 2.072113547088548273e+02
1.745180793650459634e+02 2.072290660862088885e+02
1.756121940801292851e+02 2.072831802553155285e+02
1.767083773678696161e+02 2.073785029671307143e+02
1.777942256379548667e+02 2.075155279344972712e+02
1.788590034862114067e+02 2.076916857990854055e+02
1.798957121607666068e+02 2.079018966182550230e+02
1.809006449558769418e+02 2.081403974520853524e+02
1.818719305860296345e+02 2.084024527323391283e+02
1.828089739142468204e+02 2.086849335587338601e+02
1.837119353486579598e+02 2.089848432413904220e+02
1.845819056651839105e+02 2.092986581361878962e+02
1.854222185581956523e+02 2.096224204874692703e+02
1.862402949448076015e+02 2.099531220174579857e+02
1.870459815585851402e+02 2.102918964541172215e+02
1.878510879508291964e+02 2.106441264245069362e+02
1.886652293936297440e+02 2.110167143371659506e+02
1.894937176236644518e+02 2.114133693959802258e+02
1.903389520947944789e+02 2.118347130526117041e+02
1.912018307041345224e+02 2.122792545335123577e+02
1.920823115750208956e+02 2.127437356208648680e+02
1.929792086720954671e+02 2.132229564607165457e+02
1.938900393914113351e+02 2.137106283139535776e+02
1.948124035601958894e+02 2.142042225958606423e+02
1.957434555317473723e+02 2.147026572769334223e+02
1.966800456908611636e+02 2.152044519771318392e+02
1.976206400274788564e+02 2.157100611523291036e+02
1.985655264178695063e+02 2.162173125566243925e+02
1.995157085887968265e+02 2.167170916966371692e+02
2.004715602767558096e+02 2.171958561828429595e+02
2.014340046378368356e+02 2.176366713715835317e+02
2.024036927010860438e+02 2.180232571082163986e+02
2.033811728579663622e+02 2.183410016947292718e+02
2.043651432848294007e+02 2.185801210182247587e+02
2.053541528660340418e+02 2.187351824148631181e+02
2.063486568966460482e+02 2.188071307425188365e+02
2.073509016192745662e+02 2.188031303419949154e+02
2.083619439783760754e+02 2.187322695509510027e+02
2.093778285221323472e+02 2.186045580829650135e+02
2.103909801923967677e+02 2.184270944877533793e+02
2.113933245355953261e+02 2.182048608837893653e+02
2.123790932825839946e+02 2.179423227103661702e+02
2.133470033345368222e+02 2.176442076971083566e+02
2.143001543279489738e+02 2.173158631146840776e+02
2.152437631066932795e+02 2.169672128352209484e+02
2.161844511732840317e+02 2.166111684763346830e+02
2.171273466424050298e+02 2.162636179711125806e+02
2.180761826804593682e+02 2.159389261527458359e+02
2.190337781525515197e+02 2.156479397188203961e+02
2.200011434433628210e+02 2.153945465237311510e+02
2.209773559511976657e+02 2.151751964928153029e+02
2.219592839111399485e+02 2.149778389227942057e+02
2.229439188065915971e+02 2.147908973570045248e+02
2.239295839573718467e+02 2.146079201057782768e+02
2.249153796507584673e+02 2.144254451688240977e+02
2.259015606837845667e+02 2.142444529784302176e+02
2.268889804881713701e+02 2.140682274504448515e+02
2.278785146300318729e+02 2.139001376715366405e+02
2.288709695055046041e+02 2.137432865695597570e+02
2.298673894554403034e+02 2.136016926586907516e+02
2.308685926977549343e+02 2.134785043557448603e+02
2.318754198362834700e+02 2.133769562162080717e+02
2.328881573604838309e+02 2.132981506214983654e+02
2.339068299200195895e+02 2.132421824209387751e+02
2.349329149640863648e+02 2.132108921693027810e+02
2.359703102073681009e+02 2.132067106340089708e+02
2.370228231869489832e+02 2.132341388223170497e+02
2.380932544735072725e+02 2.132973732309655190e+02
2.391813255080561476e+02 2.134011584629820391e+02
2.402840958542878980e+02 2.135482858589621742e+02
2.413950611466725888e+02 2.137396171480124281e+02
2.425053352211917286e+02 2.139706300517206046e+02
2.436032894791972581e+02 2.142314737780636165e+02
2.446776283690151956e+02 2.145103666883871938e+02
2.457183686807381946e+02 2.147996227264239337e+02
2.467186864967541737e+02 2.150958564518149387e+02
2.476738281925154297e+02 2.153998558643444596e+02
2.485823245920236957e+02 2.157160302595214603e+02
2.494442592394318297e+02 2.160512133251772582e+02
2.502617811559998984e+02 2.164123384302348541e+02
2.510374456231476188e+02 2.168053974906538315e+02
2.517757355616130894e+02 2.172349061054704293e+02
2.524823163976414264e+02 2.177062524960479664e+02
2.531646248299012427e+02 2.182225202677296352e+02
2.538300962886488605e+02 2.187842516399391002e+02
2.544876667334137608e+02 2.193914810842290422e+02
2.551455032997240266e+02 2.200434117246587675e+02
2.558127496783011452e+02 2.207390445567280608e+02
2.564970705396729613e+02 2.214759196203360716e+02
2.572015367927307352e+02 2.222515051011960168e+02
2.579248261517959122e+02 2.230611304324704065e+02
2.586611737120238104e+02 2.238989331681566455e+02
2.594031341711985306e+02 2.247573477739767611e+02
2.601437672636109255e+02 2.256313762302341388e+02
2.608790928711670176e+02 2.265159806788563230e+02
2.616064690176870613e+02 2.274035633832156122e+02
2.623241276827653792e+02 2.282867685618547284e+02
2.630312729299352554e+02 2.291589156353721819e+02
2.637283160562057560e+02 2.300163909740455779e+02
2.644164853024897184e+02 2.308574681372416535e+02
2.650975516939658405e+02 2.316826126298650195e+02
2.657731458702822351e+02 2.324918769908376248e+02
2.664447915729295460e+02 2.332859480388178497e+02
2.671143060756173782e+02 2.340666420736885129e+02
2.677848777043597579e+02 2.348361609333701949e+02
2.684609842775399784e+02 2.355966668397584556e+02
2.691434704844627959e+02 2.363512073074108741e+02
2.698313279051824338e+02 2.371030066420221658e+02
2.705239032793309661e+02 2.378559242348515852e+02
2.712217043128033538e+02 2.386160563784383157e+02
2.719254461707831751e+02 2.393881229316532711e+02
2.726341536844647067e+02 2.401741482587918313e+02
2.733448047491355624e+02 2.409737946438391134e+02
2.740565206315109208e+02 2.417852074871579475e+02
2.747690907650826375e+02 2.426075725751733216e+02
2.754846773466642844e+02 2.434383958740162655e+02
2.762053257903409076e+02 2.442741773822266964e+02
2.769341807118788665e+02 2.451080173170774117e+02
2.776717905610466346e+02 2.459319754521326900e+02
2.784161060481226286e+02 2.467367708598183071e+02
2.791636509124241456e+02 2.475144739807097665e+02
2.799089659473351048e+02 2.482592059495150920e+02
2.806477876941700060e+02 2.489687467696042802e+02
2.813765718274385108e+02 2.496422600452463314e+02
2.820943627662082918e+02 2.502777386007932705e+02
2.828018996450969667e+02 2.508729972712588676e+02
2.835032534416744738e+02 2.514276269422027781e+02
2.842030377311899656e+02 2.519410640558022010e+02
2.849068015605446362e+02 2.524129772218210519e+02
2.856210009111332511e+02 2.528456024734059042e+02
2.863548048611224885e+02 2.532418790335103154e+02
2.871165365421152273e+02 2.536066077545921189e+02
2.879140310497625705e+02 2.539432005906572272e+02
2.887504258185771846e+02 2.542538901701293526e+02
2.896249319213479225e+02 2.545409324584018691e+02
2.905321837105345253e+02 2.548083741623424316e+02
2.914639669879207986e+02 2.550642775769509285e+02
2.924154831797582119e+02 2.553210536840974214e+02
2.933871294947575734e+02 2.555919194989230050e+02
2.943776143503566800e+02 2.558897322463026569e+02
2.953812636105055844e+02 2.562201624310716284e+02
2.963877293516394502e+02 2.565839485807474034e+02
2.973880789459168454e+02 2.569806833995560282e+02
2.983783863692578961e+02 2.574082048812707058e+02
2.993563085000075716e+02 2.578646174421003252e+02
3.003221589823002660e+02 2.583447230773932688e+02
3.012769700854228745e+02 2.588433457344916633e+02
3.022236395646028768e+02 2.593520751615774316e+02
3.031632938063627307e+02 2.598618156158330521e+02
3.040951212362095930e+02 2.603632341791810632e+02
3.050159468132351321e+02 2.608509081211992680e+02
3.059238467163927453e+02 2.613234579859874884e+02
3.068205866155677199e+02 2.617818176845995595e+02
3.077086524933591818e+02 2.622286670818671723e+02
3.085907001693535108e+02 2.626670055976217668e+02
3.094668497467674229e+02 2.631000266916199166e+02
3.103351279931341651e+02 2.635292856887898552e+02
3.111907662548158555e+02 2.639537157360572337e+02
3.120304064178463364e+02 2.643733361100981369e+02
3.128535508584529907e+02 2.647910306929457533e+02
3.136632524916163334e+02 2.652101699532800581e+02
3.144613566451029669e+02 2.656356718523081213e+02
3.152478430594690622e+02 2.660713387301718171e+02
3.160206712535741644e+02 2.665217510852845635e+02
3.167801515732763278e+02 2.669931959849633358e+02
3.175315336281339000e+02 2.674903720699142013e+02
3.182817493435064193e+02 2.680173785615032784e+02
3.190364612962524120e+02 2.685747224679374767e+02
3.197981228675661214e+02 2.691577542144281097e+02
3.205654590336086471e+02 2.697615119828395791e+02
3.213374696169490221e+02 2.703774836832930077e+02
3.221148558256706451e+02 2.709972275418501795e+02
3.229024973966609764e+02 2.716144653284331980e+02
3.237058690783272823e+02 2.722247272936224363e+02
3.245293417368726523e+02 2.728269095562483813e+02
3.253782879399170156e+02 2.734200374337128210e+02
3.262544998286401778e+02 2.740037154389839316e+02
3.271556181917413255e+02 2.745753857442647927e+02
3.280754163973671780e+02 2.751323311596902386e+02
3.290042160699408669e+02 2.756743361297145043e+02
3.299315206222285042e+02 2.762053559945808274e+02
3.308492271929551976e+02 2.767331141494728399e+02
3.317536126403353478e+02 2.772666217730173344e+02
3.326455501305504185e+02 2.778166216171343876e+02
3.335289037222537445e+02 2.783930522899622702e+02
3.344091658710841557e+02 2.790048268421041939e+02
3.352918694989095911e+02 2.796565413563056381e+02
3.361818899426565395e+02 2.803489973204661965e+02
3.370830548325482710e+02 2.810796605067205860e+02
3.379970483439930149e+02 2.818428258837634530e+02
3.389224165235393684e+02 2.826305332415245175e+02
3.398546292574562244e+02 2.834340699166579043e+02
3.407875482996468577e+02 2.842457631680719032e+02
3.417179485284237899e+02 2.850598902154894745e+02
3.426453217830726317e+02 2.858730763800090244e+02
3.435662134298247565e+02 2.866834865990907701e+02
3.444720742163075897e+02 2.874924551384009987e+02
3.453544756086066059e+02 2.883026156754168028e+02
3.462078656901051090e+02 2.891203157396481629e+02
3.470317982505509349e+02 2.899515750992310927e+02
3.478282481026792539e+02 2.907985896320449228e+02
3.485996689656107606e+02 2.916582099075892529e+02
3.493482842130278527e+02 2.925229293523802880e+02
3.500772077936748019e+02 2.933825694879845969e+02
3.507926849090280825e+02 2.942260874510272970e+02
3.515030801858514451e+02 2.950437535016812944e+02
3.522142977821066552e+02 2.958294622984520856e+02
3.529301728071034745e+02 2.965809628378788716e+02
3.536512471398925186e+02 2.972998790310105051e+02
3.543719445999781215e+02 2.979917732683475151e+02
3.550835472381317004e+02 2.986645267291322625e+02
3.557769632659010313e+02 2.993267965708505471e+02
3.564444851339386560e+02 2.999868771120434872e+02
3.570804511329079673e+02 3.006521962310345089e+02
3.576793959725295053e+02 3.013300987305547096e+02
3.582367061252713825e+02 3.020277400849917626e+02
3.587462506698194034e+02 3.027530048751108325e+02
3.592053904752393123e+02 3.035128733266897143e+02
3.596150241522397550e+02 3.043127274449119568e+02
3.599814684640153928e+02 3.051550388542922860e+02
3.603155486983658875e+02 3.060387589895938163e+02
3.606301058110398117e+02 3.069592963869472442e+02
3.609374191894981436e+02 3.079088888953246510e+02
3.612468977709085038e+02 3.088775353770719221e+02
3.615625413442016338e+02 3.098547765118711368e+02
3.618811234712310352e+02 3.108320815758441995e+02
3.621978777112801708e+02 3.118037605248000546e+02
3.625071626841025818e+02 3.127687677015703684e+02
3.628019973878330688e+02 3.137306273205300045e+02
3.630739019828948813e+02 3.146941809469993814e+02
3.633149050556468183e+02 3.156657653332665632e+02
3.635194683679388845e+02 3.166510848922894183e+02
3.636821779333656650e+02 3.176531853067832003e+02
3.637986763712044649e+02 3.186716439903801756e+02
3.638637426451965098e+02 3.197036652962173093e+02
3.638707366755334647e+02 3.207456010984550403e+02
3.638130387284385847e+02 3.217939570992061817e+02
3.636854222006904820e+02 3.228460434533513990e+02
3.634857713064521363e+02 3.239010699328910050e+02
3.632160662553047246e+02 3.249612651093437989e+02
3.628818826740080112e+02 3.260289005927638186e+02
3.624916034141994032e+02 3.271067965353498153e+02
3.620546531454247088e+02 3.281972853635102183e+02
3.615784421663044554e+02 3.292997431258405641e+02
3.610657027290642986e+02 3.304084424530689148e+02
3.605140678784249531e+02 3.315160964260447258e+02
3.599181527668282001e+02 3.326146195329862962e+02
3.592742947640449529e+02 3.336938503371445677e+02
3.585819618529607169e+02 3.347452294737187799e+02
3.578445899015338796e+02 3.357629500379076717e+02
3.570691817741179079e+02 3.367432300285416318e+02
3.562633041319457448e+02 3.376835027045378297e+02
3.554350103663312552e+02 3.385798618346760804e+02
3.545904437373968108e+02 3.394262752905534626e+02
3.537353515138611328e+02 3.402189681138556239e+02
3.528729870318434223e+02 3.409563529696794717e+02
3.520049730115798639e+02 3.416388574466544696e+02
3.511296015164610935e+02 3.422664893894637430e+02
3.502440967738947961e+02 3.428387179125124931e+02
3.493454718491151425e+02 3.433566168340838090e+02
3.484333607915342554e+02 3.438226225295937297e+02
3.475086001805522073e+02 3.442399540689244759e+02
3.465726302608008496e+02 3.446141533625229272e+02
3.456272499546702193e+02 3.449521424752712733e+02
3.446744719826535288e+02 3.452616661447518140e+02
3.437155756119872763e+02 3.455476468572607018e+02
3.427511499193267355e+02 3.458123513180489681e+02
3.417809393530570787e+02 3.460547961912774326e+02
3.408045746712784307e+02 3.462735606728009543e+02
3.398205225857611822e+02 3.464665893450938370e+02
3.388251862083284891e+02 3.466326089896187455e+02
3.378169218687656894e+02 3.467716004171813324e+02
3.367974437455088150e+02 3.468841761580168850e+02
3.357705098284109795e+02 3.469688181708662569e+02
3.347410404677875135e+02 3.470237817624112040e+02
3.337131145704084929e+02 3.470485452032576177e+02
3.326874976341870820e+02 3.470430325069268065e+02
3.316633131911830219e+02 3.470050320249499691e+02
3.306393737233221373e+02 3.469345424069861679e+02
3.296157816696011764e+02 3.468302920036136356e+02
3.285934174146315740e+02 3.466903926707869346e+02
3.275750643603495860e+02 3.465113096661307281e+02
3.265646532778047799e+02 3.462912992325065602e+02
3.255683782581507444e+02 3.460318719525100164e+02
3.245939649490218244e+02 3.457424712186264628e+02
3.236494716431473648e+02 3.454337289654062602e+02
3.227408172463117353e+02 3.451169426373533611e+02
3.218713346095523207e+02 3.447984403802437896e+02
3.210411236373945485e+02 3.444813299799590141e+02
3.202484976207113050e+02 3.441642736811697887e+02
3.194899626002948594e+02 3.438439691400034803e+02
3.187623629631584663e+02 3.435162769995438907e+02
3.180630122809991462e+02 3.431815906158302028e+02
3.173899384225640006e+02 3.428397281886402652e+02
3.167411291760614631e+02 3.424929061000951265e+02
3.161161991891463572e+02 3.421437961753331365e+02
3.155147565991313741e+02 3.417958323796473792e+02
3.149325029162065448e+02 3.414511485008330283e+02
3.143619541353937166e+02 3.411108680915085642e+02
3.137918404690258853e+02 3.407735659910028403e+02
3.132115400004397543e+02 3.404359645235538210e+02
3.126141837134587149e+02 3.400904455107857416e+02
3.119969737133334320e+02 3.397260958454430693e+02
3.113589432502892009e+02 3.393316019629295965e+02
3.107010910156520822e+02 3.388976987954832225e+02
3.100242312902435060e+02 3.384200532204720275e+02
3.093312134025678688e+02 3.379005883829953518e+02
3.086272063408284794e+02 3.373440187097368721e+02
3.079152177584779793e+02 3.367579853554331066e+02
3.071976490846070647e+02 3.361490729910192385e+02
3.064733274268472769e+02 3.355238487630208510e+02
3.057403200260198446e+02 3.348866874613709683e+02
3.049986341571189996e+02 3.342407777717038471e+02
3.042502101385979358e+02 3.335874473345209026e+02
3.034989459194911774e+02 3.329280543763578635e+02
3.027493720256204028e+02 3.322633577435633470e+02
3.020061509238951203e+02 3.315949261321936774e+02
3.012717390378826963e+02 3.309238745316019390e+02
3.005457825683226361e+02 3.302510997645596262e+02
2.998281525988530234e+02 3.295743405576262717e+02
2.991169669933279351e+02 3.288893125789371652e+02
2.984106303977625885e+02 3.281884219623711942e+02
2.977064631443586791e+02 3.274641127964354155e+02
2.970039947808199940e+02 3.267091281025135459e+02
2.963035609718855881e+02 3.259206167899050115e+02
2.956085264461453335e+02 3.250989587513798824e+02
2.949198742679112115e+02 3.242484694610208180e+02
2.942348697952378416e+02 3.233774155250499120e+02
2.935506601417230286e+02 3.224959582040767145e+02
2.928650904982057455e+02 3.216140267130994062e+02
2.921799492302284307e+02 3.207380850454414372e+02
2.914971311697772762e+02 3.198701525199840603e+02
2.908200682119048679e+02 3.190076272725210629e+02
2.901509181984515635e+02 3.181473107132707128e+02
2.894924816156257066e+02 3.172852090441663222e+02
2.888457298886895614e+02 3.164200706874197522e+02
2.882113627733632484e+02 3.155517137888799653e+02
2.875897296635816360e+02 3.146800475472351764e+02
2.869786219251079729e+02 3.138056459475095608e+02
2.863764832547640253e+02 3.129289134454085115e+02
2.857798439094566447e+02 3.120507517658716097e+02
2.851872395317798237e+02 3.111715414695219124e+02
2.845974903122968271e+02 3.102915891679917877e+02
2.840077246393598216e+02 3.094116411424236617e+02
2.834164471843555475e+02 3.085320860023104501e+02
2.828205337267244772e+02 3.076537356773886813e+02
2.822172955785133581e+02 3.067772889101638611e+02
2.816010475874404619e+02 3.059042231712903686e+02
2.809661946112960322e+02 3.050359925393949538e+02
2.803108648277252541e+02 3.041730834680432736e+02
2.796379337197768109e+02 3.033147486699840556e+02
2.789533767948029777e+02 3.024594352164090765e+02
2.782632276311700821e+02 3.016055750868791847e+02
2.775743473191955673e+02 3.007513852052164793e+02
2.768932688479670787e+02 2.998951677629571577e+02
2.762276798519030194e+02 2.990349248797117525e+02
2.755806232521428001e+02 2.981698657540268300e+02
2.749514186499711172e+02 2.973001672095098229e+02
2.743391436841137647e+02 2.964260689515631952e+02
2.737459489177934984e+02 2.955470120867931882e+02
2.731753447438132980e+02 2.946620843261187019e+02
2.726300033966726346e+02 2.937705912029961155e+02
2.721099277799222591e+02 2.928725319628439365e+02
2.716111884216072099e+02 2.919689278060122888e+02
2.711292102936655510e+02 2.910609677014802514e+02
2.706568109795018131e+02 2.901505182324493717e+02
2.701894783613194591e+02 2.892387520186319989e+02
2.697252051177305816e+02 2.883261907273991937e+02
2.692590287842054408e+02 2.874131248941023387e+02
2.687847740038709503e+02 2.864978933837406885e+02
2.682937170783729925e+02 2.855801255266153476e+02
2.677782689921358497e+02 2.846600835985167350e+02
2.672311246127586628e+02 2.837411776718207648e+02
2.666492401117690179e+02 2.828278646402022787e+02
2.660336388492626156e+02 2.819266068641524043e+02
2.653876207124282587e+02 2.810442576650219166e+02
2.647160349149892227e+02 2.801896244911513350e+02
2.640253945958095869e+02 2.793725144058693672e+02
2.633239052958180082e+02 2.786014184784885401e+02
2.626187350706553616e+02 2.778811298464291326e+02
2.619150471107407157e+02 2.772104844011503815e+02
2.612123874940313613e+02 2.765859146214148154e+02
2.605088599197542294e+02 2.760011653774574825e+02
2.598032569222001484e+02 2.754500081337712913e+02
2.590968170878841761e+02 2.749257150538211363e+02
2.583913962387384231e+02 2.744229911141927687e+02
2.576873203633052754e+02 2.739372106044035604e+02
2.569846612564300585e+02 2.734648450256933074e+02
2.562855639816193616e+02 2.730013187302878919e+02
2.555924834764771845e+02 2.725424373879237692e+02
2.549059100052648432e+02 2.720839489824962811e+02
2.542243197970330186e+02 2.716231508952579929e+02
2.535442477890233306e+02 2.711585217725087773e+02
2.528631535355904418e+02 2.706913665590457185e+02
2.521833735503541050e+02 2.702241756229349221e+02
2.515105432789783322e+02 2.697621383334220582e+02
2.508523689197169233e+02 2.693095701119782461e+02
2.502136173363412013e+02 2.688692007241218676e+02
2.495941872685733074e+02 2.684428470518952849e+02
2.489912626354256702e+02 2.680332143908222520e+02
2.483981477627600043e+02 2.676430006211513728e+02
2.478056622262985229e+02 2.672729838862366023e+02
2.472028313198028684e+02 2.669249696688336257e+02
2.465783628339225402e+02 2.665981224032747718e+02
2.459215050568637935e+02 2.662915394165819976e+02
2.452249794739662434e+02 2.660063239210365964e+02
2.444849171485024613e+02 2.657464136568025879e+02
2.437016180200228632e+02 2.655169742547482201e+02
2.428758265707212161e+02 2.653208664286415228e+02
2.420073622310468977e+02 2.651587312055002030e+02
2.410967823481012147e+02 2.650262009798924510e+02
2.401452655839898398e+02 2.649177485892873847e+02
2.391563418835304162e+02 2.648278774425066331e+02
2.381346229827884713e+02 2.647514607370902695e+02
2.370866879228194648e+02 2.646830856442223876e+02
2.360193950643178198e+02 2.646174599565578092e+02
2.349405948161633830e+02 2.645498963877365668e+02
2.338571236473860608e+02 2.644770302046039205e+02
2.327743019850803421e+02 2.643934440069963330e+02
2.316946937293657243e+02 2.642948975825160574e+02
2.306185482620762173e+02 2.641765340575082064e+02
2.295437675279467840e+02 2.640368601409412577e+02
2.284675513562484639e+02 2.638752510657474204e+02
2.273873416660571820e+02 2.636944308348608956e+02
2.263026678714781497e+02 2.634964331979998633e+02
2.252143275651986869e+02 2.632843272082601516e+02
2.241225081349676884e+02 2.630588339140668950e+02
2.230275418481897987e+02 2.628212318455808827e+02
2.219299969047642094e+02 2.625737073764835259e+02
2.208309531108740202e+02 2.623204154878344525e+02
2.197313358350137946e+02 2.620649169006491093e+02
2.186320367410360177e+02 2.618106426440112955e+02
2.175335060625926644e+02 2.615593251698420545e+02
2.164347530341223660e+02 2.613071521160649127e+02
2.153346405012450191e+02 2.610497478317664672e+02
2.142322687512383936e+02 2.607836503166553257e+02
2.131269812981631162e+02 2.605063334816175029e+02
2.120175396436443975e+02 2.602168762296030877e+02
2.109007797777819064e+02 2.599156710123295966e+02
2.097750892197311714e+02 2.596028186540318075e+02
2.086419703620429686e+02 2.592781167550469945e+02
2.075058404473087421e+02 2.589425840095824469e+02
2.063712591955849689e+02 2.585969365475188511e+02
2.052402480488402148e+02 2.582414425429940366e+02
2.041142368971625842e+02 2.578761891414936827e+02
2.029941879246258907e+02 2.575024575170136814e+02
2.018828636666694649e+02 2.571230375095040017e+02
2.007838079386235677e+02 2.567416379925006140e+02
1.997020533601130694e+02 2.563605363425007226e+02
1.986433269447895213e+02 2.559837595259352838e+02
1.976140334805724592e+02 2.556138554801477483e+02
1.966199152908127132e+02 2.552538088090538224e+02
1.956660198887913111e+02 2.549037118959747659e+02
1.947556739402829464e+02 2.545638419048040646e+02
1.938915533183429432e+02 2.542329816484600542e+02
1.930746349052204209e+02 2.539086641001753719e+02
1.923012451739832898e+02 2.535854607257206510e+02
1.915650480715842718e+02 2.532555538791725098e+02
1.908578914925264769e+02 2.529126300590487801e+02
1.901739048030211450e+02 2.525554293844350298e+02
1.895089391881184326e+02 2.521854609108347915e+02
1.888566502560689742e+02 2.518048817767066225e+02
1.882092756866700256e+02 2.514138360482546091e+02
1.875605703726087086e+02 2.510093406340203046e+02
1.869055232896448047e+02 2.505874201346445602e+02
1.862405559424734918e+02 2.501421966663795047e+02
1.855618960622623490e+02 2.496681082407448002e+02
1.848670710060583815e+02 2.491592861159820131e+02
1.841568331130678757e+02 2.486112303874567147e+02
1.834362892948681463e+02 2.480193519907609243e+02
1.827112584426952537e+02 2.473794915950850282e+02
1.819846386344092366e+02 2.466869853121674510e+02
1.812544527941419403e+02 2.459369886820782369e+02
1.805156494045537556e+02 2.451297358256577468e+02
1.797636430294401464e+02 2.442732138896313359e+02
1.789952343749789065e+02 2.433874587314560358e+02
1.782096616197425192e+02 2.424996032874477123e+02
1.774074563953437291e+02 2.416438328881417874e+02
1.765905680469796266e+02 2.408567148508900573e+02
1.757609235982573637e+02 2.401750248047016782e+02
1.749189578294606235e+02 2.396281305586727228e+02
1.740616411243206016e+02 2.392378340714827800e+02
1.731860472758622507e+02 2.390141059152687433e+02
1.722903450700762846e+02 2.389593778713227152e+02
1.713783797697824127e+02 2.390665598053830365e+02
1.704564016285063133e+02 2.393184619622198284e+02
1.695294250242929763e+02 2.396886306081491114e+02
1.686045065971121630e+02 2.401426947883057892e+02
1.676883849806730211e+02 2.406424120678728968e+02
1.667880069481552425e+02 2.411439241093489159e+02
1.659060059776012963e+02 2.416024994142748028e+02
1.650407407284688475e+02 2.419755558178250112e+02
1.641891208846970756e+02 2.422270973567308090e+02
1.633489597033366465e+02 2.423296063699492890e+02
1.625168731962506854e+02 2.422691790172810897e+02
1.616918889270799582e+02 2.420457032919084099e+02
1.608749618128101417e+02 2.416754645775094730e+02
1.600728065411054786e+02 2.411880295079571965e+02
1.592939931170494390e+02 2.406205013555178880e+02
1.585431021508670426e+02 2.400106110115005436e+02
1.578206509393333192e+02 2.393894830080951124e+02
1.571225127619381681e+02 2.387790949009170447e+02
1.564420744143530158e+02 2.381908228308545858e+02
1.557712607640451097e+02 2.376286086426001702e+02
1.551033767120710820e+02 2.370911608133555433e+02
1.544326932535500134e+02 2.365721467522548380e+02
1.537553734636113347e+02 2.360588538425517982e+02
1.530695213356908653e+02 2.355390207834953458e+02
1.523752040836390336e+02 2.350013329049931770e+02
1.516721072043170011e+02 2.344373561605208351e+02
1.509587219585948787e+02 2.338393687860805414e+02
1.502325789458909640e+02 2.332040470457070001e+02
1.494939242980447034e+02 2.325307318406840409e+02
1.487451398364150066e+02 2.318258290248980984e+02
1.479927062186953606e+02 2.310993307831884067e+02
1.472429126313372478e+02 2.303652435167263661e+02
1.465013633851282577e+02 2.296386794432711440e+02
1.457733292821918099e+02 2.289347237996446438e+02
1.450637161959837726e+02 2.282647874829911530e+02
1.443782472528490075e+02 2.276377845565165785e+02
1.437211195560148269e+02 2.270622714209536639e+02
1.430927245968310899e+02 2.265434519075374737e+02
1.424863379162854642e+02 2.260829867940958025e+02
1.418915726549701617e+02 2.256760856467607255e+02
1.412950030587961976e+02 2.253133016961829185e+02
1.406850951298289090e+02 2.249803415263730813e+02
1.400523109768915049e+02 2.246610508186547008e+02
1.393916752678032935e+02 2.243360106918372878e+02
1.387000639767792336e+02 2.239877574702511538e+02
1.379767212126442928e+02 2.236040197585995202e+02
1.372238676499047187e+02 2.231780717642348577e+02
1.364457856831248819e+02 2.227083976135494936e+02
1.356470525938056539e+02 2.221974229806894243e+02
1.348293770173735027e+02 2.216503906517440896e+02
1.339916084904373861e+02 2.210728607563868593e+02
1.331311881604094651e+02 2.204677093810966824e+02
1.322491145107118200e+02 2.198319483097072862e+02
1.313524816790057059e+02 2.191604968300792962e+02
1.304567151166000372e+02 2.184489121884589622e+02
1.295843731476979031e+02 2.176990593100854881e+02
1.287626259398141428e+02 2.169156599630828168e+02
1.280189296600434830e+02 2.161065242687346881e+02
1.273786447883356914e+02 2.152803675733746616e+02
1.268615673323704982e+02 2.144462209912168476e+02
1.264811798430504837e+02 2.136097979805973353e+02
1.262447671750270217e+02 2.127769255391742433e+02
1.261557082623640156e+02 2.119518668329767479e+02
1.262158252314810341e+02 2.111421102991789951e+02
1.264281948783231542e+02 2.103580956750723203e+02
1.267953489985421527e+02 2.096146539583229469e+02
1.273155946312081710e+02 2.089283577808369046e+02
1.279805126337589627e+02 2.083149809086679056e+02
1.287745374427173601e+02 2.077873126782582744e+02
1.296774018388206287e+02 2.073526380560705320e+02
