1.266239689627557539e+02 2.082700989787903723e+02
1.273886443134450417e+02 2.076681156269523001e+02
1.282369348775648632e+02 2.071406948117057709e+02
1.291547109127061788e+02 2.066872273955827382e+02
1.301265826909823602e+02 2.063060005103526180e+02
1.311356205480709889e+02 2.059925776466972138e+02
1.321673506486280587e+02 2.057409180418804340e+02
1.332108581601369508e+02 2.055442363078416008e+02
1.342571459965148222e+02 2.053956530266533491e+02
1.353005311386767175e+02 2.052868318514491648e+02
1.363387961208377703e+02 2.052065368724086341e+02
1.373730204701209630e+02 2.051441392569433901e+02
1.384060833033126983e+02 2.050920345696023048e+02
1.394401122353431504e+02 2.050455677250254496e+02
1.404747899941892513e+02 2.050011548375472330e+02
1.415092825030392873e+02 2.049561555138500353e+02
1.425427065863019607e+02 2.049077739311792925e+02
1.435751345366586520e+02 2.048562389426936079e+02
1.446071588528775180e+02 2.048034261907389180e+02
1.456395687300638713e+02 2.047518339889635683e+02
1.466727605730875155e+02 2.047027172155206927e+02
1.477076424708752143e+02 2.046563710457836578e+02
1.487462770628274029e+02 2.046105142189816206e+02
1.497902179104609104e+02 2.045621569090973821e+02
1.508402184488683133e+02 2.045075458454824116e+02
1.518953558184890085e+02 2.044456784463538384e+02
1.529542587806665779e+02 2.043799557157614970e+02
1.540139744439490528e+02 2.043174663583171764e+02
1.550705347985798426e+02 2.042657938309220356e+02
1.561178310986895781e+02 2.042331380536916186e+02
1.571475629198819490e+02 2.042261323628034688e+02
1.581511900690476295e+02 2.042501298565804007e+02
1.591217835412718102e+02 2.043092332371674615e+02
1.600548217773055057e+02 2.044048383150667689e+02
1.609483821380526365e+02 2.045346034697057576e+02
1.618043492381585224e+02 2.046967263058340052e+02
1.626276025360571396e+02 2.048893172749890823e+02
1.634250139263338610e+02 2.051099486733573940e+02
1.642049017646995992e+02 2.053564825525610047e+02
1.649755261856307982e+02 2.056234959274965490e+02
1.657454550030365397e+02 2.059025626516651641e+02
1.665243723118608727e+02 2.061818585090204863e+02
1.673216200193320446e+02 2.064500795195845058e+02
1.681463197829252465e+02 2.066983949156724236e+02
1.690049370826455970e+02 2.069207101041637884e+02
1.699006219590325202e+02 2.071105704445108984e+02
1.708311531727210877e+02 2.072626108342279281e+02
1.717895639200577591e+02 2.073759739939825693e+02
1.727658092543875625e+02 2.074554690167972240e+02
1.737500525950398753e+02 2.075133237994130013e+02
1.747342862361144853e+02 2.075639770262303614e+02
1.757113826952430600e+02 2.076215033328427353e+02
1.766760051910315781e+02 2.076969713461908782e+02
1.776247821891195144e+02 2.078005100820736857e+02
1.785561936527364821e+02 2.079388971945261630e+02
1.794677673266067472e+02 2.081184655039982090e+02
1.803562361317900695e+02 2.083418830352644591e+02
1.812184661975398967e+02 2.086097297056844297e+02
1.820550107690104085e+02 2.089205565705389063e+02
1.828707009325446222e+02 2.092709498592225259e+02
1.836723388188710544e+02 2.096557479026687645e+02
1.844652504230392367e+02 2.100688144060074762e+02
1.852543254669229498e+02 2.105031000843816571e+02
1.860448157293776887e+02 2.109515199354021320e+02
1.868411022743380556e+02 2.114048865881283064e+02
1.876459724493064982e+02 2.118520715755543051e+02
1.884613599540549274e+02 2.122820493459391855e+02
1.892896453226298092e+02 2.126849399605354733e+02
1.901314734600504721e+02 2.130524038275956684e+02
1.909870502697510517e+02 2.133777061250154361e+02
1.918560189183188527e+02 2.136571244503561502e+02
1.927361792423253632e+02 2.138917743473810162e+02
1.936252131105736680e+02 2.140901065795912075e+02
1.945221707645797267e+02 2.142679745466480767e+02
1.954270693279623288e+02 2.144477417681042652e+02
1.963405659374588481e+02 2.146502356332419481e+02
1.972623306045350944e+02 2.148912165352213606e+02
1.981895779832866538e+02 2.151752327185601814e+02
1.991157479737047424e+02 2.154968183518601563e+02
2.000333898079096571e+02 2.158437573747086731e+02
2.009370126990051801e+02 2.162007627082068666e+02
2.018243337128029680e+02 2.165514678726938769e+02
2.026953736779670407e+02 2.168779585610893434e+02
2.035515835730309959e+02 2.171658684646712913e+02
2.043962571016991490e+02 2.174035672843934321e+02
2.052336805441929357e+02 2.175853688121287064e+02
2.060688576224652024e+02 2.177088041613631617e+02
2.069058793397193483e+02 2.177731462737847608e+02
2.077497427751429200e+02 2.177795338172968229e+02
2.086069611597555422e+02 2.177297087869293364e+02
2.094849334067209554e+02 2.176260059231380808e+02
2.103898625140498098e+02 2.174721497479970935e+02
2.113232642862647026e+02 2.172742169022435519e+02
2.122824432213907926e+02 2.170395398827307076e+02
2.132618179092926027e+02 2.167774534747748589e+02
2.142540327249008101e+02 2.164994742240750725e+02
2.152510916794271338e+02 2.162170336157184920e+02
2.162469620108074650e+02 2.159421143750578267e+02
2.172395549037722162e+02 2.156864727132501685e+02
2.182297875114092562e+02 2.154567036738292813e+02
2.192194952323576445e+02 2.152533820974996956e+02
2.202112334603183399e+02 2.150704582698025433e+02
2.212050086224612073e+02 2.148965621722817332e+02
2.221971587053698158e+02 2.147175216464659684e+02
2.231847545626856686e+02 2.145214845327794251e+02
2.241685117801788465e+02 2.143019052732621503e+02
2.251509568583701366e+02 2.140588740239902563e+02
2.261352695554720640e+02 2.137963183984516604e+02
2.271239768789247364e+02 2.135241568783041544e+02
2.281185119436715922e+02 2.132546680630428000e+02
2.291185111411331263e+02 2.130031374145775374e+02
2.301223195261383694e+02 2.127844707373308779e+02
2.311260889173262001e+02 2.126114445879676964e+02
2.321243156016365106e+02 2.124907348550095776e+02
2.331096948596786547e+02 2.124236978568642940e+02
2.340749848045795716e+02 2.124073074409384390e+02
2.350128231529356810e+02 2.124358855523638567e+02
2.359174921136307717e+02 2.125028183189199638e+02
2.367845069782224812e+02 2.126025768311132538e+02
2.376118197636392324e+02 2.127314831593170652e+02
2.383997186590833905e+02 2.128912364106450354e+02
2.391503593886159251e+02 2.130842786616261719e+02
2.398664486955168513e+02 2.133146701676483872e+02
2.405500353320760496e+02 2.135846372043134238e+02
2.412023132333585522e+02 2.138898290658094936e+02
2.418257942172327830e+02 2.142202635169662130e+02
2.424269001371642958e+02 2.145626498825537851e+02
2.430142466557819318e+02 2.149055098444694067e+02
2.435977974542930440e+02 2.152406663635915152e+02
2.441896990965867076e+02 2.155657139338009074e+02
2.448014726592512886e+02 2.158832718350074344e+02
2.454429832276493073e+02 2.161995478317676316e+02
2.461202972440023018e+02 2.165232322154329268e+02
2.468367648703285795e+02 2.168632870987258627e+02
2.475928431101493175e+02 2.172271681007878215e+02
2.483853026412487566e+02 2.176209626899781995e+02
2.492101477478882998e+02 2.180500618384483573e+02
2.500620189060730922e+02 2.185183975625446919e+02
2.509347971318589998e+02 2.190292870887429615e+02
2.518219640520334792e+02 2.195845409696281649e+02
2.527171442676756499e+02 2.201852869793792138e+02
2.536130890535888796e+02 2.208310767509325672e+02
2.545017275376484065e+02 2.215208312735624361e+02
2.553773494694161741e+02 2.222507857284240345e+02
2.562352114367499780e+02 2.230161525651782597e+02
2.570729673313311423e+02 2.238099397302814282e+02
2.578891505346613258e+02 2.246249979485129700e+02
2.586854823376746708e+02 2.254528992971441994e+02
2.594657656816667668e+02 2.262860789042989325e+02
2.602342953995579364e+02 2.271179879200639675e+02
2.609967321188251503e+02 2.279443926168185612e+02
2.617606951382001625e+02 2.287622799728507630e+02
2.625324274599865362e+02 2.295716169391233166e+02
2.633141779981003765e+02 2.303741911247091707e+02
2.641036833710038536e+02 2.311735007811737432e+02
2.648945218135563664e+02 2.319723893327690689e+02
2.656794177024231658e+02 2.327731550843250261e+02
2.664539465432040970e+02 2.335771956943489158e+02
2.672153249093573208e+02 2.343853904225783538e+02
2.679612985972702859e+02 2.351984513519252857e+02
2.686909426587603207e+02 2.360166706653103574e+02
2.694065236936525594e+02 2.368393323639681967e+02
2.701111340802530094e+02 2.376654595930411062e+02
2.708075210100200820e+02 2.384941845391327320e+02
2.714983792288966242e+02 2.393246559559194679e+02
2.721860373177717065e+02 2.401561382653679289e+02
2.728713658722028299e+02 2.409883564540692191e+02
2.735561427450120959e+02 2.418215637597444356e+02
2.742447203180558404e+02 2.426571685730271497e+02
2.749429633851564176e+02 2.434958162786240337e+02
2.756568937238974968e+02 2.443375437104231764e+02
2.763908675683904903e+02 2.451803686198617243e+02
2.771463756508513256e+02 2.460213745122182445e+02
2.779210817839291394e+02 2.468561072180232827e+02
2.787103108529469182e+02 2.476796800080275034e+02
2.795085991132128811e+02 2.484859346484789739e+02
2.803082618151977385e+02 2.492696861165549933e+02
2.811020677892008166e+02 2.500254855062404999e+02
2.818824224941454304e+02 2.507494459135189686e+02
2.826431684623793217e+02 2.514379437914938080e+02
2.833798774012192325e+02 2.520887494709268708e+02
2.840910257286536762e+02 2.526996060628412692e+02
2.847805593232157548e+02 2.532683809414841960e+02
2.854549205289100655e+02 2.537927904839169742e+02
2.861216443133690746e+02 2.542718387545104406e+02
2.867891442985281856e+02 2.547051069550682598e+02
2.874650724408680844e+02 2.550943066614773329e+02
2.881533186585161275e+02 2.554432764372662348e+02
2.888564650020808813e+02 2.557579857724177828e+02
2.895768476471758959e+02 2.560449338195307973e+02
2.903163051946196447e+02 2.563116473378036062e+02
2.910774742288147081e+02 2.565638667515836460e+02
2.918635834368059250e+02 2.568054654160013115e+02
2.926803918465050742e+02 2.570396023192666917e+02
2.935344036783016008e+02 2.572677286647170831e+02
2.944288155428129130e+02 2.574914816088999032e+02
2.953627151762249810e+02 2.577115520314962964e+02
2.963305365053787455e+02 2.579294486132500879e+02
2.973245081311126796e+02 2.581456976972734196e+02
2.983367304417429295e+02 2.583610339210592315e+02
2.993590214820849837e+02 2.585785515634180456e+02
3.003841271761278335e+02 2.588007266950730809e+02
3.014064627005777766e+02 2.590309175473711889e+02
3.024228217347794043e+02 2.592699461038005211e+02
3.034320686339513600e+02 2.595175072726856342e+02
3.044371268530311454e+02 2.597727467752496864e+02
3.054445720227203651e+02 2.600343141823474866e+02
3.064625384217882811e+02 2.603007736002140291e+02
3.074976984762174084e+02 2.605700319506123606e+02
3.085516057162167840e+02 2.608387606849262284e+02
3.096188730422713888e+02 2.611052238772309124e+02
3.106903531794231412e+02 2.613693337901938776e+02
3.117571119136658808e+02 2.616349173244008171e+02
3.128117633190450988e+02 2.619065728362750178e+02
3.138507844171327861e+02 2.621908989918176758e+02
3.148746725274966138e+02 2.624933377409776654e+02
3.158872028354558665e+02 2.628160796662817802e+02
3.168941101895188694e+02 2.631580640544865446e+02
3.179006584549647982e+02 2.635159092658529403e+02
3.189102188816324315e+02 2.638850959103198761e+02
3.199245173590934428e+02 2.642602515945486630e+02
3.209419597968899893e+02 2.646359316092162999e+02
3.219590405322092010e+02 2.650067948603109471e+02
3.229709393658763474e+02 2.653680696641763461e+02
3.239741689203821693e+02 2.657156812327066859e+02
3.249661345353972592e+02 2.660467839637203724e+02
3.259445786284546784e+02 2.663586564907583920e+02
3.269077856807537046e+02 2.666510437133612754e+02
3.278547924016456818e+02 2.669264270430481361e+02
3.287861658426087388e+02 2.671888358160695134e+02
3.297017688971527605e+02 2.674432506575680009e+02
3.306009842549312339e+02 2.676957414292336352e+02
3.314815999323943743e+02 2.679547463376160863e+02
3.323397990787416347e+02 2.682272085701654305e+02
3.331706269806820160e+02 2.685202073803171743e+02
3.339701272735750308e+02 2.688380830892381255e+02
3.347370882947760720e+02 2.691850672065449430e+02
3.354751501777764133e+02 2.695634108044637287e+02
3.361908191857181123e+02 2.699722310670886714e+02
3.368912346954693930e+02 2.704061391909407348e+02
3.375820461433931996e+02 2.708543956567673376e+02
3.382668666022371440e+02 2.713044921874958391e+02
3.389475247513109366e+02 2.717456650246293748e+02
3.396263469024491428e+02 2.721705483300451647e+02
3.403054231358372590e+02 2.725761841480610883e+02
3.409832420963679169e+02 2.729639098424045756e+02
3.416559912060787383e+02 2.733396562968445664e+02
3.423202534935362564e+02 2.737106598634470060e+02
3.429738609259574105e+02 2.740841168287440155e+02
3.436193040804845396e+02 2.744678450857060170e+02
3.442625568753981611e+02 2.748691630800954613e+02
3.449090096733389714e+02 2.752968750435995844e+02
3.455643496865235420e+02 2.757590716496885648e+02
3.462323601315146107e+02 2.762639280144130680e+02
3.469163376557521019e+02 2.768175444534745111e+02
3.476172175412589809e+02 2.774255475702476019e+02
3.483340955372692633e+02 2.780879000076449756e+02
3.490626569986138747e+02 2.787998801234666644e+02
3.497998889168161440e+02 2.795529258268511512e+02
3.505445994072001668e+02 2.803366475934628284e+02
3.512940681771820550e+02 2.811410296438883734e+02
3.520457451975520939e+02 2.819552274192603818e+02
3.527959030738091997e+02 2.827701137715447430e+02
3.535415799733129916e+02 2.835774911246724059e+02
3.542795738369014771e+02 2.843721594868045486e+02
3.550082938277389530e+02 2.851507527075936537e+02
3.557265393945147025e+02 2.859133710743748793e+02
3.564360588941365791e+02 2.866615156658010619e+02
3.571398891366524708e+02 2.873989935556479622e+02
3.578405854810177971e+02 2.881302389682681451e+02
3.585405447983433191e+02 2.888597687028466225e+02
3.592421456396168651e+02 2.895899135472757280e+02
3.599455045687329857e+02 2.903231273601205658e+02
3.606510519928588678e+02 2.910620175981250668e+02
3.613579217432857149e+02 2.918096851914347667e+02
3.620668255683843881e+02 2.925685658757201963e+02
3.627776649501007000e+02 2.933408542553175948e+02
3.634871821658873046e+02 2.941289060307184400e+02
3.641930983841284046e+02 2.949335910297597820e+02
3.648942490486667793e+02 2.957540312610084356e+02
3.655911759310343996e+02 2.965873604056394015e+02
3.662870481349852412e+02 2.974286614984912376e+02
3.669846306457332616e+02 2.982724719617141318e+02
3.676837100642740666e+02 2.991144777066598408e+02
3.683813414761068543e+02 2.999525037830800329e+02
3.690738352988275892e+02 3.007868714878520677e+02
3.697592062362945171e+02 3.016198911337751269e+02
3.704364238533619300e+02 3.024546714955934590e+02
3.711049383755176336e+02 3.032922010878419314e+02
3.717625966759609355e+02 3.041331600641648265e+02
3.724090716853859249e+02 3.049776517428526859e+02
3.730445417185452470e+02 3.058256197958578468e+02
3.736688637422149668e+02 3.066771094061062968e+02
3.742833794080373764e+02 3.075316967577531386e+02
3.748901169271308618e+02 3.083887411569095320e+02
3.754896398503986461e+02 3.092480645828472916e+02
3.760787194411942664e+02 3.101106869648135103e+02
3.766522103176679366e+02 3.109782336832618057e+02
3.772039363052012959e+02 3.118526557369317516e+02
3.777292888733122140e+02 3.127354089196953737e+02
3.782253224911382858e+02 3.136274236986062078e+02
3.786918292837271451e+02 3.145287657395165866e+02
3.791304665293691301e+02 3.154389115229252525e+02
3.795415212480673972e+02 3.163577703817610427e+02
3.799242963912428763e+02 3.172855625074826094e+02
3.802805503139977645e+02 3.182217324513212020e+02
3.806110525350779312e+02 3.191660371291355318e+02
3.809154254467716214e+02 3.201185958238500007e+02
3.811914873156333101e+02 3.210800977256939746e+02
3.814371841845642166e+02 3.220511916614831307e+02
3.816521355851882049e+02 3.230319978178004021e+02
3.818384469665645611e+02 3.240218511019767220e+02
3.820006906240918170e+02 3.250193071664814397e+02
3.821451933940511481e+02 3.260223674198929302e+02
3.822781104728549622e+02 3.270290874903009808e+02
3.824036260590867187e+02 3.280381456265135967e+02
3.825234107808045110e+02 3.290490140919565647e+02
3.826378584561521734e+02 3.300615684829738825e+02
3.827442333363291027e+02 3.310766729983280356e+02
3.828354075989989838e+02 3.320965792538253254e+02
3.829002780517488986e+02 3.331247946493923564e+02
3.829261509727136854e+02 3.341653290190912458e+02
3.829033567890096492e+02 3.352220517408113096e+02
3.828257349405186574e+02 3.362996921502381724e+02
3.826900018160469585e+02 3.374017855320181525e+02
3.824957236269950727e+02 3.385304079760940112e+02
3.822435129512213621e+02 3.396847598216829738e+02
3.819323164366615515e+02 3.408627282277053610e+02
3.815604110317189566e+02 3.420596653405493726e+02
3.811267928078029286e+02 3.432695247358680604e+02
3.806317632127094157e+02 3.444843270067770504e+02
3.800784493281680056e+02 3.456962866145757971e+02
3.794732599903554728e+02 3.468984291658957204e+02
3.788242628012479827e+02 3.480836034001239909e+02
3.781379762710761838e+02 3.492433362833073716e+02
3.774211859514636558e+02 3.503695685614999320e+02
3.766814129061116319e+02 3.514547700005883257e+02
3.759251761825447602e+02 3.524919366359545165e+02
3.751564070326544424e+02 3.534787003082783485e+02
3.743774722865103399e+02 3.544149278994837573e+02
3.735900848535717387e+02 3.553008795291274851e+02
3.727949022190146025e+02 3.561367176971892832e+02
3.719902284319126125e+02 3.569232120012619589e+02
3.711739050819808767e+02 3.576614375292690511e+02
3.703437062688469723e+02 3.583531587152645557e+02
3.694993956230821368e+02 3.590002068111409130e+02
3.686419093349106788e+02 3.596055454653022707e+02
3.677727974799098547e+02 3.601740816708917237e+02
3.668932589117130192e+02 3.607096105761229978e+02
3.660039174559168487e+02 3.612141069930442541e+02
3.651051972295856558e+02 3.616889135268527298e+02
3.641969078619916900e+02 3.621334275308973361e+02
3.632786619848504301e+02 3.625464227336697149e+02
3.623495990140335152e+02 3.629251748290274691e+02
3.614088029410236800e+02 3.632667840567398230e+02
3.604560752621663937e+02 3.635706220241752362e+02
3.594909828238123168e+02 3.638353175194916389e+02
3.585130671698735227e+02 3.640594192322414528e+02
3.575220126223077841e+02 3.642419278369653171e+02
3.565185824713429952e+02 3.643852596415963490e+02
3.555039150254918923e+02 3.644930181298281582e+02
3.544798992322758409e+02 3.645711830439847745e+02
3.534483213233647234e+02 3.646254089641940936e+02
3.524112145304231944e+02 3.646621323855423498e+02
3.513698340351322145e+02 3.646853267709963120e+02
3.503247395033337739e+02 3.646967638254257054e+02
3.492759387667350097e+02 3.646964683412560930e+02
3.482232381411936899e+02 3.646838271827332960e+02
3.471664035791536094e+02 3.646580994377562206e+02
3.461052787476913295e+02 3.646187902113693440e+02
3.450408456223959774e+02 3.645690080923107530e+02
3.439738006227651681e+02 3.645109576993417591e+02
3.429040235622160253e+02 3.644442585640863399e+02
3.418312252700229124e+02 3.643679952739098553e+02
3.407547647510772890e+02 3.642801386641392014e+02
3.396724266237968664e+02 3.641762551314491247e+02
3.385802713500401637e+02 3.640526843364796150e+02
3.374759395182286426e+02 3.639072855536518318e+02
3.363593641486311299e+02 3.637397537932683349e+02
3.352311223337932802e+02 3.635508967366980642e+02
3.340936901118532205e+02 3.633400140246484398e+02
3.329520308927441192e+02 3.631056080233744296e+02
3.318116099447385636e+02 3.628453430041439560e+02
3.306762176114433487e+02 3.625576231222458432e+02
3.295500766286067460e+02 3.622426728321303244e+02
3.284371894440652113e+02 3.619011479792948762e+02
3.273398772625747597e+02 3.615350451011123596e+02
3.262597704532375928e+02 3.611464678008223927e+02
3.251966517331424029e+02 3.607352361725153287e+02
3.241504495048164927e+02 3.602999549807980202e+02
3.231209220222825707e+02 3.598391285786926233e+02
3.221084054200876494e+02 3.593497343290118238e+02
3.211127689442142810e+02 3.588278326425146929e+02
3.201342888253742558e+02 3.582700884135666684e+02
3.191729100293126749e+02 3.576756601356432270e+02
3.182293613630695290e+02 3.570469246716554608e+02
3.173041908374752325e+02 3.563909617701956449e+02
3.163990738943051610e+02 3.557196850873297080e+02
3.155150907849899795e+02 3.550460488935831336e+02
3.146532612202103110e+02 3.543806911123964483e+02
3.138138667249419314e+02 3.537324871633478551e+02
3.129981313958085707e+02 3.531062980969879277e+02
3.122088515223605327e+02 3.525035760616392508e+02
3.114485173857996188e+02 3.519213352601660176e+02
3.107170972010711694e+02 3.513534329668939336e+02
3.100101135961600676e+02 3.507944365333123642e+02
3.093194264456132601e+02 3.502389975145438257e+02
3.086333382268685455e+02 3.496830516681121139e+02
3.079406249136530960e+02 3.491254379654952231e+02
3.072323027731142702e+02 3.485658261431152027e+02
3.065023335294240496e+02 3.480026996090605849e+02
3.057471349575898785e+02 3.474326228357004993e+02
3.049653982170164568e+02 3.468493709563459788e+02
3.041567293647206043e+02 3.462446588294818071e+02
3.033200488959977861e+02 3.456108960870279248e+02
3.024560827905941096e+02 3.449443056213065688e+02
3.015672957714070321e+02 3.442444832367727940e+02
3.006554622068657636e+02 3.435147087926731615e+02
2.997222677375561943e+02 3.427615799716929246e+02
2.987729806325983191e+02 3.419929800065115728e+02
2.978170785306897415e+02 3.412163003445326126e+02
2.968660611948122323e+02 3.404370540899054731e+02
2.959306832209582581e+02 3.396578509571816085e+02
2.950221809731961002e+02 3.388775870643374901e+02
2.941485677306381490e+02 3.380943372405058085e+02
2.933139503750799122e+02 3.373048650982069603e+02
2.925180471762146226e+02 3.365067616125273275e+02
2.917589115710159149e+02 3.356978584160200398e+02
2.910348820403510217e+02 3.348778655221843223e+02
2.903433944752882212e+02 3.340475929102715327e+02
2.896797488040822941e+02 3.332085252912260103e+02
2.890393774991089799e+02 3.323621055064810434e+02
2.884188572985370342e+02 3.315094149340626473e+02
2.878178964145891996e+02 3.306505457471397449e+02
2.872381711966525017e+02 3.297849684018208336e+02
2.866822905707352902e+02 3.289118587615379852e+02
2.861498979073320470e+02 3.280313294823863544e+02
2.856369091311159991e+02 3.271446706875095174e+02
2.851377573890035819e+02 3.262536408963828762e+02
2.846458316853749011e+02 3.253603284638407445e+02
2.841563756887496766e+02 3.244662358727783840e+02
2.836668205224224266e+02 3.235721746085445716e+02
2.831780558530473400e+02 3.226778636333403938e+02
2.826922824851664018e+02 3.217826077325463530e+02
2.822119882433249813e+02 3.208856210244714475e+02
2.817418960845842548e+02 3.199854115689032028e+02
2.812878522535924617e+02 3.190801325890510043e+02
2.808535994530478774e+02 3.181686017983543024e+02
2.804376634871870237e+02 3.172512848821691023e+02
2.800353051885167019e+02 3.163296789014397632e+02
2.796410645020939114e+02 3.154055086390568476e+02
2.792505169335184974e+02 3.144801717535277135e+02
2.788609400837575549e+02 3.135545282265415494e+02
2.784699004808910558e+02 3.126293467702773796e+02
2.780768059673711150e+02 3.117048144420484732e+02
2.776825700487224253e+02 3.107806426735680247e+02
2.772871221618878508e+02 3.098568537550795554e+02
2.768908151221536400e+02 3.089333362353659140e+02
2.764961748962580259e+02 3.080092921839559494e+02
2.761087015884468201e+02 3.070829841667398341e+02
2.757325012058078073e+02 3.061531151325252154e+02
2.753662473535756590e+02 3.052201040776448053e+02
2.750057529725023642e+02 3.042852736569487888e+02
2.746478379572377548e+02 3.033496284374894572e+02
2.742895377058227950e+02 3.024141049107105346e+02
2.739283233908545867e+02 3.014795019107414760e+02
2.735628714782325233e+02 3.005462375302565761e+02
2.731933040229743597e+02 2.996142732131590947e+02
2.728200625209653936e+02 2.986834694948177003e+02
2.724424594591749837e+02 2.977540435544962634e+02
2.720588518626349241e+02 2.968265143934032722e+02
2.716677826995688179e+02 2.959013422749438291e+02
2.712659450418343567e+02 2.949795718283642714e+02
2.708479265122300035e+02 2.940629127755800027e+02
2.704083318975410748e+02 2.931530694165551836e+02
2.699449155761485599e+02 2.922507511232262800e+02
2.694587083408210901e+02 2.913556322773073362e+02
2.689553113726161087e+02 2.904659435154209177e+02
2.684428279804587305e+02 2.895791250742059901e+02
2.679271249605799881e+02 2.886925088391628833e+02
2.674104923940528238e+02 2.878025881245800974e+02
2.668908215395206298e+02 2.869075310421173413e+02
2.663630641988791012e+02 2.860069932127709080e+02
2.658199529351277306e+02 2.851038765082551549e+02
2.652540783012357792e+02 2.842029670927645384e+02
2.646589031299514545e+02 2.833123369953701740e+02
2.640312596038982633e+02 2.824421326786608688e+02
2.633708895669836920e+02 2.816028210411951704e+02
2.626786482365854454e+02 2.808036793595256881e+02
2.619572634887160802e+02 2.800509760834178792e+02
2.612101660165403700e+02 2.793474678538365197e+02
2.604413719766603208e+02 2.786922603911006036e+02
2.596524178704255519e+02 2.780813205509523982e+02
2.588447701845211668e+02 2.775062537092310890e+02
2.580208599322949681e+02 2.769570675001456266e+02
2.571844670376437421e+02 2.764231462920456579e+02
2.563383147020172146e+02 2.758965647080402164e+02
2.554865202308739924e+02 2.753706600869672911e+02
2.546349101591812882e+02 2.748410267398595579e+02
2.537921821788317516e+02 2.743034741216760040e+02
2.529687159296822188e+02 2.737557532269827334e+02
2.521722649095125917e+02 2.731975101120311820e+02
2.514064327942351156e+02 2.726275141213377537e+02
2.506696357262852644e+02 2.720440611985020496e+02
2.499540054447493844e+02 2.714482441738830403e+02
2.492491805997395034e+02 2.708463437987495581e+02
2.485452195929960908e+02 2.702476228895224040e+02
2.478342228777107721e+02 2.696638348318083445e+02
2.471108282745803422e+02 2.691098221837805795e+02
2.463733164903157729e+02 2.685998787063011264e+02
2.456217264521179118e+02 2.681468293298445360e+02
2.448550034499182289e+02 2.677593895461736793e+02
2.440691872576616106e+02 2.674392183027237024e+02
2.432583208609894996e+02 2.671832369814715094e+02
2.424161765877238395e+02 2.669819494282352821e+02
2.415370189851732050e+02 2.668244497470214469e+02
2.406174030117176130e+02 2.666988096397017216e+02
2.396562022918216144e+02 2.665936949769688340e+02
2.386558835305820594e+02 2.664991965019906957e+02
2.376200879589630119e+02 2.664066332144178659e+02
2.365532356395063402e+02 2.663100983652185505e+02
2.354608313416154033e+02 2.662051138228831633e+02
2.343471283782682235e+02 2.660898661826828402e+02
2.332168203812466345e+02 2.659621565008492325e+02
2.320735687335344153e+02 2.658195623891709829e+02
2.309226640778105093e+02 2.656579072186194139e+02
2.297708909439538161e+02 2.654743672053282921e+02
2.286256867751469031e+02 2.652662300742553612e+02
2.274936118263175899e+02 2.650341218232298388e+02
2.263798678120289196e+02 2.647793608264796603e+02
2.252880762505931784e+02 2.645058788223116721e+02
2.242220366212587237e+02 2.642202391698079964e+02
2.231843768848871434e+02 2.639309934558219766e+02
2.221753353832359608e+02 2.636462463079951135e+02
2.211916055270258710e+02 2.633707085295856132e+02
2.202270440622760077e+02 2.631095559823117469e+02
2.192762831227558422e+02 2.628682313589933983e+02
2.183359797772871502e+02 2.626503012674219235e+02
2.174036507296848129e+02 2.624539598515517582e+02
2.164767917641953261e+02 2.622731553551535626e+02
2.155529584083336090e+02 2.621014972938741039e+02
2.146286266031409582e+02 2.619322650424109042e+02
2.136989600080108573e+02 2.617587235922607078e+02
2.127583705408947594e+02 2.615750381864434075e+02
2.118011174158440895e+02 2.613761322806921612e+02
2.108216588953970358e+02 2.611585653590711900e+02
2.098145244974848538e+02 2.609209351067312923e+02
2.087770351879775035e+02 2.606630370019632892e+02
2.077096006590681441e+02 2.603849031275789230e+02
2.066167919182312858e+02 2.600847298362544961e+02
2.055067401781177523e+02 2.597621172769842133e+02
2.043897741609223999e+02 2.594161591436272829e+02
2.032755312811607951e+02 2.590485512199130085e+02
2.021714614374557470e+02 2.586621050329191576e+02
2.010823743227884961e+02 2.582630396551992362e+02
2.000128909943897497e+02 2.578578235637046419e+02
1.989669158700779121e+02 2.574545872958406676e+02
1.979498568949266826e+02 2.570595979495067240e+02
1.969671147700084646e+02 2.566789403384161119e+02
1.960235142171613063e+02 2.563152757669831203e+02
1.951231164846412867e+02 2.559701234690945171e+02
1.942705842983280320e+02 2.556424814006540203e+02
1.934703564211247624e+02 2.553300276794747674e+02
1.927231714506753804e+02 2.550292077327948164e+02
1.920249921052325988e+02 2.547322738236481996e+02
1.913668995973687004e+02 2.544323952097751658e+02
1.907378074615490675e+02 2.541245438212727095e+02
1.901264341201589048e+02 2.538071772520590343e+02
1.895222282315439202e+02 2.534797567495993462e+02
1.889160401262386131e+02 2.531407229477810290e+02
1.882996933377014557e+02 2.527868499295415177e+02
1.876648515906441617e+02 2.524137352723298022e+02
1.870050863588774916e+02 2.520162333857973067e+02
1.863157047465654159e+02 2.515893016566660378e+02
1.855957972804530414e+02 2.511274416607618605e+02
1.848491362586015043e+02 2.506292992129653499e+02
1.840813900221089057e+02 2.500959037088257446e+02
1.832966406368704781e+02 2.495281165588293675e+02
1.824971403263618583e+02 2.489282371445054878e+02
1.816846916276400918e+02 2.482996842946238587e+02
1.808600107671472870e+02 2.476493598237780418e+02
1.800236560408607431e+02 2.469864774972463124e+02
1.791755119741089288e+02 2.463236257712723045e+02
1.783156062860114162e+02 2.456739991157450334e+02
1.774433645056419664e+02 2.450504924806897975e+02
1.765588987491749151e+02 2.444660828109689703e+02
1.756630013954297169e+02 2.439359934787717066e+02
1.747582762810162649e+02 2.434770988925293409e+02
1.738468488701184640e+02 2.431070863086431473e+02
1.729281834545149650e+02 2.428401220501964133e+02
1.719993445796478966e+02 2.426851560128052370e+02
1.710589845991229367e+02 2.426423706058874927e+02
1.701071806976941900e+02 2.427046500880543647e+02
1.691478202606611490e+02 2.428560321298850795e+02
1.681854184640804135e+02 2.430727582033491672e+02
1.672215457311058344e+02 2.433262992283156905e+02
1.662575293419891977e+02 2.435861778773569313e+02
1.652968596245791275e+02 2.438243156865457877e+02
1.643450669862644702e+02 2.440155102596645520e+02
1.634088785371731092e+02 2.441378894020741086e+02
1.624943550638820398e+02 2.441737062295391070e+02
1.616053693871495796e+02 2.441090637234808582e+02
1.607425556315681092e+02 2.439335597440232846e+02
1.599026249576354530e+02 2.436403186116561415e+02
1.590798231936128388e+02 2.432271362252923268e+02
1.582691554483349705e+02 2.426986274833323023e+02
1.574679580687008240e+02 2.420651571220080029e+02
1.566731762553737610e+02 2.413438590959420935e+02
1.558818131735754946e+02 2.405545473733972699e+02
1.550903306188671991e+02 2.397171912058954035e+02
1.542937262052996914e+02 2.388519717258333799e+02
1.534869260958007260e+02 2.379765432287044291e+02
1.526650216036508425e+02 2.371067124534097275e+02
1.518256376917464365e+02 2.362548168211042707e+02
1.509687269277517885e+02 2.354278703884013453e+02
1.500941979217620883e+02 2.346264536446508373e+02
1.492029375313821049e+02 2.338448719631231256e+02
1.482974858452089393e+02 2.330776446686847407e+02
1.473828937812360209e+02 2.323203342241332621e+02
1.464663703852332901e+02 2.315725164218688406e+02
1.455544641622105075e+02 2.308363835454352682e+02
1.446503568536847695e+02 2.301145149928086369e+02
1.437551992846040605e+02 2.294101820484367806e+02
1.428701439489382210e+02 2.287257084867600270e+02
1.419949243989918273e+02 2.280649318000097878e+02
1.411310603131269090e+02 2.274324004872435125e+02
1.402792720486451401e+02 2.268330109783195212e+02
1.394359630394902183e+02 2.262716118207114562e+02
1.385965865604282783e+02 2.257504520327935893e+02
1.377587360025142402e+02 2.252677162156055886e+02
1.369197559927083603e+02 2.248185539402984432e+02
1.360778842699994868e+02 2.243954709628055753e+02
1.352312067239262205e+02 2.239895727420404228e+02
1.343783648932404731e+02 2.235910047791299462e+02
1.335209003392980662e+02 2.231891202312752398e+02
1.326611955717399098e+02 2.227736935109228966e+02
1.318007058268117078e+02 2.223362412615750827e+02
1.309424550415830026e+02 2.218689004127374460e+02
1.300906207309379283e+02 2.213631970426855275e+02
1.292518567486027905e+02 2.208115812231686732e+02
1.284370166420243891e+02 2.202055822297302825e+02
1.276587030070831759e+02 2.195370241846148360e+02
1.269305237295451434e+02 2.188000438060638260e+02
1.262687165404093719e+02 2.179932818420755893e+02
1.256906658657456717e+02 2.171233813000428370e+02
1.252136585530300010e+02 2.162028279479573598e+02
1.248512417752941701e+02 2.152471020988601822e+02
1.246115986368609185e+02 2.142715149744413168e+02
1.245004619517368951e+02 2.132920899476155228e+02
1.245218709034998881e+02 2.123273768894612488e+02
1.246793699897378076e+02 2.113956278476676971e+02
1.249743506390158529e+02 2.105142281619078801e+02
1.254035148285787784e+02 2.096958634465108844e+02
1.259576580774963190e+02 2.089465161253839369e+02
1.266239689627557539e+02 2.082700989787903723e+02
