1.681591881498274006e+02 1.746971624156168161e+02
1.691437795844146592e+02 1.745459100688470642e+02
1.701235247886411912e+02 1.744316199256276150e+02
1.710984960816679461e+02 1.743544219357139013e+02
1.720688087793788554e+02 1.743145236135558207e+02
1.730346299210123675e+02 1.743122311533610969e+02
1.739961887619592176e+02 1.743479885686044781e+02
1.749537942789516478e+02 1.744224159224916093e+02
1.759078442994652960e+02 1.745363764521275698e+02
1.768588338518897558e+02 1.746910266811366910e+02
1.778073119225047378e+02 1.748878348598601917e+02
1.787537020281563116e+02 1.751283816193369489e+02
1.796977605956362822e+02 1.754134798661374361e+02
1.806373972843925912e+02 1.757408312710039695e+02
1.815678932876465979e+02 1.761024559047021398e+02
1.824538034805127040e+02 1.764961304517240137e+02
1.833244422675363978e+02 1.769146188450337149e+02
1.841804712102440362e+02 1.773565725590115960e+02
1.850227372833066397e+02 1.778206894788752379e+02
1.858522442923889457e+02 1.783056815269144977e+02
1.866701104359740100e+02 1.788102311079135234e+02
1.874775485017696042e+02 1.793329758507864256e+02
1.882758670613454228e+02 1.798724936228225033e+02
1.890664799107431406e+02 1.804272686493839331e+02
1.898509048758392623e+02 1.809957064996604572e+02
1.906307647603351256e+02 1.815761380993137379e+02
1.914077761389811485e+02 1.821668355863336046e+02
1.921837249961191674e+02 1.827660399971244658e+02
1.929604252098802704e+02 1.833720007308964455e+02
1.937396920481002098e+02 1.839830142088621301e+02
1.945233218195059806e+02 1.845974506123332333e+02
1.953130585130169834e+02 1.852137814519740004e+02
1.961105352574121241e+02 1.858306208113398839e+02
1.969172112227871594e+02 1.864467325283736727e+02
1.977343182615405794e+02 1.870610575050306466e+02
1.985628436371964085e+02 1.876727344848250141e+02
1.994035258559824229e+02 1.882811129998088688e+02
2.002568746911081803e+02 1.888857516303689295e+02
2.011231624691142201e+02 1.894863958902477066e+02
2.020023953319445411e+02 1.900829578517673895e+02
2.028942856806740735e+02 1.906754817852149131e+02
2.037982393972883983e+02 1.912641269915159512e+02
2.047133789985226713e+02 1.918491561018188349e+02
2.056385572189304582e+02 1.924308902500446266e+02
2.065723744508195807e+02 1.930096752964366544e+02
2.075131961322621805e+02 1.935858520507721039e+02
2.084591761865253261e+02 1.941597225737999395e+02
2.094083072774863012e+02 1.947315308279973465e+02
2.103584875573398563e+02 1.953014825457238715e+02
2.113075943747716678e+02 1.958697681879931736e+02
2.122535493603511725e+02 1.964365567888553414e+02
2.131943506055750959e+02 1.970019823719819385e+02
2.141281167630113487e+02 1.975661365225230384e+02
2.150531010840635702e+02 1.981290655690996232e+02
2.159677015089984593e+02 1.986907637142077192e+02
2.168704761593222088e+02 1.992512122386351336e+02
2.177601719588753895e+02 1.998104088754789132e+02
2.186357413338279798e+02 2.003683910288916366e+02
2.194963731970858021e+02 2.009252371764211205e+02
2.203415105703122379e+02 2.014810961002326337e+02
2.211708724262978194e+02 2.020361991716888497e+02
2.219844714148333082e+02 2.025908815832461585e+02
2.227826296926031091e+02 2.031455955550618739e+02
2.235659842083552462e+02 2.037008884017551793e+02
2.243354294217668041e+02 2.042573467841190791e+02
2.250920380241633438e+02 2.048155406752407544e+02
2.258369783349551199e+02 2.053759922855715843e+02
2.265714465020885200e+02 2.059391601814540422e+02
2.272966124416889500e+02 2.065054435837037090e+02
2.280135630765293513e+02 2.070751636291848001e+02
2.287232670404067676e+02 2.076485859145223003e+02
2.294265357463356452e+02 2.082259149902478157e+02
2.301240263343694039e+02 2.088072983994068181e+02
2.308162712017411877e+02 2.093928630639678090e+02
2.315037628788689119e+02 2.099827253874850044e+02
2.321869919093204544e+02 2.105770007476340311e+02
2.328664811714842244e+02 2.111757789396868930e+02
2.335427950595509685e+02 2.117791102945244006e+02
2.342165406262248553e+02 2.123869946925445618e+02
2.348883688552492686e+02 2.129993605784133877e+02
2.355589665452480972e+02 2.136160738564553014e+02
2.362290769444763896e+02 2.142369661609035916e+02
2.368995056464633819e+02 2.148618429331147865e+02
2.375711182526638368e+02 2.154905093934151239e+02
2.382448342691126300e+02 2.161227784625379229e+02
2.389216190681541434e+02 2.167584736575192323e+02
2.396024660716992116e+02 2.173974148592120912e+02
2.402883907776934223e+02 2.180394162345663176e+02
2.409804039181692872e+02 2.186842738871414440e+02
2.416794709170508497e+02 2.193317303278174109e+02
2.423864409220990126e+02 2.199814715532819775e+02
2.431020169891795035e+02 2.206331126577679242e+02
2.438267030218215439e+02 2.212862021446159986e+02
2.445608138872080985e+02 2.219402130568479095e+02
2.453044908825893060e+02 2.225945841814138930e+02
2.460577314601447085e+02 2.232487414368663110e+02
2.468204050049508282e+02 2.239021150796296524e+02
2.475922396543367654e+02 2.245541535340625785e+02
2.483728532433462988e+02 2.252043277945448665e+02
2.491617910159445444e+02 2.258521539169177572e+02
2.499585524280217328e+02 2.264972083677184571e+02
2.507626101457919674e+02 2.271391282708271717e+02
2.515733899825715412e+02 2.277776161474173762e+02
2.523902590945114355e+02 2.284124247614425087e+02
2.532125129297668593e+02 2.290433609505407162e+02
2.540394051610624615e+02 2.296702910150558807e+02
2.548702093299694980e+02 2.302931685206110899e+02
2.557042403647395759e+02 2.309120715805820225e+02
2.565408460613754187e+02 2.315271657423820102e+02
2.573793492702582739e+02 2.321386892357190277e+02
2.582190162103983653e+02 2.327469285592125345e+02
2.590590156156850981e+02 2.333522069490819604e+02
2.598983920616980754e+02 2.339548590307548181e+02
2.607360323320515931e+02 2.345552023798577750e+02
2.615706417709153015e+02 2.351535102129374195e+02
2.624007197264896831e+02 2.357499770657896647e+02
2.632245928857416857e+02 2.363446932240375986e+02
2.640405009166601076e+02 2.369376728372586740e+02
2.648467098874672274e+02 2.375288993951594421e+02
2.656416325424443698e+02 2.381183822936934575e+02
2.664239510059767326e+02 2.387061804299224832e+02
2.671927275784788662e+02 2.392924186416904035e+02
2.679474888591307149e+02 2.398772787989056496e+02
2.686882638595084813e+02 2.404609912975934094e+02
2.694156042355651834e+02 2.410438173210409900e+02
2.701305466153680186e+02 2.416260233486101470e+02
2.708345512144495615e+02 2.422078333548492992e+02
2.715293984676794707e+02 2.427893794634699702e+02
2.722170875830788077e+02 2.433706586267807666e+02
2.728997226552774009e+02 2.439515231464791327e+02
2.735794173489833270e+02 2.445317044383095322e+02
2.742582262037155374e+02 2.451108661447768782e+02
2.749381023647333109e+02 2.456886245881566992e+02
2.756208591838141047e+02 2.462645792745893800e+02
2.763081588437187293e+02 2.468383417488406621e+02
2.770015030863405059e+02 2.474095564756993326e+02
2.777022580807838494e+02 2.479779111636703988e+02
2.784116652406979142e+02 2.485431509065908244e+02
2.791308759227541714e+02 2.491051016360414110e+02
2.798609562315045878e+02 2.496636851849900154e+02
2.806028842143546740e+02 2.502189042501111089e+02
2.813575389144170344e+02 2.507708382493273120e+02
2.821257056686621922e+02 2.513196203886543572e+02
2.829080884574061656e+02 2.518654108202536008e+02
2.837053172152746470e+02 2.524083727353236100e+02
2.845179521294386404e+02 2.529486494179647025e+02
2.853464671473225849e+02 2.534863250277804809e+02
2.861912278482976717e+02 2.540213573069506765e+02
2.870524431488075265e+02 2.545535229486917501e+02
2.879301446805990849e+02 2.550823883270904844e+02
2.888241671039616563e+02 2.556072852394979122e+02
2.897341301611699578e+02 2.561273066732006214e+02
2.906594437669319859e+02 2.566412998709178623e+02
2.915993016454154940e+02 2.571478942505535770e+02
2.925527020558681102e+02 2.576455226760367054e+02
2.935184740893455455e+02 2.581324758032695286e+02
2.944953246780788731e+02 2.586069786968322433e+02
2.954818882926886090e+02 2.590672144771156695e+02
2.964767630693118008e+02 2.595113917949886968e+02
2.974785522348803397e+02 2.599377893733104088e+02
2.984858792879427938e+02 2.603448192093242142e+02
2.994974005951455069e+02 2.607310577408044878e+02
3.005118178838609992e+02 2.610952850115285173e+02
3.015279068373207565e+02 2.614365160451259840e+02
3.025445508061588953e+02 2.617540232845932451e+02
3.035607836100671761e+02 2.620473521492310169e+02
3.045758124709504386e+02 2.623163263327951427e+02
3.055890471662596610e+02 2.625610361809698929e+02
3.066001160925509339e+02 2.627818338994912324e+02
3.076088696546755159e+02 2.629793035956193989e+02
3.086153625399063003e+02 2.631542400462427054e+02
3.096198261746471871e+02 2.633076133373468224e+02
3.106226081839226367e+02 2.634405330750972212e+02
3.116241008777570869e+02 2.635542104542943207e+02
3.126246846454211550e+02 2.636499275209603184e+02
3.136246929713618101e+02 2.637290357180734190e+02
3.146244007867118171e+02 2.637929287320662866e+02
3.156240116910698248e+02 2.638430253254993545e+02
3.166236558358356206e+02 2.638807783103403608e+02
3.176233967808249758e+02 2.639076856379068658e+02
3.186232523107599945e+02 2.639253046702966117e+02
3.196232074731181001e+02 2.639352493493988732e+02
3.206232406668110002e+02 2.639391835350014048e+02
3.216233296676422242e+02 2.639388190828472602e+02
3.226234520177496847e+02 2.639358858471627514e+02
3.236235851943640682e+02 2.639321186817529679e+02
3.246237067006790085e+02 2.639292504405913746e+02
3.256237941177765833e+02 2.639290079781572445e+02
3.266238253642560494e+02 2.639330921511204338e+02
3.276237790337504521e+02 2.639431518205325915e+02
3.286236347713881969e+02 2.639607548542705331e+02
3.296233738319942859e+02 2.639873451306596053e+02
3.306229797161798274e+02 2.640241935426024611e+02
3.316224384948776560e+02 2.640723729996859106e+02
3.326217392117666236e+02 2.641327274307924426e+02
3.336208742078070486e+02 2.642058467862073599e+02
3.346198393678877778e+02 2.642920480392197078e+02
3.356186338352348457e+02 2.643913971842679871e+02
3.366172594791732990e+02 2.645037502334860733e+02
3.376157197267987158e+02 2.646288432091191680e+02
3.386140184985009682e+02 2.647663741366144450e+02
3.396121589357845210e+02 2.649161010363634432e+02
3.406101422589031245e+02 2.650779299162866209e+02
3.416079669490301853e+02 2.652519777665254992e+02
3.426056284496862645e+02 2.654385955575039588e+02
3.436031195561814684e+02 2.656383382424564843e+02
3.446004313632594176e+02 2.658518917635790899e+02
3.455975544723697794e+02 2.660799800598660454e+02
3.465944804455874646e+02 2.663232530765468482e+02
3.475912037268633412e+02 2.665821387775573044e+02
3.485877233815348859e+02 2.668567091568305045e+02
3.495840446930414487e+02 2.671465572486612245e+02
3.505801799807535417e+02 2.674507341330141799e+02
3.515761490413416368e+02 2.677677149383894175e+02
3.525719847069017874e+02 2.680954329168454251e+02
3.535677579470470846e+02 2.684313487757023040e+02
3.545635895826508772e+02 2.687725498379584224e+02
3.555596696743810980e+02 2.691158743044513244e+02
3.565562627436554521e+02 2.694580483331844221e+02
3.575537037347261275e+02 2.697958430001344254e+02
3.585523835358935685e+02 2.701261881208872637e+02
3.595527357213190953e+02 2.704462690866873231e+02
3.605552003077574454e+02 2.707536224019987685e+02
3.615601728370892261e+02 2.710462060294515254e+02
3.625679524329740957e+02 2.713224717216376121e+02
3.635786962334600503e+02 2.715814084332396305e+02
3.645923809268539344e+02 2.718225778247032167e+02
3.656087744814713005e+02 2.720461348969874393e+02
3.666274190042728378e+02 2.722528387699542805e+02
3.676476369220988545e+02 2.724440387614362749e+02
3.686685315268891827e+02 2.726216323907757442e+02
3.696890106877232824e+02 2.727880106820320520e+02
3.707078007973686908e+02 2.729459853388912052e+02
3.717234619004851766e+02 2.730987019337363790e+02
3.727343981857302992e+02 2.732495250341711994e+02
3.737388802431876798e+02 2.734019414838028297e+02
3.747350766325912446e+02 2.735594398018805578e+02
3.757210912563229499e+02 2.737254046595585919e+02
3.766950334959639690e+02 2.739030297830296377e+02
3.776550797913182578e+02 2.740952737491834341e+02
3.785995521271346433e+02 2.743048230013595230e+02
3.795269848976468552e+02 2.745341027182600442e+02
3.804362018611411145e+02 2.747852808132668656e+02
3.813263446052741301e+02 2.750603093074475964e+02
3.821968887015019618e+02 2.753609125382700427e+02
3.830476248364952880e+02 2.756885769137971920e+02
3.838786278926399973e+02 2.760445445107692990e+02
3.846902229638837980e+02 2.764298116333191047e+02
3.854829401388433325e+02 2.768451452273759514e+02
3.862574768285421669e+02 2.772910573894778281e+02
3.870146512896278637e+02 2.777677647600151545e+02
3.877553592901319917e+02 2.782751369563455341e+02
3.884805591882767430e+02 2.788126133720846838e+02
3.891912806198160979e+02 2.793791502854237478e+02
3.898886477167817475e+02 2.799732041591344682e+02
3.905739132214514484e+02 2.805927230826958976e+02
3.912484761862592677e+02 2.812351700040222795e+02
3.919139097507521683e+02 2.818975400915098248e+02
3.925719612587687379e+02 2.825764287412890781e+02
3.932245568040147532e+02 2.832681436456753090e+02
3.938737845826856869e+02 2.839688315877465357e+02
3.945218484566671577e+02 2.846746658543191870e+02
3.951710055051014479e+02 2.853820344411373071e+02
3.958234864216099140e+02 2.860877400363661422e+02
3.964814073276785962e+02 2.867891678899496242e+02
3.971466719373856904e+02 2.874844265554283993e+02
3.978208533340247186e+02 2.881724413631083053e+02
3.985050885895096826e+02 2.888529830544832748e+02
3.991999749029521354e+02 2.895266564330097481e+02
3.999054866073092853e+02 2.901948222801555062e+02
4.006209137194816776e+02 2.908594775475970664e+02
4.013448231376280546e+02 2.915230858392216078e+02
4.020750398757405151e+02 2.921884051530104216e+02
4.028086444526469450e+02 2.928583038316358511e+02
4.035419891755619801e+02 2.935355847590312806e+02
4.042707561085449015e+02 2.942228341001590479e+02
4.049900422597125953e+02 2.949223303992017122e+02
4.056944695975868171e+02 2.956359670011942171e+02
4.063783255196108826e+02 2.963652168725406000e+02
4.070357040220079625e+02 2.971111204325744097e+02
4.076606605698881935e+02 2.978742965649211101e+02
4.082473503712112688e+02 2.986549224107880036e+02
4.087901385362766860e+02 2.994527217980163414e+02
4.092837181197058953e+02 3.002669627732263393e+02
4.097231828936073725e+02 3.010964755480283088e+02
4.101041071331328567e+02 3.019396695361887737e+02
4.104225813408335739e+02 3.027945548191919443e+02
4.106752457894461372e+02 3.036587775846588784e+02
4.108593080919885097e+02 3.045296533572325757e+02
4.109725583955636239e+02 3.054042292010564097e+02
4.110133794327886108e+02 3.062793568564187012e+02
4.109807505737294377e+02 3.071517657985086203e+02
4.108742269967754055e+02 3.080181269723950663e+02
4.106939219890746244e+02 3.088751065677921588e+02
4.104404720926246455e+02 3.097194315721296789e+02
4.101149965883868163e+02 3.105479292479254809e+02
4.097190572010829328e+02 3.113575496115907981e+02
4.092546089086039274e+02 3.121453797960762131e+02
4.087239707497310519e+02 3.129086586731467605e+02
4.081298065012023244e+02 3.136448016046282419e+02
4.074751253530914710e+02 3.143514254532819905e+02
4.067632834023651753e+02 3.150263876054817729e+02
4.059979892888966333e+02 3.156678140467425919e+02
4.051832919498303909e+02 3.162741182043427557e+02
4.043235652833285485e+02 3.168440267504120698e+02
4.034234448812703704e+02 3.173765997823320504e+02
4.024877773191397523e+02 3.178712081625376982e+02
4.015215123338851981e+02 3.183275191176186922e+02
4.005295971573864335e+02 3.187454698643956590e+02
3.995168489426458223e+02 3.191252339509937883e+02
3.984878601742173032e+02 3.194671890262201259e+02
3.974468959494954561e+02 3.197718945042464043e+02
3.963978224391319145e+02 3.200400556328957009e+02
3.953440354772665160e+02 3.202724775627720533e+02
3.942884160066872710e+02 3.204700307659608143e+02
3.932333137812601080e+02 3.206335968198949331e+02
3.921805568454825561e+02 3.207640315273056331e+02
3.911314918686308033e+02 3.208621394376697253e+02
3.900870485807349723e+02 3.209286406808859624e+02
3.890477831583986017e+02 3.209641415280040064e+02
3.880139405960359227e+02 3.209691061985161014e+02
3.869855048184911084e+02 3.209438485101869105e+02
3.859622583514472467e+02 3.208885576558320736e+02
3.849438496536439516e+02 3.208033500817576851e+02
3.839298323865470479e+02 3.206883260022987088e+02
3.829197147091387023e+02 3.205436240443397651e+02
3.819129789257336824e+02 3.203694485046685259e+02
3.809091076918373346e+02 3.201661306953342319e+02
3.799076041166582627e+02 3.199341982104435829e+02
3.789080079568273050e+02 3.196744371416203876e+02
3.779099011745236680e+02 3.193879261530294116e+02
3.769129148200520945e+02 3.190760455714879527e+02
3.759167334342766367e+02 3.187405234474968552e+02
3.749211071647878271e+02 3.183835037182691963e+02
3.739258524675922217e+02 3.180076462252668534e+02
3.729308444845937061e+02 3.176161746192860278e+02
3.719359958766046930e+02 3.172128890867518862e+02
3.709412447720853265e+02 3.168020931871113248e+02
3.699465302102722717e+02 3.163884825246689161e+02
3.689517877513807207e+02 3.159770206811469961e+02
3.679569508526354866e+02 3.155728332246173409e+02
3.669619521664128570e+02 3.151811077179277163e+02
3.659667249811791407e+02 3.148069827280543223e+02
3.649712049869637553e+02 3.144554118375622238e+02
3.639753317162974895e+02 3.141310526539579087e+02
3.629790498423545841e+02 3.138381668181158943e+02
3.619823097631171436e+02 3.135805750080701273e+02
3.609850680167801329e+02 3.133616249417106587e+02
3.599872874505105074e+02 3.131841783778791637e+02
3.589889373113166471e+02 3.130506041169581977e+02
3.579899939600268794e+02 3.129627230055064615e+02
3.569904412737136568e+02 3.129217769388701527e+02
3.559902711909131199e+02 3.129283868647224836e+02
3.549894838284581056e+02 3.129825437838217681e+02
3.539880874165709201e+02 3.130836137495903131e+02
3.529860978964392189e+02 3.132303688655019869e+02
3.519835381283493234e+02 3.134210482799428519e+02
3.509804371257819753e+02 3.136534171812386376e+02
3.499768293024901595e+02 3.139248247927687885e+02
3.489727539532418632e+02 3.142322443695948664e+02
3.479682547086005115e+02 3.145723151949222824e+02
3.469633791844262873e+02 3.149413695778249007e+02
3.459581783068424556e+02 3.153354848488633593e+02
3.449527056242197318e+02 3.157505363556193743e+02
3.439470166970493779e+02 3.161822444587352834e+02
3.429411688123519752e+02 3.166261965300602128e+02
3.419352204384575771e+02 3.170778889491112977e+02
3.409292307576745316e+02 3.175327631000400288e+02
3.399232587965341850e+02 3.179862723659866219e+02
3.389173625041096898e+02 3.184339531230977514e+02
3.379115974279108059e+02 3.188715267319314535e+02
3.369060157532589415e+02 3.192949735312217854e+02
3.359006651739027802e+02 3.197006198305483622e+02
3.348955877626350457e+02 3.200852249030048142e+02
3.338908185952610665e+02 3.204460869762678499e+02
3.328863849068068248e+02 3.207811082271194891e+02
3.318823055333173215e+02 3.210888377778243239e+02
3.308785908729126390e+02 3.213684746958763299e+02
3.298752428728060977e+02 3.216198689939147926e+02
3.288722556264502828e+02 3.218434756336005194e+02
3.278696162692547205e+02 3.220402855314296175e+02
3.268673059132487424e+02 3.222117535648004605e+02
3.258653007894463371e+02 3.223597105794290769e+02
3.248635735719518038e+02 3.224862613979433377e+02
3.238620887544957441e+02 3.225936787509266992e+02
3.228607777171027919e+02 3.226843209463105495e+02
3.218595270253292711e+02 3.227605317090417429e+02
3.208581588210450946e+02 3.228245329174891936e+02
3.198564255235899054e+02 3.228782935236117169e+02
3.188540128681186161e+02 3.229234495856622971e+02
3.178505607736710772e+02 3.229612375334619969e+02
3.168456895616660631e+02 3.229924775073491787e+02
3.158390298235585760e+02 3.230175837467800761e+02
3.148302519250183309e+02 3.230366029765689859e+02
3.138191353379786506e+02 3.230492663112909781e+02
3.128055947296618342e+02 3.230550595998814742e+02
3.117897237125704919e+02 3.230533200017117110e+02
3.107718044675301030e+02 3.230433421204520528e+02
3.097523231062509694e+02 3.230244272076462266e+02
3.087319488937818619e+02 3.229958658915339242e+02
3.077115213141664753e+02 3.229568560022200359e+02
3.066920211504293547e+02 3.229064191892261988e+02
3.056745590827325145e+02 3.228433547695893253e+02
3.046603447039691446e+02 3.227662383255220107e+02
3.036506741962388674e+02 3.226734465465290782e+02
3.026469028398290675e+02 3.225631948757065288e+02
3.016504433642276695e+02 3.224335874925477583e+02
3.006627353924502017e+02 3.222826599198772328e+02
2.996852216381292351e+02 3.221084407200532951e+02
2.987193137399670491e+02 3.219090410589980706e+02
2.977663664719755161e+02 3.216827153765215712e+02
2.968276421882238765e+02 3.214279039283486554e+02
2.959042839289653557e+02 3.211432244362947017e+02
2.949973194462629067e+02 3.208274701403599920e+02
2.941076650998006699e+02 3.204796178499810253e+02
2.932361255972557501e+02 3.200988479423454578e+02
2.923834126162357734e+02 3.196845736065954497e+02
2.915501412852748899e+02 3.192364808015132098e+02
2.907368216782318768e+02 3.187545671483827050e+02
2.899438336216763901e+02 3.182391566051909422e+02
2.891714054370287386e+02 3.176909191923322169e+02
2.884195800213144594e+02 3.171108645517457489e+02
2.876881693832777955e+02 3.165003003532245316e+02
2.869767244897870455e+02 3.158607668974686931e+02
2.862845019956589567e+02 3.151939806794355263e+02
2.856104538547121479e+02 3.145017872495041047e+02
2.849532374876835661e+02 3.137861483443852535e+02
2.843112510518887461e+02 3.130491213432404720e+02
2.836826865406075058e+02 3.122928519563716918e+02
2.830655958943555675e+02 3.115195660827536130e+02
2.824579471259797288e+02 3.107315605378357191e+02
2.818576974702841085e+02 3.099311920021977471e+02
2.812628674297203020e+02 3.091208739825117391e+02
2.806716168848164443e+02 3.083030687988886029e+02
2.800822914018549454e+02 3.074802641840460069e+02
2.794934465034604614e+02 3.066549525966320289e+02
2.789038637711029764e+02 3.058296234296018383e+02
2.783125670514519925e+02 3.050067472192687319e+02
2.777188076004369464e+02 3.041887644515099964e+02
2.771220665504089880e+02 3.033780495907626573e+02
2.765220457807396883e+02 3.025768439558552245e+02
2.759186522952839482e+02 3.017871495082550837e+02
2.753119702763189025e+02 3.010106474824324891e+02
2.747022324115233687e+02 3.002486730115061278e+02
2.740897831047980162e+02 2.995021986482780676e+02
2.734750387522460642e+02 2.987718128477470145e+02
2.728584526412706168e+02 2.980577275120838294e+02
2.722404949003346815e+02 2.973597817306663842e+02
2.716216205665645020e+02 2.966774363650952182e+02
2.710022287842715514e+02 2.960098355247122868e+02
2.703826258733240024e+02 2.953558780932028753e+02
2.697629991888876475e+02 2.947143053966451021e+02
2.691434232900251686e+02 2.940837652889868536e+02
2.685238814705110144e+02 2.934628484346036998e+02
2.679042970032123776e+02 2.928501467188175411e+02
2.672845406980472376e+02 2.922442873488825512e+02
2.666644438489624918e+02 2.916439370224071013e+02
2.660437896764075276e+02 2.910478448198787760e+02
2.654223080551450380e+02 2.904548631379880135e+02
2.647996661385487300e+02 2.898639765703514968e+02
2.641754193627317591e+02 2.892743012714224164e+02
2.635489557887823935e+02 2.886850582317217686e+02
2.629194633651735558e+02 2.880955528511364605e+02
2.622858954629497816e+02 2.875051334880243985e+02
2.616470115733539501e+02 2.869131379830212154e+02
2.610014215248039022e+02 2.863188772316559607e+02
2.603476643983472059e+02 2.857216422093774213e+02
2.596842672111352499e+02 2.851207287354360460e+02
2.590098157936081975e+02 2.845154473938065962e+02
2.583230136287461960e+02 2.839051362980809472e+02
2.576227227447633936e+02 2.832891696230321941e+02
2.569080138926345285e+02 2.826669442548659390e+02
2.561782064388733033e+02 2.820378883098025540e+02
2.554328639764265461e+02 2.814014910796240656e+02
2.546718018696505510e+02 2.807573381325761375e+02
2.538950851376463902e+02 2.801051202866466951e+02
2.531030366483075795e+02 2.794446187146817806e+02
2.522962402998069820e+02 2.787756909845089694e+02
2.514755542012414082e+02 2.780982572288758661e+02
2.506421125166859269e+02 2.774123121704015489e+02
2.497972932991318658e+02 2.767179377050758831e+02
2.489426624822239660e+02 2.760153031752153652e+02
2.480799081454502755e+02 2.753046445143743881e+02
2.472107495477727639e+02 2.745862610662046563e+02
2.463368509661153496e+02 2.738605274669569098e+02
2.454597528439737744e+02 2.731278817506896530e+02
2.445808026674153268e+02 2.723888344527087497e+02
2.437011100857035331e+02 2.716439590261613262e+02
2.428215260948075809e+02 2.708938775706055822e+02
2.419426551272611334e+02 2.701392539883780159e+02
2.410648720117855532e+02 2.693807972050245780e+02
2.401883650605365688e+02 2.686192547280915051e+02
2.393131732087824446e+02 2.678554021283654833e+02
2.384392294526488172e+02 2.670900096009391973e+02
2.375663777568163368e+02 2.663238491853059031e+02
2.366944141419361358e+02 2.655576882981875428e+02
2.358230961904927483e+02 2.647923278601470543e+02
2.349521617596120109e+02 2.640286245403818270e+02
2.340813167224438018e+02 2.632675105992609588e+02
2.332102243715129077e+02 2.625099627481421862e+02
2.323384853684786435e+02 2.617570058894060026e+02
2.314656330820731966e+02 2.610096870537396399e+02
2.305911420547586204e+02 2.602690395070216596e+02
2.297144256131068119e+02 2.595360357153381869e+02
2.288348283747487528e+02 2.588115482444176223e+02
2.279516458439192093e+02 2.580963040101539150e+02
2.270641346572611212e+02 2.573908654100214903e+02
2.261715250634731831e+02 2.566956704884636906e+02
2.252730539078941376e+02 2.560111113716882301e+02
2.243679953702618377e+02 2.553375546684064261e+02
2.234557032208030023e+02 2.546753220167379368e+02
2.225356387659480504e+02 2.540246944473540225e+02
2.216074080918604636e+02 2.533858938653905284e+02
2.206707710636783588e+02 2.527590831672812897e+02
2.197256515323747692e+02 2.521443503719201544e+02
2.187721503985692380e+02 2.515417037898411650e+02
2.178105623511207796e+02 2.509510152357237303e+02
2.168413804769177489e+02 2.503719730842794320e+02
2.158652801843375073e+02 2.498040880620426947e+02
2.148830838297342041e+02 2.492467217905784764e+02
2.138956970347320521e+02 2.486991389641856358e+02
2.129040640798058348e+02 2.481605537747547032e+02
2.119091144284342079e+02 2.476301662206346350e+02
2.109117152377659181e+02 2.471071994933037104e+02
2.099126293751402841e+02 2.465908984322341553e+02
2.089124806287390470e+02 2.460805130718905502e+02
2.079117481105161858e+02 2.455752675664535332e+02
2.069107855531695463e+02 2.450743374384045410e+02
2.059098483208474022e+02 2.445768489291089054e+02
2.049091347172474684e+02 2.440818555330761228e+02
2.039088105681052241e+02 2.435883703197993668e+02
2.029090063645882367e+02 2.430954319022309846e+02
2.019098176790480466e+02 2.426021494459725432e+02
2.009113138007816701e+02 2.421077307837477974e+02
1.999135501118282718e+02 2.416115305801171758e+02
1.989165585165445407e+02 2.411130942109369357e+02
1.979203381567719191e+02 2.406121796446728354e+02
1.969248630866269423e+02 2.401087825441449581e+02
1.959300540931206172e+02 2.396031499018681075e+02
1.949357832410410651e+02 2.390957380955164808e+02
1.939418984287863736e+02 2.385870931966081230e+02
1.929482562034979480e+02 2.380777883912186326e+02
1.919547290979874106e+02 2.375683980730422036e+02
1.909611958782265617e+02 2.370594787151782725e+02
1.899675285963682825e+02 2.365515647017100491e+02
1.889735655540774246e+02 2.360451709769533863e+02
1.879790785259956749e+02 2.355407756185022095e+02
1.869837689028741465e+02 2.350388087862298221e+02
1.859872804957567496e+02 2.345396678897830327e+02
1.849892111195634925e+02 2.340437497416636177e+02
1.839891406426567357e+02 2.335514469210444872e+02
1.829866662824649097e+02 2.330631252300579490e+02
1.819814576527735426e+02 2.325791204081109242e+02
1.809732979809548965e+02 2.320997216655556201e+02
1.799621463623722093e+02 2.316251524902232859e+02
1.789481566030014505e+02 2.311555828930598864e+02
1.779317210469653787e+02 2.306911429782132927e+02
1.769134861208356142e+02 2.302319581477871964e+02
1.758943511389953471e+02 2.297781640875952860e+02
1.748754500065836055e+02 2.293299295315579513e+02
1.738581210143199769e+02 2.288874718709112415e+02
1.728438682442154004e+02 2.284510256505435848e+02
1.718343109113862397e+02 2.280208159091338587e+02
1.708311250310782725e+02 2.275970064175450034e+02
1.698360012011757476e+02 2.271796391256783920e+02
1.688505912038965562e+02 2.267685874653530789e+02
1.678764466341250454e+02 2.263635075495022306e+02
1.669149715525278452e+02 2.259637875532777969e+02
1.659673956825500909e+02 2.255685323648162068e+02
1.650347595155307658e+02 2.251765553911907887e+02
1.641179132069357820e+02 2.247863865447566525e+02
1.632175372889969367e+02 2.243962945139064971e+02
1.623341781354402258e+02 2.240043282269472797e+02
1.614682732582982112e+02 2.236083711850669147e+02
1.606201900709580173e+02 2.232061599670931855e+02
1.597902724428328156e+02 2.227953188367556550e+02
1.589788836311774389e+02 2.223734423069587365e+02
1.581864156311746683e+02 2.219381452653829854e+02
1.574133064474588082e+02 2.214871192034318312e+02
1.566600512882562271e+02 2.210181943667844848e+02
1.559271839437939775e+02 2.205293875176857625e+02
1.552152759684697685e+02 2.200189649296375478e+02
1.545249252663737423e+02 2.194854742419067293e+02
1.538567195880460474e+02 2.189277829889077225e+02
1.532112034553691160e+02 2.183450841713099635e+02
1.525888525921455141e+02 2.177368629213015083e+02
1.519900771834734030e+02 2.171028765432187129e+02
1.514152003708946097e+02 2.164431162311566368e+02
1.508644487205684186e+02 2.157577709421884151e+02
1.503379508076039883e+02 2.150471823741941648e+02
1.498357498641205723e+02 2.143117951258512335e+02
1.493578111681003975e+02 2.135521267900319060e+02
1.489040684808806532e+02 2.127687345538139141e+02
1.484744822629509713e+02 2.119621989528353367e+02
1.480690819430238321e+02 2.111331034182840085e+02
1.476880297828279254e+02 2.102820451068657803e+02
1.473316828329393502e+02 2.094096387054001980e+02
1.470006438505959068e+02 2.085165230923673789e+02
1.466958121396223760e+02 2.076033739989494791e+02
1.464184071589659197e+02 2.066709343180569078e+02
1.461699763273002759e+02 2.057200292069159957e+02
1.459523739858512101e+02 2.047515688142060810e+02
1.457677230381185041e+02 2.037665757844061432e+02
1.456183563056920889e+02 2.027662345006593227e+02
1.455067344053472880e+02 2.017519000194533589e+02
1.454353545360284841e+02 2.007251138878786776e+02
1.454066491628240101e+02 1.996876278303982986e+02
1.454228799480093812e+02 1.986414083723111048e+02
1.454860430706065131e+02 1.975886116085391109e+02
1.455977903758358707e+02 1.965315711790218813e+02
1.457593866124055353e+02 1.954727797120320361e+02
1.459716667217257395e+02 1.944148662678278185e+02
1.462350266306181368e+02 1.933605352139788920e+02
1.465494229134529860e+02 1.923125152166822716e+02
1.469144036334135421e+02 1.912734946356820274e+02
1.473291470662538813e+02 1.902460660222821502e+02
1.477925200848542886e+02 1.892326968747968294e+02
1.483031413745970610e+02 1.882357134578126647e+02
1.488594344418820015e+02 1.872573004902883440e+02
1.494596731948447257e+02 1.862995337400037101e+02
1.501020259136863615e+02 1.853643825945738968e+02
1.507845969875061201e+02 1.844537306049837184e+02
1.515054506656318267e+02 1.835693947955410295e+02
1.522626184468189763e+02 1.827131727637676590e+02
1.530540998974266529e+02 1.818868566922012064e+02
1.538910763436848015e+02 1.811127566102621529e+02
1.547433124221367962e+02 1.803813062138238195e+02
1.556004888881312809e+02 1.796958468259516053e+02
1.564603333331974397e+02 1.790557788970300521e+02
1.573247190185529405e+02 1.784590145687282643e+02
1.581963650955315757e+02 1.779035569712397660e+02
1.590776682773452535e+02 1.773879030906656737e+02
1.599704721181769855e+02 1.769110207719913888e+02
1.608761244494001801e+02 1.764722384553992640e+02
1.617955807599963691e+02 1.760711395093898375e+02
1.627295032527738954e+02 1.757074815098707461e+02
1.636783295136723382e+02 1.753811451272753459e+02
1.646423330649079162e+02 1.750920919090712005e+02
1.656216576736626678e+02 1.748403407231507174e+02
1.666163506089322937e+02 1.746259481879035604e+02
