1.862847657260686560e+02 1.878183307970299722e+02
1.872233671458837421e+02 1.875415182971567845e+02
1.881700335764547276e+02 1.873108760871950267e+02
1.891250937335772733e+02 1.871265133043319224e+02
1.900889560900614015e+02 1.869886898465541094e+02
1.910621223794314290e+02 1.868978856810174705e+02
1.920451923226518147e+02 1.868549059709132507e+02
1.930388452999060007e+02 1.868610347149044628e+02
1.940437427425536328e+02 1.869182466850174933e+02
1.950601726503784903e+02 1.870294107835031525e+02
1.960870331404230456e+02 1.871981150113296337e+02
1.971195988747112153e+02 1.874270047567506481e+02
1.981480215589033946e+02 1.877137684145666299e+02
1.991613400059688104e+02 1.880687422628736272e+02
2.001708451070573460e+02 1.884616854978290803e+02
2.011765228286826641e+02 1.888889479614828417e+02
2.021784141028509225e+02 1.893468816855549903e+02
2.031765956197343428e+02 1.898318964889056133e+02
2.041711242177138104e+02 1.903405337917108682e+02
2.051620360612628531e+02 1.908695046065685972e+02
2.061493187386129193e+02 1.914157309445334647e+02
2.071329327157386047e+02 1.919763712852270032e+02
2.081128393776464520e+02 1.925488651939435840e+02
2.090890197426778911e+02 1.931309467296652542e+02
2.100614851741111409e+02 1.937206116691319835e+02
2.110302589038394103e+02 1.943160931014012363e+02
2.119953494281135136e+02 1.949158428479258305e+02
2.129567473089593932e+02 1.955184943846757619e+02
2.139144016990263140e+02 1.961228383285244377e+02
2.148681929755445879e+02 1.967277928382667938e+02
2.158179120264910011e+02 1.973323901633348783e+02
2.167632554032012422e+02 1.979357695372631838e+02
2.177038146953064484e+02 1.985372059545547359e+02
2.186390977467375762e+02 1.991361466382168999e+02
2.195685670408275882e+02 1.997322398769579763e+02
2.204916728007607389e+02 2.003253307403003589e+02
2.214078644196904975e+02 2.009154413212424686e+02
2.223165652240369923e+02 2.015027351819502996e+02
2.232171592988792099e+02 2.020874790597669630e+02
2.241089678135188876e+02 2.026699813406244459e+02
2.249912494928688318e+02 2.032505240533247672e+02
2.258632062004176646e+02 2.038293359840324683e+02
2.267239977616418400e+02 2.044066009989218742e+02
2.275727723509805003e+02 2.049824867082965625e+02
2.284087019471170379e+02 2.055572162504527114e+02
2.292310532992996457e+02 2.061311168383713834e+02
2.300392395906510785e+02 2.067046358812083326e+02
2.308328907725119450e+02 2.072783725133304813e+02
2.316119175278264777e+02 2.078530799786979628e+02
2.323765441119762727e+02 2.084296733431684743e+02
2.331273083698418134e+02 2.090091824838630714e+02
2.338650416015294127e+02 2.095926656333333824e+02
2.345908256111316064e+02 2.101811604388726948e+02
2.353059448818925432e+02 2.107755829041903439e+02
2.360118370422378860e+02 2.113767053125956750e+02
2.367100438339741686e+02 2.119851571664331686e+02
2.374021700740428855e+02 2.126013802887268298e+02
2.380898150646665385e+02 2.132256553454720347e+02
2.387745417736815625e+02 2.138580931768344726e+02
2.394578636907117755e+02 2.144986875251300376e+02
2.401412575861447465e+02 2.151473263134998888e+02
2.408261764648199801e+02 2.158037939266928333e+02
2.415140748243660198e+02 2.164678057656075509e+02
2.422064477326108261e+02 2.171390050919790724e+02
2.429048311566744758e+02 2.178169940427578695e+02
2.436107942722993869e+02 2.185013654711775359e+02
2.443259252075116592e+02 2.191917146410614805e+02
2.450518248925830846e+02 2.198876460953766241e+02
2.457900705230182439e+02 2.205887518606677133e+02
2.465421438576567255e+02 2.212945968924067870e+02
2.473093577119550446e+02 2.220046954791803273e+02
2.480927772577270218e+02 2.227184965365964615e+02
2.488931524068484293e+02 2.234353651401096101e+02
2.497108623868641928e+02 2.241545553195667821e+02
2.505458792905141934e+02 2.248751842645778538e+02
2.513977461241516664e+02 2.255962298490220235e+02
2.522655823520117906e+02 2.263165517559403952e+02
2.531481001999247269e+02 2.270349238378346683e+02
2.540436502334911779e+02 2.277500541074129501e+02
2.549502751336703454e+02 2.284606419143869687e+02
2.558657778801488121e+02 2.291654164296010947e+02
2.567877870435851264e+02 2.298631700654279371e+02
2.577138225583886424e+02 2.305528159121807903e+02
2.586413760114535307e+02 2.312334214830289056e+02
2.595679625263874186e+02 2.319042608486952872e+02
2.604911586248098274e+02 2.325648214581685238e+02
2.614086418708358224e+02 2.332148210003425675e+02
2.623182390807610318e+02 2.338542444556875921e+02
2.632179878974917528e+02 2.344833644331495464e+02
2.641061740847701458e+02 2.351027279739080029e+02
2.649813474755866309e+02 2.357131128861942102e+02
2.658423267933598027e+02 2.363154898407235294e+02
2.666881977560036034e+02 2.369109713177284107e+02
2.675183053761124370e+02 2.375007514262902930e+02
2.683322377221512056e+02 2.380860705447427108e+02
2.691298013091569032e+02 2.386681507731507565e+02
2.699110043577601914e+02 2.392481375574630817e+02
2.706760106227281995e+02 2.398270146707105539e+02
2.714251304337672650e+02 2.404055560078946598e+02
2.721588209984077480e+02 2.409843115892643368e+02
2.728777123048066642e+02 2.415635661110119088e+02
2.735826114715389394e+02 2.421433690464245672e+02
2.742745303732549473e+02 2.427235522476749168e+02
2.749546888392633264e+02 2.433037670236994359e+02
2.756245471265760330e+02 2.438835088485236042e+02
2.762858119663465573e+02 2.444621615024061043e+02
2.769404550014958204e+02 2.450390694876788871e+02
2.775906900779186799e+02 2.456135705450620890e+02
2.782389445633025957e+02 2.461850730512723544e+02
2.788877928479178081e+02 2.467531245963885453e+02
2.795398881225520427e+02 2.473174215101225286e+02
2.801978585975640499e+02 2.478777976139247130e+02
2.808642255004414210e+02 2.484342234467106891e+02
2.815413367883637648e+02 2.489868188336993740e+02
2.822312960133780280e+02 2.495358583487159763e+02
2.829359020289841169e+02 2.500817380019699954e+02
2.836566055412989726e+02 2.506249492939826951e+02
2.843944777610115580e+02 2.511660025194331638e+02
2.851502114372722758e+02 2.517053327675246805e+02
2.859241505819089753e+02 2.522432205464786534e+02
2.867163610542394281e+02 2.527797192936440638e+02
2.875266867381025122e+02 2.533146015782748464e+02
2.883548077616908927e+02 2.538473033480445906e+02
2.892002934202421898e+02 2.543769280749796735e+02
2.900626578167775733e+02 2.549022639632532332e+02
2.909413783167892689e+02 2.554218093543917121e+02
2.918358939905475609e+02 2.559338447104226475e+02
2.927455949709756737e+02 2.564365084013751925e+02
2.936697973866825464e+02 2.569279381960820956e+02
2.946077228998281043e+02 2.574063848460741610e+02
2.955584713924970970e+02 2.578702725088025431e+02
2.965210201013137521e+02 2.583182387382768184e+02
2.974942375925306237e+02 2.587491357877151472e+02
2.984769015152611473e+02 2.591619959855252660e+02
2.994677212453696029e+02 2.595560022182879152e+02
3.004653623774499351e+02 2.599304654553707223e+02
3.014684819933104905e+02 2.602847664983153209e+02
3.024757586071104924e+02 2.606183126185394485e+02
3.034859286328952521e+02 2.609305163413329751e+02
3.044978218136699297e+02 2.612208222186187641e+02
3.055103947158456776e+02 2.614887305591467452e+02
3.065227544685794783e+02 2.617338559557842927e+02
3.075341925440436626e+02 2.619559840296208790e+02
3.085441923444951726e+02 2.621550905985981217e+02
3.095524388105120579e+02 2.623313598896430676e+02
3.105588144481372979e+02 2.624852294632314624e+02
3.115633787494253397e+02 2.626174167743763519e+02
3.125663370915243036e+02 2.627289235007837078e+02
3.135679959419204579e+02 2.628210255714014352e+02
3.145687149083687473e+02 2.628952241175571203e+02
3.155688465752862157e+02 2.629532061621399635e+02
3.165686918171687694e+02 2.629968296493196362e+02
3.175684658111229624e+02 2.630281687198370264e+02
3.185683002094743301e+02 2.630495057561459475e+02
3.195682436157292159e+02 2.630633093875621284e+02
3.205682854229422674e+02 2.630721959969882278e+02
3.215683751724842523e+02 2.630788671250821267e+02
3.225684547537525191e+02 2.630860081431697495e+02
3.235684682412414190e+02 2.630962034462166343e+02
3.245683642527167194e+02 2.631118274783401034e+02
3.255680978530622838e+02 2.631349567534059020e+02
3.265676322201464359e+02 2.631672928730510534e+02
3.275669389909758138e+02 2.632101465304282897e+02
3.285659977640989950e+02 2.632644605048228073e+02
3.295647969000878561e+02 2.633307726703126264e+02
3.305633328075945769e+02 2.634092489880443964e+02
3.315616088832553032e+02 2.634997324947649417e+02
3.325596334996698715e+02 2.636018362810538633e+02
3.335574182962665191e+02 2.637150224728331978e+02
3.345549765783396765e+02 2.638386762140474389e+02
3.355523216944529281e+02 2.639721806491089637e+02
3.365494665388426938e+02 2.641149399175151302e+02
3.375464230754566870e+02 2.642664011486988329e+02
3.385432006937220422e+02 2.644261304442403002e+02
3.395398049970067405e+02 2.645938688647600543e+02
3.405362370021380798e+02 2.647695694212587227e+02
3.415324933773838438e+02 2.649533860776916185e+02
3.425285738131755693e+02 2.651457029172583475e+02
3.435245113396063630e+02 2.653471197949522207e+02
3.445203830813020431e+02 2.655584175620983274e+02
3.455163044056949389e+02 2.657805049273164855e+02
3.465124119873331665e+02 2.660143690785664603e+02
3.475088446517391958e+02 2.662609902487155864e+02
3.485057215399163510e+02 2.665211952088455405e+02
3.495031279248291298e+02 2.667955269308905599e+02
3.505010989850821943e+02 2.670841162065391927e+02
3.514996077769479257e+02 2.673865903656483738e+02
3.524985244773705517e+02 2.677020153809304475e+02
3.534976141851495868e+02 2.680288588117091422e+02
3.544965462046559992e+02 2.683650230125422809e+02
3.554949545555938357e+02 2.687078684477846195e+02
3.564924743153010809e+02 2.690542444850472066e+02
3.574887712963547415e+02 2.694005970624611450e+02
3.584835461071970713e+02 2.697431508191571652e+02
3.594765499936063406e+02 2.700781014830184290e+02
3.604676049388467618e+02 2.704017963477824082e+02
3.614566216128446285e+02 2.707109217052333747e+02
3.624436082107243919e+02 2.710026490706463846e+02
3.634286523147254115e+02 2.712747338134613528e+02
3.644118611166771871e+02 2.715256428939161424e+02
3.653933314125317793e+02 2.717546472355104470e+02
3.663731232885040754e+02 2.719618821698618945e+02
3.673512270638911446e+02 2.721483497220622780e+02
3.683275295324380068e+02 2.723158608668058491e+02
3.693017663800570176e+02 2.724669694835070004e+02
3.702734870062232631e+02 2.726048415646115473e+02
3.712420298019295615e+02 2.727331496560376536e+02
3.722065469354040488e+02 2.728559443633311048e+02
3.731660599961904836e+02 2.729774865162208926e+02
3.741195134062902525e+02 2.731021362981993548e+02
3.750658533014126306e+02 2.732342209221175722e+02
3.760041026170218288e+02 2.733779852430841402e+02
3.769334380224711367e+02 2.735375494129949061e+02
3.778532448602882141e+02 2.737168660591017897e+02
3.787631521766786022e+02 2.739196730308241854e+02
3.796630381314137708e+02 2.741494745123694088e+02
3.805529893968503075e+02 2.744095221399260254e+02
3.814332249547991296e+02 2.747027773442236480e+02
3.823040246758770877e+02 2.750318837989254916e+02
3.831656794131758943e+02 2.753991163289654196e+02
3.840184517904703512e+02 2.758063440535885320e+02
3.848625505066150936e+02 2.762549698162601430e+02
3.856981128111470980e+02 2.767458617895233033e+02
3.865251749610601451e+02 2.772792858200076012e+02
3.873437015942951120e+02 2.778547960383097006e+02
3.881536117145071785e+02 2.784711433997578069e+02
3.889548331760240103e+02 2.791262538580645582e+02
3.897473296991601615e+02 2.798172279496961323e+02
3.905311131532322975e+02 2.805403740673983179e+02
3.913062454957601517e+02 2.812912575136316491e+02
3.920728423217763066e+02 2.820647675930630953e+02
3.928311093929240769e+02 2.828552784405015927e+02
3.935814086403025840e+02 2.836568344922561096e+02
3.943242825540771719e+02 2.844634100745533942e+02
3.950604569722354995e+02 2.852691965310759770e+02
3.957908501059203559e+02 2.860688784828818143e+02
3.965165752803433179e+02 2.868578769446058345e+02
3.972389224164246571e+02 2.876325579726574233e+02
3.979593124492761831e+02 2.883903977177131424e+02
3.986792067959124779e+02 2.891300984932508413e+02
3.993999652370442845e+02 2.898515927017946296e+02
4.001226461972973993e+02 2.905559814996965429e+02
4.008478589392103686e+02 2.912453855644801024e+02
4.015756433134129111e+02 2.919227704524047340e+02
4.023053592809711745e+02 2.925916901482991079e+02
4.030355894805327353e+02 2.932560749079815423e+02
4.037640917188647336e+02 2.939200231817087001e+02
4.044877991256382188e+02 2.945876095725760138e+02
4.052028701234324330e+02 2.952627018747766101e+02
4.059047953457022686e+02 2.959488273554340481e+02
4.065885575901826314e+02 2.966490841944062709e+02
4.072487769488809022e+02 2.973660446014420131e+02
4.078798587210216056e+02 2.981016679959020053e+02
4.084761274465860197e+02 2.988573009064999724e+02
4.090319783902012887e+02 2.996336562437489874e+02
4.095420267875158515e+02 3.004308035265630679e+02
4.100012310976609911e+02 3.012481585463586953e+02
4.104049769619555263e+02 3.020844861841293323e+02
4.107491181943092897e+02 3.029379012974652028e+02
4.110300010397942856e+02 3.038059032534608832e+02
4.112444592065967299e+02 3.046854668425120849e+02
4.113898211809822669e+02 3.055731664656395878e+02
4.114639034327928471e+02 3.064652590068889140e+02
4.114649666728720376e+02 3.073577639057177748e+02
4.113916945813035113e+02 3.082465217104943349e+02
4.112431799496421831e+02 3.091272797987526815e+02
4.110189558342467535e+02 3.099957780712409203e+02
4.107190423597141375e+02 3.108478509883781840e+02
4.103440086486104974e+02 3.116795239326351066e+02
4.098950367074650103e+02 3.124871116137156264e+02
4.093739573147437341e+02 3.132672698571016667e+02
4.087832608930403921e+02 3.140170478514972956e+02
4.081261155743408153e+02 3.147339315498223300e+02
4.074063262141920632e+02 3.154158887930609012e+02
4.066282756218579379e+02 3.160613580361589356e+02
4.057968239084784727e+02 3.166692311664380668e+02
4.049172018582673900e+02 3.172388351924354311e+02
4.039948896710097301e+02 3.177698966122034108e+02
4.030354972668255868e+02 3.182624798093295340e+02
4.020446822575203214e+02 3.187169412675602871e+02
4.010280586991212317e+02 3.191338475775065717e+02
3.999910951760825810e+02 3.195139242197450926e+02
3.989390014507986280e+02 3.198579780943912283e+02
3.978766230509135653e+02 3.201668692339141558e+02
3.968083526795762737e+02 3.204414908818678782e+02
3.957380621664517548e+02 3.206827710210351370e+02
3.946690554354527194e+02 3.208916733561314913e+02
3.936039931499318527e+02 3.210691666763615331e+02
3.925448598672753633e+02 3.212161711322468705e+02
3.914929458654647760e+02 3.213335198334618212e+02
3.904489049518523984e+02 3.214219220909016599e+02
3.894128460259967710e+02 3.214819383917529763e+02
3.883844484205347953e+02 3.215139658914540064e+02
3.873630780687429933e+02 3.215182319254182630e+02
3.863478810020013725e+02 3.214947720266716260e+02
3.853378693296644428e+02 3.214434317864302102e+02
3.843320485167939751e+02 3.213639016158423942e+02
3.833295103886001698e+02 3.212557637691113541e+02
3.823294880356026511e+02 3.211185435433312136e+02
3.813313653399014811e+02 3.209517775005517137e+02
3.803346763956159862e+02 3.207550864723272639e+02
3.793390789786769801e+02 3.205282460022331747e+02
3.783443360796520096e+02 3.202712539621611540e+02
3.773503011976521293e+02 3.199844092525788710e+02
3.763569052227133511e+02 3.196684095416113678e+02
3.753641143466006724e+02 3.193244473769530600e+02
3.743718896053544540e+02 3.189543233370693542e+02
3.733801762417388659e+02 3.185605678295646612e+02
3.723889024071643803e+02 3.181465010771394759e+02
3.713979783395719210e+02 3.177162711086957643e+02
3.704072969042986188e+02 3.172748287651889996e+02
3.694167354762900572e+02 3.168278407199902063e+02
3.684261593151018701e+02 3.163815335153992692e+02
3.674354254591322615e+02 3.159425136047750584e+02
3.664443873121622346e+02 3.155175554021546986e+02
3.654528996625890613e+02 3.151133693365551380e+02
3.644608238973704601e+02 3.147363609083802771e+02
3.634680322207766494e+02 3.143924357350618948e+02
3.624744112673727727e+02 3.140868325901472531e+02
3.614798649794238372e+02 3.138239904344280831e+02
3.604843154290108487e+02 3.136075104248351408e+02
3.594877027747609191e+02 3.134401579139698697e+02
3.584899858676174063e+02 3.133238344566578348e+02
3.574911428133398203e+02 3.132595518160345591e+02
3.564911706479846316e+02 3.132474469600344378e+02
3.554900848186739495e+02 3.132868060557732406e+02
3.544879177124414582e+02 3.133761324536328061e+02
3.534847164927695644e+02 3.135132466638548294e+02
3.524805405250692161e+02 3.136954053286887074e+02
3.514754589319671823e+02 3.139194141959430908e+02
3.504695486245553866e+02 3.141817190976865390e+02
3.494628921389280549e+02 3.144785059268423311e+02
3.484555756241617814e+02 3.148057936154211234e+02
3.474476870250072125e+02 3.151595181148599067e+02
3.464393148703497900e+02 3.155355883829155346e+02
3.454305476458055182e+02 3.159299153768765791e+02
3.444214742047793152e+02 3.163383930580105243e+02
3.434121836386568702e+02 3.167569043901595478e+02
3.424027649090160139e+02 3.171813383357614953e+02
3.413933068476269455e+02 3.176075898558498238e+02
3.403838975723172098e+02 3.180315869037342509e+02
3.393746239028367881e+02 3.184493174186809483e+02
3.383655698031653856e+02 3.188569013090608451e+02
3.373568141531454785e+02 3.192506934282417319e+02
3.363484287148282874e+02 3.196273775525870633e+02
3.353404758608375005e+02 3.199840713568798947e+02
3.343330072979269403e+02 3.203183854005138187e+02
3.333260635477490723e+02 3.206284471218755243e+02
3.323196733627206072e+02 3.209129278320253320e+02
3.313138532284257280e+02 3.211710657093137229e+02
3.303086052001537496e+02 3.214027657759761496e+02
3.293039164918413917e+02 3.216086188936853887e+02
3.282997595409764244e+02 3.217898987642544739e+02
3.272960932417713025e+02 3.219485049429770243e+02
3.262928651951644383e+02 3.220868588629697342e+02
3.252900147376673203e+02 3.222077638679399456e+02
3.242874766841549103e+02 3.223142322526771295e+02
3.232851772672397601e+02 3.224093031325745642e+02
3.222830083630453828e+02 3.224958468402307972e+02
3.212808143415755922e+02 3.225763405884555368e+02
3.202783726418107335e+02 3.226527030112923171e+02
3.192753963029586544e+02 3.227261771914025985e+02
3.182715330899235937e+02 3.227972786289682290e+02
3.172663905307238110e+02 3.228657937830244578e+02
3.162595489009608514e+02 3.229308733742125810e+02
3.152506100962623350e+02 3.229911774760759613e+02
3.142392455960711004e+02 3.230450625965266909e+02
3.132252610078239741e+02 3.230907421117846070e+02
3.122086452422793172e+02 3.231264173609511090e+02
3.111896091844431567e+02 3.231503394971161924e+02
3.101686092768935623e+02 3.231608290021428047e+02
3.091463551284851405e+02 3.231562938555305777e+02
3.081238076662594949e+02 3.231352224927851466e+02
3.071021550977933430e+02 3.230961852857188319e+02
3.060827856579024342e+02 3.230378459555074642e+02
3.050672486610391161e+02 3.229589587294076978e+02
3.040572148397468482e+02 3.228583984897511527e+02
3.030544362287883473e+02 3.227352119180229693e+02
3.020607252611720241e+02 3.225886590523392101e+02
3.010778993916021591e+02 3.224182300933293845e+02
3.001077560806953102e+02 3.222236458630363813e+02
2.991520374740799753e+02 3.220048260333264238e+02
2.982123950769228031e+02 3.217618113434295992e+02
2.972903386439724045e+02 3.214946294627999919e+02
2.963871834640684142e+02 3.212031888257868673e+02
2.955040311607303920e+02 3.208871951967342966e+02
2.946417384352249087e+02 3.205461169856312722e+02
2.938009039398003210e+02 3.201791909654567689e+02
2.929818716106507281e+02 3.197854993623309952e+02
2.921847472790865368e+02 3.193640342299589747e+02
2.914093944652712480e+02 3.189137993824873547e+02
2.906554720755888184e+02 3.184339172350798322e+02
2.899224522607074732e+02 3.179237742243059301e+02
2.892096570915475695e+02 3.173831286268475651e+02
2.885162765425791918e+02 3.168122039704239796e+02
2.878413959876733088e+02 3.162117126341785251e+02
2.871840018309079596e+02 3.155828729745069836e+02
2.865430124298360397e+02 3.149273669841609262e+02
2.859173014578904031e+02 3.142473237938232273e+02
2.853057351507658268e+02 3.135452624645291735e+02
2.847071915091724463e+02 3.128239903793296435e+02
2.841205451804533482e+02 3.120864698849964611e+02
2.835446581008176281e+02 3.113356960609624480e+02
2.829783594043368566e+02 3.105746082639560086e+02
2.824204398308336295e+02 3.098060249917727447e+02
2.818696454585244169e+02 3.090325637289227529e+02
2.813246828713529339e+02 3.082565870458082600e+02
2.807842060925559053e+02 3.074801593059031006e+02
2.802468279931459847e+02 3.067050279081810231e+02
2.797111360547596632e+02 3.059326806415626265e+02
2.791757617953460340e+02 3.051644192041219981e+02
2.786394370464561234e+02 3.044014394394046690e+02
2.781010735450952325e+02 3.036448510629842872e+02
2.775598443736649301e+02 3.028957044306505964e+02
2.770152472743097292e+02 3.021550229157699050e+02
2.764671272108415678e+02 3.014238234022001848e+02
2.759156464839346654e+02 3.007031106364222524e+02
2.753612261559924264e+02 2.999938569555446861e+02
2.748044986897863851e+02 2.992969722556288730e+02
2.742462293780044433e+02 2.986132832870008542e+02
2.736872564176252922e+02 2.979434833460080654e+02
2.731283946249292285e+02 2.972880981839502965e+02
2.725703349783689191e+02 2.966474598276001302e+02
2.720135514843216811e+02 2.960216655546761331e+02
2.714582492541632064e+02 2.954105737695447260e+02
2.709043904549138801e+02 2.948138065652522641e+02
2.703517186110785815e+02 2.942307822569007953e+02
2.697997984176348609e+02 2.936606782342926181e+02
2.692480303208905639e+02 2.931024042711346169e+02
2.686956779448570956e+02 2.925545831138540507e+02
2.681419163658380285e+02 2.920155845339716052e+02
2.675858833908886254e+02 2.914836054562458116e+02
2.670267416173548440e+02 2.909567603224584218e+02
2.664637064138314031e+02 2.904331747186854500e+02
2.658960697027712854e+02 2.899110419030562298e+02
2.653231995323668571e+02 2.893886888119399714e+02
2.647445442578363668e+02 2.888646601700929182e+02
2.641596254178283516e+02 2.883377703486798396e+02
2.635680045303722636e+02 2.878071586598586009e+02
2.629692544458200132e+02 2.872722727331212695e+02
2.623629095919564520e+02 2.867328104252690650e+02
2.617484246931992402e+02 2.861886399086143911e+02
2.611251607430944546e+02 2.856397083461251896e+02
2.604923573957204326e+02 2.850859772790012698e+02
2.598491215913271617e+02 2.845273473629776504e+02
2.591944504165721810e+02 2.839636188536489954e+02
2.585272766394267592e+02 2.833945135967469469e+02
2.578465536027429152e+02 2.828196808661469959e+02
2.571512992401624729e+02 2.822387433268944505e+02
2.564406977709932676e+02 2.816513122388930128e+02
2.557141444779038011e+02 2.810570444389906015e+02
2.549713200835993234e+02 2.804556719570227301e+02
2.542122254443184772e+02 2.798470627806155449e+02
2.534372401033313622e+02 2.792312421269475067e+02
2.526471175779332725e+02 2.786084253484872875e+02
2.518430008318955231e+02 2.779789962626621787e+02
2.510263939791342409e+02 2.773435205428118593e+02
2.501991779508729508e+02 2.767027150499634445e+02
2.493635831125389188e+02 2.760574652444838648e+02
2.485221887615933554e+02 2.754088021698280500e+02
2.476778425575480753e+02 2.747578817045818482e+02
2.468335797959661022e+02 2.741059248019977872e+02
2.459925109541411246e+02 2.734541910508998512e+02
2.451577268818366235e+02 2.728039226113983773e+02
2.443322055372296404e+02 2.721563091889592556e+02
2.435187220250373059e+02 2.715124390766538340e+02
2.427197481610221246e+02 2.708732719759128713e+02
2.419373565980612284e+02 2.702395859099049176e+02
2.411731482110210720e+02 2.696119586481877946e+02
2.404282162349913108e+02 2.689907609292661732e+02
2.397031616125009634e+02 2.683761867997241666e+02
2.389981266177721011e+02 2.677682713458231660e+02
2.383128321771520746e+02 2.671669225083625179e+02
2.376466120604407877e+02 2.665719588312306882e+02
2.369984582643543263e+02 2.659831384500449758e+02
2.363670463790355143e+02 2.654001886478636720e+02
2.357507444128704037e+02 2.648228140480258048e+02
2.351476298534131502e+02 2.642506939826411667e+02
2.345555134021532808e+02 2.636834950090133702e+02
2.339719621422092075e+02 2.631208634091083240e+02
2.333943135999556375e+02 2.625624224931411277e+02
2.328196675043415098e+02 2.620077374130564749e+02
2.322449001730369957e+02 2.614562974696265769e+02
2.316667065891411141e+02 2.609075130220410870e+02
2.310816922065719723e+02 2.603607254764210097e+02
2.304864824267241659e+02 2.598152326602432822e+02
2.298778328585457302e+02 2.592703242160609989e+02
2.292527101265029046e+02 2.587252913520350148e+02
2.286083452089022501e+02 2.581794580031825035e+02
2.279423203958931481e+02 2.576321837133550616e+02
2.272526380399101527e+02 2.570829221363211445e+02
2.265377926082983322e+02 2.565312656050295459e+02
2.257967948553458086e+02 2.559769836635806541e+02
2.250291654558997152e+02 2.554200399334400231e+02
2.242349128590728355e+02 2.548605986358379027e+02
2.234144777556780070e+02 2.542990023851456840e+02
2.225686635056699174e+02 2.537357516788990779e+02
2.216985674139103253e+02 2.531714914078178253e+02
2.208054983553643353e+02 2.526069810666851367e+02
2.198909159578815320e+02 2.520430394256400746e+02
2.189564032794229433e+02 2.514805129316638954e+02
2.180036627395202231e+02 2.509202326104711460e+02
2.170345098781258173e+02 2.503629789232593907e+02
2.160508663743129887e+02 2.498094346046327701e+02
2.150547573931317231e+02 2.492601686014430697e+02
2.140483330133862694e+02 2.487156165317977070e+02
2.130338662713723465e+02 2.481760786422592560e+02
2.120137583111493882e+02 2.476417129176559797e+02
2.109905011984888574e+02 2.471125432784951386e+02
2.099665995884033975e+02 2.465884278788488473e+02
2.089444678790625858e+02 2.460690508793917957e+02
2.079263356280243329e+02 2.455539484071934453e+02
2.069141436460539865e+02 2.450425493172872393e+02
2.059094563035445731e+02 2.445342063027337076e+02
2.049133893526570205e+02 2.440282033348218533e+02
2.039265800641498743e+02 2.435237490154340776e+02
2.029491977704772125e+02 2.430199978101122724e+02
2.019809825754107351e+02 2.425160638887650748e+02
2.010213234268946394e+02 2.420110648249735448e+02
2.000693507274901890e+02 2.415041406040315621e+02
1.991240365102548253e+02 2.409944927993834085e+02
1.981843054560310691e+02 2.404813849745351035e+02
1.972491325243552751e+02 2.399641607995027641e+02
1.963176222424249886e+02 2.394422777740927017e+02
1.953890775807760178e+02 2.389153137195204408e+02
1.944630419218175064e+02 2.383829686868308784e+02
1.935392939311943792e+02 2.378450708473206703e+02
1.926178300812314319e+02 2.373015521087324942e+02
1.916988220936902110e+02 2.367524271896472783e+02
1.907825834407499315e+02 2.361977238784220106e+02
1.898695230915857337e+02 2.356374480243205767e+02
1.889601444647598782e+02 2.350715395045426135e+02
1.880550420781969194e+02 2.344998421447069177e+02
1.871548959832806247e+02 2.339220835937248353e+02
1.862604733965970070e+02 2.333378923630903614e+02
1.853726431942541808e+02 2.327467751351483400e+02
1.844923594180305599e+02 2.321481394115571675e+02
1.836206772067264978e+02 2.315412968587405373e+02
1.827587610801147093e+02 2.309254964948753468e+02
1.819078855276487161e+02 2.302999437070790520e+02
1.810694443354487362e+02 2.296638314605004325e+02
1.802449712352325264e+02 2.290163567489017282e+02
1.794361322785495645e+02 2.283567494364285437e+02
1.786447326404313856e+02 2.276842814069458143e+02
1.778726990825043686e+02 2.269982911903978220e+02
1.771220859083165919e+02 2.262981860921477448e+02
1.763950825504073237e+02 2.255834613616076467e+02
1.756939809674541095e+02 2.248536814825088186e+02
1.750211613662995092e+02 2.241084928669743590e+02
1.743790337566259439e+02 2.233475975849276551e+02
1.737699725505383697e+02 2.225707249425266241e+02
1.731962696817378173e+02 2.217776254665067484e+02
1.726600721873406030e+02 2.209680895581529683e+02
1.721633435028296617e+02 2.201419796634603472e+02
1.717078317724291878e+02 2.192992155841027113e+02
1.712950136891346915e+02 2.184397812640211782e+02
1.709260727162084095e+02 2.175637143158030256e+02
1.706018930236800770e+02 2.166711088901718654e+02
1.703230918315838665e+02 2.157621463829083552e+02
1.700900778120146697e+02 2.148371237049738056e+02
1.699031085563215697e+02 2.138964785317009216e+02
1.697623599916505555e+02 2.129407708002641471e+02
1.696679673929828596e+02 2.119706825969332442e+02
1.696200658110385007e+02 2.109870450380075795e+02
1.696188196758311619e+02 2.099908569146417960e+02
1.696644501023800444e+02 2.089833633019935917e+02
1.697572451741925192e+02 2.079660887894806933e+02
1.698975431681624286e+02 2.069408731262010122e+02
1.700856820254074933e+02 2.059098951333498064e+02
1.703219485146482555e+02 2.048756646024922645e+02
1.706065074002687538e+02 2.038410137611436426e+02
1.709393584910765753e+02 2.028090483320802093e+02
1.713202888200416965e+02 2.017830924858819230e+02
1.717488378380535323e+02 2.007665870640906007e+02
1.722242697791167529e+02 1.997629799556837042e+02
1.727455668042855450e+02 1.987756269255337997e+02
1.733114502734255780e+02 1.978077330609106923e+02
1.739204073232633050e+02 1.968623263403010242e+02
1.745707309229275666e+02 1.959422554994954453e+02
1.752815211167318523e+02 1.950561837884744705e+02
1.760180014951905036e+02 1.942153094536762126e+02
1.767680831087279216e+02 1.934290211526809173e+02
1.775286550867583628e+02 1.926977876926970907e+02
1.783011342626090823e+02 1.920184889961099657e+02
1.790879242589975320e+02 1.913877942848073701e+02
1.798912044518788775e+02 1.908030750935629953e+02
1.807126870318950296e+02 1.902624460236905861e+02
1.815536463949249537e+02 1.897646083422910408e+02
1.824150064974258498e+02 1.893086958360734400e+02
1.832974234554981194e+02 1.888941555704459461e+02
1.842013434356251764e+02 1.885206611216517558e+02
1.851270499419844953e+02 1.881880535860050259e+02
