1.719672728865439240e+02 1.746539051995064256e+02
1.729653663057538324e+02 1.745605108197027278e+02
1.739622580892488486e+02 1.745067082089376811e+02
1.749579846146211253e+02 1.744926175240703401e+02
1.759525995548158335e+02 1.745184484868568120e+02
1.769461763013169957e+02 1.745845194660927291e+02
1.779388175356497186e+02 1.746913047892013537e+02
1.789306547751835978e+02 1.748394827505004230e+02
1.799218652140962718e+02 1.750300071540701197e+02
1.809126650903081099e+02 1.752641941526985931e+02
1.819032973276492271e+02 1.755437668940907656e+02
1.828939412435147744e+02 1.758706987143233107e+02
1.838844552099580767e+02 1.762463619535599264e+02
1.848738004564895050e+02 1.766690823833604327e+02
1.858597709733457179e+02 1.771311996780186746e+02
1.868365401657621305e+02 1.776442346570562449e+02
1.878062061519719919e+02 1.781841778505940113e+02
1.887685242186545054e+02 1.787484736748647833e+02
1.897233681436067343e+02 1.793345851432790994e+02
1.906707351025913226e+02 1.799399970164797651e+02
1.916107272233002732e+02 1.805622302503093692e+02
1.925435507372450843e+02 1.811988369678176696e+02
1.934695295493273477e+02 1.818474148768461305e+02
1.943890882759235410e+02 1.825056057556212750e+02
1.953027420677549628e+02 1.831711011471402344e+02
1.962110789513899363e+02 1.838416638342130796e+02
1.971147674622355908e+02 1.845151730913956385e+02
1.980145524041797671e+02 1.851896655753229766e+02
1.989112579088837549e+02 1.858633664316335228e+02
1.998057794698347323e+02 1.865347210682860748e+02
2.006990728565331210e+02 1.872023978210353903e+02
2.015921426651492538e+02 1.878652695982550540e+02
2.024860204800464771e+02 1.885224082169342523e+02
2.033817472455691018e+02 1.891731048781792026e+02
2.042803374945605128e+02 1.898168620801207283e+02
2.051827331271749131e+02 1.904534002210788515e+02
2.060897517982625686e+02 1.910826770453330425e+02
2.070020471780085245e+02 1.917048784353436872e+02
2.079200709692682381e+02 1.923203842457281780e+02
2.088440412553950978e+02 1.929297563391486676e+02
2.097739022459174407e+02 1.935337133555867979e+02
2.107092910190044108e+02 1.941331056936224115e+02
2.116495262537433177e+02 1.947288581428607870e+02
2.125936026870884916e+02 1.953219216939480418e+02
2.135402089841701070e+02 1.959131790364440349e+02
2.144877602382871942e+02 1.965033625054832669e+02
2.154344677569826558e+02 1.970930291839088682e+02
2.163783906747548542e+02 1.976825744716505255e+02
2.173175267295956132e+02 1.982722408390169733e+02
2.182498851084544071e+02 1.988621570509020273e+02
2.191735715294873899e+02 1.994523697580951875e+02
2.200868495473195026e+02 2.000428673649342102e+02
2.209881937105453460e+02 2.006336086523746189e+02
2.218763180033705282e+02 2.012245746631804195e+02
2.227501953215718231e+02 2.018157862998498331e+02
2.236090379663472163e+02 2.024073207413789817e+02
2.244522881940552566e+02 2.029992931486568466e+02
2.252795838380910425e+02 2.035918686287708965e+02
2.260907225978801591e+02 2.041852191336841429e+02
2.268856326583646705e+02 2.047795025608235164e+02
2.276643470350783787e+02 2.053748509706847756e+02
2.284269861275559776e+02 2.059713520499377637e+02
2.291737391217692732e+02 2.065690355419521040e+02
2.299048327317723874e+02 2.071678813037962072e+02
2.306205167820203883e+02 2.077677998606600340e+02
2.313210550903532976e+02 2.083686361314444184e+02
2.320067376744945022e+02 2.089701627954065941e+02
2.326779263069423109e+02 2.095720956789034517e+02
2.333350925884932394e+02 2.101741249227915773e+02
2.339788541438274478e+02 2.107759420910899166e+02
2.346100110896703086e+02 2.113772582837708853e+02
2.352295778384919345e+02 2.119778441183146640e+02
2.358388246249474491e+02 2.125775459948488333e+02
2.364392916206961104e+02 2.131763155371383220e+02
2.370327970821623467e+02 2.137742048371686110e+02
2.376213948246509347e+02 2.143713831748679866e+02
2.382073315146481605e+02 2.149681267199291028e+02
2.387929747028506995e+02 2.155648163512022961e+02
2.393807658760122195e+02 2.161619352337025930e+02
2.399731560924851692e+02 2.167600468591807896e+02
2.405725431927413922e+02 2.173597541256970374e+02
2.411812067079489452e+02 2.179616683520343372e+02
2.418012419507238917e+02 2.185663722645782912e+02
2.424344971650792502e+02 2.191743810759731446e+02
2.430825022863222671e+02 2.197861163155243673e+02
2.437464164499468211e+02 2.204018882313696110e+02
2.444269914325168145e+02 2.210218476611630649e+02
2.451245435432695103e+02 2.216459561670788787e+02
2.458389711615650697e+02 2.222740015740818649e+02
2.465698044413742878e+02 2.229056084801090947e+02
2.473162799135354817e+02 2.235402855371788746e+02
2.480774142701875746e+02 2.241774667049653829e+02
2.488520767255585895e+02 2.248165334525172625e+02
2.496390717659837435e+02 2.254568572839496312e+02
2.504372124496627521e+02 2.260978239695311629e+02
2.512453891933866430e+02 2.267388746478280268e+02
2.520626273825930355e+02 2.273795525919471174e+02
2.528881206591867112e+02 2.280195272287161288e+02
2.537212273171915342e+02 2.286586140386504837e+02
2.545614512508939811e+02 2.292967759795976974e+02
2.554084033664545359e+02 2.299341093115390890e+02
2.562617404887453176e+02 2.305708457472960333e+02
2.571211092657015342e+02 2.312072887243716366e+02
2.579860724748432972e+02 2.318438021678998950e+02
2.588560457491209945e+02 2.324807525477313845e+02
2.597302285176128294e+02 2.331184767721607045e+02
2.606075652656082298e+02 2.337572399952863123e+02
2.614867312076892745e+02 2.343971801576615235e+02
2.623661461903529926e+02 2.350382783937771194e+02
2.632440303633642884e+02 2.356803377083535338e+02
2.641184984395931110e+02 2.363230088429796467e+02
2.649876744000675330e+02 2.369658347705046708e+02
2.658498095913703878e+02 2.376082822862521766e+02
2.667033892526449108e+02 2.382497922573699611e+02
2.675472371039928134e+02 2.388897947973770215e+02
2.683805728050992911e+02 2.395277610301129698e+02
2.692030653247371674e+02 2.401632247160186466e+02
2.700148294879463151e+02 2.407958301695442174e+02
2.708164246433442486e+02 2.414253432238176060e+02
2.716088057461764151e+02 2.420516477475371175e+02
2.723932681714464934e+02 2.426747179608713054e+02
2.731713755045591938e+02 2.432945912360342504e+02
2.739448921479517480e+02 2.439113470465392766e+02
2.747156993596276493e+02 2.445251044231576429e+02
2.754857326756807652e+02 2.451359740367030895e+02
2.762569130328067786e+02 2.457440531096599443e+02
2.770310972758188655e+02 2.463494079092120614e+02
2.778100161860892285e+02 2.469520718694985817e+02
2.785952340456053093e+02 2.475520593732842372e+02
2.793881178934800005e+02 2.481493568167573471e+02
2.801898171111195097e+02 2.487439359973827777e+02
2.810012533359520717e+02 2.493357568096641899e+02
2.818231214912555629e+02 2.499247662758887145e+02
2.826558834860474008e+02 2.505109083598225084e+02
2.834997636110993540e+02 2.510941108212433051e+02
2.843547630472841092e+02 2.516742356325975152e+02
2.852206733138083905e+02 2.522510313644539792e+02
2.860971154319431662e+02 2.528240953542704688e+02
2.869835719102479743e+02 2.533928416604039171e+02
2.878794479891637366e+02 2.539564939136980684e+02
2.887841146818599327e+02 2.545140846207073650e+02
2.896969719573378939e+02 2.550644500749393728e+02
2.906174919630912541e+02 2.556062566779794452e+02
2.915452577044500231e+02 2.561380451312134596e+02
2.924799754632753661e+02 2.566582828359806854e+02
2.934214591386407847e+02 2.571654184443364670e+02
2.943696118614647617e+02 2.576579273230853460e+02
2.953243791374092098e+02 2.581343721624599539e+02
2.962857100162972301e+02 2.585934298124009842e+02
2.972535004212196554e+02 2.590339125759786612e+02
2.982275613753143375e+02 2.594547932585933836e+02
2.992075930742652758e+02 2.598552023814517042e+02
3.001931701657601934e+02 2.602344187314019450e+02
3.011837508362195308e+02 2.605918666348861734e+02
3.021786953476920417e+02 2.609270985113489587e+02
3.031772832117727603e+02 2.612397893908557762e+02
3.041787343011149005e+02 2.615297335519376247e+02
3.051822476801080484e+02 2.617968507004599132e+02
3.061870603052373099e+02 2.620411967523797898e+02
3.071924795859380311e+02 2.622629788267686877e+02
3.081979176718610915e+02 2.624625462801307663e+02
3.092029166534078968e+02 2.626403844667692624e+02
3.102071604956534543e+02 2.627971171013032290e+02
3.112104772191457300e+02 2.629335003219926534e+02
3.122128223014253194e+02 2.630504091818362440e+02
3.132142711349878823e+02 2.631488224131628613e+02
3.142149837707642632e+02 2.632298303634856893e+02
3.152151718121136810e+02 2.632946379942226258e+02
3.162150627342965095e+02 2.633445868101279075e+02
3.172148662030300557e+02 2.633811768492967644e+02
3.182147483589910735e+02 2.634060568998523877e+02
3.192148041638088785e+02 2.634210126569786325e+02
3.202150585510373162e+02 2.634279617554992114e+02
3.212154877496698759e+02 2.634289434109348349e+02
3.222160329747588889e+02 2.634260958237741193e+02
3.232166280812296577e+02 2.634216019921456109e+02
3.242172075297318088e+02 2.634176249233524914e+02
3.252177086883905872e+02 2.634162316687361454e+02
3.262180735288347364e+02 2.634193373493654349e+02
3.272182492016341939e+02 2.634286861647524347e+02
3.282181881271588395e+02 2.634458483942285056e+02
3.292178489041646685e+02 2.634721904107065598e+02
3.302171970366626397e+02 2.635088506916903839e+02
3.312162049642050192e+02 2.635567388197336527e+02
3.322148521527439016e+02 2.636165324838156039e+02
3.332131244889071695e+02 2.636886974701671420e+02
3.342110136439881103e+02 2.637735086526368491e+02
3.352085162259315325e+02 2.638710779798465751e+02
3.362056325678858002e+02 2.639813944568425086e+02
3.372023656681852799e+02 2.641043591290390964e+02
3.381987186463092030e+02 2.642398690436857578e+02
3.391946922291265309e+02 2.643879002117921004e+02
3.401902826914339926e+02 2.645485755769340699e+02
3.411854806142213192e+02 2.647222059964458367e+02
3.421802708846715291e+02 2.649092902414199671e+02
3.431746341801850804e+02 2.651104660191852531e+02
3.441685489672692029e+02 2.653264440035829352e+02
3.451619948330209127e+02 2.655578978854274510e+02
3.461549566646231710e+02 2.658053264358113097e+02
3.471474294951382262e+02 2.660688935795024008e+02
3.481394227435761195e+02 2.663482884591664401e+02
3.491309632132296201e+02 2.666426264807817574e+02
3.501221024518005152e+02 2.669504045159987982e+02
3.511129422851798836e+02 2.672695166827015214e+02
3.521036451160122169e+02 2.675973436978998166e+02
3.530944518854411172e+02 2.679308534678674505e+02
3.540856842543917082e+02 2.682667602272065324e+02
3.550777370318256771e+02 2.686017083938688188e+02
3.560710595171849491e+02 2.689324590896515588e+02
3.570661389023923107e+02 2.692560417070359335e+02
3.580634687109240986e+02 2.695698710070431616e+02
3.590635122692690402e+02 2.698717970358213734e+02
3.600666464601380312e+02 2.701601454396378585e+02
3.610731209229894603e+02 2.704337102258969026e+02
3.620829961733288656e+02 2.706917488867712223e+02
3.630961257017288517e+02 2.709339458402785112e+02
3.641121122363022096e+02 2.711604031013578719e+02
3.651302869945292855e+02 2.713715986343816553e+02
3.661496855124533454e+02 2.715683586083860064e+02
3.671690533087801214e+02 2.717518685737420014e+02
3.681868500041875336e+02 2.719236695851352010e+02
3.692012921197867286e+02 2.720856324859724964e+02
3.702103968751239904e+02 2.722399322230745042e+02
3.712120676639575549e+02 2.723890004136534344e+02
3.722041701707286165e+02 2.725354896342107622e+02
3.731846325364986683e+02 2.726822034220724049e+02
3.741515347420323678e+02 2.728320519621356652e+02
3.751031965976192737e+02 2.729880207373660141e+02
3.760382428948768734e+02 2.731531334850046733e+02
3.769556468412217782e+02 2.733304054906088822e+02
3.778547472943606067e+02 2.735228361065866238e+02
3.787352440977323340e+02 2.737333976058121152e+02
3.795971426513489178e+02 2.739650154938553896e+02
3.804406785522864993e+02 2.742205132012570061e+02
3.812662306041158899e+02 2.745025444178735370e+02
3.820742462751219364e+02 2.748135107975380720e+02
3.828651700945732728e+02 2.751554817526622969e+02
3.836394113643470405e+02 2.755301374501941609e+02
3.843973322853855734e+02 2.759386984197226411e+02
3.851392713709595910e+02 2.763818462261862692e+02
3.858655634373004659e+02 2.768596580453016145e+02
3.865765873694812171e+02 2.773715820989417011e+02
3.872728206418931336e+02 2.779164543139963826e+02
3.879548950806498624e+02 2.784925400303369543e+02
3.886236539890636550e+02 2.790975967597196359e+02
3.892802034575908579e+02 2.797289307657241011e+02
3.899259402905119600e+02 2.803834329259978517e+02
3.905625565798234220e+02 2.810576589075613470e+02
3.911920199873746924e+02 2.817479516258041485e+02
3.918165448797012687e+02 2.824505684286123710e+02
3.924385362632416445e+02 2.831618144595569788e+02
3.930605138498726774e+02 2.838781714171930730e+02
3.936850311550252286e+02 2.845964251633865842e+02
3.943145867509970230e+02 2.853138211067934549e+02
3.949515109859305539e+02 2.860281708209162730e+02
3.955978474022225555e+02 2.867379685061426358e+02
3.962552298234274417e+02 2.874424522952967322e+02
3.969247524744642988e+02 2.881415983173496898e+02
3.976068525808997265e+02 2.888360991319048594e+02
3.983012289211395682e+02 2.895272452080828316e+02
3.990067803391603434e+02 2.902168080086723876e+02
3.997215804526333613e+02 2.909068841526477627e+02
4.004428792275178921e+02 2.915997443935788169e+02
4.011671319945618279e+02 2.922976684226494513e+02
4.018900794727899211e+02 2.930028132318792018e+02
4.026068520849403285e+02 2.937171052239497726e+02
4.033121085906461190e+02 2.944421883871039540e+02
4.040001940138589589e+02 2.951793960652184410e+02
4.046652896649945887e+02 2.959297855172588356e+02
4.053015706747319200e+02 2.966941556965368818e+02
4.059033295434102229e+02 2.974730640002364339e+02
4.064650953590150948e+02 2.982668208776004235e+02
4.069817318430820023e+02 2.990754897993558643e+02
4.074485192524107333e+02 2.998988587251164404e+02
4.078611946634822516e+02 3.007363983042707787e+02
4.082159896216851962e+02 3.015872079915156974e+02
4.085096216299276648e+02 3.024499667664721301e+02
4.087392835775938238e+02 3.033228857918114159e+02
4.089026221443558597e+02 3.042036947529216491e+02
4.089977198084324073e+02 3.050896413127564983e+02
4.090230560161019753e+02 3.059775509632626154e+02
4.089774774380446161e+02 3.068639171659075942e+02
4.088601736172059873e+02 3.077450116647502227e+02
4.086706687304674688e+02 3.086169912859250530e+02
4.084088501516245628e+02 3.094760118549643266e+02
4.080749939550744330e+02 3.103183110071959732e+02
4.076698205571707945e+02 3.111402869090204604e+02
4.071945480859216104e+02 3.119385859144881579e+02
4.066509458414482197e+02 3.127101542081035177e+02
4.060413843034316415e+02 3.134522713347424769e+02
4.053688427033389416e+02 3.141625314203715789e+02
4.046369152942473875e+02 3.148388343578939157e+02
4.038497643118316773e+02 3.154793863827802625e+02
4.030120472198553898e+02 3.160826908653864962e+02
4.021288094866791880e+02 3.166475540662013941e+02
4.012053640647746988e+02 3.171730674776379146e+02
4.002471481836504381e+02 3.176585794738289223e+02
3.992595756600343293e+02 3.181036828319383858e+02
3.982479023535225906e+02 3.185081976494874425e+02
3.972171304226224606e+02 3.188721614400893714e+02
3.961719260292189801e+02 3.191958376449347838e+02
3.951165525813142949e+02 3.194797066068267668e+02
3.940548262988216379e+02 3.197244462155590554e+02
3.929900850761628135e+02 3.199308699364536324e+02
3.919251689759250894e+02 3.200998771968282881e+02
3.908624102939245972e+02 3.202324180689043374e+02
3.898036393443544512e+02 3.203294674331642682e+02
3.887502189893389186e+02 3.203920080163400144e+02
3.877030696273691319e+02 3.204209981334203121e+02
3.866627123249120359e+02 3.204173349771031098e+02
3.856293161581878621e+02 3.203818110316037178e+02
3.846027468272579881e+02 3.203151275511746690e+02
3.835826206616357581e+02 3.202179282111669636e+02
3.825683685002622951e+02 3.200908700752678442e+02
3.815593112326354799e+02 3.199346398908298283e+02
3.805547074133568231e+02 3.197499675371036574e+02
3.795537929409197204e+02 3.195376372320998257e+02
3.785558073790274420e+02 3.192985103402234017e+02
3.775600361495223751e+02 3.190335856778021935e+02
3.765658271006774953e+02 3.187440470366781256e+02
3.755726041980083210e+02 3.184313066187746131e+02
3.745798849406743329e+02 3.180970575876807516e+02
3.735872846020300813e+02 3.177432992086135073e+02
3.725945205308453296e+02 3.173723930044463941e+02
3.716014225103450599e+02 3.169871170943722518e+02
3.706079408757809688e+02 3.165906954531758402e+02
3.696141486953275717e+02 3.161868249897067358e+02
3.686202046355280686e+02 3.157796464088478388e+02
3.676263412998505942e+02 3.153736998379792453e+02
3.666328383922157172e+02 3.149738199660998816e+02
3.656400042402890449e+02 3.145850194307441257e+02
3.646481545321519206e+02 3.142123651172506129e+02
3.636575878120605125e+02 3.138608623635028039e+02
3.626685759996087768e+02 3.135353386194210543e+02
3.616813448529071593e+02 3.132403288026756627e+02
3.606960703638484915e+02 3.129799631380610663e+02
3.597128695196577723e+02 3.127578758358065443e+02
3.587318017262474541e+02 3.125771250979880165e+02
3.577528700499516390e+02 3.124401521373362698e+02
3.567760203996058976e+02 3.123487421345554367e+02
3.558011537027595068e+02 3.123040186045094515e+02
3.548281273897960659e+02 3.123064274338481141e+02
3.538567651773428224e+02 3.123557441806580641e+02
3.528868680633208896e+02 3.124511074227589802e+02
3.519182179920587714e+02 3.125910628889506597e+02
3.509505861839634235e+02 3.127736187366443801e+02
3.499837444941018134e+02 3.129962999208124188e+02
3.490174645339970994e+02 3.132562101958326366e+02
3.480515309384343254e+02 3.135500895436339306e+02
3.470857374280602698e+02 3.138743780837647819e+02
3.461198939275101338e+02 3.142252783175280797e+02
3.451538146619641338e+02 3.145988177962183840e+02
3.441873224583674755e+02 3.149909052771506026e+02
3.432202460800507993e+02 3.153973526529952096e+02
3.422524128968902914e+02 3.158139187498770752e+02
3.412836453113417861e+02 3.162363612429485329e+02
3.403137655442402547e+02 3.166604768197576618e+02
3.393425835799254173e+02 3.170821688461923600e+02
3.383699042540818027e+02 3.174975106101559277e+02
3.373955239523494356e+02 3.179027882412692634e+02
3.364192439074152503e+02 3.182945571394751028e+02
3.354408698659615879e+02 3.186696859851396653e+02
3.344602227506643430e+02 3.190254340974512388e+02
3.334771473230128436e+02 3.193594957170976727e+02
3.324915162724299194e+02 3.196700301439360601e+02
3.315032416050430584e+02 3.199556820912517878e+02
3.305122845179519686e+02 3.202155859867862091e+02
3.295186561261945144e+02 3.204493749988942000e+02
3.285224292755240754e+02 3.206571873972259255e+02
3.275237365736139168e+02 3.208396654926136193e+02
3.265227709957806042e+02 3.209979356462457645e+02
3.255197861877499577e+02 3.211335652591068310e+02
3.245150865911964502e+02 3.212484924406535356e+02
3.235090222944126594e+02 3.213449648247947152e+02
3.225019686474738592e+02 3.214254529127589421e+02
3.214943155093807263e+02 3.214925757133205479e+02
3.204864419563767797e+02 3.215490109356125572e+02
3.194786887790820060e+02 3.215973791030090183e+02
3.184713139873298360e+02 3.216400941369929001e+02
3.174644589465228250e+02 3.216792262686677759e+02
3.164581139688366989e+02 3.217163829420130128e+02
3.154521111345218856e+02 3.217526485688309776e+02
3.144461383459563990e+02 3.217885499385242838e+02
3.134397849430139331e+02 3.218240365906075908e+02
3.124325676911363416e+02 3.218584816021496522e+02
3.114239784564526872e+02 3.218906930369233237e+02
3.104135264592811154e+02 3.219189722518515282e+02
3.094008103019619398e+02 3.219412131239751034e+02
3.083855798801334913e+02 3.219550049727245096e+02
3.073678014441583173e+02 3.219577635904915951e+02
3.063477092120282350e+02 3.219468108423037052e+02
3.053258100038286784e+02 3.219194528420456436e+02
3.043028702176090974e+02 3.218730465885767558e+02
3.032798900535062785e+02 3.218050582117965064e+02
3.022580869153601384e+02 3.217130824788906125e+02
3.012388575796725831e+02 3.215948696608969612e+02
3.002237510566593528e+02 3.214483627278322615e+02
2.992144475091207596e+02 3.212717327264537062e+02
2.982127262672177039e+02 3.210634108262483437e+02
2.972204279974309884e+02 3.208221151859989959e+02
2.962394232624891970e+02 3.205468650080305224e+02
2.952715756594859613e+02 3.202369754194559164e+02
2.943186868451110172e+02 3.198920558064339730e+02
2.933824394406527176e+02 3.195120120860215138e+02
2.924643495991687132e+02 3.190970272606917888e+02
2.915657168163231745e+02 3.186475338856657800e+02
2.906875681376960756e+02 3.181641733604886326e+02
2.898306191461951471e+02 3.176477297171126679e+02
2.889952447935448276e+02 3.170991017236971743e+02
2.881814763712803256e+02 3.165192707781430386e+02
2.873890097797497560e+02 3.159093251696590414e+02
2.866172576557876823e+02 3.152704896710860680e+02
2.858653948368443025e+02 3.146041769394123548e+02
2.851324283895431222e+02 3.139120206518733767e+02
2.844172378337178202e+02 3.131959017362181612e+02
2.837186379317946034e+02 3.124579562759874989e+02
2.830354073726273327e+02 3.117005863842272220e+02
2.823663322666371869e+02 3.109264445135929691e+02
2.817102396152537835e+02 3.101384184631347125e+02
2.810660331428737209e+02 3.093396044511590617e+02
2.804327078960654944e+02 3.085332545332622090e+02
2.798093597541139275e+02 3.077226938524082129e+02
2.791951745550176724e+02 3.069112502773199367e+02
2.785894266413659466e+02 3.061021703198672412e+02
2.779914519330070561e+02 3.052985172728132852e+02
2.774006296321542209e+02 3.045030816146309576e+02
2.768163542360370570e+02 3.037183141311932673e+02
2.762379810769011215e+02 3.029462742426822501e+02
2.756647648652181601e+02 3.021885781184947177e+02
2.750957826643398221e+02 3.014463653291387004e+02
2.745298940905638574e+02 3.007202916375379118e+02
2.739657482796372392e+02 3.000105302105760074e+02
2.734018373471187147e+02 2.993167902467537829e+02
2.728365711723533877e+02 2.986383582600497562e+02
2.722683624807215779e+02 2.979741296712310827e+02
2.716956933889932202e+02 2.973226578457550318e+02
2.711171861608513609e+02 2.966821962560265433e+02
2.705316811713032052e+02 2.960507668740183362e+02
2.699383158706340282e+02 2.954262285941773030e+02
2.693365734592593981e+02 2.948063547431575557e+02
2.687262774056329135e+02 2.941889149513455095e+02
2.681075396218203650e+02 2.935717676257150970e+02
2.674806962507623780e+02 2.929529320381366233e+02
2.668462434232496889e+02 2.923306614132271761e+02
2.662048030313274580e+02 2.917034829100977618e+02
2.655570931055877963e+02 2.910702177344199413e+02
2.649038756269239343e+02 2.904299535451838778e+02
2.642459156361008468e+02 2.897820071991921509e+02
2.635839288939812377e+02 2.891258691403760963e+02
2.629185633141526637e+02 2.884611558156319688e+02
2.622503914510795084e+02 2.877875604247233809e+02
2.615799193444473758e+02 2.871048251754149305e+02
2.609075744943816062e+02 2.864127419195792754e+02
2.602337023479577738e+02 2.857111690545401643e+02
2.595585436733801998e+02 2.850000848622903504e+02
2.588822332576746703e+02 2.842796304897660775e+02
2.582048046319158630e+02 2.835501521112979617e+02
2.575262319611981638e+02 2.828122382144028393e+02
2.568464778107094162e+02 2.820667610654590476e+02
2.561655431227945314e+02 2.813148782240167520e+02
2.554834815134917676e+02 2.805580559865400119e+02
2.548004215047300818e+02 2.797980620563731691e+02
2.541165696440013448e+02 2.790369286212864495e+02
2.534322042949165166e+02 2.782768931382516371e+02
2.527476637636622172e+02 2.775203279415460997e+02
2.520633376966570438e+02 2.767696609458448052e+02
2.513796264928875530e+02 2.760272953801529070e+02
2.506968877524935237e+02 2.752955281284770876e+02
2.500153855726429128e+02 2.745765061742094417e+02
2.493352778864506831e+02 2.738721491811567148e+02
2.486566156450581389e+02 2.731841104508587250e+02
2.479793453920572404e+02 2.725137249767283265e+02
2.473033343124979524e+02 2.718619751869761103e+02
2.466283997950230855e+02 2.712294728316263672e+02
2.459543304525210772e+02 2.706164586189861438e+02
2.452808800643059612e+02 2.700228040330104591e+02
2.446077653347452951e+02 2.694480192690601257e+02
2.439346825523132054e+02 2.688912647437210808e+02
2.432612933235334935e+02 2.683513926818171171e+02
2.425872400507741986e+02 2.678269645931905529e+02
2.419121473256062416e+02 2.673162713241001711e+02
2.412356470689587695e+02 2.668173948469658399e+02
2.405573995519652613e+02 2.663282739271340347e+02
2.398771415256643706e+02 2.658467996243532525e+02
2.391947243249061614e+02 2.653708784757809553e+02
2.385101461264413842e+02 2.648984904995668330e+02
2.378235450430875630e+02 2.644277189993733828e+02
2.371351922178953373e+02 2.639567803688971708e+02
2.364454496617942425e+02 2.634840618322432988e+02
2.357547228512429740e+02 2.630081670291999103e+02
2.350633956975708827e+02 2.625279490608651258e+02
2.343717649104989960e+02 2.620425305109513943e+02
2.336799821761776172e+02 2.615512966914795925e+02
2.329880207482211745e+02 2.610538756217635523e+02
2.322956725096566402e+02 2.605501359384691114e+02
2.316025853495749232e+02 2.600401420070190852e+02
2.309082943305307651e+02 2.595241158480700960e+02
2.302122540372012907e+02 2.590023930970280617e+02
2.295138356988107944e+02 2.584753858998762439e+02
2.288123350339330955e+02 2.579435551380232710e+02
2.281069633756686983e+02 2.574073731424141442e+02
2.273968730236110218e+02 2.568673124561902910e+02
2.266811641194900915e+02 2.563238500448580908e+02
2.259588910685239398e+02 2.557774864995761277e+02
2.252290449414926456e+02 2.552287655131154338e+02
2.244905337869680011e+02 2.546783293090184657e+02
2.237421999264736883e+02 2.541269421762000889e+02
2.229828619049321787e+02 2.535754927405095600e+02
2.222113815506919821e+02 2.530249599801342697e+02
2.214266922654485370e+02 2.524763710630532501e+02
2.206278360979370632e+02 2.519307334387063406e+02
2.198139715886385090e+02 2.513889740476947736e+02
2.189844174465405331e+02 2.508518846194902494e+02
2.181386929849847718e+02 2.503200748756163989e+02
2.172765526814113173e+02 2.497939215529477224e+02
2.163980101965390190e+02 2.492735351158892172e+02
2.155033123560062904e+02 2.487587599684762267e+02
2.145929208255764706e+02 2.482492179193245647e+02
2.136675073559140117e+02 2.477443660641658312e+02
2.127279635056142126e+02 2.472435721148764287e+02
2.117753950681555466e+02 2.467461662544791920e+02
2.108111059884770953e+02 2.462514766663354067e+02
2.098365604410792287e+02 2.457588593993349377e+02
2.088533228575476528e+02 2.452676965507235423e+02
2.078629805984413110e+02 2.447774059285603698e+02
2.068671149967852614e+02 2.442874061587285723e+02
2.058672629816854851e+02 2.437970955129478625e+02
2.048649027212201190e+02 2.433058304641149903e+02
2.038614079464033182e+02 2.428129142977252286e+02
2.028580259916598152e+02 2.423176284611831193e+02
2.018558415993362019e+02 2.418192384702875302e+02
2.008557530216651799e+02 2.413170231988869432e+02
1.998584740502310808e+02 2.408103069550588202e+02
1.988645703933688651e+02 2.402985136076724757e+02
1.978744888750574660e+02 2.397812264981963040e+02
1.968885814542926198e+02 2.392582211831737595e+02
1.959071074968420021e+02 2.387294895140719291e+02
1.949302291106869802e+02 2.381952284908967954e+02
1.939580026044442320e+02 2.376558249964985521e+02
1.929903826369621527e+02 2.371118509200097151e+02
1.920272092232839611e+02 2.365640627631245820e+02
1.910682012224385460e+02 2.360133854354357936e+02
1.901129645759634457e+02 2.354608714852454057e+02
1.891609767391552168e+02 2.349076536062599700e+02
1.882115959494201149e+02 2.343549028991469072e+02
1.872640913335606001e+02 2.338037927668077032e+02
1.863176811629193139e+02 2.332554910693821455e+02
1.853715727743608568e+02 2.327111303196312804e+02
1.844249992502438147e+02 2.321717527686434721e+02
1.834772609750505126e+02 2.316382926562848752e+02
1.825277824577119645e+02 2.311115499200714396e+02
1.815761209034722583e+02 2.305922044613225808e+02
1.806220006222985432e+02 2.300808031813144510e+02
1.796653242661246850e+02 2.295777523180979358e+02
1.787061706479550196e+02 2.290832903680258994e+02
1.777447878055513684e+02 2.285974528595192794e+02
1.767815661349638106e+02 2.281200675371742079e+02
1.758170106153783649e+02 2.276507465169596003e+02
1.748517082179761246e+02 2.271888722927356241e+02
1.738863182739548279e+02 2.267335854388967107e+02
1.729215709903119489e+02 2.262837675575973151e+02
1.719582576664354576e+02 2.258380339791011409e+02
1.709972317543139297e+02 2.253947648081327770e+02
1.700393958645964858e+02 2.249521375453051917e+02
1.690857189103220435e+02 2.245081556194267023e+02
1.681372557344063239e+02 2.240606940028685585e+02
1.671951719165529653e+02 2.236075389811156526e+02
1.662607372309507241e+02 2.231464389779401927e+02
1.653353092902750063e+02 2.226751490804655020e+02
1.644203339396015622e+02 2.221914840754258762e+02
1.635173583716841961e+02 2.216933478598699594e+02
1.626280164065082090e+02 2.211787570061444796e+02
1.617540383655580456e+02 2.206458450629213246e+02
1.608972466193592368e+02 2.200928774271716009e+02
1.600595596765986102e+02 2.195182814818349470e+02
1.592429496279530099e+02 2.189206643150826892e+02
1.584494154917197761e+02 2.182988339227845813e+02
1.576809388099942737e+02 2.176518118694933719e+02
1.569394260388071984e+02 2.169788525524975853e+02
1.562266410942801542e+02 2.162794571653061837e+02
1.555441588285759735e+02 2.155533902962257287e+02
1.548933273502888426e+02 2.148007017972199435e+02
1.542752397041405743e+02 2.140217369308498974e+02
1.536907422913176902e+02 2.132171226189859112e+02
1.531404663095437684e+02 2.123877533885609239e+02
1.526248750039019626e+02 2.115347177688547049e+02
1.521443100696437511e+02 2.106592526759336010e+02
1.516990464450485092e+02 2.097626850453432610e+02
1.512893656109878577e+02 2.088463900329000182e+02
1.509156106564574884e+02 2.079117566666600965e+02
1.505782373762303621e+02 2.069601523782030768e+02
1.502778307783821674e+02 2.059929064950098336e+02
1.500151012375575874e+02 2.050113051216112012e+02
1.497908865546251604e+02 2.040165892010778350e+02
1.496061480494672367e+02 2.030099844103997668e+02
1.494619520241818975e+02 2.019927516222254553e+02
1.493594558604603151e+02 2.009662164973790937e+02
1.492998718847666737e+02 1.999318064074116137e+02
1.492844337171795246e+02 1.988910714250637568e+02
1.493143580162480077e+02 1.978456921692616959e+02
1.493908056179305959e+02 1.967974416106417834e+02
1.495148313767182913e+02 1.957481565393398455e+02
1.496873391559909123e+02 1.946997372016531358e+02
1.499090214012484807e+02 1.936541604759870552e+02
1.501803154328708558e+02 1.926134695443906253e+02
1.505013592542987908e+02 1.915797795567521575e+02
1.508719619292302241e+02 1.905552647277181393e+02
1.512915963424454731e+02 1.895421331058715282e+02
1.517594253393109511e+02 1.885426223634671317e+02
1.522743165372776843e+02 1.875590392631200416e+02
1.528348852152005861e+02 1.865937309435884970e+02
1.534395274495348076e+02 1.856490479063642169e+02
1.540864631853725939e+02 1.847273093042074095e+02
1.547737920289405338e+02 1.838307776192739595e+02
1.554995398322217568e+02 1.829616400654555264e+02
1.562616996438620163e+02 1.821220108296553235e+02
1.570582337687279733e+02 1.813138961181297475e+02
1.579003689054185315e+02 1.805592350091542073e+02
1.587576415263152398e+02 1.798489657211134727e+02
1.596194658654409011e+02 1.791869154069540286e+02
1.604834736152330379e+02 1.785728272218013899e+02
1.613515506315073651e+02 1.780047203724198255e+02
1.622264608215092494e+02 1.774805926485958594e+02
1.631106451814325169e+02 1.769988962688263427e+02
1.640059894182663243e+02 1.765585468465790484e+02
1.649138700798347941e+02 1.761588207403075614e+02
1.658352676238160370e+02 1.757992554321835144e+02
1.667708628580899983e+02 1.754795704126159990e+02
1.677211066358584617e+02 1.751996122658613615e+02
1.686862820088245485e+02 1.749593175353722643e+02
1.696665389990369306e+02 1.747586877654559032e+02
1.706619283106209650e+02 1.745977665117281958e+02
