1.824999544950093764e+02 1.837748228626070670e+02
1.834597060779233857e+02 1.835938653740107611e+02
1.844219207140690173e+02 1.834555951638563442e+02
1.853868385648504500e+02 1.833602384809006196e+02
1.863547790727243978e+02 1.833081943295507017e+02
1.873261583341560765e+02 1.833001098633676236e+02
1.883015048886745149e+02 1.833369827506160163e+02
1.892814648179603125e+02 1.834202953159776257e+02
1.902667543162388597e+02 1.835521725514127525e+02
1.912579187945300703e+02 1.837354209135519909e+02
1.922545585480290811e+02 1.839729344322965403e+02
1.932534821623743824e+02 1.842652061779995734e+02
1.942471091068275939e+02 1.846059386747600684e+02
1.952125533673271320e+02 1.849930823125232280e+02
1.961686757526617271e+02 1.854098402064041693e+02
1.971158861941301552e+02 1.858532155236864298e+02
1.980547315522695158e+02 1.863202624059971697e+02
1.989858442393687596e+02 1.868081028617282300e+02
1.999098759753008494e+02 1.873139373353421320e+02
2.008274527547862647e+02 1.878350457333460497e+02
2.017391730038763455e+02 1.883688263935287637e+02
2.026456225115388463e+02 1.889127994087780849e+02
2.035473886040311697e+02 1.894646449427059167e+02
2.044450791233920199e+02 1.900222506513403289e+02
2.053392936767829724e+02 1.905837460691638512e+02
2.062305958855961592e+02 1.911475370167869130e+02
2.071194950002440862e+02 1.917123232073113570e+02
2.080064372484200135e+02 1.922770820553639339e+02
2.088917906825933244e+02 1.928410293400701789e+02
2.097758479970838721e+02 1.934035352463500317e+02
2.106587979459075939e+02 1.939641047419606821e+02
2.115407275802892286e+02 1.945223666233403037e+02
2.124216353537926238e+02 1.950780687980285961e+02
2.133014622016035844e+02 1.956310749562763931e+02
2.141801416802695428e+02 1.961813586544151917e+02
2.150576366994238242e+02 1.967290161125297345e+02
2.159339703676607769e+02 1.972743198943608718e+02
2.168092332983554229e+02 1.978177510728930031e+02
2.176835843281791369e+02 1.983600122489458499e+02
2.185572258474705620e+02 1.989020120138195580e+02
2.194303734303222200e+02 1.994447892745410797e+02
2.203031794321642849e+02 1.999894385834494983e+02
2.211756544101669419e+02 2.005369974117714094e+02
2.220476148017450555e+02 2.010883679993737587e+02
2.229186486683276485e+02 2.016442826055096020e+02
2.237881023909426403e+02 2.022052712134232593e+02
2.246551057725385192e+02 2.027716570723863185e+02
2.255185985773377411e+02 2.033435782769171567e+02
2.263773898893892067e+02 2.039210180580708993e+02
2.272302283387385557e+02 2.045038413113059050e+02
2.280758820656421051e+02 2.050918433378876102e+02
2.289132351615709808e+02 2.056848229484639319e+02
2.297413294043387850e+02 2.062826413797788518e+02
2.305593673177296239e+02 2.068851733494104224e+02
2.313666788068605342e+02 2.074922773269812240e+02
2.321626875339277944e+02 2.081037778025597333e+02
2.329468601897593487e+02 2.087194521861036094e+02
2.337186881256659206e+02 2.093390014031890018e+02
2.344776578409978356e+02 2.099620732619894454e+02
2.352232503944366613e+02 2.105882434360879643e+02
2.359549254077403191e+02 2.112170151183233315e+02
2.366721499940514946e+02 2.118478226474919097e+02
2.373744561385529437e+02 2.124800607566023132e+02
2.380615200523389206e+02 2.131131152968578419e+02
2.387332433960104936e+02 2.137464000035037657e+02
2.393898207228945409e+02 2.143793829611304602e+02
2.400317743239822050e+02 2.150116403701147760e+02
2.406599684842678641e+02 2.156428448523137149e+02
2.412755894441608291e+02 2.162727670179036181e+02
2.418801211022180837e+02 2.169012889428724407e+02
2.424753062406186928e+02 2.175283933276099901e+02
2.430631144893841906e+02 2.181541648041317671e+02
2.436456995095201705e+02 2.187787810076625021e+02
2.442253431097232408e+02 2.194024603553994837e+02
2.448044094951285103e+02 2.200254500538943034e+02
2.453853222681196655e+02 2.206479795905885339e+02
2.459705399147153173e+02 2.212702842089653075e+02
2.465625446773358078e+02 2.218926106691641564e+02
2.471638088007420606e+02 2.225152055149784474e+02
2.477767199173784434e+02 2.231382964552371959e+02
2.484035206457849085e+02 2.237620640504127891e+02
2.490462710583915111e+02 2.243866659062882150e+02
2.497068359487498981e+02 2.250122704063837773e+02
2.503868329951464204e+02 2.256390485885949886e+02
2.510875318275112136e+02 2.262671699605635354e+02
2.518097593046957172e+02 2.268967424363284238e+02
2.525538078605250973e+02 2.275277953494515373e+02
2.533194120935507669e+02 2.281602519401059510e+02
2.541057960372994557e+02 2.287939173749461474e+02
2.549117165225710835e+02 2.294285086922438381e+02
2.557355459633000407e+02 2.300636655954553191e+02
2.565753362596107081e+02 2.306990018477693809e+02
2.574289368829448676e+02 2.313341488370312788e+02
2.582941158523144054e+02 2.319688042044005840e+02
2.591686449569604065e+02 2.326027686967367174e+02
2.600503696317963431e+02 2.332359526798526304e+02
2.609372366047001606e+02 2.338683927405393490e+02
2.618273059153405597e+02 2.345002509464155196e+02
2.627187406965981040e+02 2.351317786163725145e+02
2.636097682223892207e+02 2.357632674664242245e+02
2.644986476031249936e+02 2.363949708923859987e+02
2.653836282452953697e+02 2.370270360552677005e+02
2.662629680806640522e+02 2.376594472624033187e+02
2.671349743835949653e+02 2.382920348525983911e+02
2.679981082056107766e+02 2.389245024619139883e+02
2.688510730778851325e+02 2.395564879569738252e+02
2.696928925170244042e+02 2.401875871173156725e+02
2.705229753822160319e+02 2.408173840564890895e+02
2.713411686248426236e+02 2.414454633661158596e+02
2.721477830444154620e+02 2.420714216758156283e+02
2.729435967251382067e+02 2.426948937336590006e+02
2.737298196330411884e+02 2.433155706445085116e+02
2.745080303278414817e+02 2.439332125037606147e+02
2.752800791325163914e+02 2.445475932895572555e+02
2.760479867413113197e+02 2.451584716623735858e+02
2.768138682807977489e+02 2.457655873212549409e+02
2.775798635471761600e+02 2.463686955026012697e+02
2.783480626341733455e+02 2.469675833749920457e+02
2.791204415972944730e+02 2.475620386399572794e+02
2.798988032945555346e+02 2.481518562536624017e+02
2.806847385686886014e+02 2.487368295850301365e+02
2.814795996212496902e+02 2.493167328355845029e+02
2.822844884526933242e+02 2.498913467953846634e+02
2.831002608398017060e+02 2.504604599293294314e+02
2.839275228558519757e+02 2.510238442962358931e+02
2.847666284338182550e+02 2.515812294900209736e+02
2.856176974054284301e+02 2.521323010295930089e+02
2.864806346960016299e+02 2.526767377828841745e+02
2.873551722497138599e+02 2.532142158748023917e+02
2.882409064968999814e+02 2.537443874928616196e+02
2.891373553839817419e+02 2.542668801208239984e+02
2.900439930794521501e+02 2.547812642820003362e+02
2.909602836584600141e+02 2.552870222606832158e+02
2.918856842102808287e+02 2.557835431682205467e+02
2.928196782200161010e+02 2.562701056611715558e+02
2.937618025406390529e+02 2.567458795252074424e+02
2.947116628221767769e+02 2.572099060043119039e+02
2.956689257731976568e+02 2.576610856305129573e+02
2.966332771319458175e+02 2.580982253256282775e+02
2.976043860254945912e+02 2.585200676370320707e+02
2.985818656805628279e+02 2.589253499014955651e+02
2.995652691477742451e+02 2.593128631664743011e+02
3.005541088039534543e+02 2.596815216282848837e+02
3.015478394255812304e+02 2.600304052758870625e+02
3.025458329350313420e+02 2.603587713472089717e+02
3.035473439109314882e+02 2.606660765881870816e+02
3.045515308428636558e+02 2.609519657099015149e+02
3.055575163985711242e+02 2.612162596896965852e+02
3.065644501495972918e+02 2.614589691313535695e+02
3.075715779229243481e+02 2.616802787618584034e+02
3.085782876820339311e+02 2.618805534254244662e+02
3.095841306085300744e+02 2.620603345387559102e+02
3.105888317055682819e+02 2.622203123139472609e+02
3.115922698025368049e+02 2.623613253257912561e+02
3.125944861156840489e+02 2.624843346909408979e+02
3.135956316977897131e+02 2.625904489368238046e+02
3.145959365968626003e+02 2.626809163326071825e+02
3.155956660611507232e+02 2.627571149393806422e+02
3.165950831321703163e+02 2.628205247943602672e+02
3.175944062605399267e+02 2.628726989871528872e+02
3.185937815937838309e+02 2.629152500570297661e+02
3.195932748483968453e+02 2.629498558184451440e+02
3.205928951265767637e+02 2.629782218675262015e+02
3.215926126307613231e+02 2.630020949684544576e+02
3.225923884402602653e+02 2.630232737001633723e+02
3.235921827473634949e+02 2.630435976319900533e+02
3.245919558308996784e+02 2.630649023342078863e+02
3.255916686620053042e+02 2.630889913845800834e+02
3.265912840723946147e+02 2.631175823809986127e+02
3.275907679009947628e+02 2.631522539538892147e+02
3.285900901189463639e+02 2.631943937783823344e+02
3.295892243103722876e+02 2.632452225686956808e+02
3.305881482997818921e+02 2.633057650849220295e+02
3.315868448227444105e+02 2.633768191402847378e+02
3.325853025427164766e+02 2.634589086121385435e+02
3.335835162673880063e+02 2.635522734443100035e+02
3.345814861914706171e+02 2.636569046389056439e+02
3.355792174856397310e+02 2.637725632518647672e+02
3.365767194960533288e+02 2.638988173842996616e+02
3.375740052900248429e+02 2.640350631775799570e+02
3.385710900550610631e+02 2.641805987960128732e+02
3.395679880051105783e+02 2.643347673933732267e+02
3.405647101521975060e+02 2.644970600887953651e+02
3.415612614290163833e+02 2.646672489356441815e+02
3.425576381144116453e+02 2.648455058936618798e+02
3.435538270545313821e+02 2.650324388205426089e+02
3.445498057060962651e+02 2.652290894724000623e+02
3.455455438239006298e+02 2.654368555220241319e+02
3.465410057324478998e+02 2.656573855834566302e+02
3.475361546096063421e+02 2.658923812583344670e+02
3.485309588255542508e+02 2.661433042044679951e+02
3.495254045274479040e+02 2.664111643585376328e+02
3.505195300025942515e+02 2.666963186324122717e+02
3.515134387698617502e+02 2.669983281629653220e+02
3.525072946798770772e+02 2.673158611833357554e+02
3.535013042221232809e+02 2.676466786367817576e+02
3.544957011481735094e+02 2.679877438696841523e+02
3.554907481820579278e+02 2.683353747041435327e+02
3.564867326546423669e+02 2.686854914015684130e+02
3.574839642070164700e+02 2.690339076811041537e+02
3.584827554283835411e+02 2.693765783587015221e+02
3.594833775168629018e+02 2.697097994346875112e+02
3.604860289326767884e+02 2.700303624517159733e+02
3.614908196535956222e+02 2.703356811837933833e+02
3.624977568149994340e+02 2.706238543402828327e+02
3.635067427752496769e+02 2.708936625233367863e+02
3.645175218206364889e+02 2.711445350671172605e+02
3.655296489687762573e+02 2.713764663432800717e+02
3.665424635112235592e+02 2.715899441718227649e+02
3.675550867713851630e+02 2.717859147643732172e+02
3.685664309463982136e+02 2.719657439063946640e+02
3.695752094896394624e+02 2.721311531668766861e+02
3.705799413864658050e+02 2.722841609770486002e+02
3.715789682105666998e+02 2.724270339880021083e+02
3.725704767245836138e+02 2.725622595532067862e+02
3.735525761000691887e+02 2.726925363969505156e+02
3.745233791148747287e+02 2.728207663690849927e+02
3.754810704617535748e+02 2.729500409196907640e+02
3.764239570303971618e+02 2.730835361623493327e+02
3.773504843534437327e+02 2.732244462143442547e+02
3.782592585751211800e+02 2.733759386615207632e+02
3.791490766867797788e+02 2.735411902207671915e+02
3.800189883825726156e+02 2.737233940799573020e+02
3.808683261822420718e+02 2.739257545483935132e+02
3.816967158398365996e+02 2.741514682776002019e+02
3.825040770792884928e+02 2.744036902692814124e+02
3.832905995692499914e+02 2.746854423341198981e+02
3.840567273549573883e+02 2.749995467394361413e+02
3.848031583298537726e+02 2.753485581818348464e+02
3.855308320778089524e+02 2.757346785042149122e+02
3.862409214023718391e+02 2.761595934743053249e+02
3.869347817838880701e+02 2.766243586644777110e+02
3.876139109424506159e+02 2.771292805490769524e+02
3.882798940147025633e+02 2.776738152946522860e+02
3.889343574256504326e+02 2.782564817416247251e+02
3.895789256823817368e+02 2.788748704716574025e+02
3.902151961248743532e+02 2.795257012748491547e+02
3.908447043589660552e+02 2.802049414295741485e+02
3.914689130563018580e+02 2.809079534947645698e+02
3.920891803046368409e+02 2.816296636645854505e+02
3.927067547616795196e+02 2.823647857160065087e+02
3.933227456849795658e+02 2.831080504141032748e+02
3.939381305634984187e+02 2.838544537352617567e+02
3.945537543786898027e+02 2.845994759024582663e+02
3.951703498947885009e+02 2.853392068535991939e+02
3.957885265190891459e+02 2.860704450236377170e+02
3.964087811479288348e+02 2.867907045809162128e+02
3.970315119424911927e+02 2.874981797168423441e+02
3.976570230418127494e+02 2.881917117401516748e+02
3.982855398143144612e+02 2.888707313933672935e+02
3.989172256715989420e+02 2.895351751969802763e+02
3.995521741909849425e+02 2.901853872560406558e+02
4.001903723359399692e+02 2.908220624511488381e+02
4.008316436641332530e+02 2.914462362073884378e+02
4.014755869044474821e+02 2.920592571590651119e+02
4.021214988451934005e+02 2.926627914824361483e+02
4.027683090680730515e+02 2.932588344864167880e+02
4.034145545646084088e+02 2.938497280675020420e+02
4.040583498683971584e+02 2.944381080512638391e+02
4.046973587063662308e+02 2.950268275611006743e+02
4.053287701683191244e+02 2.956188564791431190e+02
4.059493196450328014e+02 2.962171458675082931e+02
4.065553264811238705e+02 2.968245057543010148e+02
4.071427824383289362e+02 2.974434460102395406e+02
4.077074439460748181e+02 2.980760733203480868e+02
4.082449210498667185e+02 2.987240020874679658e+02
4.087507417595242032e+02 2.993882928099845344e+02
4.092204307061711575e+02 3.000694687874519673e+02
4.096495753693424149e+02 3.007675525619207519e+02
4.100339321649200315e+02 3.014821092232467095e+02
4.103694921746431419e+02 3.022123058450354165e+02
4.106525250538445562e+02 3.029569624464974140e+02
4.108796165078984473e+02 3.037146228198149629e+02
4.110476871409044861e+02 3.044836079504293025e+02
4.111540347316804400e+02 3.052620499396058449e+02
4.111963690741281425e+02 3.060478997600076809e+02
4.111728383605710633e+02 3.068389098224085956e+02
4.110820340245685429e+02 3.076325950713600150e+02
4.109229557707426466e+02 3.084262312282132825e+02
4.106950006855253719e+02 3.092168495543084532e+02
4.103979649600139510e+02 3.100012959020696712e+02
4.100320754110925350e+02 3.107762994130314382e+02
4.095980433868277260e+02 3.115385236960403859e+02
4.090970856579534143e+02 3.122846182912802533e+02
4.085309304426745030e+02 3.130112638111814931e+02
4.079018052626063309e+02 3.137152246900357113e+02
4.072124404488150731e+02 3.143934182760187355e+02
4.064660842123573730e+02 3.150430041781484078e+02
4.056664965853537979e+02 3.156614331466427075e+02
4.048179231458245795e+02 3.162464595073765850e+02
4.039250341617743061e+02 3.167961338435744665e+02
4.029928214251612530e+02 3.173088557762050641e+02
4.020264915411306674e+02 3.177834056627537507e+02
4.010313468522666653e+02 3.182189930323994531e+02
4.000126843107902346e+02 3.186152613992793476e+02
3.989756713345044545e+02 3.189722935779229829e+02
3.979252386758236639e+02 3.192905703558408277e+02
3.968659529276936837e+02 3.195709457294416325e+02
3.958019305824171852e+02 3.198145970330546106e+02
3.947367282475379398e+02 3.200229675503592262e+02
3.936732648496625870e+02 3.201976638072547985e+02
3.926137644439436372e+02 3.203403713148442193e+02
3.915597732225890013e+02 3.204527619157207710e+02
3.905121950862315998e+02 3.205364215366310532e+02
3.894713854829736874e+02 3.205927661989896933e+02
3.884372339038528708e+02 3.206229737876676040e+02
3.874092771114349034e+02 3.206279284876453062e+02
3.863868155669915723e+02 3.206082022985447111e+02
3.853690552458213006e+02 3.205640651051071472e+02
3.843552347851752415e+02 3.204955254375316827e+02
3.833447281618370539e+02 3.204023927074325684e+02
3.823371033367335485e+02 3.202843404914049756e+02
3.813321320670282830e+02 3.201410077670014402e+02
3.803297671153632677e+02 3.199720814389776251e+02
3.793301109804376665e+02 3.197773546764443608e+02
3.783333508951599811e+02 3.195567725172513747e+02
3.773397008664310874e+02 3.193104756242805138e+02
3.763493448228664420e+02 3.190388390645451864e+02
3.753623818053190462e+02 3.187425091320258161e+02
3.743788017345166281e+02 3.184224138258650214e+02
3.733984808278620449e+02 3.180797897575088200e+02
3.724212114239086304e+02 3.177162368087414279e+02
3.714467426095478686e+02 3.173337820255939050e+02
3.704748209599444522e+02 3.169349845242912806e+02
3.695052595531672637e+02 3.165230280060115433e+02
3.685379711401154736e+02 3.161017594835692535e+02
3.675729915764013072e+02 3.156757157945606309e+02
3.666104995489070006e+02 3.152500440095116119e+02
3.656508173671192026e+02 3.148303724188015167e+02
3.646943775847719849e+02 3.144226427712694658e+02
3.637416805757528095e+02 3.140328983067728359e+02
3.627932509588007406e+02 3.136670787654723540e+02
3.618495827218950467e+02 3.133308291558602150e+02
3.609110967810995589e+02 3.130293347979524015e+02
3.599781033002570894e+02 3.127671674720793362e+02
3.590507722729993247e+02 3.125481657544308973e+02
3.581291175868224173e+02 3.123753856607362991e+02
3.572129846581071320e+02 3.122511173826698041e+02
3.563020516311696611e+02 3.121769223224598591e+02
3.553958365542732736e+02 3.121536712570716645e+02
3.544937142071456719e+02 3.121815987149920488e+02
3.535949426619667406e+02 3.122603235556825894e+02
3.526986916275426438e+02 3.123888795899624711e+02
3.518040813536387645e+02 3.125657204228223804e+02
3.509102147146016932e+02 3.127887621575368939e+02
3.500162105307278466e+02 3.130554151239862222e+02
3.491212397329150008e+02 3.133625766593745539e+02
3.482245453796148809e+02 3.137066305411572671e+02
3.473254637862998493e+02 3.140834874536401458e+02
3.464234375702619673e+02 3.144886292805654193e+02
3.455180184814074096e+02 3.149171631790119363e+02
3.446088593700058027e+02 3.153639154275853116e+02
3.436957088075837419e+02 3.158235413357685957e+02
3.427783902307942299e+02 3.162906108127352809e+02
3.418567843658338461e+02 3.167596810041092112e+02
3.409308045725329066e+02 3.172254187872139823e+02
3.400003681028438791e+02 3.176827271788477560e+02
3.390653767250114470e+02 3.181268549417482063e+02
3.381256925868937628e+02 3.185534950854595309e+02
3.371811235531391731e+02 3.189588615670597846e+02
3.362314228636054168e+02 3.193397512982840567e+02
3.352762957639325805e+02 3.196935612929881927e+02
3.343154426731288140e+02 3.200183276101778347e+02
3.333486046319383149e+02 3.203127513433497597e+02
3.323756122481031525e+02 3.205762016801206755e+02
3.313964089073263040e+02 3.208087064021640913e+02
3.304110814369233822e+02 3.210109215415044446e+02
3.294198870562339607e+02 3.211841339641842978e+02
3.284232650879892503e+02 3.213302286159687924e+02
3.274218408013607018e+02 3.214516495963779903e+02
3.264164046240748576e+02 3.215512976849637425e+02
3.254078650098865637e+02 3.216323972904742732e+02
3.243971744854489998e+02 3.216983548177555576e+02
3.233852673436473424e+02 3.217525872796558701e+02
3.223730030326437372e+02 3.217983650354606198e+02
3.213611050653236703e+02 3.218386304267722267e+02
3.203500930647609266e+02 3.218758562742192453e+02
3.193402506327536798e+02 3.219119591620080314e+02
3.183316366022919510e+02 3.219482416678441723e+02
3.173240849293845827e+02 3.219853973617624661e+02
3.163172291463421288e+02 3.220235363411407548e+02
3.153105618763451048e+02 3.220622545344965602e+02
3.143034890895667104e+02 3.221007148943013476e+02
3.132953846018497188e+02 3.221377636032381133e+02
3.122856698704169958e+02 3.221720328246004783e+02
3.112739234967366997e+02 3.222020110878207220e+02
3.102599269561400206e+02 3.222260562808535269e+02
3.092436853287176177e+02 3.222423620908266457e+02
3.082254585516791963e+02 3.222489466775227243e+02
3.072057658989522793e+02 3.222436767759352279e+02
3.061853941136906769e+02 3.222243078816177331e+02
3.051653659441417972e+02 3.221885515857294422e+02
3.041469291507941080e+02 3.221341213479223597e+02
3.031315008053080646e+02 3.220587642987131289e+02
3.021206166748145279e+02 3.219602891509638312e+02
3.011158806494825058e+02 3.218365921118319193e+02
3.001189226271152393e+02 3.216857079835788795e+02
2.991313653956395910e+02 3.215058614590918182e+02
2.981547842963137782e+02 3.212954822527535157e+02
2.971906619746447404e+02 3.210532161240755613e+02
2.962403707740245977e+02 3.207779064924880004e+02
2.953051594358880720e+02 3.204686081528128057e+02
2.943861645127694260e+02 3.201246145285591638e+02
2.934844276717811340e+02 3.197454900538579636e+02
2.926009338201010337e+02 3.193311110078487900e+02
2.917366193456536507e+02 3.188817007012004865e+02
2.908923894160160444e+02 3.183978158471761617e+02
2.900690769231104014e+02 3.178803486739114987e+02
2.892674211373919775e+02 3.173304964554745311e+02
2.884880462584367820e+02 3.167497820526235159e+02
2.877314459595526728e+02 3.161400285725043204e+02
2.869979507370835563e+02 3.155032966475845342e+02
2.862876850889778098e+02 3.148418294963692006e+02
2.856005093939825770e+02 3.141580116563197862e+02
2.849359733986060519e+02 3.134543459721764975e+02
2.842932504921805617e+02 3.127334401708812948e+02
2.836711286611270566e+02 3.119979626555305003e+02
2.830680037023661271e+02 3.112505863454044857e+02
2.824818752583771015e+02 3.104938945681616360e+02
2.819103654358162885e+02 3.097303064451806449e+02
2.813507530309665299e+02 3.089620206188450311e+02
2.808000263180474576e+02 3.081909793862028550e+02
2.802549740882469678e+02 3.074188216575524848e+02
2.797123098803140238e+02 3.066468736419442394e+02
2.791688233392126222e+02 3.058761801290900166e+02
2.786215226247243777e+02 3.051075795878972485e+02
2.780677611266817735e+02 3.043417649221258898e+02
2.775053243193701178e+02 3.035793373620638818e+02
2.769324751233572215e+02 3.028208364529329515e+02
2.763479586014383358e+02 3.020667541597846935e+02
2.757509903508677667e+02 3.013175166120978474e+02
2.751412167074332160e+02 3.005734742405002748e+02
2.745186611258829998e+02 2.998348836124777677e+02
2.738836533479867512e+02 2.991018988979541859e+02
2.732367620674895079e+02 2.983745404051587116e+02
2.725787113608308232e+02 2.976526737677644405e+02
2.719103074662495487e+02 2.969360193629857463e+02
2.712323743660712125e+02 2.962241709222819281e+02
2.705457157785403979e+02 2.955166417198745421e+02
2.698511181184227326e+02 2.948129126480520199e+02
2.691493355267236893e+02 2.941124769037519968e+02
2.684410710095162358e+02 2.934148795897757509e+02
2.677269842197223966e+02 2.927197278855248896e+02
2.670077000872178132e+02 2.920267082377340557e+02
2.662838284247279148e+02 2.913356047889500360e+02
2.655559982056930153e+02 2.906463331270201707e+02
2.648248892060510116e+02 2.899589109627873427e+02
2.640912132250314244e+02 2.892734477213725199e+02
2.633556555749258905e+02 2.885901212708811272e+02
2.626188521297406169e+02 2.879091754252750093e+02
2.618813495292709490e+02 2.872309100810936684e+02
2.611435450803975868e+02 2.865556389073385617e+02
2.604056369372935933e+02 2.858836342547461982e+02
2.596675611548660072e+02 2.852150777824067518e+02
2.589289903553240038e+02 2.845499834108828168e+02
2.581893248600930519e+02 2.838881911289016671e+02
2.574477576529669705e+02 2.832293693993721604e+02
2.567033343706375490e+02 2.825730624683300789e+02
2.559550239615570888e+02 2.819187068974858903e+02
2.552017808274428319e+02 2.812656719180776577e+02
2.544426340666343833e+02 2.806132953700296184e+02
2.536767595096575860e+02 2.799609752818493007e+02
2.529035805054462003e+02 2.793082270644862319e+02
2.521228032468158347e+02 2.786547612937906706e+02
2.513344874509613192e+02 2.780004992432955078e+02
2.505390412740882198e+02 2.773455767751062808e+02
2.497372314559417816e+02 2.766902915470185462e+02
2.489301461291819351e+02 2.760350651990616484e+02
2.481191976626656412e+02 2.753804044058963427e+02
2.473061048387369567e+02 2.747268924892638324e+02
2.464929042617101516e+02 2.740751706604141305e+02
2.456818917827370115e+02 2.734259177481096685e+02
2.448755612715301311e+02 2.727798138654708850e+02
2.440764902968913077e+02 2.721375539398840715e+02
2.432872602103398094e+02 2.714998429829334441e+02
2.425103523651659145e+02 2.708673848425065103e+02
2.417480571331567205e+02 2.702408342231755114e+02
2.410023846612384943e+02 2.696207607470387302e+02
2.402749702569273609e+02 2.690075838915421400e+02
2.395669789516642822e+02 2.684015459184068959e+02
2.388790666613857070e+02 2.678027040315171234e+02
2.382113669299506853e+02 2.672109420928613872e+02
2.375635297253010663e+02 2.666259804641764504e+02
2.369347604132720164e+02 2.660474238613314810e+02
2.363238912477166309e+02 2.654748319175061511e+02
2.357294240404955303e+02 2.649077811208364324e+02
2.351495543722056709e+02 2.643458553359863572e+02
2.345821760239366540e+02 2.637886258953673746e+02
2.340248967309716477e+02 2.632356169318501316e+02
2.334750462458190441e+02 2.626863025525431112e+02
2.329297193930517267e+02 2.621401047697841022e+02
2.323858239931685716e+02 2.615963975388997369e+02
2.318401431509677764e+02 2.610544941028292101e+02
2.312893986085899485e+02 2.605136313590845134e+02
2.307303142762113737e+02 2.599729922394512869e+02
2.301596911325245003e+02 2.594317573425174714e+02
2.295744786932282011e+02 2.588891764966172104e+02
2.289718477605339046e+02 2.583446273474515920e+02
2.283492591952427802e+02 2.577976728594054521e+02
2.277045303385636998e+02 2.572480887589820213e+02
2.270358737001002396e+02 2.566958783752759814e+02
2.263419260808709623e+02 2.561412672687824283e+02
2.256217433319254724e+02 2.555846681097808073e+02
2.248748103474308095e+02 2.550266348838130739e+02
2.241010469288860634e+02 2.544678230092193871e+02
2.233007913299669269e+02 2.539089639752004928e+02
2.224747731717336023e+02 2.533508227458787019e+02
2.216240587105461373e+02 2.527941385623342967e+02
2.207499896268491852e+02 2.522395415988164586e+02
2.198540960239002686e+02 2.516875520802971664e+02
2.189380608905228485e+02 2.511385585085395178e+02
2.180036686587161796e+02 2.505928375538169348e+02
2.170527508052363146e+02 2.500505718821962091e+02
2.160871373868691023e+02 2.495118711119264390e+02
2.151086478694597304e+02 2.489767796168548557e+02
2.141190856314864845e+02 2.484452994128703835e+02
2.131202480049897190e+02 2.479173883747178593e+02
2.121139279073147179e+02 2.473929772752887288e+02
2.111018977753799390e+02 2.468719264278965966e+02
2.100858730935677841e+02 2.463540008914133637e+02
2.090674940688451215e+02 2.458388390664670737e+02
2.080483091539733209e+02 2.453259283332710083e+02
2.070297577702369836e+02 2.448146176807917413e+02
2.060131292737709714e+02 2.443041188192618733e+02
2.049995314652198601e+02 2.437935285041232589e+02
2.039898511707467037e+02 2.432818936984634206e+02
2.029847409683989099e+02 2.427682702995908528e+02
2.019845834436615348e+02 2.422518033844993113e+02
2.009895027755906085e+02 2.417317464650361387e+02
1.999993695887737886e+02 2.412075146053051924e+02
1.990138544647296328e+02 2.406787075847870767e+02
1.980324588048439978e+02 2.401451165676085679e+02
1.970545622736965186e+02 2.396067041242848745e+02
1.960794696104100296e+02 2.390635672358066302e+02
1.951064667407776483e+02 2.385158864957151366e+02
1.941348739333618880e+02 2.379638732477419296e+02
1.931641312988307391e+02 2.374077474303691417e+02
1.921938632338785453e+02 2.368477639772288512e+02
1.912239080896848122e+02 2.362842284626309208e+02
1.902543146101162961e+02 2.357175230305736306e+02
1.892853609272797826e+02 2.351481068058017456e+02
1.883175461090673934e+02 2.345765367158140577e+02
1.873515694453220988e+02 2.340034540395791964e+02
1.863882890418027500e+02 2.334295565052007930e+02
1.854286767179702906e+02 2.328555563043211691e+02
1.844737645559192742e+02 2.322821079188346118e+02
1.835245941411492367e+02 2.317097039983604532e+02
1.825822051233001844e+02 2.311386030958445019e+02
1.816476330606054432e+02 2.305687906117837258e+02
1.807219112896156048e+02 2.299999848360909880e+02
1.798060781831756856e+02 2.294316251023460609e+02
1.789012049058906655e+02 2.288628833909906461e+02
1.780083920037698988e+02 2.282926832599772808e+02
1.771287956623301056e+02 2.277197344209464518e+02
1.762636524673365841e+02 2.271425902883856338e+02
1.754143140117609789e+02 2.265597127434961067e+02
1.745822614641512871e+02 2.259695384648993297e+02
1.737690920524434830e+02 2.253705026417695194e+02
1.729765055045040754e+02 2.247610646864980595e+02
1.722062654512545805e+02 2.241397354060241298e+02
1.714601867155378727e+02 2.235051097344953632e+02
1.707401179915773923e+02 2.228558813619684997e+02
1.700479015730894616e+02 2.221908548659814642e+02
1.693853189548644878e+02 2.215089635388367810e+02
1.687540593856953990e+02 2.208092897120128271e+02
1.681556827472300597e+02 2.200910699542785096e+02
1.675915996019216436e+02 2.193536926394688464e+02
1.670630408060538343e+02 2.185966692823650135e+02
1.665710487065589120e+02 2.178196253460894809e+02
1.661164578642148513e+02 2.170223128280051696e+02
1.656999050080352731e+02 2.162046124755938479e+02
1.653218525969598431e+02 2.153665543010056922e+02
1.649826163976694602e+02 2.145082911715138891e+02
1.646823819568032263e+02 2.136300771608179048e+02
1.644212541349284891e+02 2.127322896258593516e+02
1.641993285920923427e+02 2.118154537591318842e+02
1.640167477792878685e+02 2.108802898110881756e+02
1.638737447983478432e+02 2.099277200406591533e+02
1.637706780213908928e+02 2.089588404576186633e+02
1.637080558469893958e+02 2.079749323608747318e+02
1.636865450011815994e+02 2.069774485148232657e+02
1.637069697153559105e+02 2.059680511404538379e+02
1.637702751505422327e+02 2.049486381301837810e+02
1.638774727780733542e+02 2.039213248619327032e+02
1.640295473580830787e+02 2.028884441866343025e+02
1.642273801738747920e+02 2.018525347647108106e+02
1.644716807449524936e+02 2.008163535916415867e+02
1.647629190592827513e+02 1.997828645291493501e+02
1.651012690363898514e+02 1.987551700660735605e+02
1.654865827452144345e+02 1.977364547473427479e+02
1.659183915291138760e+02 1.967299331861453311e+02
1.663959102816030509e+02 1.957387911426428673e+02
1.669180758655793397e+02 1.947661203398988903e+02
1.674835839702819271e+02 1.938148792520874508e+02
1.680909479198321037e+02 1.928878563681957701e+02
1.687385505528891372e+02 1.919876763158542303e+02
1.694247086449366861e+02 1.911168272615017258e+02
1.701477048837313646e+02 1.902777086133274906e+02
1.709245345693527440e+02 1.894872690252074392e+02
1.717217060875849768e+02 1.887463301109315807e+02
1.725281736244793649e+02 1.880600331017930102e+02
1.733415250506870962e+02 1.874272485479235115e+02
1.741635074035471575e+02 1.868448505141771534e+02
1.749966488246555798e+02 1.863099940300672017e+02
1.758431471516907436e+02 1.858205841546542842e+02
1.767046866708492416e+02 1.853751929926313835e+02
1.775824909347057314e+02 1.849728837958480767e+02
1.784774309828306684e+02 1.846130632700549086e+02
1.793901045954038977e+02 1.842953782653449935e+02
1.803209058133569442e+02 1.840196462639267452e+02
1.812700710095719501e+02 1.837858063653847580e+02
