1.926549091368106588e+02 1.916067752481018260e+02
1.936182698541972513e+02 1.913801789477582247e+02
1.945882628906355762e+02 1.911987425496288324e+02
1.955651823914956537e+02 1.910627648973203918e+02
1.965493736287027673e+02 1.909727665168145450e+02
1.975412177427192546e+02 1.909295864265545219e+02
1.985411039662801045e+02 1.909345187883841390e+02
1.995493122065571470e+02 1.909894983989270827e+02
2.005656883198836056e+02 1.910972314852118927e+02
2.015887771444804457e+02 1.912608794235523249e+02
2.026140499527537884e+02 1.914820865631754714e+02
2.036332155678557001e+02 1.917566529189057007e+02
2.046396962937821229e+02 1.920808147857493964e+02
2.056446545135877955e+02 1.924400558441475368e+02
2.066490951041648714e+02 1.928316189065055255e+02
2.076540036587613258e+02 1.932528455432212695e+02
2.086602654808248190e+02 1.937011760311054900e+02
2.096685404906839381e+02 1.941741557300297814e+02
2.106791616235859408e+02 1.946694037613493720e+02
2.116920631083730768e+02 1.951845910750101325e+02
2.127067421850937023e+02 1.957174619544006191e+02
2.137222812199809709e+02 1.962658253027018986e+02
2.147374135570961187e+02 1.968275664987345124e+02
2.157506052388089302e+02 1.974006694596656075e+02
2.167601407519041175e+02 1.979832367558105375e+02
2.177641839056086610e+02 1.985734994017411736e+02
2.187608677850638514e+02 1.991698210243611982e+02
2.197483858345273688e+02 1.997706920448055143e+02
2.207250719285208902e+02 2.003747247174596566e+02
2.216894638078898936e+02 2.009806199506543578e+02
2.226403018851667355e+02 2.015871822924202093e+02
2.235765352310834544e+02 2.021933210082919459e+02
2.244972922914241167e+02 2.027980717029933260e+02
2.254018584604917237e+02 2.034006290320652397e+02
2.262896388245974322e+02 2.040003662198678853e+02
2.271601430724542752e+02 2.045968418642694076e+02
2.280129504462010175e+02 2.051898034819590748e+02
2.288477019367973924e+02 2.057791724058600096e+02
2.296640766884704874e+02 2.063650124761869051e+02
2.304618018806933719e+02 2.069474621630089075e+02
2.312406392875655854e+02 2.075266913881327184e+02
2.320003731356829348e+02 2.081028353619055906e+02
2.327407941181206184e+02 2.086759163691035610e+02
2.334617137048078632e+02 2.092458199526935232e+02
2.341629720639652135e+02 2.098123010171792941e+02
2.348444756954228296e+02 2.103750123195360970e+02
2.355062324280173414e+02 2.109335819300537196e+02
2.361484049087662811e+02 2.114876529300472043e+02
2.367713498206120732e+02 2.120369439260579156e+02
2.373756653591206600e+02 2.125812896695914560e+02
2.379622408518070245e+02 2.131206707037451622e+02
2.385322985079492355e+02 2.136552329068269671e+02
2.390874053526700038e+02 2.141852926477110657e+02
2.396294663703224330e+02 2.147113256958949705e+02
2.401606899098630379e+02 2.152339357697616435e+02
2.406835332606690088e+02 2.157538098263089807e+02
2.412006296976335022e+02 2.162717141137585486e+02
2.417147018000506478e+02 2.167884690441940450e+02
2.422284889250979347e+02 2.173049122489510410e+02
2.427447024063492904e+02 2.178218829957166065e+02
2.432659765579040823e+02 2.183402215524397434e+02
2.437948397936633569e+02 2.188607598116284692e+02
2.443336814873149763e+02 2.193843318610358324e+02
2.448847382201602727e+02 2.199117548035211769e+02
2.454500719257633534e+02 2.204438174723855468e+02
2.460315524366878321e+02 2.209812382012451621e+02
2.466308396288090989e+02 2.215246535912925765e+02
2.472493802528084927e+02 2.220746314712572769e+02
2.478884061160819385e+02 2.226316568726220737e+02
2.485489090978277602e+02 2.231961307051722656e+02
2.492316443824596774e+02 2.237683517974561767e+02
2.499371025268730477e+02 2.243485115337269917e+02
2.506654646070325896e+02 2.249366822707053757e+02
2.514165584423638791e+02 2.255327997678293457e+02
2.521898274555699118e+02 2.261366737839033192e+02
2.529843057785891176e+02 2.267479797532366490e+02
2.537985996955646897e+02 2.273662245418614134e+02
2.546308743453670331e+02 2.279907692768358913e+02
2.554789326759932351e+02 2.286208333715242702e+02
2.563402878023258040e+02 2.292555444691116691e+02
2.572122797106827647e+02 2.298939619595769273e+02
2.580921816526562793e+02 2.305351243648287038e+02
2.589773036300737203e+02 2.311780896854873504e+02
2.598650801409355608e+02 2.318219555416491460e+02
2.607531537828947421e+02 2.324658902607980053e+02
2.616394297942724165e+02 2.331091685888345637e+02
2.625221081811756676e+02 2.337511621063243297e+02
2.633996266444121375e+02 2.343913444880509473e+02
2.642705821054033208e+02 2.350292504808543868e+02
2.651336438173673287e+02 2.356644667749211237e+02
2.659875111481729846e+02 2.362966484571318233e+02
2.668309067237260024e+02 2.369255079211184807e+02
2.676626013220106302e+02 2.375508231911256871e+02
2.684814540904034175e+02 2.381724214427002266e+02
2.692864644504216471e+02 2.387901866771350115e+02
2.700768372739863139e+02 2.394040465664414796e+02
2.708520317884233464e+02 2.400139800888493085e+02
2.716118449069864482e+02 2.406199926084554761e+02
2.723564331101709399e+02 2.412221251600572600e+02
2.730863478841329197e+02 2.418204209063667918e+02
2.738025126836827212e+02 2.424149278391856512e+02
2.745062112837949826e+02 2.430056716259028917e+02
2.751990506269488037e+02 2.435926671281711720e+02
2.758829128012097840e+02 2.441759197786298614e+02
2.765598778260336985e+02 2.447554415799032768e+02
2.772321533725740323e+02 2.453312721940467895e+02
2.779019973547640916e+02 2.459035099402814808e+02
2.785716482986957203e+02 2.464722828886532398e+02
2.792432646073873457e+02 2.470377280698515960e+02
2.799188650591339638e+02 2.475999526995262272e+02
2.806002704875126028e+02 2.481589814167644477e+02
2.812890479159153756e+02 2.487147455579744246e+02
2.819864773133367635e+02 2.492670247204036400e+02
2.826935549835633879e+02 2.498154168036112992e+02
2.834110116285648928e+02 2.503593332435552270e+02
2.841393641234274696e+02 2.508980166861932730e+02
2.848789860560220291e+02 2.514305769062154354e+02
2.856301959016749379e+02 2.519560549570816761e+02
2.863933299524558151e+02 2.524735061247378667e+02
2.871687965076949922e+02 2.529820626363700740e+02
2.879570933402284254e+02 2.534809748906149593e+02
2.887588132934680516e+02 2.539696425328366445e+02
2.895746178422241428e+02 2.544476481147443678e+02
2.904051986022669780e+02 2.549147175914034733e+02
2.912512266981042899e+02 2.553706916615421960e+02
2.921132943131723323e+02 2.558154830051865360e+02
2.929918791212562041e+02 2.562490428191097749e+02
2.938872747727011756e+02 2.566713229112505701e+02
2.947995423788538574e+02 2.570822380677408319e+02
2.957284538543824510e+02 2.574816393151555758e+02
2.966734442198936108e+02 2.578692902993423104e+02
2.976335968368626936e+02 2.582448490922170095e+02
2.986076503810803615e+02 2.586078702824648303e+02
2.995940476957285910e+02 2.589578166107035599e+02
3.005909824369216494e+02 2.592940865773350652e+02
3.015964581206604294e+02 2.596160112087863467e+02
3.026083687006015452e+02 2.599228871063086785e+02
3.036246148572021184e+02 2.602140319602537488e+02
3.046432301298978018e+02 2.604887751866598364e+02
3.056624732991401743e+02 2.607465061305639438e+02
3.066809319492461441e+02 2.609867084132891932e+02
3.076975676856363293e+02 2.612090205245343100e+02
3.087117228097101815e+02 2.614132609111375132e+02
3.097231049955737490e+02 2.615994527802481002e+02
3.107317294247413884e+02 2.617678133472467152e+02
3.117378429093728300e+02 2.619187438499156997e+02
3.127418279263243903e+02 2.620528263023908266e+02
3.137441198841181631e+02 2.621708794258815942e+02
3.147451610619104940e+02 2.622739630511046016e+02
3.157453566910882614e+02 2.623633715476064481e+02
3.167450549046821493e+02 2.624405605573049911e+02
3.177445189081383319e+02 2.625070566256115399e+02
3.187439286672499748e+02 2.625644042188785079e+02
3.197433761162806718e+02 2.626141496608400416e+02
3.207428938436212320e+02 2.626577885005581265e+02
3.217424725966322967e+02 2.626967267363929750e+02
3.227420959408319732e+02 2.627322302616686329e+02
3.237417494278963659e+02 2.627654119826011083e+02
3.247414202711235589e+02 2.627972568161921458e+02
3.257410967612698300e+02 2.628286666864373160e+02
3.267407675655527441e+02 2.628605145197756201e+02
3.277404210915614158e+02 2.628936932409608289e+02
3.287400451107951085e+02 2.629291447706181089e+02
3.297396260836295028e+02 2.629679120208617746e+02
3.307391488996879616e+02 2.630111588936107410e+02
3.317385973062286553e+02 2.630601372833685900e+02
3.327379545052899630e+02 2.631161410811000678e+02
3.337372043739442233e+02 2.631804121821514286e+02
3.347363322691461462e+02 2.632540784914750134e+02
3.357353254041938726e+02 2.633381249260723393e+02
3.367341731343203719e+02 2.634333714168485585e+02
3.377328672682475599e+02 2.635404489106341543e+02
3.387314021460749700e+02 2.636597933706908066e+02
3.397297738733756205e+02 2.637917047717398304e+02
3.407279792956637152e+02 2.639364260933053856e+02
3.417260148300663900e+02 2.640942333121313368e+02
3.427238755436428619e+02 2.642655063961978499e+02
3.437215543485360740e+02 2.644507912994978938e+02
3.447190416644556308e+02 2.646508259598457471e+02
3.457163261196749318e+02 2.648664863034279051e+02
3.467133955895446320e+02 2.650987062515433763e+02
3.477102388061894089e+02 2.653483537310524980e+02
3.487068474874612889e+02 2.656160666881960424e+02
3.497032182192459686e+02 2.659021081008129954e+02
3.506993545844161986e+02 2.662062019921597198e+02
3.516952687206027122e+02 2.665274134410215083e+02
3.526909821899494091e+02 2.668640815873578163e+02
3.536865263296119792e+02 2.672137926345776009e+02
3.546819415637421571e+02 2.675734328450736257e+02
3.556772844165718652e+02 2.679393416441624254e+02
3.566726591728923381e+02 2.683074920462864839e+02
3.576682321894663232e+02 2.686736978582553093e+02
3.586642574521620190e+02 2.690338020268844161e+02
3.596610691228847827e+02 2.693838655581624266e+02
3.606590805014098464e+02 2.697203245170036325e+02
3.616587445616831928e+02 2.700401025244319726e+02
3.626605077743039374e+02 2.703407011657492376e+02
3.636647763174381680e+02 2.706202605570081232e+02
3.646718646137850897e+02 2.708775946799262329e+02
3.656819101300365560e+02 2.711122062771168544e+02
3.666948377174273901e+02 2.713242603869485947e+02
3.677103125767516758e+02 2.715145867331655722e+02
3.687277415049252909e+02 2.716846607394700754e+02
3.697462608310901260e+02 2.718366083733238838e+02
3.707647806076276993e+02 2.719731917183950145e+02
3.717820128544470890e+02 2.720977903396384932e+02
3.727964826226188961e+02 2.722143194200201037e+02
3.738065487452661273e+02 2.723270950185388983e+02
3.748104416778935501e+02 2.724406925495233622e+02
3.758062882359595847e+02 2.725598130924956877e+02
3.767921443966824881e+02 2.726891448063082635e+02
3.777660415155021951e+02 2.728332695212279191e+02
3.787260712277018797e+02 2.729965938352744956e+02
3.796704434951003009e+02 2.731832688609868569e+02
3.805975846883180225e+02 2.733971074916989323e+02
3.815062125674761546e+02 2.736415863750621611e+02
3.823954103927939627e+02 2.739198378744295042e+02
3.832646650512007795e+02 2.742346405629917854e+02
3.841138866259180986e+02 2.745883754741323628e+02
3.849433890731784800e+02 2.749829738461804709e+02
3.857538554065687322e+02 2.754198256627475985e+02
3.865462346015111734e+02 2.758997093084737458e+02
3.873216398631408310e+02 2.764226932401141426e+02
3.880812276491363946e+02 2.769880564093782596e+02
3.888261289477980540e+02 2.775941893624876116e+02
3.895574118264693766e+02 2.782385517504210384e+02
3.902760796783524597e+02 2.789176533045524593e+02
3.909830834295462410e+02 2.796271150002696686e+02
3.916793469660187270e+02 2.803617903972769341e+02
3.923658061180321397e+02 2.811159211587726077e+02
3.930434740062022456e+02 2.818833419169965282e+02
3.937135158155334125e+02 2.826577292648840967e+02
3.943772998444309792e+02 2.834329064444285677e+02
3.950364119332938913e+02 2.842031185571746619e+02
3.956926109370215272e+02 2.849633040090610621e+02
3.963477600564026488e+02 2.857092996362883355e+02
3.970037407422022397e+02 2.864380016012286774e+02
3.976623922721765894e+02 2.871474746172535788e+02
3.983254347445802068e+02 2.878369519490795483e+02
3.989943813059188642e+02 2.885067402653423301e+02
3.996704376913522765e+02 2.891581003244346562e+02
4.003543982587278265e+02 2.897930896116201325e+02
4.010465454896930169e+02 2.904143690181251714e+02
4.017465816179253011e+02 2.910249999364789346e+02
4.024535690748641628e+02 2.916282554715061792e+02
4.031659040758040646e+02 2.922274980871277421e+02
4.038812879854716584e+02 2.928260742257648985e+02
4.045967173704477773e+02 2.934272331723694265e+02
4.053085190092000403e+02 2.940341265088574119e+02
4.060124123152454558e+02 2.946497759217382395e+02
4.067036052248635087e+02 2.952770054411637943e+02
4.073768909159667828e+02 2.959183866918638159e+02
4.080267787967165987e+02 2.965761635872192983e+02
4.086476160924727878e+02 2.972522079038902802e+02
4.092337175878459448e+02 2.979479629613073257e+02
4.097794835255389785e+02 2.986643751463956846e+02
4.102795171287262974e+02 2.994018544358570466e+02
4.107287313580263799e+02 3.001602167771717973e+02
4.111224129580344879e+02 3.009386809197467869e+02
4.114563039311560146e+02 3.017359094760221865e+02
4.117266705970461089e+02 3.025500818241035859e+02
4.119303233705861658e+02 3.033789883724518290e+02
4.120646300597071559e+02 3.042200847370719998e+02
4.121274955295580753e+02 3.050705174796951269e+02
4.121173363670955041e+02 3.059271497810508436e+02
4.120330292622726347e+02 3.067866087747710253e+02
4.118738807639198285e+02 3.076453041563452757e+02
4.116396392917154117e+02 3.084994273389831960e+02
4.113304968893696696e+02 3.093449704779754370e+02
4.109471217804759249e+02 3.101777608962162276e+02
4.104907209481427230e+02 3.109935709058298130e+02
4.099630971308832272e+02 3.117882725610976422e+02
4.093667062079470043e+02 3.125579624139145380e+02
4.087046686664169783e+02 3.132990796726036251e+02
4.079807843796071438e+02 3.140085004016987682e+02
4.071994881567667903e+02 3.146836489543057951e+02
4.063657726720260825e+02 3.153225799785209347e+02
4.054850658385863653e+02 3.159240258295678245e+02
4.045630908724425581e+02 3.164873907527359052e+02
4.036056910860987159e+02 3.170126886037050440e+02
4.026186585907304334e+02 3.175004106137139388e+02
4.016075803737221577e+02 3.179514413843486409e+02
4.005777339043139591e+02 3.183669345218762601e+02
3.995340070880709504e+02 3.187482385919005878e+02
3.984808389596078086e+02 3.190967663384495268e+02
3.974221640634231676e+02 3.194138879529657515e+02
3.963613686779445970e+02 3.197008364980630972e+02
3.953012771931702218e+02 3.199586787282304385e+02
3.942441574347821529e+02 3.201882901568455964e+02
3.931917526744324505e+02 3.203903544716645797e+02
3.921453026928800227e+02 3.205653588078532152e+02
3.911055486237924015e+02 3.207136058118828714e+02
3.900727530818750211e+02 3.208352039020018083e+02
3.890467440942562121e+02 3.209300728389963524e+02
3.880269940419050272e+02 3.209979487513860477e+02
3.870127463114127409e+02 3.210384117818738900e+02
3.860031180526484036e+02 3.210509054229162871e+02
3.849972068452070744e+02 3.210347629036283479e+02
3.839941463172299905e+02 3.209892369143004203e+02
3.829931563752030570e+02 3.209135592634788736e+02
3.819935962907071598e+02 3.208070115730649832e+02
3.809949911918675980e+02 3.206689646255264279e+02
3.799970357255000408e+02 3.204989044136331131e+02
3.789995611640887887e+02 3.202965007192368034e+02
3.780024554128734167e+02 3.200616830812507487e+02
3.770056031580471654e+02 3.197947060241843928e+02
3.760088480650256884e+02 3.194962105726065715e+02
3.750120047648008494e+02 3.191673024133312424e+02
3.740148849429662050e+02 3.188096222400179727e+02
3.730173207665117729e+02 3.184253900610183337e+02
3.720191859343266287e+02 3.180174784788159741e+02
3.710204104036712920e+02 3.175895108894718533e+02
3.700209997653836353e+02 3.171459097382080472e+02
3.690210743704076890e+02 3.166918870265259898e+02
3.680208767702252999e+02 3.162333333994479858e+02
3.670207654959857564e+02 3.157766810532096429e+02
3.660211787492924032e+02 3.153287732529203140e+02
3.650226066894612700e+02 3.148966879579500073e+02
3.640255511113172702e+02 3.144875312810866035e+02
3.630304951091667363e+02 3.141082320774225423e+02
3.620378728186584567e+02 3.137653305337470329e+02
3.610480489760618070e+02 3.134647808865731236e+02
3.600613052043458993e+02 3.132117752292651858e+02
3.590778294291653765e+02 3.130106343654460943e+02
3.580977178913271359e+02 3.128647298285513898e+02
3.571209703286060062e+02 3.127763928116086731e+02
3.561475046885427673e+02 3.127468593536114554e+02
3.551771606867389437e+02 3.127763043885806837e+02
3.542097166629747562e+02 3.128639299718144002e+02
3.532448978015655712e+02 3.130080253916656829e+02
3.522823911434253432e+02 3.132060433708408596e+02
3.513218607149630088e+02 3.134546672684571149e+02
3.503629564368004594e+02 3.137498952027783616e+02
3.494053278243663954e+02 3.140871402375106527e+02
3.484486307020609956e+02 3.144613294773113239e+02
3.474925289957311634e+02 3.148669970988972864e+02
3.465366947330163612e+02 3.152983613575377717e+02
3.455808050958733588e+02 3.157493975549406287e+02
3.446245402263696747e+02 3.162139300185189086e+02
3.436675795652297438e+02 3.166857600646420678e+02
3.427095988397985593e+02 3.171588209725940146e+02
3.417502660780527322e+02 3.176273309457185405e+02
3.407892412324850966e+02 3.180858991154684645e+02
3.398261775701556076e+02 3.185296495699014372e+02
3.388607286205218543e+02 3.189543024507064501e+02
3.378925620837355837e+02 3.193562581408468759e+02
3.369213694922830769e+02 3.197326233921836547e+02
3.359468819110644517e+02 3.200812345312407388e+02
3.349688865721348066e+02 3.204006086710358545e+02
3.339872369254413798e+02 3.206898628347391877e+02
3.330018715070622193e+02 3.209486471949844031e+02
3.320128187177544419e+02 3.211770851308498322e+02
3.310202113150685932e+02 3.213757354128007933e+02
3.300242806605012902e+02 3.215455731264015640e+02
3.290253577972995913e+02 3.216879836858027488e+02
3.280238610879922589e+02 3.218047906756046359e+02
3.270202805792177401e+02 3.218982276455139981e+02
3.260151555748448118e+02 3.219708938154784619e+02
3.250090427162114111e+02 3.220256706542939469e+02
3.240024846075833125e+02 3.220655964617498626e+02
3.229959686241949157e+02 3.220937268221407521e+02
3.219898988879537569e+02 3.221129822276312780e+02
3.209845595947473385e+02 3.221260455935569098e+02
3.199800998592380665e+02 3.221352200497050831e+02
3.189765084436672282e+02 3.221422956010234202e+02
3.179736317559923009e+02 3.221484723547924318e+02
3.169711758886626285e+02 3.221543575468407425e+02
3.159687256692905635e+02 3.221600387950227855e+02
3.149657933323327939e+02 3.221651867396951161e+02
3.139618562046804868e+02 3.221691565414812430e+02
3.129564184800971134e+02 3.221710826911809704e+02
3.119490690455727417e+02 3.221698927615971115e+02
3.109395273086893212e+02 3.221643210035858829e+02
3.099276856484314635e+02 3.221528738942258769e+02
3.089136132590726902e+02 3.221338421877323981e+02
3.078975892642268946e+02 3.221052923446027876e+02
3.068801020025247794e+02 3.220650445204889252e+02
3.058618536766933289e+02 3.220106996288292294e+02
3.048437734826213728e+02 3.219397065169430334e+02
3.038269872617346437e+02 3.218494655808059406e+02
3.028127842964203182e+02 3.217374213418078170e+02
3.018026069217728491e+02 3.216011693209042051e+02
3.007980050883634249e+02 3.214385664580804018e+02
2.998006194159445386e+02 3.212478038984976365e+02
2.988121507675907651e+02 3.210274396002695312e+02
2.978343581849599104e+02 3.207764033080783292e+02
2.968690106193820952e+02 3.204939399218033032e+02
2.959178051850697102e+02 3.201795124271522468e+02
2.949823186691756973e+02 3.198326852563646980e+02
2.940639355504958985e+02 3.194530453471401188e+02
2.931637977177446146e+02 3.190401464852202480e+02
2.922827756926820939e+02 3.185934919293598568e+02
2.914214685781894332e+02 3.181125384109900551e+02
2.905802093048399115e+02 3.175967542072193055e+02
2.897590830844246739e+02 3.170457383904349058e+02
2.889579576158198506e+02 3.164593592320802031e+02
2.881765323931043099e+02 3.158378848537532235e+02
2.874143851307625255e+02 3.151821048401190524e+02
2.866710055924077665e+02 3.144934206856763694e+02
2.859458058239508205e+02 3.137739049325813312e+02
2.852380984540267264e+02 3.130262778869943077e+02
2.845470510220603160e+02 3.122538050175480180e+02
2.838716206974594343e+02 3.114601640967144363e+02
2.832105085943529730e+02 3.106492665926955397e+02
2.825621529272656289e+02 3.098250915665774414e+02
2.819247430222270623e+02 3.089915308411688670e+02
2.812962454307216831e+02 3.081522263262894512e+02
2.806744177720397033e+02 3.073104281865124108e+02
2.800568532095362571e+02 3.064688814089712423e+02
2.794410529768022684e+02 3.056297857414775194e+02
2.788245148898531625e+02 3.047948338447492347e+02
2.782048186908105549e+02 3.039652624046006508e+02
2.775797161964424618e+02 3.031419183077743469e+02
2.769472110581023685e+02 3.023253546854316482e+02
2.763056245747743560e+02 3.015159227752404831e+02
2.756536646097167136e+02 3.007138558230805643e+02
2.749904927669021504e+02 2.999193329604725022e+02
2.743157683357310361e+02 2.991325607819157426e+02
2.736296611081959895e+02 2.983537875124681591e+02
2.729328249397040054e+02 2.975833366673634828e+02
2.722263456885515325e+02 2.968216113765565751e+02
2.715116292123798303e+02 2.960690939307190774e+02
2.707902669507334394e+02 2.953263000324557197e+02
2.700638929108004049e+02 2.945937019332980071e+02
2.693340461204090275e+02 2.938716926451338054e+02
2.686020591826849113e+02 2.931605424898260708e+02
2.678689639201456316e+02 2.924603488701068841e+02
2.671354646106413497e+02 2.917710179205957957e+02
2.664019203653331829e+02 2.910922352765776964e+02
2.656683713731487160e+02 2.904234474131208685e+02
2.649345991942997216e+02 2.897638394259002439e+02
2.642001671203911428e+02 2.891123075528140021e+02
2.634644469514618663e+02 2.884674765230490721e+02
2.627266706281233155e+02 2.878277282297562465e+02
2.619859649823092695e+02 2.871912981892921266e+02
2.612414146024993897e+02 2.865563633646991093e+02
2.604920841311304116e+02 2.859211734662214894e+02
2.597370733252149648e+02 2.852841236721984046e+02
2.589755381198255009e+02 2.846438269085876414e+02
2.582067039908245079e+02 2.839991630265775484e+02
2.574299239762868865e+02 2.833493545621706176e+02
2.566447365158350067e+02 2.826939794880954082e+02
2.558508804104309888e+02 2.820329744082746402e+02
2.550483379741842214e+02 2.813665461105447889e+02
2.542373020108229014e+02 2.806950961316069879e+02
2.534181493868056805e+02 2.800190994037431551e+02
2.525913738289183073e+02 2.793390423772189024e+02
2.517575905989706087e+02 2.786553710765911660e+02
2.509175287411175361e+02 2.779684719984578010e+02
2.500720473271580886e+02 2.772786533207611797e+02
2.492221931271125470e+02 2.765861706536040856e+02
2.483692568125526350e+02 2.758912887740511906e+02
2.475148143559171103e+02 2.751943281674724062e+02
2.466607599372071888e+02 2.744957494618335545e+02
2.458093110867071402e+02 2.737962195000234260e+02
2.449629895048453818e+02 2.730966250920268408e+02
2.441245487047814038e+02 2.723981000779034503e+02
2.432968532952114344e+02 2.717020027588044968e+02
2.424827439784162095e+02 2.710098381379033299e+02
2.416848620190949362e+02 2.703231436321210595e+02
2.409055036327825405e+02 2.696433811727886791e+02
2.401465038395008946e+02 2.689718706922983529e+02
2.394091551716652191e+02 2.683097350641759817e+02
2.386941573923597275e+02 2.676578444456637840e+02
2.380015746677192965e+02 2.670168027206141232e+02
2.373308053873714698e+02 2.663868841023739265e+02
2.366805892806791576e+02 2.657680242254131713e+02
2.360490487251864522e+02 2.651598736860785834e+02
2.354337726360351439e+02 2.645618841388524061e+02
2.348318905639271179e+02 2.639733782641451967e+02
2.342401552597433181e+02 2.633935838429729870e+02
2.336550414844620320e+02 2.628216490409385528e+02
2.330728498835628670e+02 2.622566527575415307e+02
2.324898347555568989e+02 2.616976232863674454e+02
2.319023209252951006e+02 2.611435488331564443e+02
2.313068116699611494e+02 2.605933839173751494e+02
2.307000701929047182e+02 2.600460904333235135e+02
2.300791625291484479e+02 2.595006452077456061e+02
2.294414842185772727e+02 2.589560653482216708e+02
2.287847633449758007e+02 2.584114822888587355e+02
2.281070564974214392e+02 2.578661447381115295e+02
2.274067235646880363e+02 2.573194343528992363e+02
2.266824380459572410e+02 2.567708418704416999e+02
2.259331945698321249e+02 2.562200042089933163e+02
2.251583255553873073e+02 2.556667306863362228e+02
2.243575370144145609e+02 2.551110184858478078e+02
2.235309463924434112e+02 2.545530651487833893e+02
2.226790877370785324e+02 2.539932556402789601e+02
2.218028977767218066e+02 2.534320791616235624e+02
2.209036831699999652e+02 2.528701097234731492e+02
2.199830677828403509e+02 2.523079844596049384e+02
2.190429418745082444e+02 2.517463889660441509e+02
2.180854040765312902e+02 2.511860585479732322e+02
2.171127136174281986e+02 2.506277605980560566e+02
2.161271993170489623e+02 2.500722174085503866e+02
2.151311401938320387e+02 2.495200586174139517e+02
2.141266733813400833e+02 2.489717500069296534e+02
2.131157323801313908e+02 2.484275737004588791e+02
2.121000032691701733e+02 2.478876115926068451e+02
2.110809078370733687e+02 2.473517351293810407e+02
2.100595983358846581e+02 2.468196242416831865e+02
2.090369616365147181e+02 2.462907553982458353e+02
2.080136130864509596e+02 2.457644125268174662e+02
2.069899340262432190e+02 2.452397245043382554e+02
2.059661361609179266e+02 2.447157139966884642e+02
2.049423426573508209e+02 2.441913675173507841e+02
2.039186859675967298e+02 2.436657267049877191e+02
2.028954156643583246e+02 2.431379787309173821e+02
2.018729725389482041e+02 2.426075262669061772e+02
2.008520539596379422e+02 2.420740373378137917e+02
1.998336144821311677e+02 2.415374753320467960e+02
1.988188400854198505e+02 2.409980806655583194e+02
1.978091296926423297e+02 2.404563305385716774e+02
1.968060497071976442e+02 2.399128973418894191e+02
1.958112662388135163e+02 2.393685537690958540e+02
1.948264656681423048e+02 2.388240517751733023e+02
1.938532539405165949e+02 2.382800222607389173e+02
1.928931021803643944e+02 2.377368503555332779e+02
1.919472997337677782e+02 2.371945948020533876e+02
1.910169525840365736e+02 2.366529559322858631e+02
1.901029911692946825e+02 2.361112897703789315e+02
1.892061891472131947e+02 2.355686262777726654e+02
1.883272129883735317e+02 2.350237009996579332e+02
1.874667040995178695e+02 2.344750231367890478e+02
1.866253446755386562e+02 2.339209644078239592e+02
1.858038948524840634e+02 2.333598245371414350e+02
1.850032245104863478e+02 2.327899236754757624e+02
1.842243363760214265e+02 2.322096717056568593e+02
1.834683558150485680e+02 2.316175841114478828e+02
1.827365438319152418e+02 2.310122821463036189e+02
1.820302690327720256e+02 2.303924954696379928e+02
1.813509596296171935e+02 2.297570615237157199e+02
1.807000303945221162e+02 2.291049285856712174e+02
1.800787928229921135e+02 2.284351426001918810e+02
1.794884131245240155e+02 2.277468476342138501e+02
1.789298541496045516e+02 2.270392911234941096e+02
1.784038482881343839e+02 2.263118315214376821e+02
1.779109048972251799e+02 2.255639053927485520e+02
1.774513362211200729e+02 2.247950337504408367e+02
1.770253142955208432e+02 2.240048297951902043e+02
1.766329232158163052e+02 2.231929785921373934e+02
1.762742388707126509e+02 2.223592581077167551e+02
1.759494258431902267e+02 2.215035474682645429e+02
1.756588238709342136e+02 2.206258690859479259e+02
1.754030287486395991e+02 2.197263967096704391e+02
1.751829446614924848e+02 2.188055071087900672e+02
1.749998032877668948e+02 2.178638493269335470e+02
1.748551592669232377e+02 2.169023856266160806e+02
1.747508497875734292e+02 2.159224229672877868e+02
1.746889282425436249e+02 2.149256391462848796e+02
1.746715798591449129e+02 2.139140336994532561e+02
1.747010021636345698e+02 2.128898913463267490e+02
1.747792812383116825e+02 2.118557613820318011e+02
1.749082562522336275e+02 2.108144159151842700e+02
1.750894021461930379e+02 2.097687963404632967e+02
1.753237399907999361e+02 2.087219851725581634e+02
1.756117833804744635e+02 2.076771753476991762e+02
1.759535078384832048e+02 2.066376388238460322e+02
1.763483536865259680e+02 2.056066596122959993e+02
1.767952470299848926e+02 2.045875350502094534e+02
1.772926693362744572e+02 2.035835317001200906e+02
1.778387409990301080e+02 2.025978424311005881e+02
1.784313247967608049e+02 2.016335517588823620e+02
1.790681332213497114e+02 2.006936112370589740e+02
1.797468136136876922e+02 1.997808295614338761e+02
1.804650018475689421e+02 1.988978972689949103e+02
1.812203743382907533e+02 1.980473864130326547e+02
1.820250765304233482e+02 1.972469051424047279e+02
1.828481925431611330e+02 1.964977072306246555e+02
1.836784866184685825e+02 1.958046312292695461e+02
1.845142201948734737e+02 1.951661684422111307e+02
1.853577687843282433e+02 1.945789824258390865e+02
1.862120393623945063e+02 1.940401666719246521e+02
1.870794221467263583e+02 1.935476400335326446e+02
1.879616822419987159e+02 1.931000193076820608e+02
1.888600661884843817e+02 1.926964236020137946e+02
1.897754289766231466e+02 1.923363199706133742e+02
1.907083384403367177e+02 1.920194167601978279e+02
1.916591431600825217e+02 1.917455944857695442e+02
