2.002701952929875233e+02 1.966726573529262225e+02
2.012486756631632829e+02 1.964667045529799623e+02
2.022318012759844805e+02 1.963064622821245848e+02
2.032198977959930062e+02 1.961924709546512702e+02
2.042133715671517962e+02 1.961255763368301928e+02
2.052127050546677083e+02 1.961070585283935088e+02
2.062184101184438418e+02 1.961387997619091266e+02
2.072308125650587840e+02 1.962233874714482909e+02
2.082493398810239569e+02 1.963637122066655536e+02
2.092707769249344665e+02 1.965607240637385758e+02
2.102879557626534677e+02 1.968086149708521191e+02
2.113059207198023444e+02 1.971001566883847715e+02
2.123202944403233516e+02 1.974259471863990711e+02
2.133303194245898737e+02 1.977833271621075539e+02
2.143350347032058494e+02 1.981697454332705490e+02
2.153332888628474393e+02 1.985827529945067909e+02
2.163237719377821122e+02 1.990200281555311790e+02
2.173051223785763284e+02 1.994793840041050146e+02
2.182760271420313245e+02 1.999587478389574642e+02
2.192352637686803689e+02 2.004561433516985289e+02
2.201817404170324153e+02 2.009696827999839002e+02
2.211145380103052105e+02 2.014975331895778652e+02
2.220329194353944331e+02 2.020378703137291438e+02
2.229363316510363973e+02 2.025888537620593581e+02
2.238244235578218877e+02 2.031486569981728678e+02
2.246970477255607648e+02 2.037155303677211577e+02
2.255542301945094152e+02 2.042878469681549518e+02
2.263961423544699869e+02 2.048641305272988404e+02
2.272230578153753413e+02 2.054430852169988668e+02
2.280353183383715816e+02 2.060236115058462190e+02
2.288333057365533705e+02 2.066048290377988224e+02
2.296174187107437774e+02 2.071861145322989728e+02
2.303880608236432579e+02 2.077671077322900146e+02
2.311456016300120950e+02 2.083476812357346830e+02
2.318903758843879075e+02 2.089278924917371683e+02
2.326227045928159214e+02 2.095079718915275180e+02
2.333429251207492996e+02 2.100882978985135878e+02
2.340514335171995981e+02 2.106693222307273174e+02
2.347487008001854747e+02 2.112515039306788651e+02
2.354352561472908292e+02 2.118352652922051789e+02
2.361116849605921288e+02 2.124209768519560839e+02
2.367786348622750552e+02 2.130089584153482463e+02
2.374368266036593411e+02 2.135995001039685519e+02
2.380870422384010396e+02 2.141928223040212913e+02
2.387300743912594783e+02 2.147890134462192293e+02
2.393666874575157522e+02 2.153879838374513724e+02
2.399975615385884566e+02 2.159894804183166741e+02
2.406232864291080205e+02 2.165930897371324875e+02
2.412443813354582574e+02 2.171983030358708504e+02
2.418613358580835779e+02 2.178045204275383639e+02
2.424746548136503748e+02 2.184110920905184798e+02
2.430849040918171795e+02 2.190173514673159900e+02
2.436927583605322525e+02 2.196226834716284202e+02
2.442990278624001235e+02 2.202265716047415367e+02
2.449046911287742887e+02 2.208286640977108277e+02
2.455109178410696984e+02 2.214288060105885165e+02
2.461191046789721781e+02 2.220270743878768371e+02
2.467308884544612795e+02 2.226237473150725634e+02
2.473481262071970832e+02 2.232192818323279369e+02
2.479728533650217059e+02 2.238142767530528090e+02
2.486072349780893944e+02 2.244094184523846991e+02
2.492534819273610367e+02 2.250054325041494963e+02
2.499137521462207303e+02 2.256030322529412615e+02
2.505900388551958144e+02 2.262028643299758812e+02
2.512840556409240094e+02 2.268054901556259892e+02
2.519971456214411489e+02 2.274113475459969322e+02
2.527302364552566303e+02 2.280207485182194489e+02
2.534838251986947455e+02 2.286339122252319385e+02
2.542580033099881121e+02 2.292509640639709971e+02
2.550524406494270977e+02 2.298719356061354233e+02
2.558663915571944187e+02 2.304967466243183765e+02
2.566987347188456852e+02 2.311252362648068299e+02
2.575480508357084659e+02 2.317572393843957741e+02
2.584127244205462830e+02 2.323926339913273580e+02
2.592910204809487595e+02 2.330314145778056059e+02
2.601811144887598175e+02 2.336736992497485517e+02
2.610810996309927532e+02 2.343196717576216770e+02
2.619889911083729430e+02 2.349695125143933296e+02
2.629027682214892820e+02 2.356233787774660868e+02
2.638204435259296474e+02 2.362813689475941885e+02
2.647401308619347446e+02 2.369435158632019807e+02
2.656601074317078997e+02 2.376097690688418140e+02
2.665788539548219660e+02 2.382799589886211891e+02
2.674950459019745495e+02 2.389537428877629566e+02
2.684075826375162706e+02 2.396305719984045766e+02
2.693156013024832873e+02 2.403097185799269369e+02
2.702184975504391673e+02 2.409903370092551427e+02
2.711159173787866052e+02 2.416715027458757277e+02
2.720077578258507742e+02 2.423522823355083062e+02
2.728941497892941470e+02 2.430317753361492521e+02
2.737754550001808411e+02 2.437091203050335935e+02
2.746522718628124267e+02 2.443835318242523158e+02
2.755254601299500905e+02 2.450543756082311688e+02
2.763961127775866089e+02 2.457211973822964524e+02
2.772655069361690607e+02 2.463837386704896630e+02
2.781350419604153217e+02 2.470419205274281467e+02
2.790061784774850935e+02 2.476958322744457632e+02
2.798803846817380645e+02 2.483456632665580059e+02
2.807591076811856965e+02 2.489916227677210827e+02
2.816436997578186947e+02 2.496338796311768533e+02
2.825353407361537847e+02 2.502724769627236014e+02
2.834349694339135795e+02 2.509072278231091104e+02
2.843432557574877819e+02 2.515376931070740625e+02
2.852606056239965255e+02 2.521631995648195925e+02
2.861871788399584489e+02 2.527828678796356598e+02
2.871229249451727696e+02 2.533956488233449704e+02
2.880676069658414349e+02 2.540003803596230227e+02
2.890208183321922206e+02 2.545958067173841073e+02
2.899820036229744460e+02 2.551806374811003479e+02
2.909505023443571758e+02 2.557535987807237916e+02
2.919255826267034877e+02 2.563135034381569994e+02
2.929064940336755285e+02 2.568592951961857693e+02
2.938925015705704027e+02 2.573900468656240719e+02
2.948829008745787519e+02 2.579049163906346962e+02
2.958770163143304330e+02 2.584031238402903341e+02
2.968742191195431133e+02 2.588839214867445548e+02
2.978739432294190124e+02 2.593466288741404924e+02
2.988756963834140947e+02 2.597906118664071187e+02
2.998790344416977405e+02 2.602152085354431961e+02
3.008835205716086989e+02 2.606196859841032847e+02
3.018887104035760558e+02 2.610032042816255853e+02
3.028941638622445680e+02 2.613648555151939945e+02
3.038994768719218200e+02 2.617037319277734468e+02
3.049043311700385175e+02 2.620189691340696072e+02
3.059085120040725201e+02 2.623098161977641212e+02
3.069119069757772991e+02 2.625756716268501805e+02
3.079144779375899361e+02 2.628161072522451605e+02
3.089162385168398828e+02 2.630309781315606870e+02
3.099172668689738543e+02 2.632204796048238791e+02
3.109176996170307348e+02 2.633851612683822623e+02
3.119177079989925687e+02 2.635258928713683417e+02
3.129174680844280942e+02 2.636438141863501414e+02
3.139171390170243399e+02 2.637402789146563009e+02
3.149168273005224137e+02 2.638167885312127510e+02
3.159165849718262393e+02 2.638749522762626043e+02
3.169164144668106360e+02 2.639165181767127137e+02
3.179163076545745525e+02 2.639433652149706973e+02
3.189162560190918612e+02 2.639574613726110783e+02
3.199162506981563183e+02 2.639608546304591528e+02
3.209162827603257142e+02 2.639556089691906209e+02
3.219163432308855590e+02 2.639437983693874799e+02
3.229164230788668419e+02 2.639275098115100491e+02
3.239165132213737479e+02 2.639088422759061245e+02
3.249166046144555935e+02 2.638898857430080511e+02
3.259166884175425594e+02 2.638726831936880330e+02
3.269167563136618355e+02 2.638591566099510715e+02
3.279168005700192339e+02 2.638510929750663649e+02
3.289168142457072577e+02 2.638500962740162095e+02
3.299167911527596289e+02 2.638575964934121885e+02
3.309167258821149744e+02 2.638748436215510083e+02
3.319166139117979810e+02 2.639028826486488128e+02
3.329164517021189340e+02 2.639425315670470127e+02
3.339162367086553331e+02 2.639943783712403729e+02
3.349159674038882031e+02 2.640587760579239216e+02
3.359156431344029556e+02 2.641358756256838660e+02
3.369152640819440876e+02 2.642256350749134981e+02
3.379148308133811724e+02 2.643279234068392611e+02
3.389143439994378468e+02 2.644425856229123610e+02
3.399138043238194768e+02 2.645694637246122056e+02
3.409132122668507350e+02 2.647084467129778886e+02
3.419125677636228602e+02 2.648595495878689690e+02
3.429118698924317528e+02 2.650229853472913533e+02
3.439111167276516312e+02 2.651991989870785460e+02
3.449103051752993565e+02 2.653889055005363957e+02
3.459094309211075711e+02 2.655931018783304012e+02
3.469084888113226270e+02 2.658129791093097083e+02
3.479074734065923167e+02 2.660497941817054652e+02
3.489063794449817806e+02 2.663047630841328441e+02
3.499052024910607201e+02 2.665789108069951681e+02
3.509039398273166626e+02 2.668728653444127872e+02
3.519025913369138721e+02 2.671866536961328507e+02
3.529011601051809635e+02 2.675195628688309171e+02
3.538996529648443357e+02 2.678700138772904324e+02
3.548980907079695157e+02 2.682355127881343151e+02
3.558965468951974458e+02 2.686126948881752696e+02
3.568951632324703951e+02 2.689974687523039165e+02
3.578941796533653132e+02 2.693852283756485235e+02
3.588939270729019313e+02 2.697711411449149068e+02
3.598948201802966196e+02 2.701504268098113357e+02
3.608973252925314910e+02 2.705186223464219211e+02
3.619019335627114060e+02 2.708717648429854421e+02
3.629090984224291674e+02 2.712065202303978708e+02
3.639191622752144895e+02 2.715202539656584122e+02
3.649322804020457625e+02 2.718110527027927219e+02
3.659483541134313782e+02 2.720776890032546476e+02
3.669669610356633598e+02 2.723195550336372435e+02
3.679873535392338795e+02 2.725365635579444756e+02
3.690084429683292910e+02 2.727290948688521439e+02
3.700288177012425876e+02 2.728979828657287499e+02
3.710467511589538958e+02 2.730445130892728116e+02
3.720602645189414943e+02 2.731704889935114693e+02
3.730672014029177603e+02 2.732783042696696612e+02
3.740652997463379847e+02 2.733709731574518287e+02
3.750522846806935036e+02 2.734521578472227930e+02
3.760260075754830495e+02 2.735261590815892419e+02
3.769845221846273944e+02 2.735978824845888653e+02
3.779261950392194649e+02 2.736727480385397939e+02
3.788497719531944199e+02 2.737565733707347135e+02
3.797544485419439297e+02 2.738554540574712632e+02
3.806398730617842716e+02 2.739755696345233673e+02
3.815061153968681538e+02 2.741229554608037233e+02
3.823535988733541444e+02 2.743033144215438028e+02
3.831830260649766728e+02 2.745218306054918003e+02
3.839952935424656175e+02 2.747829959343883957e+02
3.847914294193695923e+02 2.750904838915305390e+02
3.855725289022248035e+02 2.754470222416884440e+02
3.863397068622016377e+02 2.758542608246343093e+02
3.870940283377209425e+02 2.763126552533203153e+02
3.878364877466856342e+02 2.768214178234655378e+02
3.885680198041601443e+02 2.773785365609776363e+02
3.892895432017421058e+02 2.779808494116589372e+02
3.900020351092261421e+02 2.786241595646735618e+02
3.907065523868390073e+02 2.793034175460429651e+02
3.914042868404281990e+02 2.800128934593610666e+02
3.920965900571884504e+02 2.807464460957849042e+02
3.927850022586600858e+02 2.814977880613704997e+02
3.934712359377857638e+02 2.822608007092149478e+02
3.941571645305388074e+02 2.830298410933099262e+02
3.948447933430273338e+02 2.837999898450563592e+02
3.955362328334146014e+02 2.845672170592021644e+02
3.962335962234215003e+02 2.853284718516200087e+02
3.969389074515880225e+02 2.860816929610973602e+02
3.976539724168071075e+02 2.868257521916456767e+02
3.983802395032325876e+02 2.875603328078186109e+02
3.991186680099125965e+02 2.882858299644418594e+02
3.998696445799737376e+02 2.890032513440508524e+02
4.006328988807952101e+02 2.897140597905451500e+02
4.014074441368215957e+02 2.904200500507046172e+02
4.021915094980165009e+02 2.911232634807322484e+02
4.029825451955962308e+02 2.918259520682279344e+02
4.037772357452886922e+02 2.925305314888821613e+02
4.045715579727541353e+02 2.932395753575131607e+02
4.053608501470839656e+02 2.939557845269370091e+02
4.061399002439384276e+02 2.946819264693367586e+02
4.069030693295209176e+02 2.954207468093472357e+02
4.076444259401207546e+02 2.961748819047306256e+02
4.083578856346998691e+02 2.969467314490622698e+02
4.090373285563401282e+02 2.977383289792359164e+02
4.096767033573094636e+02 2.985511283231741686e+02
4.102701116959098613e+02 2.993858889643938141e+02
4.108118876035535436e+02 3.002425913846547019e+02
4.112966746484773921e+02 3.011203993975134381e+02
4.117194751949194824e+02 3.020176003609203690e+02
4.120756974026786565e+02 3.029316053806003310e+02
4.123611920147332057e+02 3.038589984697021578e+02
4.125722528163252036e+02 3.047956615519555044e+02
4.127056569422169332e+02 3.057369346375900250e+02
4.127587148636368966e+02 3.066778500418346312e+02
4.127293356520295902e+02 3.076133026689233816e+02
4.126160823856982915e+02 3.085381872531398812e+02
4.124182465216514402e+02 3.094475436820025607e+02
4.121359272024939173e+02 3.103367173409468478e+02
4.117700748535811499e+02 3.112014523028536814e+02
4.113224979319725776e+02 3.120379493577967196e+02
4.107958878612893727e+02 3.128428811210835079e+02
4.101937729455998465e+02 3.136134118340146983e+02
4.095204602444723605e+02 3.143472261126318585e+02
4.087809364873572804e+02 3.150425485191328789e+02
4.079807769100033283e+02 3.156981811677363794e+02
4.071260392900683769e+02 3.163134952660681165e+02
4.062231350651622961e+02 3.168884035571988420e+02
4.052786855895037093e+02 3.174233006970726478e+02
4.042993574513532735e+02 3.179189895411943780e+02
4.032916978683385310e+02 3.183765894314856268e+02
4.022619780480854956e+02 3.187974525176835527e+02
4.012160716134312111e+02 3.191830652303341935e+02
4.001593619711106840e+02 3.195349628791539089e+02
3.990966427583998666e+02 3.198546262212691431e+02
3.980320312680003667e+02 3.201433830856628333e+02
3.969688996953391324e+02 3.204023510751283084e+02
3.959098381129508653e+02 3.206324434061046986e+02
3.948566883663058888e+02 3.208343930555786869e+02
3.938105808224835300e+02 3.210088109206499212e+02
3.927720083911152642e+02 3.211561811387937269e+02
3.917409225278131544e+02 3.212768605032871960e+02
3.907168644233424288e+02 3.213710350304898498e+02
3.896990761280724200e+02 3.214386914404406070e+02
3.886866037500657285e+02 3.214795716029946107e+02
3.876783935796694891e+02 3.214931439535110371e+02
3.866734109456020860e+02 3.214786370074862702e+02
3.856707140065524300e+02 3.214350876803213737e+02
3.846695274345979669e+02 3.213614146068549644e+02
3.836692759129251726e+02 3.212565342874035537e+02
3.826695877160492500e+02 3.211194581041623337e+02
3.816702354420769439e+02 3.209493540653170385e+02
3.806710976755370552e+02 3.207456246398782014e+02
3.796721165204303929e+02 3.205080145749257099e+02
3.786732812022729604e+02 3.202367028255110313e+02
3.776745888607532606e+02 3.199323503854456021e+02
3.766760342988449111e+02 3.195961582434849220e+02
3.756776099049168920e+02 3.192298853831601946e+02
3.746793055791697498e+02 3.188358657826191802e+02
3.736811086081456210e+02 3.184170374143544677e+02
3.726830031584399876e+02 3.179770592441085455e+02
3.716849698829222461e+02 3.175204022300212046e+02
3.706869857260089702e+02 3.170523943222085563e+02
3.696890241054090893e+02 3.165791784631562678e+02
3.686910554097568706e+02 3.161075975887960681e+02
3.676930479203164737e+02 3.156449816305004106e+02
3.666949689101028866e+02 3.151988935174598510e+02
3.656967856434766873e+02 3.147768981788465226e+02
3.646984661723576551e+02 3.143863785455363313e+02
3.636999804396735954e+02 3.140342805524970231e+02
3.627013012573183346e+02 3.137268871409032158e+02
3.617024051586200812e+02 3.134696212599816363e+02
3.607032730084831655e+02 3.132669048683310393e+02
3.597038903538957015e+02 3.131220779346803624e+02
3.587042475494193354e+02 3.130373694381603400e+02
3.577043395754452035e+02 3.130139393679103250e+02
3.567041659819393544e+02 3.130518917229567251e+02
3.557037308062251668e+02 3.131502935120348070e+02
3.547030423176757381e+02 3.133072337530364280e+02
3.537021125763342866e+02 3.135199254720551494e+02
3.527009570088438863e+02 3.137848037024685937e+02
3.516995940536129410e+02 3.140976074841706804e+02
3.506980448405988113e+02 3.144534538628790301e+02
3.496963326547289626e+02 3.148469618889736239e+02
3.486944824296127763e+02 3.152723696164017042e+02
3.476925202196169948e+02 3.157236561015354823e+02
3.466904727714683077e+02 3.161946404022449997e+02
3.456883671650917904e+02 3.166790645771213235e+02
3.446862305150301609e+02 3.171706626848304609e+02
3.436840896588823284e+02 3.176632327834392413e+02
3.426819706120700744e+02 3.181507629292353840e+02
3.416798979490408783e+02 3.186275741753890998e+02
3.406778943445801815e+02 3.190884265709603369e+02
3.396759799766505239e+02 3.195286571596068370e+02
3.386741720936667548e+02 3.199442799786478417e+02
3.376724847029342982e+02 3.203320580583900892e+02
3.366709283889043718e+02 3.206895454217343513e+02
3.356695102699018776e+02 3.210150970840822424e+02
3.346682340803426996e+02 3.213078500535135618e+02
3.336671002789152567e+02 3.215676983310208357e+02
3.326661063125426381e+02 3.217952319110800659e+02
3.316652468154358644e+02 3.219916907820816618e+02
3.306645138730564213e+02 3.221589039269014165e+02
3.296638970913518847e+02 3.222992733230504427e+02
3.286633839472633554e+02 3.224156929434334415e+02
3.276629603209770494e+02 3.225114257575002057e+02
3.266626109892305863e+02 3.225899897323133132e+02
3.256623202224735110e+02 3.226550198338396171e+02
3.246620725637719715e+02 3.227100880286359939e+02
3.236618534908780589e+02 3.227585502852816148e+02
3.226616500480078571e+02 3.228034005757448881e+02
3.216614415166590675e+02 3.228471158335622135e+02
3.206611611429535742e+02 3.228914877866480992e+02
3.196606804104043817e+02 3.229375598886491616e+02
3.186597778800972378e+02 3.229856641844529008e+02
3.176581449223452864e+02 3.230354833355705750e+02
3.166553910805271812e+02 3.230861976447246775e+02
3.156510744693090942e+02 3.231366241886921102e+02
3.146447273070587016e+02 3.231853249298013679e+02
3.136359068850766221e+02 3.232306139365570630e+02
3.126242454329837983e+02 3.232705885997116866e+02
3.116095340184079987e+02 3.233031529955396763e+02
3.105917832175422291e+02 3.233260941490875666e+02
3.095713016946615994e+02 3.233371793751190353e+02
3.085487398598586424e+02 3.233342354677735671e+02
3.075251055832953853e+02 3.233152147691851042e+02
3.065017450006547506e+02 3.232782400868427430e+02
3.054803363530884326e+02 3.232216416672807213e+02
3.044628095336053093e+02 3.231440618489156122e+02
3.034512869102059653e+02 3.230444958063546892e+02
3.024479842792100612e+02 3.229223021218953136e+02
3.014551432683274470e+02 3.227771094921425856e+02
3.004749309347636199e+02 3.226086782922493512e+02
2.995093623977290349e+02 3.224167542397577222e+02
2.985602493668496891e+02 3.222009461707240803e+02
2.976291555233868280e+02 3.219606378458173026e+02
2.967173655724538435e+02 3.216949758162859325e+02
2.958258990654684339e+02 3.214029104841559956e+02
2.949555510708972861e+02 3.210832722789364766e+02
2.941069146417893307e+02 3.207348947559949011e+02
2.932804050193279863e+02 3.203567987030152153e+02
2.924762771393560001e+02 3.199483062168214360e+02
2.916946343293839163e+02 3.195091107416672571e+02
2.909354371310884062e+02 3.190393181077975555e+02
2.901984972354599108e+02 3.185394615053443204e+02
2.894834775347295022e+02 3.180104894844392334e+02
2.887898734211270835e+02 3.174536968736416611e+02
2.881169741161172624e+02 3.168706486118877592e+02
2.874638791549016332e+02 3.162630678187747435e+02
2.868295258361998208e+02 3.156327319123708435e+02
2.862127264599018304e+02 3.149814177698378899e+02
2.856121914480154942e+02 3.143108738272206892e+02
2.850265244226040409e+02 3.136228020579787881e+02
2.844542142750967741e+02 3.129188419385187672e+02
2.838936321792988906e+02 3.122005674352403162e+02
2.833430425869614737e+02 3.114694880521267351e+02
2.828006211886674919e+02 3.107270579085510462e+02
2.822644977792846817e+02 3.099747069250574896e+02
2.817327971320911502e+02 3.092138700005073133e+02
2.812037077990762555e+02 3.084460333102281311e+02
2.806755319287278212e+02 3.076727765219833373e+02
2.801467541572048390e+02 3.068957980943180814e+02
2.796160856338892131e+02 3.061169094670144091e+02
2.790825029517844769e+02 3.053380512297042060e+02
2.785452730304459124e+02 3.045613202297977864e+02
2.780039832671538420e+02 3.037889347026287510e+02
2.774585177275365595e+02 3.030231901680122633e+02
2.769089847217786087e+02 3.022663261156008048e+02
2.763555823597723133e+02 3.015203974219043062e+02
2.757984821190828484e+02 3.007871428452280043e+02
2.752377601485015362e+02 3.000679147277483025e+02
2.746733625150272928e+02 2.993636218445919894e+02
2.741051253681140452e+02 2.986746914907376436e+02
2.735327850996860661e+02 2.980010325246340699e+02
2.729559793311462954e+02 2.973420383724997009e+02
2.723742637401276738e+02 2.966966271015112397e+02
2.717871415452692077e+02 2.960633605485072621e+02
2.711941370987620417e+02 2.954405386393239041e+02
2.705948572496632778e+02 2.948263466557087895e+02
2.699890588888978300e+02 2.942189605285903440e+02
2.693766502914986063e+02 2.936166988453093154e+02
2.687576707706128900e+02 2.930181027623250998e+02
2.681321954230847950e+02 2.924219945935740839e+02
2.675002741559895867e+02 2.918274715465643681e+02
2.668618987648331995e+02 2.912338875797441915e+02
2.662169742107676029e+02 2.906407892776118160e+02
2.655652889454154888e+02 2.900478407215996413e+02
2.649064923741012763e+02 2.894547163915493684e+02
2.642400762195176185e+02 2.888610170842810021e+02
2.635653768592326287e+02 2.882661919229772138e+02
2.628816094551885953e+02 2.876695085045911355e+02
2.621879988269854493e+02 2.870700824664441484e+02
2.614838749879662601e+02 2.864669849006400568e+02
2.607687248504772697e+02 2.858593105784455020e+02
2.600422017714136587e+02 2.852462829925793812e+02
2.593041502404228140e+02 2.846273264647197152e+02
2.585545795556046187e+02 2.840021410322933662e+02
2.577936557197321008e+02 2.833707264136329513e+02
2.570216944532987782e+02 2.827333789777145512e+02
2.562391354370882937e+02 2.820906356321732460e+02
2.554464905593139008e+02 2.814432165988200154e+02
2.546443112794169110e+02 2.807919412716288434e+02
2.538331628013997658e+02 2.801376881046029439e+02
2.530136703806302307e+02 2.794813238114925866e+02
2.521865503495144480e+02 2.788236974999964559e+02
2.513526911643384665e+02 2.781656300223714879e+02
2.505131923356671564e+02 2.775079301440459290e+02
2.496693804238668690e+02 2.768513956128459768e+02
2.488228050088525549e+02 2.761968201416210036e+02
2.479752337377339586e+02 2.755449823867107284e+02
2.471286414374273193e+02 2.748966199005886324e+02
2.462852032358837846e+02 2.742524011018330725e+02
2.454472406577944241e+02 2.736129030416626051e+02
2.446171737332209375e+02 2.729785861964612650e+02
2.437974440026439140e+02 2.723497931345902998e+02
2.429904394873740046e+02 2.717267551917786932e+02
2.421984004913788056e+02 2.711096380639310155e+02
2.414233025807419608e+02 2.704985463007927819e+02
2.406667505067650268e+02 2.698935408470932202e+02
2.399298759732511428e+02 2.692946926006603690e+02
2.392132735938316443e+02 2.687020921353835092e+02
2.385169458362267960e+02 2.681158624630928671e+02
2.378402861825132391e+02 2.675361219603425411e+02
2.371820563283925480e+02 2.669629382693146908e+02
2.365403765251379582e+02 2.663962492552866479e+02
2.359127777695060217e+02 2.658358192320595776e+02
2.352963137723976388e+02 2.652812464465451967e+02
2.346877169444153708e+02 2.647319667537885266e+02
2.340835334724903305e+02 2.641872362013144766e+02
2.334802532061563340e+02 2.636461575914277660e+02
2.328744046177153280e+02 2.631076898922163423e+02
2.322626346543618752e+02 2.625706825834136566e+02
2.316417974257878711e+02 2.620339480408494524e+02
2.310090477878867432e+02 2.614963579423124997e+02
2.303618981172026565e+02 2.609568955137167450e+02
2.296982451851874885e+02 2.604146846456656590e+02
2.290163258989780388e+02 2.598690497024915658e+02
2.283146862454318011e+02 2.593195283879891235e+02
2.275921161662453756e+02 2.587659004638725833e+02
2.268476286273872233e+02 2.582081716590535052e+02
2.260804595628432025e+02 2.576465866695189106e+02
2.252900960171537008e+02 2.570815962798031364e+02
2.244762702276876496e+02 2.565138383372026283e+02
2.236389508930161583e+02 2.559440757134106548e+02
2.227783502767009622e+02 2.553731723350331890e+02
2.218949493541866786e+02 2.548020592920881313e+02
2.209895550069936974e+02 2.542316900850801176e+02
2.200633341911622267e+02 2.536630017724918389e+02
2.191178200323957981e+02 2.530968929969537839e+02
2.181548267879117020e+02 2.525342326173436049e+02
2.171763398647800614e+02 2.519758552328263477e+02
2.161844468854783656e+02 2.514225458844144327e+02
2.151812625804125503e+02 2.508750647301902177e+02
2.141688898315547362e+02 2.503341368766367054e+02
2.131493349112374744e+02 2.498003970113363721e+02
2.121244295780837490e+02 2.492743670656516315e+02
2.110957552984082213e+02 2.487564048863315520e+02
2.100646183156870563e+02 2.482466881274804678e+02
2.090320728840143261e+02 2.477451603505899129e+02
2.079989874016285967e+02 2.472515003104277866e+02
2.069660775404215656e+02 2.467650920981180889e+02
2.059339544575238108e+02 2.462849763493078399e+02
2.049031407951549113e+02 2.458098503134030466e+02
2.038741357146329847e+02 2.453380601349146559e+02
2.028474627055263113e+02 2.448676450607548247e+02
2.018237464594421340e+02 2.443963667731631517e+02
2.008037555840256800e+02 2.439217755751609502e+02
1.997884374468514181e+02 2.434412465416676241e+02
1.987789389069371282e+02 2.429520416097924738e+02
1.977766429552357863e+02 2.424513927381658789e+02
1.967831853466599910e+02 2.419365869797065614e+02
1.958004362540709735e+02 2.414050464029822365e+02
1.948304789482583885e+02 2.408544020006445407e+02
1.938755805558861312e+02 2.402825495634145341e+02
1.929381229086845906e+02 2.396876843811745914e+02
1.920205724485319649e+02 2.390683231129452224e+02
1.911254650371957382e+02 2.384233477215643120e+02
1.902553549308468064e+02 2.377520112529411449e+02
1.894127519450846648e+02 2.370538995637955395e+02
1.886000964984440031e+02 2.363289212135703394e+02
1.878197488115511646e+02 2.355772614172622070e+02
1.870739559853236074e+02 2.347993639027909865e+02
1.863648022264548842e+02 2.339958786951241620e+02
1.856941978691540385e+02 2.331676570687238836e+02
1.850638435139545663e+02 2.323157193920655175e+02
1.844752131360546912e+02 2.314412300543086474e+02
1.839295662193498515e+02 2.305454665175141713e+02
1.834279848945583637e+02 2.296297874770521901e+02
1.829713901727427583e+02 2.286955789313435048e+02
1.825605779969000650e+02 2.277442423377530076e+02
1.821962622848313913e+02 2.267771847987549734e+02
1.818791190325842706e+02 2.257957952525567862e+02
1.816098154742890927e+02 2.248014075989354410e+02
1.813890261036456764e+02 2.237952957685205035e+02
1.812174395397130979e+02 2.227787047527945106e+02
1.810957483971855027e+02 2.217528805605396656e+02
1.810246380787875751e+02 2.207191181697886009e+02
1.810047636716356010e+02 2.196787854280730699e+02
1.810367238825722893e+02 2.186333379397749468e+02
1.811210370859911336e+02 2.175843079623752203e+02
1.812581121466907632e+02 2.165333452805799936e+02
1.814482253638360589e+02 2.154822301066719774e+02
1.816914835015953145e+02 2.144328659204678331e+02
1.819878000057272516e+02 2.133872293659322565e+02
1.823368590125728588e+02 2.123473680954158738e+02
1.827380861070006972e+02 2.113154566436405730e+02
1.831906301581399816e+02 2.102938343494533342e+02
1.836933642717716566e+02 2.092850163600503777e+02
1.842449027988236026e+02 2.082916917045593550e+02
1.848436075689858171e+02 2.073166693205081117e+02
1.854876089381139082e+02 2.063628671448001910e+02
1.861748488397529400e+02 2.054333002998986615e+02
1.869031157588467522e+02 2.045310872452238584e+02
1.876700909563238895e+02 2.036593979766935547e+02
1.884733768236701508e+02 2.028213721486537793e+02
1.893105181164031592e+02 2.020200651652565114e+02
1.901843282923734364e+02 2.012828774575735906e+02
1.910702615380033365e+02 2.005995447136546943e+02
1.919585382989309892e+02 1.999720226332424602e+02
1.928487179474677191e+02 1.993979132871802449e+02
1.937437948225762057e+02 1.988741406039186757e+02
1.946468410429873188e+02 1.983983728554497361e+02
1.955602042204561712e+02 1.979690871862164556e+02
1.964855313596143560e+02 1.975853617145869805e+02
1.974239277522315774e+02 1.972466692184979138e+02
1.983761115642792561e+02 1.969527418031241552e+02
1.993425222243722033e+02 1.967034813690642920e+02
