1.785231954364674323e+02 1.834497721475977130e+02
1.794683423684274715e+02 1.831903863362441598e+02
1.804178697886117391e+02 1.829738733297430713e+02
1.813720212379992063e+02 1.828003494242319675e+02
1.823311149895453696e+02 1.826700365573726970e+02
1.832955602437224911e+02 1.825832996674800484e+02
1.842658749558025306e+02 1.825407010919403774e+02
1.852427029924671729e+02 1.825430859583750021e+02
1.862268037322367604e+02 1.825916929855829096e+02
1.872189692500588762e+02 1.826882837221093041e+02
1.882196985063571333e+02 1.828351765053963902e+02
1.892282087320648429e+02 1.830348019694331470e+02
1.902402579069139392e+02 1.832878084914584065e+02
1.912465165686532202e+02 1.835896791748489250e+02
1.922214664461365317e+02 1.839474535890309710e+02
1.931861034682817433e+02 1.843396839530732905e+02
1.941407512507402657e+02 1.847637106457791845e+02
1.950859700724419383e+02 1.852168921703152762e+02
1.960225165388036999e+02 1.856966202850816785e+02
1.969512980730306708e+02 1.862003430245366076e+02
1.978733097577849662e+02 1.867255713343424759e+02
1.987895854764621504e+02 1.872698720126735452e+02
1.997011442116533715e+02 1.878308995558570587e+02
2.006089505304695990e+02 1.884063732981375665e+02
2.015138878721111269e+02 1.889940638305845084e+02
2.024167661133026286e+02 1.895918131694883186e+02
2.033183335005806498e+02 1.901975380152736648e+02
2.042192851505906788e+02 1.908092529418278218e+02
2.051202688107020720e+02 1.914250815237337804e+02
2.060218942292631539e+02 1.920432855458288941e+02
2.069247233526535581e+02 1.926622557889651262e+02
2.078292694553259992e+02 1.932805060097787759e+02
2.087359901243832212e+02 1.938967197998820211e+02
2.096453030224254235e+02 1.945098079403104805e+02
2.105575901508027812e+02 1.951189425017384451e+02
2.114731786377161598e+02 1.957235664310802292e+02
2.123923234825806219e+02 1.963234051808931326e+02
2.133151798438291280e+02 1.969184531066504746e+02
2.142417865188532176e+02 1.975089511041024366e+02
2.151720660954454445e+02 1.980953796109141365e+02
2.161058227097132658e+02 1.986784235499539761e+02
2.170427445602689147e+02 1.992589023673120039e+02
2.179823693661751349e+02 1.998377022691353488e+02
2.189240697985754309e+02 2.004157098909216757e+02
2.198670243531007316e+02 2.009937716578428137e+02
2.208102055428163908e+02 2.015726385163677605e+02
2.217523745053961761e+02 2.021529378110083428e+02
2.226920957354225834e+02 2.027351395951619395e+02
2.236277541885811502e+02 2.033195520000704448e+02
2.245575975747147197e+02 2.039063081467512006e+02
2.254797721546859179e+02 2.044953759227370540e+02
2.263923667949825642e+02 2.050865559347020053e+02
2.272934508722849216e+02 2.056794863296406675e+02
2.281811301954548412e+02 2.062736470057053282e+02
2.290535937178581207e+02 2.068684196368583343e+02
2.299091510525086903e+02 2.074631104898387832e+02
2.307462660576259452e+02 2.080570161661607926e+02
2.315635972429036826e+02 2.086494514828136175e+02
2.323600480698383137e+02 2.092398285790056320e+02
2.331348032074917569e+02 2.098276917086876949e+02
2.338873626156450314e+02 2.104127599879346917e+02
2.346175473703169416e+02 2.109949355228806951e+02
2.353255161143464989e+02 2.115742827607883498e+02
2.360117827024524786e+02 2.121509988648589911e+02
2.366772157639678085e+02 2.127253876986835337e+02
2.373230490466531251e+02 2.132978440463336369e+02
2.379508507268371318e+02 2.138688389449650629e+02
2.385624763293055253e+02 2.144388766561861530e+02
2.391600264296734792e+02 2.150084617432585787e+02
2.397458032704534787e+02 2.155780701257274075e+02
2.403222885714931181e+02 2.161481576013530912e+02
2.408921191894382332e+02 2.167191753231352322e+02
2.414580549521458579e+02 2.172915771051324043e+02
2.420229436885106509e+02 2.178658176654842293e+02
2.425896834320708138e+02 2.184423428064020811e+02
2.431611541511004475e+02 2.190215549291039565e+02
2.437401601516080518e+02 2.196037937832189755e+02
2.443293670704474323e+02 2.201893361035723160e+02
2.449312496927771292e+02 2.207784034830778808e+02
2.455480455039264029e+02 2.213711363617624670e+02
2.461817041385979792e+02 2.219676189389490446e+02
2.468338594523253562e+02 2.225678755681894927e+02
2.475058043326127688e+02 2.231718792142923462e+02
2.481984750055646032e+02 2.237795371104456592e+02
2.489124716631817762e+02 2.243907082085651439e+02
2.496481080189662407e+02 2.250052242563442633e+02
2.504054399982489372e+02 2.256229044213817758e+02
2.511843099875065093e+02 2.262435442459136254e+02
2.519843532053189392e+02 2.268669447914678585e+02
2.528049823984224247e+02 2.274928803002004543e+02
2.536453262456440996e+02 2.281210788577613755e+02
2.545041799970090040e+02 2.287511923183512010e+02
2.553799760865310873e+02 2.293827676622357217e+02
2.562707669847499687e+02 2.300152536263190370e+02
2.571742602121735217e+02 2.306480004615894757e+02
2.580878688730138606e+02 2.312802820315703514e+02
2.590087626694585197e+02 2.319113419267877987e+02
2.599339312114439053e+02 2.325403798312630101e+02
2.608602518060283160e+02 2.331665619915604282e+02
2.617846006739655991e+02 2.337890586316735551e+02
2.627039645602752671e+02 2.344071093829921892e+02
2.636155541279989052e+02 2.350200987551981484e+02
2.645168827495708683e+02 2.356276128541622370e+02
2.654058071123722584e+02 2.362295042756188934e+02
2.662805468246264695e+02 2.368259105336456685e+02
2.671397196235532192e+02 2.374172448202157284e+02
2.679823751943341676e+02 2.380042047389026152e+02
2.688080379607631585e+02 2.385877362221944793e+02
2.696167229471207634e+02 2.391689938653758531e+02
2.704089360502779300e+02 2.397492359078341337e+02
2.711856429079973054e+02 2.403297375392458264e+02
2.719482336337904940e+02 2.409116641069519176e+02
2.726984390437784782e+02 2.414959672792535912e+02
2.734382609235443624e+02 2.420832795120612957e+02
2.741698680741104113e+02 2.426739107991276683e+02
2.748955249174974824e+02 2.432678661315420641e+02
2.756175164106797411e+02 2.438648948848316422e+02
2.763380937815464904e+02 2.444645486585167760e+02
2.770594188540406435e+02 2.450662580895848350e+02
2.777835303635744140e+02 2.456693641310582166e+02
2.785123242953762883e+02 2.462731946445483686e+02
2.792475428483696760e+02 2.468771121726747992e+02
2.799907750284536974e+02 2.474805789671212892e+02
2.807434584749588566e+02 2.480831650300319211e+02
2.815068708305414020e+02 2.486845309232790555e+02
2.822821101569228972e+02 2.492844083402173396e+02
2.830700882610476015e+02 2.498825849577526697e+02
2.838715222813240189e+02 2.504788772479498675e+02
2.846869427722909904e+02 2.510731266520456302e+02
2.855166964180920104e+02 2.516651666314422187e+02
2.863609637857084635e+02 2.522547880436873697e+02
2.872197794022434891e+02 2.528416895652355834e+02
2.880930534855841643e+02 2.534254441537327125e+02
2.889805963282076391e+02 2.540054815714601091e+02
2.898821260140582012e+02 2.545811015553690027e+02
2.907972719370762320e+02 2.551514498876014727e+02
2.917255351999839377e+02 2.557154995343187238e+02
2.926662697052706790e+02 2.562720462355793529e+02
2.936186551182429980e+02 2.568197099207361589e+02
2.945817003035887183e+02 2.573569607888894666e+02
2.955542588240351165e+02 2.578821426496577374e+02
2.965350581977505158e+02 2.583935075642583570e+02
2.975227488219711631e+02 2.588892199049021201e+02
2.985159540524105637e+02 2.593673994483289675e+02
2.995133466056751104e+02 2.598261960462221509e+02
3.005137221787288695e+02 2.602638542330602149e+02
3.015160475117089049e+02 2.606788032870167626e+02
3.025195039278730746e+02 2.610697251878370935e+02
3.035234879917849753e+02 2.614356166455959283e+02
3.045275949289242021e+02 2.617758157482239767e+02
3.055315736840610725e+02 2.620900449992856807e+02
3.065352788459530302e+02 2.623784142785814879e+02
3.075386175037336898e+02 2.626413806830057638e+02
3.085415156397212968e+02 2.628796837843148637e+02
3.095439114510029412e+02 2.630942844703274091e+02
3.105457644247201188e+02 2.632862691188361168e+02
3.115470637643159080e+02 2.634567837644975157e+02
3.125478334270604250e+02 2.636069861966057601e+02
3.135481269908403874e+02 2.637380058386463588e+02
3.145480132201699917e+02 2.638509174298629318e+02
3.155475790222196224e+02 2.639467430896926317e+02
3.165469384230748346e+02 2.640264535122436769e+02
3.175462213369031588e+02 2.640910247366081194e+02
3.185455513809646391e+02 2.641414926796613258e+02
3.195450295161418808e+02 2.641790157967976143e+02
3.205447105547264641e+02 2.642048975789500105e+02
3.215446046407201379e+02 2.642206105902424724e+02
3.225446831618917827e+02 2.642278005968613570e+02
3.235449077816858789e+02 2.642282391840596460e+02
3.245452380217191148e+02 2.642237969139188749e+02
3.255456321055307285e+02 2.642164043344769766e+02
3.265460482350251255e+02 2.642079929935380278e+02
3.275464454991266052e+02 2.642004534485024010e+02
3.285467849122408097e+02 2.641955872776013052e+02
3.295470299334863284e+02 2.641950830855142840e+02
3.305471477647715233e+02 2.642004565174127606e+02
3.315471093940643641e+02 2.642130482594276941e+02
3.325468895737575394e+02 2.642340250384158935e+02
3.335464665177836423e+02 2.642643936186830729e+02
3.345458220530576909e+02 2.643049938036222670e+02
3.355449416627463393e+02 2.643564964361819420e+02
3.365438144213640044e+02 2.644194063981639147e+02
3.375424322808301554e+02 2.644940956024993852e+02
3.385407891834497605e+02 2.645808439836527555e+02
3.395388792013357033e+02 2.646799254774926453e+02
3.405366952166962164e+02 2.647916690070146615e+02
3.415342278184695033e+02 2.649165094704045487e+02
3.425314645018423221e+02 2.650550247323779445e+02
3.435283888244997001e+02 2.652079746150523647e+02
3.445249808825866467e+02 2.653762789030964768e+02
3.455212179597468776e+02 2.655609873507515886e+02
3.465170762795277142e+02 2.657631987007902126e+02
3.475125334500920644e+02 2.659839477109645145e+02
3.485075720772016439e+02 2.662240381930935200e+02
3.495021829012368357e+02 2.664838980470013325e+02
3.504963674366214264e+02 2.667634572890719937e+02
3.514901467442232388e+02 2.670620662228840274e+02
3.524835908526860067e+02 2.673784300604282294e+02
3.534768330364024109e+02 2.677105962280346603e+02
3.544700946149512220e+02 2.680559639051321028e+02
3.554636833305006007e+02 2.684113590066936013e+02
3.564579947939859039e+02 2.687731522421565842e+02
3.574534814411810544e+02 2.691373994766513533e+02
3.584506154901746982e+02 2.694999819624219413e+02
3.594498604424118753e+02 2.698567677600436241e+02
3.604516321317499319e+02 2.702037939383784533e+02
3.614562465818452210e+02 2.705374574911750187e+02
3.624638677940623666e+02 2.708546632420969900e+02
3.634744708780275460e+02 2.711529560780168140e+02
3.644878032167717947e+02 2.714305591177716224e+02
3.655033508037818137e+02 2.716864039909648341e+02
3.665203512183222188e+02 2.719201321189823375e+02
3.675378089897138238e+02 2.721320780434908215e+02
3.685545026127564370e+02 2.723232225672459208e+02
3.695689989679979135e+02 2.724950810399223542e+02
3.705796751559968243e+02 2.726496188107008152e+02
3.715847748428566319e+02 2.727891434220500742e+02
3.725824663069822691e+02 2.729162568543691236e+02
3.735709174602209259e+02 2.730338091381843242e+02
3.745483680473569734e+02 2.731448899141827837e+02
3.755131838714534638e+02 2.732528186040569267e+02
3.764638930883111811e+02 2.733611311926273970e+02
3.773992132821140331e+02 2.734735308020466391e+02
3.783180677383613784e+02 2.735938290301270399e+02
3.792195823272508051e+02 2.737258588625310836e+02
3.801030576571002939e+02 2.738734210577718500e+02
3.809679497929726040e+02 2.740402507222447070e+02
3.818138592763111774e+02 2.742299700616121072e+02
3.826405342278374064e+02 2.744460374360098740e+02
3.834478717754364538e+02 2.746916813754949089e+02
3.842359321977494915e+02 2.749698478737001324e+02
3.850049691938289698e+02 2.752831420290479514e+02
3.857554555046910423e+02 2.756337995924037614e+02
3.864881094913654351e+02 2.760236605358952602e+02
3.872039013885332110e+02 2.764541111746611364e+02
3.879040495126627093e+02 2.769259820609170220e+02
3.885899760684503690e+02 2.774394640081890770e+02
3.892632723425774657e+02 2.779940063144729265e+02
3.899256406261738448e+02 2.785882734956208537e+02
3.905788479397616015e+02 2.792201112762382422e+02
3.912246775901618321e+02 2.798865665463067103e+02
3.918648925731516215e+02 2.805839145757836377e+02
3.925011879616338319e+02 2.813077330018555244e+02
3.931351623372020754e+02 2.820530202385850771e+02
3.937682887935861800e+02 2.828143798927449666e+02
3.944019273028638395e+02 2.835862350815189643e+02
3.950373351299826368e+02 2.843630867182689599e+02
3.956756822848072375e+02 2.851397238960761342e+02
3.963180388509130125e+02 2.859114396641078883e+02
3.969653420332374480e+02 2.866742133573811770e+02
3.976183692646573036e+02 2.874248440461682890e+02
3.982776985490174297e+02 2.881610266958586521e+02
3.989436792948404786e+02 2.888813595376824992e+02
3.996164173791689791e+02 2.895852947340252399e+02
4.002957232849703928e+02 2.902730852439635783e+02
4.009810672106971197e+02 2.909456868291412661e+02
4.016715290295725822e+02 2.916046669498338701e+02
4.023657868890239797e+02 2.922520844901507644e+02
4.030621204820832304e+02 2.928903848042453433e+02
4.037584307477363836e+02 2.935222751133608199e+02
4.044522631376440813e+02 2.941506199847331686e+02
4.051408268837981836e+02 2.947783367239557037e+02
4.058209916655581537e+02 2.954083182848283400e+02
4.064893041592600866e+02 2.960433155998603638e+02
4.071420053712453182e+02 2.966858299300687349e+02
4.077750817898540276e+02 2.973380139484795563e+02
4.083843083491534571e+02 2.980016276593152611e+02
4.089653208231434292e+02 2.986780209601344040e+02
4.095136946990927527e+02 2.993681403497971019e+02
4.100249943824167076e+02 3.000725199909018102e+02
4.104948558048891982e+02 3.007912544906123458e+02
4.109190607318410002e+02 3.015239855051311224e+02
4.112936105068596930e+02 3.022699143380867213e+02
4.116147850209181911e+02 3.030278502276105428e+02
4.118792021404048000e+02 3.037962836491972780e+02
4.120838683536053395e+02 3.045734494261935197e+02
4.122261878164392783e+02 3.053573709358458359e+02
4.123039906966330932e+02 3.061458907296833445e+02
4.123155868798314714e+02 3.069366846987443296e+02
4.122597865581971064e+02 3.077273275343246723e+02
4.121359228788736004e+02 3.085153092218291704e+02
4.119438271274869976e+02 3.092980725126465131e+02
4.116838119701058076e+02 3.100730015589352888e+02
4.113566172711680338e+02 3.108374297432475828e+02
4.109633721194369969e+02 3.115885918457794332e+02
4.105055612902863231e+02 3.123236023137085340e+02
4.099849969493686785e+02 3.130394686521481731e+02
4.094037969914306814e+02 3.137331679734322165e+02
4.087643766619089547e+02 3.144017568415614505e+02
4.080694555428028707e+02 3.150424644451477434e+02
4.073220800109991728e+02 3.156527641000272979e+02
4.065256378715457686e+02 3.162304365806690498e+02
4.056838528828599237e+02 3.167735920068522546e+02
4.048007669818612726e+02 3.172807054674519804e+02
4.038807167701235130e+02 3.177506405172251220e+02
4.029282599035567500e+02 3.181826765906956211e+02
4.019480832004788908e+02 3.185765030127047339e+02
4.009448961426217011e+02 3.189321946886556134e+02
3.999233055536601569e+02 3.192501793855722099e+02
3.988877031232573813e+02 3.195312122927699647e+02
3.978421562332921440e+02 3.197763366507068667e+02
3.967903381860153331e+02 3.199868262280328963e+02
3.957354551083901697e+02 3.201641427302230341e+02
3.946802055845190011e+02 3.203098599084783018e+02
3.936267574571689352e+02 3.204255800382857728e+02
3.925767621182332618e+02 3.205128282038448333e+02
3.915313820124965787e+02 3.205729368660827276e+02
3.904913546135088609e+02 3.206069552255347048e+02
3.894570533181962446e+02 3.206156085302518477e+02
3.884285665149091074e+02 3.205992957858725276e+02
3.874057309047909712e+02 3.205581214839441486e+02
3.863881915572121102e+02 3.204919399115706824e+02
3.853754445148551326e+02 3.204004200883566682e+02
3.843669093268748043e+02 3.202831143516875159e+02
3.833619860014342180e+02 3.201395536111716069e+02
3.823600884227583947e+02 3.199693670996338142e+02
3.813606701162140666e+02 3.197723859547769507e+02
3.803632215610433605e+02 3.195487211792914763e+02
3.793672460923810945e+02 3.192988141313217056e+02
3.783722739628816498e+02 3.190234338280530437e+02
3.773778848830088464e+02 3.187236984383929439e+02
3.763837259997613387e+02 3.184011226830284045e+02
3.753895106202297711e+02 3.180576768206164502e+02
3.743950107202120421e+02 3.176958555018267134e+02
3.734000493662900340e+02 3.173187506224473964e+02
3.724044955871920024e+02 3.169300572138080270e+02
3.714082726964397239e+02 3.165340586193672152e+02
3.704113897348463524e+02 3.161355601594330551e+02
3.694139604352888000e+02 3.157397985202509858e+02
3.684161963017378412e+02 3.153523455817612557e+02
3.674183896382136822e+02 3.149789220068067834e+02
3.664208919250657459e+02 3.146251947259113990e+02
3.654240904553357723e+02 3.142965623815990739e+02
3.644283800201341705e+02 3.139979846758747044e+02
3.634341409046425042e+02 3.137338898725269019e+02
3.624417224932889212e+02 3.135081004250245087e+02
3.614514188597344742e+02 3.133238054419704781e+02
3.604634663300754482e+02 3.131835346282837236e+02
3.594780313945403805e+02 3.130891160137789484e+02
3.584952118586983261e+02 3.130416689764400644e+02
3.575150337576226320e+02 3.130416081765796434e+02
3.565374611850464248e+02 3.130886977821813844e+02
3.555623965575514376e+02 3.131820854825761558e+02
3.545896936160983728e+02 3.133203487805607210e+02
3.536191617325487186e+02 3.135015270930807674e+02
3.526505789760991547e+02 3.137231650440513704e+02
3.516837030287412063e+02 3.139823627122696053e+02
3.507182764095843481e+02 3.142758577636645327e+02
3.497540325475011969e+02 3.146001146035429201e+02
3.487907096355551175e+02 3.149514236995720466e+02
3.478280494627306325e+02 3.153259555691404330e+02
3.468657993485608131e+02 3.157197638219251417e+02
3.459037155967531021e+02 3.161287642297104412e+02
3.449415584530895558e+02 3.165487366177471813e+02
3.439790934559204629e+02 3.169753549009996050e+02
3.430160839447793251e+02 3.174042559381884985e+02
3.420522917834720147e+02 3.178310985612505988e+02
3.410874699814380620e+02 3.182516734414195412e+02
3.401213638541059936e+02 3.186619881342350027e+02
3.391537110104040948e+02 3.190583601010447410e+02
3.381842394056450303e+02 3.194375066879395035e+02
3.372126815204721311e+02 3.197966294522462931e+02
3.362387808445630526e+02 3.201334843192215089e+02
3.352622979663374281e+02 3.204464237236630879e+02
3.342830220076479009e+02 3.207344228634404999e+02
3.333007841229064070e+02 3.209971029969959773e+02
3.323154633200308012e+02 3.212346935604122109e+02
3.313270020581289259e+02 3.214479584876166314e+02
3.303354092592860525e+02 3.216381032537838678e+02
3.293407726040664443e+02 3.218067151273595528e+02
3.283432565706787614e+02 3.219557151163913318e+02
3.273430964101715972e+02 3.220873128276188595e+02
3.263405649502999495e+02 3.222039227286886671e+02
3.253359509809508268e+02 3.223080536546692656e+02
3.243295552197255915e+02 3.224021716886745139e+02
3.233216836505860670e+02 3.224885919924298605e+02
3.223126349720775465e+02 3.225693655082014857e+02
3.213026721404090722e+02 3.226462073263753609e+02
3.202919905841433206e+02 3.227203939737537439e+02
3.192806879857253080e+02 3.227926807404397778e+02
3.182687698644470515e+02 3.228632747943301524e+02
3.172561900476203505e+02 3.229318600625174440e+02
3.162428838234418436e+02 3.229976829686069095e+02
3.152288102864627035e+02 3.230596293668521639e+02
3.142139632359874781e+02 3.231163218007017690e+02
3.131983900942350942e+02 3.231662159346567478e+02
3.121822242325143861e+02 3.232076782718257846e+02
3.111657319910050887e+02 3.232390781927226726e+02
3.101493632990317337e+02 3.232588060546532347e+02
3.091337667580917241e+02 3.232652695171710775e+02
3.081197779691833034e+02 3.232568782859726753e+02
3.071083950146185657e+02 3.232320215771810012e+02
3.061007472922023567e+02 3.231890754447999257e+02
3.050980819557747168e+02 3.231264284933785120e+02
3.041017374886036464e+02 3.230425013108295502e+02
3.031131241236976166e+02 3.229357730510523083e+02
3.021336708778447928e+02 3.228047792875315167e+02
3.011647871710841855e+02 3.226481291870083510e+02
3.002078209879783799e+02 3.224644976024649168e+02
2.992640530953639200e+02 3.222526149456567737e+02
2.983346947183001703e+02 3.220112821403329235e+02
2.974208958456548544e+02 3.217394028094578857e+02
2.965237347564826678e+02 3.214360050537158031e+02
2.956442157438167442e+02 3.211003004160667160e+02
2.947832446226892671e+02 3.207317063571325093e+02
2.939416114961301219e+02 3.203298568848332479e+02
2.931199793466828964e+02 3.198946213119594972e+02
2.923188821496198102e+02 3.194261452249414788e+02
2.915387075307667146e+02 3.189248661123152715e+02
2.907796360403954736e+02 3.183915000478195338e+02
2.900415947050908585e+02 3.178270156794196737e+02
2.893241976691977015e+02 3.172326039380175189e+02
2.886267286704223238e+02 3.166096096423098061e+02
2.879481466011628186e+02 3.159595056130464741e+02
2.872871054821931125e+02 3.152838941054888551e+02
2.866419784570457523e+02 3.145845073286411662e+02
2.860108808298975305e+02 3.138632059433145969e+02
2.853917140336370153e+02 3.131219810138172193e+02
2.847822308309965251e+02 3.123629454165445054e+02
2.841801077736623142e+02 3.115883134028222230e+02
2.835830272650470647e+02 3.108003523630131895e+02
2.829887459770666851e+02 3.100013643023538066e+02
2.823951705032592372e+02 3.091936564708055926e+02
2.818004007381443898e+02 3.083795242975577366e+02
2.812027846217955016e+02 3.075612175674888249e+02
2.806009403294026470e+02 3.067409318992347380e+02
2.799938008018393703e+02 3.059207847029637151e+02
2.793806416958400405e+02 3.051028177856778143e+02
2.787611065079564696e+02 3.042889918934828302e+02
2.781352170049090660e+02 3.034811669326156220e+02
2.775033550717852222e+02 3.026810625675144024e+02
2.768662294385124483e+02 3.018902705038334489e+02
2.762248251893917654e+02 3.011102303904604582e+02
2.755803056345927189e+02 3.003422346976850008e+02
2.749339450183772442e+02 2.995873952535337708e+02
2.742870558823398142e+02 2.988466256681877553e+02
2.736409212544002116e+02 2.981206318647001581e+02
2.729967453744487784e+02 2.974098780049894231e+02
2.723555953617678824e+02 2.967146012312853713e+02
2.717183393809855829e+02 2.960348033264215246e+02
2.710856176921327005e+02 2.953702480868987550e+02
2.704578390455752697e+02 2.947204892514279209e+02
2.698352184135050607e+02 2.940848833202366563e+02
2.692177792752947312e+02 2.934626226122499588e+02
2.686053435549344499e+02 2.928527380480414308e+02
2.679974937380993083e+02 2.922540933288878477e+02
2.673935434895136041e+02 2.916654023051519289e+02
2.667925577610159280e+02 2.910852704210134334e+02
2.661933870523633345e+02 2.905122754745908651e+02
2.655947410739649968e+02 2.899450302262613377e+02
2.649952315034099684e+02 2.893822403372423651e+02
2.643934278903949462e+02 2.888227555910632987e+02
2.637879091685915114e+02 2.882655930134159803e+02
2.631772984960118151e+02 2.877099446277288166e+02
2.625603113735816123e+02 2.871551724950326161e+02
2.619357692262324804e+02 2.866007820015304901e+02
2.613025916814511902e+02 2.860463626776954129e+02
2.606597722412311668e+02 2.854915106537925453e+02
2.600063348070289067e+02 2.849357577027043931e+02
2.593413303035309809e+02 2.843784961493126957e+02
2.586638327228597518e+02 2.838189767844274911e+02
2.579729859621299966e+02 2.832563168799761115e+02
2.572680502112523300e+02 2.826895752101453354e+02
2.565484842674063088e+02 2.821178308506673034e+02
2.558139935978557276e+02 2.815402732397200225e+02
2.550645958098435244e+02 2.809562736110630681e+02
2.543006574734277194e+02 2.803654398035146187e+02
2.535229417424580163e+02 2.797676342954341635e+02
2.527326049658549039e+02 2.791629921356060322e+02
2.519312024869204549e+02 2.785518840600722115e+02
2.511206317432178992e+02 2.779349112598949887e+02
2.503030649485877177e+02 2.773128269063904554e+02
2.494808858437044137e+02 2.766865007744701188e+02
2.486566465284907963e+02 2.760568802996115210e+02
2.478330391395788297e+02 2.754249589577100323e+02
2.470128509906500369e+02 2.747917692929248688e+02
2.461989028249278704e+02 2.741583705789069541e+02
2.453939703745334953e+02 2.735258221155153251e+02
2.446006880105937000e+02 2.728951521370454998e+02
2.438214710598084594e+02 2.722672961171381303e+02
2.430584441241880143e+02 2.716430812143620983e+02
2.423133589225950288e+02 2.710231864854353603e+02
2.415875131753222718e+02 2.704081011205477125e+02
2.408816728819644482e+02 2.697981107586684857e+02
2.401960354598861045e+02 2.691932906884700856e+02
2.395302115969921601e+02 2.685935124572662858e+02
2.388832596810356677e+02 2.679984706221384840e+02
2.382537257082904318e+02 2.674077336252527175e+02
2.376397333752321401e+02 2.668207867530141471e+02
2.370390647396337158e+02 2.662370948958289318e+02
2.364492742633600812e+02 2.656561480260216399e+02
2.358677569524677722e+02 2.650775016814962441e+02
2.352918338827492448e+02 2.645007998213986866e+02
2.347187983620429748e+02 2.639257678231821842e+02
2.341459750895014622e+02 2.633522057609222884e+02
2.335707553853800107e+02 2.627799781651036142e+02
2.329906317023098836e+02 2.622089907638142563e+02
2.324032373563204601e+02 2.616392033453223576e+02
2.318063801248850098e+02 2.610706024785720274e+02
2.311980541792080999e+02 2.605032047720968649e+02
2.305764499042348632e+02 2.599370190776255640e+02
2.299399578977146348e+02 2.593720465766204484e+02
2.292871668624962922e+02 2.588082857358382398e+02
2.286168462210834491e+02 2.582457499353278081e+02
2.279279249042038487e+02 2.576844770117630787e+02
2.272194647249172306e+02 2.571245116782868081e+02
2.264906235557792797e+02 2.565658507150340029e+02
2.257406371167083421e+02 2.560084525773677910e+02
2.249688422941216288e+02 2.554522228969871662e+02
2.241747170496075512e+02 2.548970653572433207e+02
2.233579360173953603e+02 2.543429009004659633e+02
2.225183945898495494e+02 2.537897102589983547e+02
2.216562687736187058e+02 2.532375412518707094e+02
2.207720497487511579e+02 2.526865295373307276e+02
2.198665701700672912e+02 2.521369311894888483e+02
2.189410071664574957e+02 2.515891227632221785e+02
2.179968611465125434e+02 2.510435638268724006e+02
2.170359004390346911e+02 2.505007667574950005e+02
2.160601002378382987e+02 2.499612524095763888e+02
2.150715944569686258e+02 2.494255100640657474e+02
2.140726278022673625e+02 2.488939473797470896e+02
2.130654966291664323e+02 2.483668501042900516e+02
2.120524896923083134e+02 2.478443467841299253e+02
2.110358327860576253e+02 2.473263785597166589e+02
2.100176330434314309e+02 2.468127309678865231e+02
2.089998347084166994e+02 2.463030439873639352e+02
2.079841724976983244e+02 2.457968410365470504e+02
2.069721334797454517e+02 2.452935341499878064e+02
2.059649075021452234e+02 2.447924499119756092e+02
2.049633679364345369e+02 2.442928410426707728e+02
2.039680647492152730e+02 2.437939292582327084e+02
2.029792333269710127e+02 2.432949134636586450e+02
2.019967953505982905e+02 2.427950217838822482e+02
2.010204005043261759e+02 2.422935254693850595e+02
2.000494524958386364e+02 2.417897844697988887e+02
1.990831818228421639e+02 2.412832590108928912e+02
1.981206870276582492e+02 2.407735444952697890e+02
1.971609938564910181e+02 2.402603647806814138e+02
1.962030959685808966e+02 2.397435860640054273e+02
1.952460276595029143e+02 2.392232304577642594e+02
1.942889256519437140e+02 2.386994863293655271e+02
1.933310875580880008e+02 2.381726875610593765e+02
1.923720226946047660e+02 2.376433226514318733e+02
1.914114979807689849e+02 2.371119936987936399e+02
1.904495241580845004e+02 2.365794061006355093e+02
1.894863420053341656e+02 2.360463122422164020e+02
1.885224156647373093e+02 2.355134963486315769e+02
1.875584017311710170e+02 2.349817238042077463e+02
1.865950956063897195e+02 2.344516779771098811e+02
1.856333625322367027e+02 2.339239117159182797e+02
1.846740936612730763e+02 2.333987973875390196e+02
1.837181601495097425e+02 2.328764758720795669e+02
1.827663777922375630e+02 2.323568267907897393e+02
1.818195106074599039e+02 2.318394415772851005e+02
1.808783067841975480e+02 2.313236262559254897e+02
1.799435097015486349e+02 2.308084006800297345e+02
1.790159033337872074e+02 2.302925265207492203e+02
1.780963585686891975e+02 2.297745392766390751e+02
1.771858800280280093e+02 2.292528032994815419e+02
1.762856507370959207e+02 2.287255737752011555e+02
1.753970531892658187e+02 2.281910401897621057e+02
1.745216871949090773e+02 2.276473797278211464e+02
1.736613329378981234e+02 2.270928004835826641e+02
1.728179289420595524e+02 2.265255889952368022e+02
1.719935144571112176e+02 2.259441380049982797e+02
1.711901907103444103e+02 2.253469806287987467e+02
1.704100618555293920e+02 2.247327920791415181e+02
1.696551890053165721e+02 2.241003876701431921e+02
1.689275357849750208e+02 2.234486966334803810e+02
1.682289264287617243e+02 2.227767572106719172e+02
1.675609942942614907e+02 2.220837385443295489e+02
1.669251475674606695e+02 2.213689539393038785e+02
1.663225323363107293e+02 2.206318570629055955e+02
1.657540217880146542e+02 2.198720327090308899e+02
1.652202152525300676e+02 2.190891947769951571e+02
1.647214696758488230e+02 2.182832109582234352e+02
1.642579560225204602e+02 2.174541309631046602e+02
1.638297070048023727e+02 2.166021995566449050e+02
1.634366580081595544e+02 2.157278604447849375e+02
1.630787129630704726e+02 2.148317166902470774e+02
1.627558217164282155e+02 2.139145143826143567e+02
1.624680527332041322e+02 2.129771572146152891e+02
1.622156506934493905e+02 2.120207257327193702e+02
1.619990774394294135e+02 2.110464802236883202e+02
1.618190143862136949e+02 2.100558417622925163e+02
1.616763380251235276e+02 2.090503686758287074e+02
1.615720937134712472e+02 2.080317659792791005e+02
1.615074695075686293e+02 2.070018928109386991e+02
1.614837556312234881e+02 2.059627865611789730e+02
1.615022894669782545e+02 2.049166626823093793e+02
1.615643968728039113e+02 2.038658994154111497e+02
1.616713276516406950e+02 2.028130153890021177e+02
1.618241888483301238e+02 2.017606551725592396e+02
1.620238752203259764e+02 2.007115667670103392e+02
1.622710148779713677e+02 1.996685714216171164e+02
1.625659137040907467e+02 1.986344974160152788e+02
1.629085432656867169e+02 1.976121377887947403e+02
1.632985401341204579e+02 1.966041893085077277e+02
1.637352292691514890e+02 1.956132349754782922e+02
1.642176617025856444e+02 1.946417128297729846e+02
1.647446570738836158e+02 1.936919378765748547e+02
1.653148702466905888e+02 1.927661205317241411e+02
1.659268388000051004e+02 1.918663906547971010e+02
1.666065948999800526e+02 1.910040230808874639e+02
1.673142750516787487e+02 1.901853578621583836e+02
1.680376891638257177e+02 1.894163686687293762e+02
1.687731091034108317e+02 1.886966977601096005e+02
1.695214661740442921e+02 1.880235216238436919e+02
1.702849140423587642e+02 1.873940131920096519e+02
1.710655364770300935e+02 1.868059870346486377e+02
1.718650232515346374e+02 1.862579003482738358e+02
1.726846691739327753e+02 1.857487129020998680e+02
1.735254361668110050e+02 1.852777453479557721e+02
1.743880234797326807e+02 1.848445777155470751e+02
1.752729242773270073e+02 1.844489766196803942e+02
1.761804677979625922e+02 1.840908421599221185e+02
1.771108561241678956e+02 1.837701727078707279e+02
