1.764757466399333907e+02 1.803180971104914647e+02
1.774403630770839868e+02 1.801627598677615936e+02
1.784047310796286183e+02 1.800481617854826197e+02
1.793689999771398220e+02 1.799744741344308636e+02
1.803333616439448974e+02 1.799419821324922566e+02
1.812980516116382432e+02 1.799511259783356820e+02
1.822633608328650894e+02 1.800025581193216055e+02
1.832296249959271961e+02 1.800972210385343146e+02
1.841972086458472688e+02 1.802364339315341226e+02
1.851664254502206290e+02 1.804219719998982328e+02
1.861373025481908883e+02 1.806559553269897833e+02
1.871089651190535506e+02 1.809400763825234719e+02
1.880784163605209756e+02 1.812731380516138415e+02
1.890398938897460539e+02 1.816476539150285419e+02
1.899694555004541314e+02 1.820619415983439353e+02
1.908912804625209105e+02 1.825051106620245491e+02
1.918062836805108873e+02 1.829750954162006735e+02
1.927154304845514048e+02 1.834698572682829933e+02
1.936196998986083031e+02 1.839873719252901196e+02
1.945200534051874683e+02 1.845255937097326751e+02
1.954174070816964104e+02 1.850824489552479690e+02
1.963126161063583766e+02 1.856558586766974486e+02
1.972065199640263415e+02 1.862437295460653388e+02
1.980999529892811495e+02 1.868439751255243095e+02
1.989937486945879357e+02 1.874545469683529575e+02
1.998887599432650859e+02 1.880734730643687556e+02
2.007858525444040936e+02 1.886989227165412046e+02
2.016859128615735983e+02 1.893292247098561063e+02
2.025898386464223222e+02 1.899629211255991663e+02
2.034985136118378932e+02 1.905987867958094739e+02
2.044127663504312977e+02 1.912357864044557516e+02
2.053333039821961279e+02 1.918730900555717369e+02
2.062606943967024904e+02 1.925100618864078967e+02
2.071953457772428919e+02 1.931462356187215335e+02
2.081375190739857430e+02 1.937812928235414915e+02
2.090873157209602766e+02 1.944150296476419442e+02
2.100446582032382423e+02 1.950473303869352151e+02
2.110092633182956092e+02 1.956781088942776705e+02
2.119806206571234384e+02 1.963072861086571379e+02
2.129579774130272654e+02 1.969347987285670172e+02
2.139403209267056525e+02 1.975605738284344000e+02
2.149263684506098286e+02 1.981845396396992669e+02
2.159145910567879696e+02 1.988066300691092465e+02
2.169032492174011395e+02 1.994268044731190912e+02
2.178904476620426749e+02 2.000450548463905704e+02
2.188742036692801776e+02 2.006614393070919959e+02
2.198525292467477357e+02 2.012761208839118012e+02
2.208235375652364780e+02 2.018893948251123902e+02
2.217855438052470163e+02 2.025016967822224387e+02
2.227371498342100153e+02 2.031136186457036104e+02
2.236772988428859321e+02 2.037258797202418350e+02
2.246052565183158265e+02 2.043392723046938499e+02
2.255205474652857447e+02 2.049545953010501762e+02
2.264228666120075388e+02 2.055725882822985682e+02
2.273119855520665453e+02 2.061938684514117881e+02
2.281876894031512961e+02 2.068188902658601478e+02
2.290497287704459950e+02 2.074479003878130072e+02
2.298977745408165561e+02 2.080809467082403330e+02
2.307314085125554755e+02 2.087178491373539373e+02
2.315501176393401011e+02 2.093582344882424309e+02
2.323533404783663912e+02 2.100015624878472238e+02
2.331405553257677354e+02 2.106471666933159383e+02
2.339113665517863296e+02 2.112943323780611422e+02
2.346655924549417875e+02 2.119423504450711278e+02
2.354033182541993483e+02 2.125905645844130447e+02
2.361249242817012259e+02 2.132384088919769738e+02
2.368311089124792659e+02 2.138854113663701071e+02
2.375228871752660211e+02 2.145312118830691190e+02
2.382015823603704519e+02 2.151755340062622395e+02
2.388688077210063625e+02 2.158181985961489886e+02
2.395264520871459411e+02 2.164591415018425096e+02
2.401766584980730670e+02 2.170983840921955732e+02
2.408217867521429412e+02 2.177360074395360812e+02
2.414643569177199538e+02 2.183721280918767889e+02
2.421069629593096977e+02 2.190068681972564377e+02
2.427521835158361228e+02 2.196403185648154590e+02
2.434024869445114234e+02 2.202725356097408849e+02
2.440601542090503813e+02 2.209035456859954252e+02
2.447272052385716563e+02 2.215332814782326238e+02
2.454053215083541488e+02 2.221615543203810716e+02
2.460958134586187498e+02 2.227880344861491722e+02
2.467996209317940384e+02 2.234122772045741101e+02
2.475173360635332642e+02 2.240337741673161531e+02
2.482492589496607138e+02 2.246520157475547137e+02
2.489954449255678242e+02 2.252665710415946876e+02
2.497557575151120091e+02 2.258771370259015328e+02
2.505299147489429288e+02 2.264835705666727108e+02
2.513175349419625206e+02 2.270859454235581723e+02
2.521181838599747778e+02 2.276845912792281297e+02
2.529314271231458520e+02 2.282801218796886360e+02
2.537568262934788663e+02 2.288734309486793563e+02
2.545939275653571769e+02 2.294656139246797579e+02
2.554422336593518423e+02 2.300579263431013715e+02
2.563011760792442146e+02 2.306516792115907890e+02
2.571701044129121101e+02 2.312481787644574354e+02
2.580482699375050402e+02 2.318486520905706527e+02
2.589347925314831400e+02 2.324541583967445888e+02
2.598286001170138775e+02 2.330655216818391580e+02
2.607283679076574572e+02 2.336832724087545330e+02
2.616324833903503304e+02 2.343076017361170500e+02
2.625390421748996914e+02 2.349383684301025710e+02
2.634458905944953813e+02 2.355751177905120244e+02
2.643507023677415759e+02 2.362171443239948871e+02
2.652510853402051794e+02 2.368635510672476414e+02
2.661446958346683118e+02 2.375133270790758218e+02
2.670293803457888089e+02 2.381654555312043158e+02
2.679033030387523695e+02 2.388189844832281210e+02
2.687650474270873246e+02 2.394730890969354391e+02
2.696137026383592570e+02 2.401271065107960396e+02
2.704489190549098794e+02 2.407805530477555749e+02
2.712709315464543351e+02 2.414331137154064777e+02
2.720805239328345806e+02 2.420846204320563970e+02
2.728789584936607184e+02 2.427349814851856991e+02
2.736678639683170786e+02 2.433841340972664966e+02
2.744491257285774850e+02 2.440319890367249513e+02
2.752247603489624339e+02 2.446784028978296419e+02
2.759968411651584006e+02 2.453231514839460488e+02
2.767674107489422681e+02 2.459659069086047793e+02
2.775384182258111423e+02 2.466062222357969631e+02
2.783116588733951176e+02 2.472435031665817746e+02
2.790887382164214614e+02 2.478770032611759007e+02
2.798710428649985715e+02 2.485058773205452667e+02
2.806597469288426510e+02 2.491292085315276381e+02
2.814558100872229716e+02 2.497460514351340066e+02
2.822600078244943234e+02 2.503554675890294448e+02
2.830729395888128579e+02 2.509566107639851680e+02
2.838950495970832435e+02 2.515487824069669500e+02
2.847266522231030876e+02 2.521314601970815374e+02
2.855679644706085014e+02 2.527043227539025452e+02
2.864191415275819850e+02 2.532672244007672475e+02
2.872803166008749827e+02 2.538201570176553332e+02
2.881516317529365097e+02 2.543632116993559293e+02
2.890332677820450726e+02 2.548965383924679031e+02
2.899254473252063349e+02 2.554202949506059213e+02
2.908284189392903158e+02 2.559345507674465807e+02
2.917424096701931830e+02 2.564392137334840527e+02
2.926675769080560485e+02 2.569339901850612478e+02
2.936039528330647386e+02 2.574183636975121203e+02
2.945514014471491464e+02 2.578915931551070457e+02
2.955095952981159257e+02 2.583527252504133003e+02
2.964779898797305009e+02 2.588006219368761549e+02
2.974558225237782949e+02 2.592339654060141356e+02
2.984421153823006989e+02 2.596513051629564757e+02
2.994357186862929439e+02 2.600511389812768357e+02
3.004353679794899108e+02 2.604319951604781522e+02
3.014397392444473667e+02 2.607925197390367202e+02
3.024475041322227185e+02 2.611315126977498267e+02
3.034573869752420023e+02 2.614479742040111887e+02
3.044682308845983130e+02 2.617411470517346856e+02
3.054790519799667550e+02 2.620105528430665345e+02
3.064890803413123308e+02 2.622560408858051346e+02
3.074977772212570244e+02 2.624777785635301370e+02
3.085048229567768772e+02 2.626762090641826717e+02
3.095101052703223559e+02 2.628519911128585704e+02
3.105136827760745177e+02 2.630059751767103648e+02
3.115157731125615328e+02 2.631391972067365828e+02
3.125166820025460197e+02 2.632528751021909557e+02
3.135167558267599475e+02 2.633483816782061808e+02
3.145163293286173598e+02 2.634272115266485912e+02
3.155156859002539136e+02 2.634909211429076095e+02
3.165150301083110662e+02 2.635411043257437882e+02
3.175144918877118698e+02 2.635793832659338136e+02
3.185141267147375288e+02 2.636074005481427776e+02
3.195139406444456540e+02 2.636268176922581574e+02
3.205139042641239939e+02 2.636393174558062356e+02
3.215139811843333746e+02 2.636465814451049710e+02
3.225141351454423102e+02 2.636502852678768249e+02
3.235143298229154425e+02 2.636521075311417803e+02
3.245145283513518280e+02 2.636537518360686931e+02
3.255146938220812558e+02 2.636569237833582520e+02
3.265147895644143432e+02 2.636633179762856116e+02
3.275147795350659408e+02 2.636746000249137865e+02
3.285146290753667699e+02 2.636923715542851596e+02
3.295143057333793877e+02 2.637181322133159256e+02
3.305137797831291095e+02 2.637532556804132469e+02
3.315130250899889006e+02 2.637989496728376366e+02
3.325120203005839130e+02 2.638562009595759719e+02
3.335107490158684413e+02 2.639257673632138790e+02
3.345092004185299857e+02 2.640081487667233660e+02
3.355073691215469580e+02 2.641035941118245205e+02
3.365052548869383600e+02 2.642121143959427059e+02
3.375028621714371297e+02 2.643335036672934848e+02
3.385001985904311255e+02 2.644674100082645509e+02
3.394972731655589655e+02 2.646134165164572210e+02
3.404940935338432837e+02 2.647711702744931017e+02
3.414906640654784269e+02 2.649404693296515916e+02
3.424869845873872123e+02 2.651213216800603050e+02
3.434830489986055682e+02 2.653140092597152488e+02
3.444788452053779793e+02 2.655190909377794242e+02
3.454743565923125743e+02 2.657373345344977338e+02
3.464695644887279968e+02 2.659696028478800827e+02
3.474644510027893034e+02 2.662167226843621393e+02
3.484590027210290373e+02 2.664793138988292753e+02
3.494532214927680798e+02 2.667576145870186792e+02
3.504471552576980002e+02 2.670513507219498024e+02
3.514409141195281450e+02 2.673596404792789940e+02
3.524346962920578790e+02 2.676809507884632922e+02
3.534287805599492458e+02 2.680131221754667763e+02
3.544235012071865185e+02 2.683534642426944856e+02
3.554192062353374126e+02 2.686988837950494258e+02
3.564162277782908745e+02 2.690460502385785730e+02
3.574148664055451263e+02 2.693915662808339562e+02
3.584153732961553942e+02 2.697321445865600822e+02
3.594179131313063067e+02 2.700647510084125997e+02
3.604225379364664263e+02 2.703867040443216183e+02
3.614291296882447568e+02 2.706957386107392267e+02
3.624374084036300019e+02 2.709900482275206173e+02
3.634469411208228848e+02 2.712683322232698515e+02
3.644571775013865249e+02 2.715298145099732778e+02
3.654674623250344325e+02 2.717742208479982651e+02
3.664770320963359040e+02 2.720017507661084437e+02
3.674850228219245878e+02 2.722130417213318765e+02
3.684904644229602582e+02 2.724091499736005062e+02
3.694923174190109876e+02 2.725915193720863954e+02
3.704894881625232870e+02 2.727619706822958960e+02
3.714808536336857401e+02 2.729226651139602495e+02
3.724652722602040740e+02 2.730760665462764791e+02
3.734415965635316752e+02 2.732249117945443118e+02
3.744086850433141080e+02 2.733721698577433585e+02
3.753654019086274616e+02 2.735209618939883853e+02
3.763106069197302190e+02 2.736744759808084950e+02
3.772431441651450541e+02 2.738358848530896239e+02
3.781618352967050782e+02 2.740082887433388237e+02
3.790654865017073121e+02 2.741946705220243530e+02
3.799528995436077707e+02 2.743978939360247864e+02
3.808229253553856779e+02 2.746206767618175490e+02
3.816745102451232015e+02 2.748655818030125602e+02
3.825067604651608235e+02 2.751349912812873981e+02
3.833190122822519470e+02 2.754311043517471944e+02
3.841109030258486428e+02 2.757559356396858448e+02
3.848824162073771049e+02 2.761113102155475190e+02
3.856339086607870286e+02 2.764988111698326634e+02
3.863661189687988440e+02 2.769197137799876600e+02
3.870801446754865651e+02 2.773748829934128821e+02
3.877773779892262382e+02 2.778646940178340401e+02
3.884594240523579174e+02 2.783889265283354462e+02
3.891280007174636921e+02 2.789466814795865730e+02
3.897848914672565570e+02 2.795363380772105302e+02
3.904318668008598365e+02 2.801555350726279130e+02
3.910706631954529371e+02 2.808011723082610160e+02
3.917029324518736075e+02 2.814694866394152655e+02
3.923302337534798312e+02 2.821561877942746719e+02
3.929540055133454644e+02 2.828566037988634889e+02
3.935755773681099186e+02 2.835658662799003764e+02
3.941962336620606493e+02 2.842791198872690188e+02
3.948172462026591347e+02 2.849917650594924226e+02
3.954399020605076203e+02 2.856996986815022410e+02
3.960654933520014538e+02 2.863995089091898762e+02
3.966952972793640129e+02 2.870886117695521875e+02
3.973305652072723433e+02 2.877653399451494352e+02
3.979724842390578488e+02 2.884289619473076414e+02
3.986221464357359991e+02 2.890796254369183202e+02
3.992804848867427836e+02 2.897182608187880533e+02
3.999481681150217582e+02 2.903464689308457878e+02
4.006255093658533042e+02 2.909663680458297108e+02
4.013123642662823158e+02 2.915804236173390791e+02
4.020080719550147137e+02 2.921913029721912380e+02
4.027113795670218224e+02 2.928017596496031842e+02
4.034203836708954327e+02 2.934145201076937610e+02
4.041324729917923833e+02 2.940322034655313246e+02
4.048443111079559458e+02 2.946572891212000513e+02
4.055518517238812137e+02 2.952920580684942706e+02
4.062504145397815591e+02 2.959385535291113456e+02
4.069347865957366821e+02 2.965985661417278152e+02
4.075993466753624830e+02 2.972736166493742189e+02
4.082381922498784661e+02 2.979649136359300883e+02
4.088452655738509520e+02 2.986733042426232032e+02
4.094145072335172699e+02 2.993992504844466112e+02
4.099400108030492902e+02 3.001428005893803288e+02
4.104161739606536230e+02 3.009035852668590110e+02
4.108378339329354958e+02 3.016807986335944634e+02
4.112003466927544650e+02 3.024731899250524521e+02
4.114996382934421035e+02 3.032790486025628525e+02
4.117322432106345786e+02 3.040962351900487306e+02
4.118953437966181923e+02 3.049222531444279412e+02
4.119867956297782143e+02 3.057543254219596065e+02
4.120051121548946185e+02 3.065894571606138470e+02
4.119494477998670163e+02 3.074244763243216880e+02
4.118195331902132921e+02 3.082560693096988302e+02
4.116156239059640711e+02 3.090808378507392717e+02
4.113384370250196866e+02 3.098953656615525460e+02
4.109890906225357412e+02 3.106962871435372904e+02
4.105690531768566416e+02 3.114803142970960153e+02
4.100801083613607716e+02 3.122442459620829140e+02
4.095243527853135674e+02 3.129849797717259889e+02
4.089042147127432827e+02 3.136995715715102619e+02
4.082224898638768309e+02 3.143852912067854959e+02
4.074823796966417149e+02 3.150397023696610859e+02
4.066875194741631958e+02 3.156607522272139477e+02
4.058420047608481127e+02 3.162467950002396719e+02
4.049503695140726904e+02 3.167965874882273738e+02
4.040175605878644092e+02 3.173092655122426891e+02
4.030488532766009939e+02 3.177843640924696729e+02
4.020497481398331274e+02 3.182217782068706242e+02
4.010258250102491502e+02 3.186217146214278273e+02
3.999825968718312197e+02 3.189846497189824959e+02
3.989253365450468323e+02 3.193112497309633682e+02
3.978588963520440984e+02 3.196022918174394363e+02
3.967875679717689650e+02 3.198586230255314149e+02
3.957150108462404887e+02 3.200811407359324221e+02
3.946442108872627159e+02 3.202708057726109701e+02
3.935774692148104918e+02 3.204286081511536963e+02
3.925164048921383255e+02 3.205555331299925683e+02
3.914620049960432198e+02 3.206525122822039293e+02
3.904147010920995058e+02 3.207203561342558373e+02
3.893744912015307591e+02 3.207597107945636026e+02
3.883410849403487077e+02 3.207710530923831129e+02
3.873140501387932204e+02 3.207547097543561563e+02
3.862928911521681812e+02 3.207108901063894564e+02
3.852771003727090715e+02 3.206397091935064054e+02
3.842662042666588036e+02 3.205412327863757582e+02
3.832598263857298662e+02 3.204155237553950997e+02
3.822577088472976925e+02 3.202627125519036326e+02
3.812597220986518209e+02 3.200830544328213136e+02
3.802658233424577929e+02 3.198769555673101195e+02
3.792759953130534996e+02 3.196449827144872984e+02
3.782901871388163499e+02 3.193878689453439392e+02
3.773082885645943634e+02 3.191065030825854478e+02
3.763301196511627040e+02 3.188019434810081520e+02
3.753554121520320450e+02 3.184754466312891168e+02
3.743838229738796599e+02 3.181285384678867558e+02
3.734149504632009098e+02 3.177630937399742947e+02
3.724483616300555013e+02 3.173814646305189626e+02
3.714836404101681069e+02 3.169866078301571974e+02
3.705204472444000885e+02 3.165821508416926804e+02
3.695585579181791900e+02 3.161723998222086038e+02
3.685978817303631558e+02 3.157623319743634056e+02
3.676384914724990267e+02 3.153574581628253100e+02
3.666806155854792451e+02 3.149636306995953419e+02
3.657246205997894890e+02 3.145868379160274344e+02
3.647709590599091030e+02 3.142329759827850921e+02
3.638201290132117265e+02 3.139076409847331206e+02
3.628726220471122019e+02 3.136159417529328266e+02
3.619288813284466642e+02 3.133623589238519571e+02
3.609892617551308263e+02 3.131506450538816466e+02
3.600540027153522260e+02 3.129837430108912031e+02
3.591232085465783257e+02 3.128637645464504544e+02
3.581968359758652127e+02 3.127920160301290480e+02
3.572746927352412740e+02 3.127690624345165702e+02
3.563564457204236646e+02 3.127948125316744381e+02
3.554416420986497087e+02 3.128685603595010889e+02
3.545297271575940385e+02 3.129890386203848038e+02
3.536200745192672912e+02 3.131544553434514455e+02
3.527120185481564931e+02 3.133625215921871927e+02
3.518048792850434552e+02 3.136105010154702768e+02
3.508979938383188255e+02 3.138952845441933732e+02
3.499907425384848807e+02 3.142134759771384438e+02
3.490825696781985243e+02 3.145614504433631282e+02
3.481730032309130820e+02 3.149354138427185035e+02
3.472616570496947475e+02 3.153314399020932797e+02
3.463482355415335405e+02 3.157454852800755702e+02
3.454325282790896949e+02 3.161734074545670978e+02
3.445143944200699480e+02 3.166109913919442533e+02
3.435937379989022133e+02 3.170539820201031489e+02
3.426704889835983181e+02 3.174981738396061246e+02
3.417445654236021255e+02 3.179394961247062383e+02
3.408158483304065953e+02 3.183740643919456375e+02
3.398841580555326800e+02 3.187982088957710971e+02
3.389492278252264441e+02 3.192085420717532998e+02
3.380107000966957003e+02 3.196020344755285123e+02
3.370681324531054202e+02 3.199760659223049402e+02
3.361210237102389442e+02 3.203284670614005449e+02
3.351688756856401596e+02 3.206575307152498908e+02
3.342112258834317231e+02 3.209619805792013949e+02
3.332476834164118031e+02 3.212409289887939394e+02
3.322779658892212638e+02 3.214938827190676989e+02
3.313019348057823095e+02 3.217207707570909179e+02
3.303196214766749677e+02 3.219219488635242215e+02
3.293312506240962421e+02 3.220982180876382586e+02
3.283372409489335269e+02 3.222508447842674855e+02
3.273381831575487126e+02 3.223815591380825936e+02
3.263347979886697203e+02 3.224925072443017484e+02
3.253279011475322022e+02 3.225861613290409196e+02
3.243183578700001704e+02 3.226652007384703893e+02
3.233070213560503134e+02 3.227323525695446733e+02
3.222946627462281413e+02 3.227902071118729168e+02
3.212819016435440176e+02 3.228410543063079672e+02
3.202691608893658213e+02 3.228867087255756587e+02
3.192566279311901667e+02 3.229283997127673729e+02
3.182442630758116024e+02 3.229667135463573686e+02
3.172318246827564394e+02 3.230016309940431256e+02
3.162189128989418236e+02 3.230325862727283948e+02
3.152050260054421642e+02 3.230585902964108982e+02
3.141896773821897568e+02 3.230783722398038549e+02
3.131724743301266471e+02 3.230905272782028987e+02
3.121532156030866645e+02 3.230936317245003124e+02
3.111319687280119979e+02 3.230863677311662627e+02
3.101091163881829402e+02 3.230675523005223795e+02
3.090853740512166041e+02 3.230361546701862494e+02
3.080617820574775578e+02 3.229912921409305682e+02
3.070396641707737331e+02 3.229322041738802795e+02
3.060205861290527309e+02 3.228582264877097145e+02
3.050062639255502859e+02 3.227687770710658128e+02
3.039985118163879179e+02 3.226633090466995668e+02
3.029991706141018426e+02 3.225412501059475971e+02
3.020100431093416091e+02 3.224019360960606946e+02
3.010328499900564339e+02 3.222445680564759414e+02
3.000691885436339135e+02 3.220681793176522092e+02
2.991204863215123169e+02 3.218716505021326384e+02
2.981880040781478556e+02 3.216537585996143207e+02
2.972728413847604543e+02 3.214132411034111101e+02
2.963759450863612983e+02 3.211488211993138293e+02
2.954981218443830926e+02 3.208592290419252322e+02
2.946400724578150516e+02 3.205432335046162393e+02
2.938024138409917327e+02 3.201996896661216283e+02
2.929856983528120509e+02 3.198276162468446842e+02
2.921903964807720513e+02 3.194262562484259433e+02
2.914168809574559305e+02 3.189951176196277629e+02
2.906653805333219225e+02 3.185339832585664226e+02
2.899359426130005204e+02 3.180428811973844745e+02
2.892284054781941904e+02 3.175220739988214973e+02
2.885423739687753368e+02 3.169720732334724858e+02
2.878772144236260715e+02 3.163936883817804642e+02
2.872320455142407809e+02 3.157880806483204310e+02
2.866057504412021899e+02 3.151568002343896069e+02
2.859969996475483072e+02 3.145017998325609483e+02
2.854042623354282568e+02 3.138254108702813028e+02
2.848258277549259674e+02 3.131302379457393954e+02
2.842598234070467811e+02 3.124190571978933804e+02
2.837042449797069139e+02 3.116946809224373283e+02
2.831569776365568600e+02 3.109598520076691557e+02
2.826158125016861504e+02 3.102171292642914864e+02
2.820784678402738450e+02 3.094687868601096739e+02
2.815426299965760677e+02 3.087167251848466663e+02
2.810060290903149962e+02 3.079624394804641838e+02
2.804665323456384272e+02 3.072070518677954851e+02
2.799222373813839226e+02 3.064513913835783683e+02
2.793715341624443909e+02 3.056960893430702981e+02
2.788131516733946569e+02 3.049416873751005710e+02
2.782462113479251684e+02 3.041887105951228705e+02
2.776702474843652908e+02 3.034377410640910284e+02
2.770852154214608731e+02 3.026894559742764272e+02
2.764914527251529535e+02 3.019446648182581043e+02
2.758896166360153757e+02 3.012042880306225356e+02
2.752805733719122259e+02 3.004692955786948687e+02
2.746652789736270392e+02 2.997406203644102334e+02
2.740446807561534115e+02 2.990190900762984256e+02
2.734196113289321488e+02 2.983053788853463857e+02
2.727907158030753294e+02 2.975999508569082082e+02
2.721584262085098658e+02 2.969030403926523149e+02
2.715229487133665316e+02 2.962146419516521973e+02
2.708842740543318541e+02 2.955344902714132331e+02
2.702422093993503722e+02 2.948620670587766313e+02
2.695964197969290126e+02 2.941966268927222927e+02
2.689464840810643409e+02 2.935372484458395661e+02
2.682919635567814112e+02 2.928828959847076590e+02
2.676324482148596076e+02 2.922325023891650631e+02
2.669676080319270568e+02 2.915850482806885111e+02
2.662971793506725362e+02 2.909396367452226855e+02
2.656209691214630197e+02 2.902955284331622465e+02
2.649388220877179378e+02 2.896521788581488863e+02
2.642506025305066828e+02 2.890092500048401689e+02
2.635561841410813031e+02 2.883666161111581232e+02
2.628554685358946585e+02 2.877243400633306578e+02
2.621483998590929332e+02 2.870826457053292415e+02
2.614350126585347880e+02 2.864418778652929518e+02
2.607154412252655789e+02 2.858024405431166315e+02
2.599899525595859018e+02 2.851647526132918529e+02
2.592589331577476059e+02 2.845292575413157010e+02
2.585228860559257100e+02 2.838964213192553530e+02
2.577824108565338292e+02 2.832667310332896022e+02
2.570381719736951140e+02 2.826406831739753329e+02
2.562908858309962739e+02 2.820187743571040642e+02
2.555412816496964297e+02 2.814014644667428229e+02
2.547900704730444943e+02 2.807891289739268359e+02
2.540379306241168536e+02 2.801820376170553004e+02
2.532855169416918386e+02 2.795803435991777519e+02
2.525334569280551875e+02 2.789840304922257133e+02
2.517823315757967748e+02 2.783928738132143508e+02
2.510326708016735608e+02 2.778064209207507247e+02
2.502849489499493245e+02 2.772240139231115563e+02
2.495396180704941571e+02 2.766448234060969753e+02
2.487971392884637964e+02 2.760679241294188841e+02
2.480580314558231692e+02 2.754924041047887613e+02
2.473228736792558209e+02 2.749174326665402077e+02
2.465922951972697490e+02 2.743423122647469086e+02
2.458669561945062014e+02 2.737665330629256459e+02
2.451475357396443258e+02 2.731897756777190125e+02
2.444347037486856493e+02 2.726119125726579000e+02
2.437290837943291422e+02 2.720329702447054956e+02
2.430311883545926150e+02 2.714530708097135516e+02
2.423413655997251226e+02 2.708723488317103261e+02
2.416597157101791140e+02 2.702908894980008654e+02
2.409860488169636028e+02 2.697086846989425908e+02
2.403198426391130624e+02 2.691256031044442807e+02
2.396602516762920629e+02 2.685413813607835891e+02
2.390061476366991826e+02 2.679556509715418997e+02
2.383561757530520708e+02 2.673679705235216488e+02
2.377088119252621254e+02 2.667778659324268915e+02
2.370624077793788445e+02 2.661848744279911898e+02
2.364152345753262239e+02 2.655885955158332763e+02
2.357655433921440249e+02 2.649887292885089209e+02
2.351116317228830042e+02 2.643850958708179633e+02
2.344518838330312178e+02 2.637776192891680012e+02
2.337847866007533639e+02 2.631662888052223934e+02
2.331089414275439822e+02 2.625511631745788463e+02
2.324230561319265007e+02 2.619323754725228923e+02
2.317259647500604842e+02 2.613101425246134113e+02
2.310166393165869749e+02 2.606847751639576245e+02
2.302942129936257913e+02 2.600567187410800329e+02
2.295580085185494283e+02 2.594265327346068943e+02
2.288075288166660357e+02 2.587949085523418375e+02
2.280424771263462844e+02 2.581626639653623556e+02
2.272627406566139996e+02 2.575307587581211806e+02
2.264683737812638640e+02 2.569002393518960616e+02
2.256595679547710915e+02 2.562721961439467009e+02
2.248366127817504605e+02 2.556477136535984300e+02
2.239998524383126437e+02 2.550278505747658642e+02
2.231496418292317117e+02 2.544135858147997169e+02
2.222863022691511787e+02 2.538057865281845125e+02
2.214100905285358181e+02 2.532051594354649637e+02
2.205211832268395256e+02 2.526122324813052842e+02
2.196197021944429366e+02 2.520273383793336279e+02
2.187057609856906879e+02 2.514506376238204552e+02
2.177795273232806039e+02 2.508821448468079893e+02
2.168412953239653973e+02 2.503217653892463659e+02
2.158915410960225927e+02 2.497693145083195532e+02
2.149309705765773515e+02 2.492245254142687827e+02
2.139605009949497969e+02 2.486870738751179601e+02
2.129812417040250523e+02 2.481565858037434964e+02
2.119944389118764434e+02 2.476326490649270227e+02
2.110014184354908480e+02 2.471148242393730925e+02
2.100035188029891913e+02 2.466026391751257165e+02
2.090020368289996782e+02 2.460955618037493196e+02
2.079981812530623984e+02 2.455929701302889612e+02
2.069930349865046821e+02 2.450941404137291784e+02
2.059875229468535451e+02 2.445982544728137782e+02
2.049824049080318105e+02 2.441044065329647310e+02
2.039782874326456863e+02 2.436116064851956367e+02
2.029756238116539180e+02 2.431188288962778188e+02
2.019747110650700392e+02 2.426250129438360545e+02
2.009757048564862316e+02 2.421291127508001750e+02
1.999786252366266694e+02 2.416301555232719238e+02
1.989833912070362487e+02 2.411273083139238338e+02
1.979898366343703344e+02 2.406199283780851204e+02
1.969977356818092176e+02 2.401075897301565192e+02
1.960067935515489808e+02 2.395900949460897209e+02
1.950166346606872310e+02 2.390674669056446930e+02
1.940268140497062177e+02 2.385399300348173881e+02
1.930368580483575442e+02 2.380079261893485238e+02
1.920463048287996344e+02 2.374720895261941109e+02
1.910547230504239451e+02 2.369332168999703754e+02
1.900617077264099635e+02 2.363922277641428309e+02
1.890668777390853847e+02 2.358500941008716723e+02
1.880698866597011261e+02 2.353078026462522985e+02
1.870704601940984730e+02 2.347663346957113788e+02
1.860684441282051580e+02 2.342266691420009010e+02
1.850638411200903306e+02 2.336897462627047162e+02
1.840568078475361631e+02 2.331564146461050200e+02
1.830476481998144891e+02 2.326273760309782688e+02
1.820368356357529649e+02 2.321031227756679982e+02
1.810250129844503988e+02 2.315839008451103211e+02
1.800129881387549631e+02 2.310696777101503017e+02
1.790017155573075627e+02 2.305601189418676427e+02
1.779922800473674158e+02 2.300545518522140469e+02
1.769858691824233290e+02 2.295519458926905543e+02
1.759837408337219244e+02 2.290509339568905887e+02
1.749872163279214874e+02 2.285498512415638857e+02
1.739976946693078617e+02 2.280468175735778402e+02
1.730166421789194260e+02 2.275398002004606326e+02
1.720456075605136448e+02 2.270266571264904769e+02
1.710862375985103085e+02 2.265051974664411887e+02
1.701402913539997996e+02 2.259732187614411885e+02
1.692096218057404826e+02 2.254285695964397576e+02
1.682961781355139976e+02 2.248691826573866592e+02
1.674020247715207006e+02 2.242931191536264919e+02
1.665293082446610242e+02 2.236985751023174203e+02
1.656802187431025573e+02 2.230839015014004758e+02
1.648569409939410093e+02 2.224476092680984607e+02
1.640616003236816027e+02 2.217884120819823863e+02
1.632962103891600236e+02 2.211052382569283168e+02
1.625626486206593313e+02 2.203972562158007520e+02
1.618626501367758692e+02 2.196638783597089173e+02
1.611977866411613718e+02 2.189047656125090668e+02
1.605694469293735551e+02 2.181198500043635704e+02
1.599788379102767806e+02 2.173093336936094317e+02
1.594269998837811784e+02 2.164736762943204269e+02
1.589148129721310454e+02 2.156135750107960405e+02
1.584430172883004957e+02 2.147299570721263535e+02
1.580122368825339265e+02 2.138239362400868231e+02
1.576229919945793654e+02 2.128967550606945736e+02
1.572757124617037903e+02 2.119497661499053720e+02
1.569707659501203807e+02 2.109844218019578648e+02
1.567084824902369746e+02 2.100022495144560537e+02
1.564891879232591521e+02 2.090048317072267992e+02
1.563132195729258456e+02 2.079938210649633561e+02
1.561809363513422682e+02 2.069709357547415891e+02
1.560927313186712411e+02 2.059379336917211276e+02
1.560490203611884681e+02 2.048966272976535947e+02
1.560502365650488059e+02 2.038489123859217784e+02
1.560968130039187827e+02 2.027967777914106478e+02
1.561891631763503483e+02 2.017422849424956155e+02
1.563276619885932348e+02 2.006875684497510974e+02
1.565126138269887122e+02 1.996348324143442596e+02
1.567442319261001558e+02 1.985862869668189887e+02
1.570226056144176141e+02 1.975441365557277891e+02
1.573476696894024656e+02 1.965105622809375063e+02
1.577191683177400705e+02 1.954877261136124105e+02
1.581366355592518858e+02 1.944777464691390492e+02
1.585993770682238448e+02 1.934827118144263238e+02
1.591064736814122966e+02 1.925046997499967460e+02
1.596568061958461158e+02 1.915457875485116404e+02
1.602490689977614977e+02 1.906080694536770181e+02
1.608818033407014809e+02 1.896936904080966997e+02
1.615534031277651366e+02 1.888048561807398755e+02
1.622621458827174479e+02 1.879438350373800688e+02
1.630062291309862985e+02 1.871129405236548280e+02
1.637998167267975305e+02 1.863305903800193164e+02
1.646121808531289616e+02 1.855949183848755695e+02
1.654326162276747141e+02 1.849104439912603084e+02
1.662586171736691938e+02 1.842764318176758991e+02
1.670918284564762644e+02 1.836902758380485068e+02
1.679347600205096569e+02 1.831495097768378741e+02
1.687896343743083492e+02 1.826522852845657212e+02
1.696581754190029869e+02 1.821973313597010815e+02
1.705416456206479552e+02 1.817838081186439183e+02
1.714409496692750281e+02 1.814111850098450418e+02
1.723567186447980930e+02 1.810791416114851131e+02
1.732893733222137200e+02 1.807875079870987349e+02
1.742391761548570912e+02 1.805362197997069984e+02
1.752062690662230295e+02 1.803252821209584909e+02
