2.507615106323046064e+02 2.317204531540472772e+02
2.517774685444398699e+02 2.316738657230620788e+02
2.527998134805392567e+02 2.316837596225930724e+02
2.538247513314507557e+02 2.317524641282234654e+02
2.548412525395445982e+02 2.318793131832799759e+02
2.558435512394879083e+02 2.320633008658159042e+02
2.568386784816077579e+02 2.322964235674389215e+02
2.578264685526778521e+02 2.325766618572571929e+02
2.588066373143127521e+02 2.329018139627171422e+02
2.597788765270177578e+02 2.332695687625727317e+02
2.607428044408327423e+02 2.336775087390953445e+02
2.616980339719515314e+02 2.341231958672386213e+02
2.626442725026341236e+02 2.346042390385025840e+02
2.635813889166785771e+02 2.351182233273104600e+02
2.645094929407895279e+02 2.356627456273287464e+02
2.654289406760263432e+02 2.362354692903092825e+02
2.663402989991398044e+02 2.368341543044776358e+02
2.672443089228164581e+02 2.374566392244381632e+02
2.681418430249644302e+02 2.381007854869362745e+02
2.690338628292269050e+02 2.387644588480112304e+02
2.699213892990179033e+02 2.394454125651972447e+02
2.708054862277539314e+02 2.401411967271559149e+02
2.716872437847286506e+02 2.408492361655603133e+02
2.725677698141249152e+02 2.415668508092796856e+02
2.734481837175715668e+02 2.422911959803016941e+02
2.743296074648187641e+02 2.430194201885107361e+02
2.752131439545958074e+02 2.437487937891692695e+02
2.760998674923693557e+02 2.444767393033221481e+02
2.769908120173652719e+02 2.452008525222269952e+02
2.778869403672328531e+02 2.459189832559709430e+02
2.787891036851532931e+02 2.466292530596426218e+02
2.796979990467286257e+02 2.473300336806188398e+02
2.806141208941144214e+02 2.480199641277332319e+02
2.815377280919068426e+02 2.486978877531911678e+02
2.824688194154065854e+02 2.493627478869873357e+02
2.834071238684311425e+02 2.500135348628060683e+02
2.843520999176473651e+02 2.506493561921885487e+02
2.853029700458401408e+02 2.512694434254095199e+02
2.862587672269888230e+02 2.518732091608386554e+02
2.872184206425727098e+02 2.524603514370615756e+02
2.881808546422991526e+02 2.530308217520373262e+02
2.891451077082798520e+02 2.535847816865522475e+02
2.901104129683890278e+02 2.541226486710108077e+02
2.910762335374338932e+02 2.546450567553241342e+02
2.920422141087249202e+02 2.551527743554969447e+02
2.930081789694403938e+02 2.556465335138807973e+02
2.939741246290669778e+02 2.561269610612472434e+02
2.949402027168790141e+02 2.565944939261524382e+02
2.959066631411321850e+02 2.570493383290214524e+02
2.968737900922315021e+02 2.574915036407572302e+02
2.978418321525956571e+02 2.579207494642278675e+02
2.988109653925955627e+02 2.583364611831103730e+02
2.997813009483249971e+02 2.587375823558452339e+02
3.007529622542472225e+02 2.591226150595595072e+02
3.017260973003174627e+02 2.594897633814009055e+02
3.027008692696882690e+02 2.598370470334461402e+02
3.036774507078069973e+02 2.601623721128635793e+02
3.046560144886224180e+02 2.604636407303335659e+02
3.056367241237887242e+02 2.607388686114447864e+02
3.066197256322517433e+02 2.609862837622730467e+02
3.076051325934278111e+02 2.612045078545859838e+02
3.085930198235483886e+02 2.613926329657373913e+02
3.095834199263938444e+02 2.615502634367913970e+02
3.105763249358012104e+02 2.616774959400825082e+02
3.115716881224228132e+02 2.617748975535313321e+02
3.125694150420586652e+02 2.618436143924431008e+02
3.135693630429038308e+02 2.618853775892399085e+02
3.145713392945394844e+02 2.619025272123886907e+02
3.155751025125658202e+02 2.618979913373388513e+02
3.165803741276552614e+02 2.618751505059302076e+02
3.175868478120980853e+02 2.618377221182399239e+02
3.185941911223100647e+02 2.617897405001427273e+02
3.196020489480988545e+02 2.617355150451865597e+02
3.206100511503257167e+02 2.616795375287463230e+02
3.216178245512122658e+02 2.616263366012108236e+02
3.226250112483028829e+02 2.615802555412764718e+02
3.236312886530603237e+02 2.615452090801772442e+02
3.246363804135427245e+02 2.615245508509586898e+02
3.256400675013312025e+02 2.615209388445071568e+02
3.266421900182888862e+02 2.615363134838656833e+02
3.276426494139461170e+02 2.615718707154397862e+02
3.286414061859895810e+02 2.616280899144135788e+02
3.296384756918675976e+02 2.617047847124724171e+02
3.306339288879181595e+02 2.618010940282041474e+02
3.316278802569368622e+02 2.619156285705344089e+02
3.326204694942144897e+02 2.620466930854332190e+02
3.336118468070917515e+02 2.621924647512542492e+02
3.346021553401258188e+02 2.623512064558434531e+02
3.355915185277799537e+02 2.625214202763278308e+02
3.365800387804171123e+02 2.627018634250675859e+02
3.375677997016857717e+02 2.628915213408620843e+02
3.385548664170212305e+02 2.630896037024616021e+02
3.395412748973449197e+02 2.632956739894282236e+02
3.405270286740486654e+02 2.635096893470156374e+02
3.415121106650511251e+02 2.637318570726008602e+02
3.424964950829792656e+02 2.639624901054933730e+02
3.434801491598020675e+02 2.642019860978729184e+02
3.444630376637266522e+02 2.644507726005795689e+02
3.454451163291669218e+02 2.647093867928737154e+02
3.464263177311767095e+02 2.649786469014212571e+02
3.474065457009227202e+02 2.652597199705896287e+02
3.483856788570764138e+02 2.655540790077014890e+02
3.493635770937202096e+02 2.658634242498969229e+02
3.503400883146293268e+02 2.661896014411282749e+02
3.513150655974785650e+02 2.665343935381620213e+02
3.522883956913532870e+02 2.668991748827423862e+02
3.532600237364919735e+02 2.672846112183685818e+02
3.542299797086625404e+02 2.676903387780088224e+02
3.551984047814128189e+02 2.681146443684370979e+02
3.561655661907660715e+02 2.685542849816505964e+02
3.571318560033408858e+02 2.690045027441990442e+02
3.580977868458300577e+02 2.694590767415297705e+02
3.590639752335465573e+02 2.699105253322538829e+02
3.600311247551572933e+02 2.703506024436707662e+02
3.610000564117318049e+02 2.707708669868550260e+02
3.619716645376410042e+02 2.711632421258523777e+02
3.629468476416563476e+02 2.715205744869841169e+02
3.639264642568409727e+02 2.718372064662538605e+02
3.649112611844786898e+02 2.721094208382389752e+02
3.659018309369865847e+02 2.723355797305281953e+02
3.668985365164423342e+02 2.725162338149762604e+02
3.679014579409193857e+02 2.726540406402858707e+02
3.689103134532530248e+02 2.727535153190693222e+02
3.699243500963222004e+02 2.728207024329971659e+02
3.709422996769914675e+02 2.728628824245128044e+02
3.719624013172415289e+02 2.728882614010126986e+02
3.729823843089747584e+02 2.729055703730188043e+02
3.739995480141261623e+02 2.729237166383841213e+02
3.750107706495711568e+02 2.729514945266523682e+02
3.760125665668932129e+02 2.729972921124605136e+02
3.770011410264289111e+02 2.730689622783295363e+02
3.779725273735554083e+02 2.731737166219396045e+02
3.789228029481162707e+02 2.733180258513121998e+02
3.798482956846299885e+02 2.735075113857609495e+02
3.807457774878023429e+02 2.737468147959004909e+02
3.816125894647711903e+02 2.740394174792587592e+02
3.824466703096484252e+02 2.743874423213804903e+02
3.832466024364692885e+02 2.747915200330014613e+02
3.840116771480145985e+02 2.752507654219101028e+02
3.847419562108422042e+02 2.757626389822701185e+02
3.854382700040590635e+02 2.763229206539469374e+02
3.861021358364816933e+02 2.769258365423316945e+02
3.867356853599897022e+02 2.775642335470292323e+02
3.873415879278917942e+02 2.782299493173416067e+02
3.879230875595917496e+02 2.789143621455432367e+02
3.884840264675332264e+02 2.796089578138463025e+02
3.890288725415856561e+02 2.803057753573522177e+02
3.895626146933292375e+02 2.809978369212157077e+02
3.900905637719310448e+02 2.816794815382820047e+02
3.906181315740620903e+02 2.823465385660597349e+02
3.911506021648708611e+02 2.829964483138438140e+02
3.916929824625040624e+02 2.836283340150329764e+02
3.922497988271615554e+02 2.842428766992450164e+02
3.928248934988139354e+02 2.848419361944315256e+02
3.934212356223959546e+02 2.854281412225928989e+02
3.940407866877010292e+02 2.860045010370901650e+02
3.946844651874973806e+02 2.865739941308365815e+02
3.953522491071389595e+02 2.871393107836235004e+02
3.960433095361088931e+02 2.877027536993734884e+02
3.967562637809614330e+02 2.882661374534734477e+02
3.974892926579422010e+02 2.888306436361519332e+02
3.982401854008696205e+02 2.893967994683209213e+02
3.990063650497112917e+02 2.899646324088852225e+02
3.997848713685026496e+02 2.905338774521196115e+02
4.005723179999228023e+02 2.911042535427002349e+02
4.013648697875690914e+02 2.916757266017884831e+02
4.021581738096407435e+02 2.922487376336883358e+02
4.029474293511991618e+02 2.928242546477377459e+02
4.037275494501753315e+02 2.934037970075893327e+02
4.044934822912905474e+02 2.939894438542651187e+02
4.052405707068717220e+02 2.945838306185200395e+02
4.059648124902885229e+02 2.951900219700082175e+02
4.066630309800584087e+02 2.958113412503951736e+02
4.073329711967543858e+02 2.964510683480605167e+02
4.079732814770472942e+02 2.971120659271908835e+02
4.085835218745256725e+02 2.977964339506800115e+02
4.091640163465592650e+02 2.985054282659001501e+02
4.097154907829079775e+02 2.992393966616610896e+02
4.102385536347595689e+02 2.999977741988930120e+02
4.107332146883164796e+02 3.007790174676600827e+02
4.111985162059910408e+02 3.015806364019566672e+02
4.116323406074053537e+02 3.023992998420231970e+02
4.120313999573416481e+02 3.032309631019627432e+02
4.123914211979278548e+02 3.040710919385728630e+02
4.127073551577346961e+02 3.049149145676085482e+02
4.129736294208502159e+02 3.057575067180676456e+02
4.131844273613151017e+02 3.065939731612067476e+02
4.133340288637627964e+02 3.074196112447750693e+02
4.134171985645306222e+02 3.082300943973447147e+02
4.134294995856849937e+02 3.090215491540323569e+02
4.133675401532434535e+02 3.097904360076334456e+02
4.132289775460066608e+02 3.105335989001030157e+02
4.130124547557290384e+02 3.112482911081894486e+02
4.127174499373053322e+02 3.119321879223008978e+02
4.123441736925090026e+02 3.125834885551392972e+02
4.118934881040466394e+02 3.132010098087470737e+02
4.113668405546922031e+02 3.137842829666790294e+02
4.107661982453838618e+02 3.143335082624700476e+02
4.100939816456915423e+02 3.148495223041890654e+02
4.093531233877579325e+02 3.153338139648043921e+02
4.085472321383555254e+02 3.157884596214796602e+02
4.076807808270379496e+02 3.162159941781987982e+02
4.067592572224921810e+02 3.166193371823305256e+02
4.057892336336794870e+02 3.170016410361206454e+02
4.047782728895429614e+02 3.173660073169700127e+02
4.037346975351256333e+02 3.177151948364000305e+02
4.026671578699885004e+02 3.180513944041928198e+02
4.015841864291276124e+02 3.183760707058250432e+02
4.004936967376913799e+02 3.186899812013431301e+02
3.994025369620352421e+02 3.189931985445131204e+02
3.983161437336582935e+02 3.192852446057050315e+02
3.972383199247309449e+02 3.195650962411089608e+02
3.961712146335294165e+02 3.198311846468497492e+02
3.951155252214834945e+02 3.200815615126245461e+02
3.940707827602057023e+02 3.203141001435404860e+02
3.930357064806975131e+02 3.205266872171487762e+02
3.920085560317087356e+02 3.207173802447038611e+02
3.909874960791408398e+02 3.208844396223008744e+02
3.899709165989852409e+02 3.210263138852472480e+02
3.889576303393790226e+02 3.211416178508785606e+02
3.879469765137628201e+02 3.212291893259565541e+02
3.869387184088164986e+02 3.212882723165632228e+02
3.859328410368403866e+02 3.213184642318778970e+02
3.849293625475459066e+02 3.213195448184377483e+02
3.839282940278609431e+02 3.212913795322718897e+02
3.829296429511961719e+02 3.212338776807781073e+02
3.819334156412065795e+02 3.211469625240619052e+02
3.809396197355537197e+02 3.210305413762769717e+02
3.799482659926637780e+02 3.208844836799406153e+02
3.789593612289442603e+02 3.207087067154264446e+02
3.779729129178057292e+02 3.205031197901321320e+02
3.769889235230099871e+02 3.202676930053973479e+02
3.760073735808392712e+02 3.200026625606374182e+02
3.750282189899584182e+02 3.197085636418687500e+02
3.740513967601922332e+02 3.193861606581688193e+02
3.730768263265317728e+02 3.190364312957242419e+02
3.721043984622065750e+02 3.186607010618010918e+02
3.711339589357316981e+02 3.182608416125240183e+02
3.701653016945000445e+02 3.178393534725027507e+02
3.691981601594914650e+02 3.173994716767641648e+02
3.682321980272282076e+02 3.169452773924172675e+02
3.672670100089039238e+02 3.164816889490548419e+02
3.663021136178443840e+02 3.160145615009539597e+02
3.653369442419839288e+02 3.155507468243964126e+02
3.643708544047370879e+02 3.150981022872666699e+02
3.634031227987915145e+02 3.146653812206312750e+02
3.624329787594747359e+02 3.142619359253816356e+02
3.614596314192677937e+02 3.138973638714222716e+02
3.604823060893541538e+02 3.135810661941226272e+02
3.595002902498382582e+02 3.133216895859949318e+02
3.585129677139086652e+02 3.131267117019397119e+02
3.575198449079634315e+02 3.130021222402049261e+02
3.565205670503117403e+02 3.129522266078503208e+02
3.555149333443717410e+02 3.129794615456773954e+02
3.545029059303381018e+02 3.130842864964301384e+02
3.534846097209309619e+02 3.132651855980395794e+02
3.524603214787192655e+02 3.135188002343501239e+02
3.514304529804153390e+02 3.138401333426306223e+02
3.503955238333703051e+02 3.142228792954578012e+02
3.493561425867341086e+02 3.146596531237775025e+02
3.483130008184274971e+02 3.151420622736887935e+02
3.472668572028157996e+02 3.156608999511129241e+02
3.462185100808284801e+02 3.162064779935430465e+02
3.451687733150939152e+02 3.167689198769133441e+02
3.441184560049678112e+02 3.173384068812342775e+02
3.430683449116993984e+02 3.179053913677016112e+02
3.420191872942247073e+02 3.184608050726953365e+02
3.409716764550976222e+02 3.189962345132524888e+02
3.399264355617877982e+02 3.195041173216017683e+02
3.388839900525491089e+02 3.199780771101578694e+02
3.378447565494919900e+02 3.204130580154912877e+02
3.368090385880629469e+02 3.208053765226728729e+02
3.357770263706682954e+02 3.211527244551399463e+02
3.347487906072699957e+02 3.214542437213466428e+02
3.337242814477555726e+02 3.217105392708495515e+02
3.327033311920758365e+02 3.219236462057823474e+02
3.316856638167903384e+02 3.220969141727024407e+02
3.306709092648857222e+02 3.222348339503625425e+02
3.296586339142955353e+02 3.223426677029472671e+02
3.286483731816808813e+02 3.224260533211365782e+02
3.276396607590694998e+02 3.224906496246728693e+02
3.266320545654797911e+02 3.225418214298068733e+02
3.256251633555473290e+02 3.225843166437686591e+02
3.246186694682581901e+02 3.226219902004720552e+02
3.236123438558959720e+02 3.226576216786880309e+02
3.226060496975587171e+02 3.226928714506761935e+02
3.215997321334848493e+02 3.227284052599356983e+02
3.205933976515804034e+02 3.227641443733281221e+02
3.195870919956882972e+02 3.227995336723969899e+02
3.185808850545166138e+02 3.228337250318162432e+02
3.175748496732875310e+02 3.228658344478678828e+02
3.165690491706776584e+02 3.228950935249862937e+02
3.155635301117840754e+02 3.229209371784949099e+02
3.145583217332459753e+02 3.229430106109600160e+02
3.135534420205240735e+02 3.229610955621626545e+02
3.125488890642952242e+02 3.229749229663960932e+02
3.115445712190906988e+02 3.229840829125627124e+02
3.105402912104221400e+02 3.229879009210287677e+02
3.095357225708935403e+02 3.229853707815580606e+02
3.085304628427471130e+02 3.229750325103311752e+02
3.075240691123320289e+02 3.229550525391061342e+02
3.065161477394368035e+02 3.229232672312720069e+02
3.055064178904175378e+02 3.228772764154882111e+02
3.044948098487353718e+02 3.228145167071553487e+02
3.034815488201439280e+02 3.227323647396638648e+02
3.024673030298578169e+02 3.226281664257764987e+02
3.014532337204130386e+02 3.224994216877399253e+02
3.004410491471315936e+02 3.223439815574868703e+02
2.994329406591106135e+02 3.221601663263713817e+02
2.984315542677015856e+02 3.219467331006219410e+02
2.974398475170299889e+02 3.217029201967440031e+02
2.964610022030030905e+02 3.214284469729649345e+02
2.954982496693096437e+02 3.211235395685473009e+02
2.945547787341068329e+02 3.207888671267932068e+02
2.936335878614628996e+02 3.204255336269746408e+02
2.927374395186509446e+02 3.200350229503414994e+02
2.918688119653227204e+02 3.196191507582331610e+02
2.910298231594994149e+02 3.191800381538579359e+02
2.902221751152949309e+02 3.187200198022787845e+02
2.894471128481148412e+02 3.182415211439999325e+02
2.887054048306088703e+02 3.177470276861700995e+02
2.879973747579804808e+02 3.172390404608594849e+02
2.873228457038023294e+02 3.167200353012689789e+02
2.866811502702132657e+02 3.161923031358338108e+02
2.860710615011066125e+02 3.156577777325629199e+02
2.854908044883495108e+02 3.151178339707670943e+02
2.849381645527891465e+02 3.145731683217311456e+02
2.844105708629543869e+02 3.140238799900267281e+02
2.839051801025306645e+02 3.134695149334364714e+02
2.834188481166607403e+02 3.129091177095319836e+02
2.829481271530333970e+02 3.123413014855909182e+02
2.824893247848718829e+02 3.117643853414786577e+02
2.820386349525605851e+02 3.111765696238389864e+02
2.815923548678973702e+02 3.105761043282348055e+02
2.811470333934994983e+02 3.099615341125189047e+02
2.806995566059757152e+02 3.093318167237885064e+02
2.802471416964125410e+02 3.086863726652350692e+02
2.797873709975386305e+02 3.080250619119843805e+02
2.793182375819610570e+02 3.073481906787305888e+02
2.788382093188882322e+02 3.066564524813261983e+02
2.783462965734182717e+02 3.059509467595200363e+02
2.778420025619245166e+02 3.052331968606223995e+02
2.773252010626979427e+02 3.045050998268259832e+02
2.767959718510267635e+02 3.037687803870317680e+02
2.762544627368017132e+02 3.030264752357286397e+02
2.757008487073185847e+02 3.022804443781037662e+02
2.751352871015225219e+02 3.015329915175791484e+02
2.745579561763034917e+02 3.007864100406205239e+02
2.739690598321126345e+02 3.000429743756408811e+02
2.733689035247899710e+02 2.993048589535382007e+02
2.727579428913223296e+02 2.985740960587257291e+02
2.721368524278232712e+02 2.978524851630683088e+02
2.715065694606828970e+02 2.971415463797980578e+02
2.708683228664248759e+02 2.964424154674676402e+02
2.702235863724881710e+02 2.957558138936336718e+02
2.695740283753908670e+02 2.950820246318968429e+02
2.689214050224473453e+02 2.944208502395820233e+02
2.682674558461862375e+02 2.937716373694751724e+02
2.676137154096042536e+02 2.931333585774614221e+02
2.669614121434740923e+02 2.925045979660034732e+02
2.663113242492901236e+02 2.918837169099352309e+02
2.656637452725934736e+02 2.912688943653212732e+02
2.650183947978937340e+02 2.906582730289680967e+02
2.643744259955958000e+02 2.900500382246959248e+02
2.637305068257134621e+02 2.894424918219224310e+02
2.630849211919528443e+02 2.888342371676805556e+02
2.624356772783614247e+02 2.882242281495426823e+02
2.617805988587684851e+02 2.876116352419494433e+02
2.611173759756779873e+02 2.869957784416896516e+02
2.604436970513210099e+02 2.863760217611712733e+02
2.597572647138255775e+02 2.857518247020292392e+02
2.590559228498468656e+02 2.851227346637286928e+02
2.583376910645929456e+02 2.844883827594745753e+02
2.576007506846472097e+02 2.838484345000977100e+02
2.568434497120310880e+02 2.832024687921660302e+02
2.560643602176530749e+02 2.825499876843668403e+02
2.552624407598526659e+02 2.818905762462630946e+02
2.544372096348869832e+02 2.812241014684411198e+02
2.535888926635286964e+02 2.805508548813086236e+02
2.527184971275798091e+02 2.798715807223085790e+02
2.518277762576372254e+02 2.791874198299369709e+02
2.509192240566842145e+02 2.784997898138436767e+02
2.499960853373185046e+02 2.778103728378749793e+02
2.490623514820751438e+02 2.771210209521001389e+02
2.481226044597108285e+02 2.764336398900555878e+02
2.471818411819636481e+02 2.757500070290458325e+02
2.462452342185202667e+02 2.750715580179960966e+02
2.453177905280372499e+02 2.743991690150036220e+02
2.444041246586767784e+02 2.737329744457313723e+02
2.435083049620509996e+02 2.730723824257649994e+02
2.426338352989854457e+02 2.724161384734126727e+02
2.417836123224849132e+02 2.717623811896386883e+02
2.409599542334510147e+02 2.711087560038708375e+02
2.401647070265403272e+02 2.704525383154543192e+02
2.393993397954146189e+02 2.697907798149051928e+02
2.386649842981673260e+02 2.691204371679307883e+02
2.379624668782754497e+02 2.684384960559581259e+02
2.372924554077086441e+02 2.677420996779736697e+02
2.366555980705773550e+02 2.670286545054235603e+02
2.360525693565741392e+02 2.662959053128968208e+02
2.354840373811675533e+02 2.655419786411009113e+02
2.349505869814570076e+02 2.647653784664507270e+02
2.344526189418730553e+02 2.639649427782577504e+02
2.339901964767324216e+02 2.631398800943996434e+02
2.335630392992794668e+02 2.622897318471771086e+02
2.331706487366584213e+02 2.614144248356143407e+02
2.328124340391101441e+02 2.605143578914077693e+02
2.324878397055168762e+02 2.595903300930942237e+02
2.321964889593146779e+02 2.586436017550872748e+02
2.319383769066769219e+02 2.576758882700680147e+02
2.317140193018038303e+02 2.566893934389813694e+02
2.315245822164472997e+02 2.556867579461458604e+02
2.313719633386621126e+02 2.546708764179701063e+02
2.312587609175773764e+02 2.536448115825623120e+02
2.311881247782695255e+02 2.526117027250299998e+02
2.311635301904186122e+02 2.515745875144880586e+02
2.311885255475729934e+02 2.505363711779889115e+02
2.312665207214307657e+02 2.494997769516592996e+02
2.314005728591170907e+02 2.484673153855297301e+02
2.315932210038219239e+02 2.474412456309185870e+02
2.318463530136650377e+02 2.464236196604668692e+02
2.321611593021526687e+02 2.454163687612284264e+02
2.325381424339354623e+02 2.444214427931397324e+02
2.329772034493437900e+02 2.434409437295554710e+02
2.334776935047551945e+02 2.424772904549196539e+02
2.340384561370415497e+02 2.415333025186703253e+02
2.346578653815812743e+02 2.406122002661382169e+02
2.353338416626248488e+02 2.397175459446058596e+02
2.360638532048481579e+02 2.388531535145749274e+02
2.368449092854439755e+02 2.380229757140952813e+02
2.376735842617146943e+02 2.372310438285831822e+02
2.385460683363945975e+02 2.364813143419315224e+02
2.394581698169959907e+02 2.357775075769876594e+02
2.404053258964700603e+02 2.351230012212497513e+02
2.413826928839000345e+02 2.345206972876920872e+02
2.423852264090834581e+02 2.339729133341371607e+02
2.434078231071077596e+02 2.334813921318174437e+02
2.444454410299403264e+02 2.330473868419504129e+02
2.454932548953198648e+02 2.326717009003442911e+02
2.465181719676313605e+02 2.323770793859069386e+02
2.475370915694653888e+02 2.321344419287648293e+02
2.485472295062041894e+02 2.319399990750877407e+02
2.495512858094079718e+02 2.317929117315710243e+02
2.505521277451624087e+02 2.316934894191242336e+02
